/*--------------------------------*- C++ -*----------------------------------*\
| =========                 |                                                 |
| \\      /  F ield         | OpenFOAM: The Open Source CFD Toolbox           |
|  \\    /   O peration     | Version:  v1806                                 |
|   \\  /    A nd           | Web:      www.OpenFOAM.com                      |
|    \\/     M anipulation  |                                                 |
\*---------------------------------------------------------------------------*/
FoamFile
{
    version     2.0;
    format      ascii;
    class       volScalarField;
    location    "821";
    object      alphak;
}
// * * * * * * * * * * * * * * * * * * * * * * * * * * * * * * * * * * * * * //

dimensions      [0 0 -1 0 0 0 0];


internalField   nonuniform List<scalar> 
6400
(
0.904957041134
1.46796561638
2.34231369945
2.95924444709
3.54718810316
4.1295558405
4.84050728291
5.63184962387
6.15348637588
6.92180946767
8.23267228553
9.2092686459
10.0471418172
10.9686045195
12.0724593659
13.2362113336
14.309430484
15.3233563005
16.1853777095
16.7434991967
17.1079118526
17.6297225847
18.501479654
19.6889572913
20.9719391467
22.1486670339
23.1602697603
24.111151562
25.0969129762
26.1328762168
27.1637550367
28.0098722287
28.5945236407
29.0279436771
29.3585443589
29.6000122783
30.0042772495
30.5991806749
30.9082184286
31.0163971091
31.4658539482
32.3722164081
33.2662005323
33.7979632922
34.0021787657
33.9735588488
33.7766972626
33.4516773451
33.0114197604
32.4749028165
31.768599804
30.6955048083
29.2389249891
27.4851102944
25.8373584555
24.305630691
22.3067615528
19.6415226841
16.8595217016
14.4237856104
11.9646001019
9.39793836065
7.05485506367
6.60494431735
9.36551658855
13.799099726
16.5267621608
16.0448809394
13.9112408034
12.2263908789
11.3529132716
11.6246685684
12.2728839204
12.228081194
14.4303280965
13.9201903165
15.8912471672
9.7862521308
12.8528031982
4.79939543696
3.17483742609
2.56729027176
3.21548124694
4.50060388918
4.51812580824
4.53602584325
4.84459717464
5.37354393748
6.10892635714
7.03438531426
8.13444379259
9.23498002626
10.2222991536
11.1729204054
12.148609494
13.2565504036
14.4246732745
15.537735147
16.6399323348
17.0393857866
17.2363409
17.7436131225
18.6023059392
19.7817399678
21.1691439309
22.2980117506
23.2841666027
24.2677041188
25.2656968819
26.2737683616
27.2801398063
28.2009582489
28.7793094331
29.2049718424
29.5623335901
29.7355528924
30.1778108309
30.7975665511
31.0727046528
31.0712983183
31.4964916908
32.8195359452
33.9474850524
34.3992486223
34.5533070399
34.4657679262
34.1957707326
33.8202765014
33.2538760797
32.5824203068
31.9290274372
31.2647693651
29.9606350411
27.7076506979
26.1487551577
24.4445038363
22.0162191426
19.4109886451
16.8129141802
14.227080993
11.7788282435
9.67766319248
7.42758668212
7.11786476487
9.66486933764
14.8741059714
18.3368469609
16.8705806254
14.5661471828
12.5611102316
11.8672048109
12.3566587713
13.5758883207
13.0475279606
12.9828446298
12.5348167303
11.4096695919
9.62168549748
8.1227140068
4.20286022008
3.31751108289
2.95295753649
3.48174836459
3.84427822425
4.48424360571
4.98938664992
5.02677318302
5.26288346639
6.00360946503
7.00599981329
8.11767626199
9.23748924494
10.2674800828
11.2182234347
12.0497596153
13.0628887352
15.5932031951
17.6023070951
18.1767025222
17.8606341477
17.0424584758
17.4554097073
18.7074797623
19.9335636416
21.1099563142
22.292685091
23.3702698
24.3557946062
25.334285832
26.3357210919
27.3137280185
28.3111355184
28.8807091484
29.1128595341
29.7250032608
29.9179010947
30.1103825869
30.8784535219
31.208359102
31.2751728921
31.7150686483
32.5961928496
33.4622023835
33.9940325887
34.2231978454
34.2348633989
34.0713381832
33.7523080725
33.2809983245
32.6766852247
31.9359468117
30.9460895325
29.5839423228
28.0673040279
26.4802122729
24.3778021286
21.9397515209
19.3906386288
16.8141626651
14.2859771965
11.9016939575
9.61532124026
8.00310059036
8.4993631967
12.0322857528
15.9307366589
17.7947464945
17.7050784244
16.0125454454
14.2976569626
13.6188760104
13.5605439034
12.9247343872
12.3800934273
12.4443147117
12.1958419031
11.2934626309
9.71062487342
7.27560911014
7.48863278763
3.41797486504
5.59577651551
3.88013059099
4.05822180806
4.79629471285
11.9689563823
10.4037717792
5.75852436229
5.95889812858
6.9925762225
8.13589805971
9.27764061106
10.282443361
11.233203455
12.9042837066
14.9696316086
16.7041653805
17.3334790645
16.6982678625
16.3283931737
16.8797567561
17.6850961932
18.7061018334
19.9226388558
21.1835982887
22.3928312106
23.4939226825
24.4628158227
25.4537949825
26.3970187498
27.4736447949
28.3067817423
29.1024312969
29.3129491735
29.3646798639
29.980263483
30.2608480284
30.566250532
31.0424460265
31.4790512843
32.0172603762
32.7650734009
33.5154535314
34.0430178476
34.3098288046
34.3567105413
34.2198919713
33.9206601252
33.4678773907
32.8669231258
32.0983804791
31.0977269234
29.8209130415
28.321426742
26.5649089385
24.4299698726
21.9920084944
19.4351892268
16.8784518997
14.4177141345
12.1685841616
10.3501223384
9.56490898134
10.1072322974
11.9602511917
16.4316643951
19.5287506482
19.5005405818
17.7254969961
15.2987031358
13.6573620734
12.8661970758
13.0790890646
14.584826106
14.5891535542
13.32615604
13.2523529802
16.6066903821
12.9773021373
10.9690804182
5.85108919266
7.69864664868
4.75129122973
5.07358742046
6.79847484412
11.8693461504
8.5085577823
6.30992579127
6.48761635674
7.20702771566
8.27067257617
9.42280202367
10.8729053862
13.0645735379
14.1613496629
14.723793564
15.0352027718
15.2174067517
15.6257148416
16.3663231012
16.9984053853
17.7426625227
18.7953950383
20.0134705335
21.2835231265
22.5165227251
23.5960279388
24.663833362
25.5524023618
26.6335200602
27.5126780213
28.7930462468
29.0461771604
29.0228720193
29.4259983416
29.6271085116
30.0791956378
30.639823356
31.1928864514
31.7145648562
32.2857925266
32.9619391384
33.6333363638
34.1460393812
34.4380440268
34.5167880098
34.4073552959
34.1308298208
33.698129396
33.1081062262
32.3383953869
31.3470707569
30.1047113351
28.6004492026
26.77439197
24.5821709834
22.130675539
19.5963508969
17.1204782198
14.8411541813
12.94806956
11.7384974672
11.5139880679
11.6081015559
12.6040597557
16.2406580072
19.7408591113
20.8735128373
19.5810850386
16.7387864091
14.1891568542
13.8334517904
16.1470342025
17.0571365678
16.0599637871
15.1899113518
17.9235340999
20.9832629476
16.2436764126
15.3513550563
10.1248950928
9.31537572719
5.92603449375
6.41156923248
12.1616819511
11.6694941041
7.11149658736
6.94947205252
7.13894874267
7.56290079752
8.49468067248
11.0264747293
14.1199081351
14.6719776643
14.5098488701
13.9446557817
13.9742410085
14.6227776741
15.6957778489
16.3204628945
16.9116276616
17.81115023
18.9262751187
20.1660601219
21.3747977472
22.613009331
23.8908958164
24.759805715
25.9639260506
26.6861844686
28.1577037793
28.620568308
29.5161642212
29.180022484
28.9824904745
29.4250743365
30.1040138681
30.7778908764
31.3912575456
31.9632742099
32.5547056548
33.1938635655
33.8144332677
34.3105219619
34.6173991307
34.7226854658
34.6400755215
34.3889477017
33.9810867201
33.4127052485
32.6612498549
31.6911141782
30.4650853273
28.9402947443
27.0654693029
24.8532322026
22.4371464601
19.998337717
17.7025152115
15.7287725461
14.2852839233
13.6232728038
13.7568508875
13.0288530852
14.6470947871
18.3805580253
21.2436793941
22.2673878403
21.179317689
17.7158282936
15.4231387258
17.1715724361
19.3703608289
18.848517402
17.8829015072
17.9949960383
22.6661654385
24.2915342025
19.2281761443
19.0322500043
12.2714997516
9.28942743017
7.1966937328
6.74691503823
12.150090279
8.76964437982
7.43680247548
7.58065489943
7.75050629806
8.47921821422
9.06218162553
13.7213414312
14.5289658209
14.6912299871
13.6509768753
13.0661977441
13.6276685498
15.0154198177
15.6293053291
16.0561299308
16.9159011662
17.9107326437
19.0292917011
20.2653213304
21.6204196535
22.9172306957
23.9104982326
25.3964489923
26.0577524487
27.6125588167
27.9555795892
29.107219361
29.087338398
28.9866837941
28.8659305388
29.4079151052
30.2017144884
30.9528009516
31.6120788031
32.2222922644
32.8339975319
33.4585860825
34.0504104248
34.5340275629
34.8506352842
34.9779902304
34.9221293669
34.7006781584
34.3253366515
33.7904423833
33.0714051607
32.1294076493
30.9161949995
29.380309795
27.4959870622
25.3225245807
23.0173363711
20.7665508345
18.7331520191
17.0709395658
15.9623595809
15.460267408
15.0964470728
15.0509597808
16.6614942086
21.2477197589
22.8976239741
22.8168521495
21.5211014471
19.1158713099
18.6876774356
21.1212878685
21.4837263646
20.6362749332
20.0614854717
22.1110368728
24.9461533386
26.4717110079
21.837921604
20.6936424249
12.0498398726
9.0727791641
8.38171061732
12.3882793931
12.320391546
8.00347480688
8.13000455014
8.30989946602
8.4089860524
9.02001647013
13.4261265942
14.4097367463
14.6178663382
14.3034211833
12.650401996
12.7232723553
14.3033676455
15.1105897992
15.3038848545
15.9297339186
16.9376185732
18.0534624621
19.2070796423
20.4892593492
21.7055005122
23.2026548019
23.9726786756
25.4099501483
27.0432710373
27.7511478944
27.7051668776
28.6697436168
29.113383526
28.5970137346
28.8790312022
29.5585782415
30.3616394354
31.1430894802
31.8465569584
32.4956928795
33.1308728648
33.7569107856
34.3370554192
34.8144252188
35.1391093949
35.2864953913
35.2590454473
35.0731016716
34.7394090652
34.2499447334
33.5763406503
32.6734664359
31.486504459
29.9718875329
28.1386983295
26.0855549558
23.9775436954
21.9650416233
20.1467300157
18.6473930081
17.6513483501
17.1675299196
17.0294834693
17.2992189253
17.3198800354
21.9611166703
25.0324222517
24.5624415959
23.6616248556
22.4727323628
23.0147783449
24.1567824391
23.3455306136
22.6164723409
22.8421642495
25.2912259958
26.0562428566
26.7204663753
23.831472334
21.6809630182
11.4137367833
9.1069472112
9.06896078247
13.4022337059
11.4413882763
8.72151607682
8.88458793635
9.19807085338
10.2764133516
9.17803854196
14.1935962107
14.9621416726
14.6812058879
13.2195352841
12.3834062163
12.8524014528
14.3519360361
14.8604669522
15.1989762093
15.935099808
16.9267086447
18.1038576909
19.3459349792
20.9809383161
22.3709990329
23.1719047273
25.0876903757
25.3451674696
27.1776369324
27.3495699325
28.5869042196
28.1519056488
28.2261403711
28.5384303381
29.0540858235
29.7617610535
30.555506118
31.3513013916
32.0952853165
32.7875545197
33.4519538609
34.0900833093
34.6716445479
35.1503975403
35.4844060403
35.6524343378
35.6573092296
35.5142121356
35.2320888514
34.8006901162
34.1879426015
33.3438456665
32.2146627548
30.77681797
29.0766739381
27.2348191109
25.378671864
23.549451555
21.7733331485
20.2976502111
19.4617567136
19.2962261418
19.4630410461
19.5744642246
19.4084323314
20.1366694999
25.6593469004
26.8473343879
26.3823580982
26.5700190771
27.2056029824
26.5264672825
25.2927549089
24.9853509559
26.0202963904
27.3617963563
27.3457650189
26.834547128
25.8652772379
24.5152344073
10.9964799321
9.63114640636
10.2177405834
13.5109422609
9.7167932417
9.75208089514
9.64459486116
9.93245412358
12.80826136
11.6384952263
15.0275616115
15.2638532044
14.7979892317
12.659666976
12.4536009335
13.9909796892
14.5552705621
14.6386252416
15.1566244679
16.0586703739
17.0374342029
18.1592566299
19.2616723914
21.0975748965
23.2427037401
23.120543732
25.0229047418
26.4694461355
27.3809589628
28.2432555512
28.034497611
28.3164125682
27.9959439169
28.4727207714
29.2204957774
29.9873470177
30.7777222542
31.5803080659
32.3586292765
33.0977039964
33.8005997815
34.4611033568
35.0538308932
35.5414449155
35.8892904226
36.0812455823
36.1237673397
36.0321401792
35.8127800912
35.4536728231
34.9217377137
34.1671122191
33.145977728
31.8625667288
30.3930270888
28.8393238619
27.2059015654
25.3681308751
23.4856457872
22.1948873765
21.8656192742
22.1909022674
22.5112881336
22.4455790971
21.9647184793
20.5504355663
19.8020951946
28.9132996758
31.2267397026
31.6341481612
30.9128144932
28.9811867687
27.6545051397
27.7161307594
28.931986806
29.4792550268
29.4697018011
29.3614378309
29.8176232994
30.0676786425
11.098048176
10.5387218162
13.5237758612
13.7685319927
9.95452791492
10.5454802076
10.4049501193
10.8383415361
12.445982493
15.0100176158
15.9078540638
15.5865433164
15.102436374
12.7709515528
12.6264094759
14.4632629331
14.6758039854
14.6279809004
15.1681163889
16.164960161
17.347677073
18.495622017
19.4073977405
20.7234849914
23.3814621419
24.7134340688
24.7272507563
26.5493786654
26.485343835
28.2389898876
28.850073055
28.297231052
27.9881068701
28.5791048324
29.4123113409
30.2218533854
31.0234415711
31.8348479952
32.6394606731
33.4250335667
34.1766941705
34.8714170862
35.4847996373
35.9886470375
36.356598255
36.5791901787
36.6670959992
36.6359273476
36.4906939321
36.2199923039
35.7941602056
35.1712386207
34.3272672944
33.2965420182
32.1571923561
30.9077785775
29.3345672275
27.3081574144
25.5113271788
24.8812670663
25.4394922642
26.2704191357
26.6493198365
26.3736557344
25.440494007
23.6425244732
21.1594651419
21.0584589052
32.9462039335
37.4775599287
35.5278213693
32.3058760461
30.7134834825
30.7127085819
31.5182566217
32.2665363601
33.0622815934
33.9265066255
34.7033133603
35.4699458849
11.5557979632
11.4608636296
15.1963086676
14.5744707143
12.8144312442
11.8052328425
11.3987027802
12.2766114613
12.0444254284
15.9874304039
16.6183683935
15.9918132388
15.2846210555
13.4682198741
13.3813249553
14.900722355
14.7286266436
14.7239585224
15.2691785937
16.1858290389
17.4574588479
18.9287528578
20.6579229549
20.8090600867
22.8844413683
25.0393650561
24.6508699172
26.7448218747
27.8274012374
27.5875705859
28.1139423478
27.8545127996
28.2517492192
28.8811336124
29.6584326554
30.4767301708
31.2957261991
32.1218852636
32.9448425579
33.7673217552
34.5755111446
35.3221592871
35.967457999
36.4940649184
36.890052163
37.1532317991
37.2966490229
37.3353976225
37.2750159802
37.1089373454
36.8176654718
36.3792977405
35.8009570245
35.133201701
34.3837797739
33.3215337854
31.6571514333
29.6926878115
28.3880899844
29.0034655752
31.2254868748
32.5287564202
32.9571905038
32.5913023743
31.4729269518
29.2974083515
26.0018441456
21.4090153059
28.5472316406
38.7063106585
40.9147986335
37.0283194672
34.975572364
34.3633391252
34.8121265943
35.8900061686
37.7958816405
39.1768852947
39.3516850144
39.7085101507
12.2239870667
12.150442579
15.0070677733
15.1341743036
15.1828735792
13.0085859882
12.5196259993
15.041293815
12.5105915494
16.8555115253
17.1621152246
16.4038881254
15.4577081374
14.1414983293
15.78532063
15.9314438639
14.9647421196
14.9588072567
15.5057756542
16.3006842895
17.3913522676
18.9097203123
21.8151480047
22.8181630193
22.4115893268
25.0522029851
26.1727852652
26.337247233
27.7647244332
28.4495347682
28.3849416154
27.8973661226
28.4422581835
29.1906861239
29.9583490876
30.7650326119
31.5880151205
32.4394948867
33.2954482752
34.1428770723
34.9938671501
35.8025875565
36.5004507972
37.0620976299
37.4948339048
37.8107256097
38.0225124483
38.1409249353
38.1733314036
38.1241708978
37.9956079038
37.8032161043
37.5912644139
37.3789262467
36.9678430421
35.8866209328
34.6479327464
33.9432469704
32.8050691645
34.8769433649
35.3983231831
34.4982870626
32.5915289618
30.4215742264
27.0374747823
22.9836531885
19.4539998743
10.8768795099
10.0368121884
29.7833290354
37.9195858195
36.7121334738
32.5896676566
31.9179991567
32.9012264782
38.0068015246
42.6592382177
44.6426964719
44.9027067647
45.2280169348
12.9441451434
12.8904915539
12.5404584957
15.5070119466
15.7711657901
13.8467245469
13.520612857
16.0796498306
13.2366050804
17.7635164591
17.6588405968
16.8288259935
15.7271325895
14.5016207133
16.9215689316
16.5751233919
15.4605991451
15.3769640234
15.8536644023
16.5857373667
17.4463683672
18.7650996029
22.261377344
23.8666911876
22.7331561618
25.0110996467
26.6404457926
25.9380978248
27.3625330037
28.0696386678
27.690993717
28.2169560916
28.8550007902
29.5509310492
30.2904239806
31.1011398234
31.9294596953
32.7744128923
33.6661768026
34.5662973836
35.4561752438
36.3149576516
37.0739942905
37.6897743981
38.1758284533
38.5605670761
38.8554448601
39.061005638
39.1889413534
39.2620425869
39.3164295201
39.4337751236
39.6859797763
39.9570888677
39.628728073
38.5720175388
39.055202887
32.8301304292
26.5642482434
16.8002531943
1.47172444608e-05
2.98874083995e-09
1.03515689166e-11
1.05614767846e-12
8.38115722114e-14
2.36080289313e-14
2.77884263649e-13
2.83929098916e-12
3.20727899522e-11
8.37711665147e-11
1.39108551305e-07
3.65153139978e-05
0.0333208009614
16.5643989601
40.1195986842
42.604364734
44.3142351589
49.1572980509
51.6659298162
52.0316231881
13.8411778195
13.940346068
16.1605001446
16.2012931139
16.2781845997
14.5627047999
14.5866039975
16.9864317655
14.2904497058
18.5645222806
18.1409757754
17.2794867431
16.0773633294
14.9235625398
17.2358194362
16.8495339409
15.9475743974
15.8583698317
16.2490692125
16.9003460212
17.6783423077
18.7365218598
21.725443323
24.6492374718
24.8994034081
24.4387797181
26.8109094024
27.8114956596
26.4637272877
26.8298502737
27.6215174858
28.433044638
29.196533371
29.9253185927
30.6759103486
31.4670474536
32.3044910929
33.172901074
34.0666625725
35.012339004
35.9651737076
36.8767316525
37.6912317796
38.3699835267
38.9316616844
39.4086348433
39.8049585576
40.1084025844
40.324685741
40.5008654132
40.7491760554
41.2332978335
42.0058595292
42.6250984995
41.9088648365
39.0200483106
25.6003175121
3.51033933209e-15
3.86100924265e-18
7.23801207476e-20
1.22689264775e-21
3.54970483708e-24
1.00874862903e-26
1.74612478388e-31
1.36582398659e-31
3.31590656266e-31
2.23518318922e-30
1.04694732664e-29
3.86742865065e-29
2.45769046917e-28
1.92431677425e-28
1.66944942483e-26
9.50195670531e-24
9.55149403724e-22
7.24797048239e-20
1.66903246188e-17
2.80950683903e-13
46.3374040883
56.3304696428
54.356174912
14.6873274304
14.8818587406
17.7960498868
16.9354105135
16.4840868728
15.2745083583
15.6126568394
17.7718592103
17.7513100968
19.5644859879
18.6943354535
17.8271929397
16.5173352682
15.4835445243
17.5689758139
17.0507986521
16.4018879651
16.3426981658
16.6551346215
17.2177841074
17.9510393367
18.933847128
21.2432987671
24.8785560726
26.2076147307
24.2437410656
26.2793784389
27.8896130722
27.9892954432
27.1853852739
27.6663364575
28.6231302122
29.5303948671
30.3350710147
31.063092706
31.8633280764
32.7048472526
33.5996343521
34.5230022337
35.4957161454
36.5096517877
37.4916871343
38.3605836626
39.0936093352
39.7460401424
40.367580792
40.9131457304
41.3075750621
41.5491751707
41.7989733066
42.2695583756
43.1374628792
44.4291723601
45.0596758545
35.996565398
12.5670470207
1.94118490679e-21
7.86086208656e-24
2.27323406524e-25
3.3094120969e-27
2.6888273942e-30
4.48656618171e-33
3.16260109181e-34
0
0
0
0
0
0
0
0
4.39863878423e-38
1.48356979964e-35
2.21910419943e-33
1.28745319167e-30
1.79825614601e-27
9.73801663007e-23
1.47883538232e-18
1.1529567086e-11
61.7414906262
15.3760924545
15.5923123689
19.8994541263
17.5127943447
16.4528248795
15.8980341125
16.3543636756
17.906017702
19.3306169472
20.7022492415
19.401080327
18.5102581351
17.2056189519
16.3248013098
18.106812017
17.3978395221
16.9259301314
16.8691409664
17.097951976
17.5712713189
18.2281254864
19.1364203905
21.0346446412
24.7275226002
27.1633337444
26.5553404473
25.7676037373
27.233508707
27.7954777231
27.2741756025
28.0680222888
29.0398558755
29.9931300618
30.7921887775
31.5448720294
32.2988252621
33.1546121287
34.0581093067
35.0182740067
36.0289533302
37.0877374269
38.1447169757
39.1035932061
39.8944884338
40.637324469
41.4298988913
42.1573029812
42.6315240202
42.8715756305
43.1733775457
43.850016959
45.0595759184
46.496535848
35.5444595816
1.25956579876
2.81039075615e-24
9.21685801248e-28
3.72691671994e-29
5.08153875509e-31
1.39349602821e-33
0
0
0
0
0
0
0
0
0
0
0
0
0
5.66764557106e-37
5.63203845455e-36
1.23466485796e-34
5.98671916642e-33
3.32456252621e-29
2.76724485721e-20
5.33431113201e-25
15.9058044225
16.1137732061
21.9135987078
17.9541497638
16.640978044
16.4656119937
17.1509193901
17.3829957255
20.2634913266
21.5152268261
20.0778538698
19.2037320374
18.0809779608
18.1358694853
18.8601118974
17.9835341853
17.6407982699
17.5840627887
17.6473456993
18.0092410116
18.5565805456
19.3812356982
21.0033163182
24.5456891352
27.5421059661
28.1496014562
25.7186035947
26.2805022493
26.7254186666
27.349525334
28.3462764032
29.4797095671
30.4489415535
31.2960979784
32.0762119494
32.8852303359
33.6698734032
34.578487012
35.5574120233
36.5919700563
37.7266848399
38.8726853501
39.9105075052
40.7155443182
41.4970587436
42.7892534669
44.3560113624
45.0240500213
44.6125598485
44.7692636091
45.5698387452
46.9015704423
34.7381653421
1.48720852334e-18
2.24141806134e-23
1.00553538374e-34
1.01610596207e-31
1.65800490889e-33
0
0
0
0
0
0
0
0
0
0
0
0
0
0
0
0
0
0
8.75633471816e-36
5.92964524308e-35
1.09347574495e-32
97.7385467036
16.3508120986
16.5253322469
21.7788726625
17.4745479415
16.880695314
16.9500401895
18.0477941092
17.4453415284
21.0578644622
22.2627187548
20.7109551913
19.8390198429
18.7628797209
20.2657447185
19.8899765044
18.7669643088
18.4614682572
18.6306592514
18.4157277744
18.614259284
18.9825728963
19.673460136
21.1085583962
24.3524158554
27.3808760863
29.2057713401
28.1594032195
27.4505577079
27.4716768477
27.5352238468
28.5868832462
30.0223551701
30.8840430743
31.8125465661
32.8010060818
33.4840899441
34.272314056
35.194011662
36.20037344
37.2558657177
38.3817595469
39.6000929314
40.7782604823
41.894763942
43.1083876954
44.7297361185
46.1639689323
46.5686759721
46.7464693717
47.1307946278
47.8483188484
38.2508544477
6.76324406776e-18
6.17349126032e-23
8.11395828445e-27
1.1020310568e-28
0
0
0
0
0
0
0
0
0
0
0
0
0
0
0
0
0
0
0
0
0
0
2.69431007687e-35
1.96106334826e-24
16.8463670392
16.9965464573
21.4445618247
17.199079632
17.183179247
17.3402130128
18.8178867871
17.9304164295
21.7596162741
22.9936663478
21.3309360242
20.4617061125
19.3242560191
21.0368086319
20.8367630935
19.6068348357
19.265110721
19.5282155126
19.330262106
19.4340053252
19.6008878441
20.0250603103
21.3727746895
24.293533701
27.0631388003
29.4740016501
29.30849391
28.0407081232
27.0906312458
27.973529986
29.0143498749
30.421115963
31.6176858647
32.68732345
33.6068027766
34.1963151052
34.9594139049
35.8948793989
36.92709005
38.0270474501
39.1796016244
40.4851410341
41.9424869253
43.543878083
44.7678482516
45.6378544173
46.8106293191
47.8637053667
49.4776999397
50.7967439499
43.099240346
6.16263056849e-17
8.18279689344e-23
1.41108137123e-26
2.89420055942e-29
7.00741628471e-31
2.35215178765e-33
0
0
0
0
0
0
0
0
0
0
0
0
0
0
0
0
0
0
0
0
0
4.52787870158e-36
5.99079708922e-36
17.5719662284
17.7215471197
21.1586508178
17.4954049448
17.7299436306
17.8202744088
18.8660816284
18.6451373984
22.2778715199
23.6871927577
21.9758498925
21.1223593185
19.9875985337
21.7262552674
21.6771403751
20.5143833667
20.1109543522
20.3933517376
20.2214515836
20.3926651562
20.4765377406
20.5305407406
21.8294306882
24.4380672873
26.8907683466
29.507613731
29.8424175832
28.841178572
27.61103125
28.1656320446
29.5298243968
30.5978418564
31.6969213259
32.9536698476
34.4845821971
35.2039683192
35.8887778286
36.7081067392
37.7104832707
38.885660904
40.1499150963
41.5878464693
43.5718798433
45.3360094721
45.9914624059
46.7620366395
48.4800730663
51.8117407924
56.5551410772
47.2198254569
1.7606827462e-17
2.92480317563e-24
1.21035194954e-28
3.96834682033e-32
2.48992481293e-34
5.04687581163e-34
7.7501179958e-35
0
0
0
0
0
0
0
0
0
0
0
0
0
0
0
0
0
0
0
0
0
3.34668803326e-37
1.51963269731e-36
18.6686974387
18.7818849072
21.4782283048
18.415150469
18.8552732931
18.6600294861
19.2031604498
19.918286518
22.3754244457
24.2163742598
22.6743256945
21.8438690715
20.7477816442
22.5101895174
22.5398663321
21.5694259391
21.1227731328
21.3907278628
21.1182941446
21.4402515357
21.6448828233
21.2465073185
22.3700788739
24.7917955697
26.9211104121
29.3414882458
30.0653913714
29.5250151428
29.4659066297
28.9789914837
29.8649545953
31.2629576196
32.8957391485
33.5281381825
34.7914362306
36.1920045792
36.9421435518
37.8118717254
38.7281758393
39.8334258067
41.2312533616
43.2879903736
45.8037030315
46.9317257165
47.1988025916
48.6160328982
52.8364975007
59.7349265203
53.5250102003
25.874729539
4.43123469152e-26
4.1371617943e-31
2.83078248196e-33
0
0
0
0
0
0
0
0
0
0
0
0
0
0
0
0
0
0
0
0
0
0
0
0
0
0
0
20.2014787358
20.0964662631
22.308855227
20.2434500472
20.7476339749
19.8953552048
20.1370985016
21.7530880168
22.6249111618
24.8407552106
23.4765728525
22.6357917495
21.5794370069
23.3287976463
23.3969754202
22.7265085551
22.5833711527
22.6873884777
22.1072419709
22.5728266406
23.0937146199
22.2527071752
22.8023552828
25.2388983334
27.1622082031
29.2039181817
30.1976820044
29.69424545
30.6218491938
30.5100369442
30.8477392536
31.0376812212
32.7049963197
34.6423456859
35.7196639421
36.9500297315
37.9948359135
38.9088646785
39.9466427841
41.0756893333
42.8228052202
45.7723376712
48.0142017505
48.6886975076
49.5144418663
52.8434558173
59.9396654241
56.5472173857
32.534781539
3.95451060824e-28
6.91331920743e-31
3.165520718e-33
0
0
0
0
0
0
0
0
0
0
0
0
0
0
0
0
0
0
0
0
0
0
0
0
0
0
0
0
21.8163533373
21.3251254509
23.1930105931
22.6577041369
22.4109694816
21.3104209507
21.1514144238
22.858402425
21.9540484873
25.3292487601
24.36474632
23.4892133286
22.4709027936
24.1520259142
24.1894417829
23.6922468774
24.5646361036
24.2372812699
23.2058440886
23.8037663047
24.3924432523
23.5258644841
22.9908818109
25.2225564352
27.3177811851
29.0959581395
30.2254689462
29.7470473456
31.0010847091
31.7598547916
32.2121564615
31.7869333945
32.8561031757
34.6009767783
36.598044354
38.1379531968
39.2708699757
40.1683536758
41.1950389278
42.6674029764
45.426362891
48.5930269115
50.4248318971
51.5144550231
53.8605943169
58.6881702414
55.8355159762
31.8277123455
1.06478623694e-27
1.54150272756e-30
5.39863993371e-33
0
0
0
0
0
0
0
0
0
0
0
0
0
0
0
0
0
0
0
0
0
0
0
0
0
0
0
0
0
22.6025438717
22.1633796005
23.7412672854
23.6728063722
23.4350928393
22.6291216993
22.2921214904
24.1815655961
22.9694936688
25.9461893064
25.2606256399
24.376136695
23.4162480041
24.9926460564
24.9763482715
24.4881454262
25.5147709363
25.3230689836
24.2456604127
24.9872343878
25.1150893743
24.3199295328
23.9295915595
24.1579891605
26.7502641648
28.5293682581
29.9480910832
29.647550369
31.0220776972
32.2771557016
33.3300756824
33.5055341368
33.2589324313
34.6368917049
36.8054434737
38.9880706895
40.6594697865
41.8118385403
42.8291972355
45.1812126684
48.6676858824
51.5487794631
53.2149523239
55.1890799835
59.0906236584
55.8129730621
30.8275246027
18.0100986019
5.06710149445e-30
1.44313673848e-32
0
0
0
0
0
0
0
0
0
0
0
0
0
0
0
0
0
0
0
0
0
0
0
0
0
0
0
0
0
0
22.6554622323
22.6533110104
24.0457776632
23.8560372582
24.0569760965
23.6311806566
23.2693122447
25.4795977909
24.5844043716
26.7206502811
26.2024778294
25.2807733571
24.4104032492
25.8658764762
25.8174771695
25.3944900023
26.2959685572
26.2529358371
25.3083279602
25.9697114576
25.0204895714
25.0344995808
24.9033470691
25.1492040515
25.940672076
27.0313807059
28.9965945304
29.3000622187
30.5458616702
32.2392323795
33.7326934443
34.8094600735
34.7270259076
35.390147208
37.0042041511
39.1891626544
41.5722596489
43.5231012852
45.1836306488
48.4312498266
51.9717600804
54.415405214
55.8248147532
57.7827379307
53.5423330756
35.5362121274
38.1482069509
1.76008593445e-29
3.94275714174e-32
0
0
0
0
0
0
0
0
0
0
0
0
0
0
0
0
0
0
0
0
0
0
0
0
0
0
0
0
0
0
0
22.8375817772
22.9662128533
24.2804984776
22.9770394289
24.2898606702
24.1539769311
23.8979831348
26.0543928701
25.3858731744
27.4844358014
27.158511937
26.1693201508
25.4581964606
26.7588770463
26.6891123754
26.425307548
27.1740151835
27.2914051817
26.4986180238
27.3293405794
26.3153332027
26.5746045115
26.1161848264
26.4180645192
27.6352156579
28.2616297354
28.506921452
28.8602618479
29.9876649325
32.0470000255
33.6033359776
34.9703288386
35.9122731373
36.4262866797
38.1865159008
39.8684475604
42.2982534116
45.0908455164
48.0701895193
51.938721462
55.1531568467
56.9249700911
56.7495158206
54.1599110534
52.6921367538
32.7022440504
1.47693424377e-28
3.36231307645e-31
0
0
0
0
0
0
0
0
0
0
0
0
0
0
0
0
0
0
0
0
0
0
0
0
0
0
0
0
0
0
0
0
23.4419151084
23.5358007718
24.5194465999
23.2972876595
24.4753964389
24.4067731971
24.3051514602
26.2124935216
25.9103089066
28.0265901537
28.0690028418
26.9812241014
26.544248257
27.6208657502
27.5054126349
27.4122968149
28.0138881661
28.4051571155
27.735207226
28.7155559202
28.0332061749
28.532263175
28.3953109076
27.4149541214
28.4034386453
29.3026366882
29.5158975775
28.514667249
29.3427107826
31.7801363479
33.5780697545
34.5412216173
35.6474425647
36.6378511119
38.5051322254
40.4725500729
43.1147974084
46.6562194057
51.1374038413
55.5663468915
58.1379015357
58.5954822686
56.6356556055
51.7011778003
33.0263915317
41.2421159945
2.34299193356e-30
9.50088438162e-33
0
0
0
0
0
0
0
0
0
0
0
0
0
0
0
0
0
0
0
0
0
0
0
0
0
0
0
0
0
0
0
0
24.2148197572
25.2175486918
24.8863828159
24.1359855104
24.9091497532
24.6951872226
24.6736063142
26.3185215072
26.3654901299
28.2161916142
28.9237617379
27.6754392398
27.4814166066
28.3003229406
28.2403097393
28.1356439804
28.3217018142
29.3956599937
29.0107386567
29.9101600377
29.8649984788
29.8271278688
29.7498060551
29.4127736405
28.7637761598
29.4249407696
30.305842999
27.9083686151
28.6146649401
30.9247415326
33.4254817471
34.8373487637
36.0411197941
36.4383500452
38.1871710054
40.5599430285
43.5576041005
48.0921554807
54.2138562928
59.0928734246
60.6977745947
57.418191887
55.6978296872
57.0829773211
38.5752120992
1.58810118627e-29
4.0532162079e-32
0
0
0
0
0
0
0
0
0
0
0
0
0
0
0
0
0
0
0
0
0
0
0
0
0
0
0
0
0
0
0
0
0
24.7501382777
25.7984633498
25.4509781504
24.8591813127
25.4650139881
25.1238489077
25.082223348
26.4748522378
26.78435432
28.1272281545
29.6505533488
28.3021307096
28.0068162927
28.8183355547
28.9910592909
28.7477726416
28.5324341676
30.0763120326
30.2828582193
30.9297524273
31.1163992832
31.3604318737
30.366336811
30.3987456783
29.9315120185
30.8708116561
31.4628063456
29.2438968904
27.8679459916
29.6360842267
32.4146325545
34.6876031451
36.0735774928
36.6932856515
37.5401347688
39.9827996522
43.2894445142
49.1251386604
57.1415569598
62.6714931526
62.1451533855
57.7475843549
51.8385380521
30.6382575748
46.313938018
4.68258173882e-31
1.57361339218e-33
0
0
0
0
0
0
0
0
0
0
0
0
0
0
0
0
0
0
0
0
0
0
0
0
0
0
0
0
0
0
0
0
0
25.069807611
26.0147942649
25.8923236819
25.2955592988
25.9708289304
25.6452976948
25.5326806496
26.7465776437
27.2142817562
27.6577499618
30.0983594118
28.934818438
28.3271181185
28.7332393724
29.7186169957
29.4418597408
29.019281677
30.6147388587
30.9706969647
31.7401046343
32.0322789521
32.5717933461
32.7886440325
32.8305533279
32.4967932778
31.9936404341
32.7987014464
30.8745480256
27.5863106505
28.334544059
30.209513066
33.0014757225
35.3112629336
37.212156157
37.550699348
38.7422498342
41.8184371865
48.9792647189
59.781931727
65.2145290419
62.1795303172
62.7398713247
61.6822377574
36.2229946725
6.70916037186e-30
1.83441477612e-32
0
0
0
0
0
0
0
0
0
0
0
0
0
0
0
0
0
0
0
0
0
0
0
0
0
0
0
0
0
0
0
0
0
0
25.3248845599
26.1617702907
26.1844275498
25.5164114105
26.3567376151
26.2180573896
25.9560411776
27.0776154213
27.7820870687
27.0572924671
30.3251156485
29.6271514065
28.7825958674
28.2800689936
30.3342332799
30.1775971194
29.7646224754
31.284292052
31.4569700976
32.0970305918
32.9461894945
32.6009732012
34.1267402441
34.6849014774
34.7451800582
34.6734233546
34.778489195
33.8252828562
29.4051926588
27.6023351617
28.6569715393
30.3933988939
32.9991703462
35.1403692759
37.4839079121
37.9879119667
39.5164013482
45.6586452659
62.8340821743
67.5133010497
59.2219838426
55.9194969155
57.9917940883
55.4117607682
2.27629717515e-31
0
0
0
0
0
0
0
0
0
0
0
0
0
0
0
0
0
0
0
0
0
0
0
0
0
0
0
0
0
0
0
0
0
0
0
25.5155087668
26.2368549887
25.9970021155
25.5781341507
26.6066559461
26.6976814507
26.2478617367
26.9429598186
28.5384300382
27.8062640494
30.4437106428
30.379189193
29.4538439173
28.8306277556
30.9530170452
30.915298339
30.7726800048
32.1644810204
32.2204931322
32.0673516703
33.9350761113
33.8442555203
35.1318596139
35.7705230462
36.3370377089
36.9486561028
37.4041158416
37.4212741495
34.9946894414
29.1993305574
28.3721044545
29.1764822367
31.4167025424
32.9452313125
35.0581260344
36.8802479307
37.7311431981
39.0465101845
58.976107567
68.7490089719
65.9797298502
54.6941895189
19.2171564193
42.2547966668
1.87399801191e-32
0
0
0
0
0
0
0
0
0
0
0
0
0
0
0
0
0
0
0
0
0
0
0
0
0
0
0
0
0
0
0
0
0
0
0
25.6100554128
26.2068893493
25.6522292628
25.7561485053
26.8280618797
26.8890261527
26.4552618807
26.6409738942
28.8100909538
28.5776795925
30.1900689053
31.1261733865
30.1539266129
29.8704573277
31.5709078408
31.5940680358
31.8821212343
32.9814732257
33.2730017565
33.1315949109
34.8779819875
35.26593772
36.274572688
36.6171191526
37.9201818833
38.6339255325
39.8193870873
40.8876412529
41.392651769
37.1089405469
31.0355312286
30.4423815068
30.0351917979
31.9806488425
33.3590928013
34.5940577888
35.313442439
34.4604373824
37.7023241685
60.5414274078
72.4391343626
74.6227176805
46.4491592771
4.66057379126e-31
5.70851308552e-34
0
0
0
0
0
0
0
0
0
0
0
0
0
0
0
0
0
0
0
0
0
0
0
0
0
0
0
0
0
0
0
0
0
0
0
25.6767378454
25.825672516
26.0440291508
26.6347522497
27.1154348633
27.0586539237
26.7213215401
26.7772687924
28.5500267783
28.9802176751
29.7497287959
31.6963321988
30.7277543253
30.6414752203
31.8798494289
32.1794638864
32.300033021
33.343898633
34.2195783475
34.4609445718
35.7493591254
36.2810842503
37.1652869762
38.2426507359
39.3000125986
39.5462091176
41.4150956628
43.0038193599
44.7296633607
45.8755256627
41.0403843813
34.5870212202
32.6452057349
31.581176989
31.7098334558
32.1311652694
32.1714324672
30.8885901708
25.8207905493
28.0677883724
52.8261481592
69.7026286391
66.9527023454
3.48302872002e-32
0
0
0
0
0
0
0
0
0
0
0
0
0
0
0
0
0
0
0
0
0
0
0
0
0
0
0
0
0
0
0
0
0
0
0
0
25.7192104746
25.8211623894
27.3361985915
27.3184178033
27.2506851845
27.1546823448
27.0372498347
27.0610725206
28.4506633469
29.3950279305
28.9356780976
31.7539039332
31.2429930967
30.7676394615
31.38458164
32.696539105
32.5022073727
32.6492269967
34.7752521538
35.0484747649
36.1939938902
37.2919889314
37.2284244931
39.5592913276
40.5389157217
41.817884228
43.1010034151
44.6116154165
46.6477905566
48.900847983
50.3277904822
46.500588693
41.5219917785
37.60651117
35.8704983823
35.1421775696
35.3497238756
35.0979500989
30.5591477614
28.1844039024
0.0982594728566
29.9225564066
55.7433088007
4.40333757582e-33
0
0
0
0
0
0
0
0
0
0
0
0
0
0
0
0
0
0
0
0
0
0
0
0
0
0
0
0
0
0
0
0
0
0
0
1.3357705695e-37
25.6069690833
25.8350655438
26.1018577378
27.0026376264
27.0518486809
27.1051524694
27.2881157963
27.1845539252
28.3750928713
29.6476700967
29.1125743722
31.2120292613
31.8889236268
30.9743660211
30.6346726783
33.0378598523
32.9576193936
33.0019758808
35.0832562112
35.5024660194
35.7844596905
38.3053156184
38.5564751634
40.31360419
41.3177700169
43.3658910103
44.5266692304
46.1131412578
48.1743039291
50.4619715107
52.8308024338
55.3961628601
54.3279576466
51.809594221
50.0044283507
49.4164503535
49.7300412447
50.9251209375
53.1614613219
59.379349097
51.8783557628
8.67477514923e-07
1.41869686757e-31
0
0
0
0
0
0
0
0
0
0
0
0
0
0
0
0
0
0
0
0
0
0
0
0
0
0
0
0
0
0
0
0
0
0
0
0
3.34668803326e-37
25.3650139321
25.6297235814
25.533942608
26.5592871445
26.9932493871
27.0479748137
27.2772272982
27.0586380315
27.7116901711
29.4753034744
29.365120522
30.2357750033
32.4542431074
31.4602381831
31.303408351
33.076437069
33.5515979139
33.7089275867
35.1667643125
36.2512318492
36.6391582754
38.7806289458
39.5862924258
40.874237016
42.5841346062
44.0687746002
45.7523027001
47.6359393505
49.456292288
51.9233483763
53.9349003433
57.4036440933
59.9075655629
62.1458154543
61.9245998404
62.1543485687
62.6207626383
65.1764387027
70.369654162
78.764881616
87.1792054309
62.6767507211
1.91708936741e-32
0
0
0
0
0
0
0
0
0
0
0
0
0
0
0
0
0
0
0
0
0
0
0
0
0
0
0
0
0
0
0
0
0
0
0
3.34668803326e-37
3.34668803326e-37
25.1145726387
25.4065631112
25.9522045233
27.0082332183
27.2188774426
26.9890124433
27.0368652572
26.793842082
27.0820955044
28.809871798
29.553567076
28.8513197371
31.8392528251
32.085364398
31.5253522507
32.1968098067
34.0395857174
33.9580088508
34.3479242474
36.6611279185
37.2161702069
38.899599546
40.4416476876
40.7033331311
43.3133616958
44.1400067111
46.9362438116
48.3599129897
50.1436676502
52.7970374121
55.0832050724
57.5194262907
60.0137424424
62.6554813531
64.3494820247
65.0418702368
65.8678564081
67.595282812
70.4196867058
75.6048253536
89.7513678
84.659673614
2.66827300899e-33
0
0
0
0
0
0
0
0
0
0
0
0
0
0
0
0
0
0
0
0
0
0
0
0
0
0
0
0
0
0
0
0
0
0
1.63339245384e-37
3.34668803326e-37
3.34668803326e-37
24.8161218563
25.0758288149
26.3560936816
27.5795523697
27.006373571
26.7144359897
26.6765783215
26.5145686933
26.6591214895
28.1374682338
29.3999680019
29.2179197987
30.3964311459
32.7910601762
31.7500947528
31.6527463745
34.0711482579
34.3295101214
34.5900627677
36.713978913
37.6657666376
38.3631008123
40.96801789
41.6854731753
43.6526094256
45.3158326965
47.1254374297
48.6907598089
50.820655532
52.7882739566
55.0352542668
57.1243862391
59.2267275062
61.4433608475
63.2385693333
64.1725192493
63.974868467
62.6032861049
58.9734430267
54.9248427949
54.4008681234
69.4438300403
0
0
0
0
0
0
0
0
0
0
0
0
0
0
0
0
0
0
0
0
0
0
0
0
0
0
0
0
0
0
0
0
0
0
2.03347509924e-37
3.34668803326e-37
5.36564513841e-36
5.66175127212e-36
24.4489554467
24.6259186842
25.5199638212
26.3748747798
26.3816466743
26.2101139447
26.1891089987
26.2234875987
26.1451241493
26.985643835
28.5851268539
29.3097558956
28.6724341921
31.738031188
32.2828167796
31.6919837777
32.7802838921
34.6672106064
34.785113061
35.726400595
38.0739356167
38.6281745185
40.8548843348
42.4549324033
42.8238679628
45.5666819109
47.2043011549
49.3438689285
50.9502995009
52.7411584376
55.3318012931
57.1798204251
59.1888480684
61.1411471305
62.3526522316
63.5573405382
63.1376017709
61.0766720687
52.4919985371
55.8993364802
9.14264167519e-06
2.1151634261e-32
0
0
0
0
0
0
0
0
0
0
0
0
0
0
0
0
0
0
0
0
0
0
0
0
0
0
0
0
0
0
0
0
0
0
0
4.16492786606e-36
1.4058504501e-35
2.09531211362e-35
24.0610705637
24.152247543
24.9028214976
23.8535684734
25.3313487452
25.5693732432
25.5757211223
25.7345337815
25.4002991615
25.8648477714
27.508171514
28.9494455161
29.0589890301
29.9250096715
32.5534047185
32.0387998603
32.0881654728
34.6011025242
35.2870146349
35.462101168
38.0341809533
39.1020484548
39.8091692716
42.1359754073
43.4254019422
45.3216418907
47.5562878434
49.2869845831
51.386757036
53.4915910566
55.5658102458
57.5469191079
59.8476950901
61.9822467265
63.7312243939
64.906298074
66.0625930547
66.5217789633
65.6667535275
66.1155501412
0.0299407391848
6.27344645541e-33
0
0
0
0
0
0
0
0
0
0
0
0
0
0
0
0
0
0
0
0
0
0
0
0
0
0
0
0
0
0
0
0
0
0
1.89621228365e-36
6.79310856559e-36
9.55045691845e-35
6.4761867351e-31
23.466853421
23.5415306544
24.8316053995
23.8507964054
24.4544227125
24.785476194
24.8408460862
24.9476534934
24.683751608
24.9156085047
25.986358374
27.7622448784
29.1736768758
29.209840641
30.8669392235
32.7429420343
32.1131521844
32.2540434353
35.3009693034
35.3461113053
35.9931535918
38.8215345427
39.5995826914
41.6886989074
43.4993044944
44.8522658167
47.2472207913
49.221093298
51.6519677012
53.4368986175
55.8306658269
58.7629119713
61.5321688439
63.9424424898
66.344298869
68.7794245913
70.777991148
72.1312050922
77.0347457868
78.0113373268
43.25673503
1.67249136893e-34
0
0
0
0
0
0
0
0
0
0
0
0
0
0
0
0
0
0
0
0
0
0
0
0
0
0
0
0
0
0
0
0
0
1.19650295389e-36
3.97731655712e-36
3.81593436131e-34
1.10612704743e-31
5.34119702315e-22
22.4871613674
22.5418724315
23.763757561
24.1188468368
22.9252186335
23.8467979862
24.0516096966
24.1834138927
24.2448084862
24.050761133
24.5603170469
26.2835259989
27.950000073
29.0539794486
28.8571976342
31.8352735523
32.6861643373
31.9979519689
34.3585189792
35.4777885471
35.6886157739
38.1866286831
39.7049797984
41.2585165846
43.2177355751
45.2723334564
46.9966515535
49.7345238698
51.4522796724
53.4439871238
57.0479685212
60.1120456833
63.2833590691
66.2425600318
69.9673388721
73.2023213268
76.2227572176
77.7558382636
80.1916556438
75.5499842404
26.1583307524
1.14914986792e-35
0
0
0
0
0
0
0
0
0
0
0
0
0
0
0
0
0
0
0
0
0
0
0
0
0
0
0
0
0
0
0
0
0
3.84527340679e-36
4.76173881457e-34
1.09503015954e-31
4.11219502608e-27
8.33774993384e-17
21.4909431682
21.4864683356
21.5318943676
23.5260600845
21.9551350968
22.9214848736
23.3584236089
23.5136916426
23.7595265057
23.3208365273
23.6571932837
24.1369364788
26.3250451442
28.1472511293
28.4453098621
28.7331496754
31.6459700674
32.0733749603
32.3896757094
34.7978134331
35.8531353089
36.9820731818
39.2474745919
40.9637064259
42.8726103381
44.8347249255
47.1118936004
49.2805275281
51.5375348352
54.6531167075
57.9376333589
61.4161254558
65.3361167266
69.7590427207
74.8209612974
80.1889229215
84.7679510911
89.7160339068
96.7583595009
81.5435439418
0.000494821714974
2.79530907435e-35
0
0
0
0
0
0
0
0
0
0
0
0
0
0
0
0
0
0
0
0
0
0
0
0
0
0
0
0
0
0
0
0
1.19650295389e-36
2.83847929169e-34
6.39266395042e-32
9.46308899061e-28
2.36888328518e-18
0.0961119152869
20.9579927173
20.8855045795
20.8155910528
23.3383676894
23.7883193591
22.83507786
22.8855671761
22.9288770179
23.0357425316
22.8827967361
22.7242756836
23.3497732247
24.4629688927
26.3612767165
27.9676694486
27.7186293687
29.3792727652
31.4116889943
31.9602365493
32.5563260658
35.2384418729
36.6786811042
37.967841597
40.3605416466
42.2883570831
44.190119754
46.6134370526
49.0843747505
52.6450221798
56.0347087863
60.133961402
64.6732804319
69.0146835926
74.2861234429
80.44133655
86.9024207221
95.6887878072
99.9999999984
100
100
62.5442444001
2.79530907435e-35
0
0
0
0
0
0
0
0
0
0
0
0
0
0
0
0
0
0
0
0
0
0
0
0
0
0
0
0
0
0
0
0
5.96313786568e-35
1.95328304397e-32
9.34029220689e-29
2.25275862616e-21
2.09220882804e-05
75.8878674257
20.7040780829
20.494357231
21.019840815
22.4352831072
23.5150698514
22.9893176088
23.0030123487
22.6141328497
22.4033745278
22.5040557216
21.8794614865
22.3861670376
22.510184164
24.2257165372
25.7830564883
27.2394360415
27.4634209554
29.8172911572
31.1407205608
31.9938152732
32.7537740584
35.6910351815
37.4141118353
39.2404321962
41.3728771585
44.0758509492
46.5802689302
50.3880923245
53.7146023495
58.1306087198
61.9306733343
66.3812192127
71.3812058623
77.408643786
83.7988389772
92.0430281385
99.9999840002
100
100
100
70.4021014766
7.50453805137e-38
0
0
0
0
0
0
0
0
0
0
0
0
0
0
0
0
0
0
0
0
0
0
0
0
0
0
0
0
0
0
0
2.99750336639e-36
2.77957980338e-33
7.27325213375e-30
1.93873146554e-24
9.60834257609e-11
67.9695158654
68.1041377661
20.2428485336
19.7160109852
20.5152458833
20.4628197367
21.9867340066
23.5671740638
24.2690955347
22.7765367322
21.85320493
21.5584977433
21.3491631751
20.6258930458
21.4580492335
21.208360071
22.7014178996
24.941137757
26.4392854472
26.9392263428
29.3560158514
30.8914755741
32.1737198925
33.2071562901
36.3006629973
38.2012025124
40.5814004617
43.7610725762
47.2003782362
50.4899428822
54.3043892776
57.8742482523
61.8440727831
67.0762253828
73.1940233458
79.135971741
85.6086152703
95.0588221027
99.9999557187
99.999999998
100
99.9999938945
99.9999996419
0
0
0
0
0
0
0
0
0
0
0
0
0
0
0
0
0
0
0
0
0
0
0
0
0
0
0
0
0
0
0
0
5.7877137041e-35
3.05519384999e-31
1.40745503455e-26
7.43354155837e-17
55.3790665358
57.0991709662
59.8111125746
19.6924712972
18.4814271869
18.4640510557
18.6254233909
19.2192506416
21.8657698816
24.1855789146
22.4030325666
21.1791974756
20.4834164354
20.2714131002
19.4415122004
19.9851751455
19.8423498131
20.353162911
21.0027006473
24.3529599227
25.8540047749
26.4808128945
28.9873937465
30.7477248328
32.4778425063
33.8431027871
37.1151912735
40.1000297579
43.1997879479
46.3693765743
49.6630689895
53.6210531723
57.6337016467
63.500044644
68.6699614224
73.9177061778
79.4039373185
86.5716826394
94.2349574254
99.9637036545
99.9989232306
99.9999844462
99.9999518746
99.9997659672
0
0
0
0
0
0
0
0
0
0
0
0
0
0
0
0
0
0
0
0
0
0
0
0
0
0
0
0
0
0
0
0
4.25680380545e-33
1.19465245984e-28
1.42981736656e-21
0.0240483583829
53.3109607813
52.4510499555
50.9735107589
19.4628607532
17.1251496672
16.7399252715
16.8429334471
17.2662169454
18.9702636946
21.3159921181
21.7438461547
20.2855262353
19.3782965472
18.7910859718
18.6538281964
17.2066466475
18.0341276494
17.4098691518
19.8680528221
20.6713289537
23.4358551817
25.2020463477
26.1841154359
28.6723685072
31.0373404543
33.3642527258
35.7301660903
39.4058939939
42.8069988884
45.5042251427
49.8470144803
54.0102627094
59.7980499346
63.9083858694
68.3356004311
73.5730927871
79.9910754792
87.7455729417
96.3241341605
99.999717937
99.9999999865
99.9999985385
87.3561133811
5.52388950598e-06
0
0
0
0
0
0
0
0
0
0
0
0
0
0
0
0
0
0
0
0
0
0
0
0
0
0
0
0
0
0
0
3.2033245187e-36
4.66865566723e-31
4.64285517315e-25
1.11719315376e-10
52.3354861858
52.5354964584
45.9006334416
44.2582275954
19.5113324993
15.986896132
15.2699550159
15.0392688701
15.3270825715
16.3559010673
18.6024450184
20.8224862712
19.4975407128
18.2504175753
17.3775811616
16.7040461359
16.1941818003
14.1810098924
16.0854106546
15.0784828016
17.8098217324
18.3876590619
22.2384793752
24.2543710227
26.6046179469
28.0833853236
32.4202427112
35.4349122614
38.7817512122
42.2358571853
46.0957902075
50.4178079274
55.8821869039
59.3807522961
62.8451546341
68.7147610559
74.9201367579
82.1426181714
90.4600331057
99.6239935619
99.9999993979
100
57.9123783926
5.18249985139e-19
0
0
0
0
0
0
0
0
0
0
0
0
0
0
0
0
0
0
0
0
0
0
0
0
0
0
0
0
0
0
0
0
3.87499155477e-35
1.03932972811e-28
3.01582628744e-16
53.4261126491
54.6706432619
48.2574447747
42.423276365
40.0625026869
18.3943280936
15.1780185473
13.959152529
13.6328131797
13.5003792229
14.0964709579
14.2784747685
18.1672599063
18.966108314
17.2560413611
16.0173734227
14.9791352453
13.8911687217
12.6990794759
13.1139896035
11.5334166016
9.66067860874
15.345278539
17.4624043605
19.2947824774
24.6909377735
27.574689362
30.8999526791
34.8298578656
38.3874095107
41.9491665984
46.436144977
51.3396387609
54.7743670955
57.784128992
63.8691482353
69.6372142433
75.9603257112
83.1844065288
91.1870269911
99.7185175197
99.999981622
99.9999999431
1.86374058126e-20
1.03481273259e-19
0
0
0
0
0
0
0
0
0
0
0
0
0
0
0
0
0
0
0
0
0
0
0
0
0
0
0
0
0
0
0
0
4.57285393354e-32
2.69639284424e-23
51.822465197
61.3825783644
52.5584774677
45.3595702277
41.274660745
39.9438079759
16.731222889
14.6787686896
12.9530760843
12.5118812401
12.2095621924
11.9234610496
13.1810331373
13.5146808073
16.9432267891
16.2654013739
14.7624561983
13.4716220847
11.5402438918
10.4676458612
5.48193309155
6.76487019563
3.14022030456
11.55283435
13.1507478373
17.6564869493
21.1567855477
26.688127805
30.4791290935
34.3352419654
37.6815227636
42.3317745561
46.4611309663
50.4536253602
53.5235640501
59.3006200425
64.6506378364
70.4830367641
76.6601347608
83.3933191425
90.4647385538
96.865847184
99.9855422383
99.9999356106
2.61538869351e-19
4.60255651943e-14
0
0
0
0
0
0
0
0
0
0
0
0
0
0
0
0
0
0
0
0
0
0
0
0
0
0
0
0
0
0
0
8.68472103896e-37
3.40889660138e-29
0.0384281187013
66.2346126023
59.0516869264
51.4304224622
45.4921110464
42.1550752052
41.3315953288
15.6974748017
13.7491398922
12.1697696706
11.377371945
11.1221161335
10.5259017906
9.91655212487
11.9008676305
11.523233768
14.981439137
13.8912633135
12.3346400727
8.96146296382
6.5992571031
2.27372927312
0.337773985215
4.78025645221
1.55463035674
9.99369191941
11.3608121143
20.7654969075
25.9949393738
30.0821013426
33.585965932
37.5149915981
41.9294644436
46.8111329926
50.0827309761
55.415429238
60.2451255542
65.6920551719
70.6901942006
76.0365739441
81.5646090209
86.7720638156
92.7650545396
99.845060458
87.3921082845
3.46486184627e-19
6.03751942603e-11
0
0
0
0
0
0
0
0
0
0
0
0
0
0
0
0
0
0
0
0
0
0
0
0
0
0
0
0
0
0
0
2.7086214536e-35
4.12179859747e-17
67.1946191266
64.515555072
57.4069285193
51.3823144486
47.0468659536
44.6799173452
44.3607122421
15.6154851778
12.3287412326
11.0819563328
10.1557096132
9.99227537396
9.36142190011
7.71959064164
6.99869347329
8.88843197392
9.48331262199
13.9185801787
12.5260156565
8.05868632869
1.29381913721
0.104553720254
0.144634192076
0.157943835418
2.01060606912
1.70676991245
14.8909962098
19.5651650772
25.7888882873
29.7382730312
33.4637933147
37.8318732514
42.7461263637
46.8635254839
51.9701188284
56.3813229066
61.2932815259
65.7553354431
70.620452362
75.0936220838
79.2616835272
83.1091556229
88.8015013691
91.3111728634
40.5793118995
1.26626104567e-18
1.78409023275e-07
0
0
0
0
0
0
0
0
0
0
0
0
0
0
0
0
0
0
0
0
0
0
0
0
0
0
0
0
0
0
0
1.15018478466e-30
60.5387741178
69.3466811733
62.6642333923
56.9149275529
52.3848131965
49.2900642786
47.5831675366
46.4319721801
16.192956346
10.8686144637
8.9906161339
8.79940072084
8.75303438782
8.44379983974
6.88273682532
0.592359607006
6.29541458063
6.25196523416
8.76596299706
11.7630378223
0.0473477790854
0.0513694640312
0.0220487119206
0.0349244134945
0.121739668053
0.306989944493
10.621584259
13.7872286957
21.0729942557
25.6119699782
29.9821524911
34.5799144554
38.7687394587
43.3398282862
48.5343068926
52.8724606293
57.5940503699
61.7730294966
66.5713946228
70.2434526375
73.5199967621
76.8184390396
80.3860355834
84.1192626566
80.2518947894
4.45857474457
2.14793748726e-17
77.5335566956
0
0
0
0
0
0
0
0
0
0
0
0
0
0
0
0
0
0
0
0
0
0
0
0
0
0
0
0
0
0
1.91336902872e-36
44.7866118681
74.7058448646
68.8500132309
62.4845873145
57.9376191248
54.6270543673
52.2860787329
51.0827065288
50.2736066349
15.6025493482
10.1082714617
6.17988184701
6.44786799641
7.42564560415
7.6523138966
6.70210626294
0.244946499168
0.0102438997023
0.408817101909
0.799331789989
10.6982845011
0.484053945012
0.00382776352099
0.00869187329442
0.0157668118083
0.0926658639231
7.39867000356
10.5910490306
17.6349336772
21.7260345868
26.9681490843
31.4919397279
35.8076223377
40.048581892
44.8748432191
49.1481141405
54.2629202116
58.2780838635
62.7918675945
66.4213117274
70.11524769
72.8757178565
76.301644103
78.6550857452
78.1865888689
79.2454882257
53.6883647467
3.20088490218e-16
99.9999999653
0
0
0
0
0
0
0
0
0
0
0
0
0
0
0
0
0
0
0
0
0
0
0
0
0
0
0
0
0
0
1.37461318033e-12
74.897056706
73.1837450416
68.1375677841
63.48024871
60.2519179162
58.6959955099
57.4287343028
56.2693142404
56.0103329171
13.9001947458
2.12476109806
0.0298659502194
3.521928726
6.22823856308
7.18622398313
6.7647141971
3.97109407798
0.000539109681164
4.81709581037
3.15465733163
0.0663249714193
0.000166356826503
0.128803324728
0.00439574411659
0.0155404031136
5.97071447869
9.72023976668
14.8438580465
18.5426207695
23.6011654261
27.6301957281
32.6606284225
37.1315385777
41.0700959629
45.713294234
50.7805859298
55.0340046976
59.5445795353
63.3039050573
67.6150981121
70.5252826452
73.7009013547
77.5889621907
77.8010971928
78.7162061187
83.4404182334
73.7307306108
6.93190661973e-16
100
0
0
0
0
0
0
0
0
0
0
0
0
0
0
0
0
0
0
0
0
0
0
0
0
0
0
0
0
0
1.30779126681e-35
68.7778140729
72.162846856
71.5698453491
68.325235818
65.5356194774
63.8368062867
63.5308668906
64.522146505
62.6347335639
64.0098215401
12.1189393577
0.000839238243019
0.000339921625816
2.55046788063
6.23873834907
7.29312309038
7.18435263941
5.73089128419
0.00048362102561
6.2812371282e-05
0.000897575154037
0.000353339148137
0.000146937216252
0.000484789414997
0.00132910636834
4.77559688027
10.2594623064
12.5001629806
17.3441451368
20.964744047
24.3785861913
29.3951209568
34.2740638848
38.3734816077
42.4483616371
47.1607528057
51.4361254111
56.4266527729
60.2240848653
64.4741396799
68.2656332177
72.5635522513
76.6586077676
78.4006747516
78.6215826697
79.0790737415
80.3055679949
82.1357720365
1.87739362619e-15
100
0
0
0
0
0
0
0
0
0
0
0
0
0
0
0
0
0
0
0
0
0
0
0
0
0
0
0
0
0
52.4334302486
76.6725686475
74.451180207
72.3226247827
69.8642332422
68.1119773563
67.1682002136
66.866140443
68.6213710508
67.6602455551
67.1216544147
10.2377248695
0.000268175386148
4.49169201911e-05
4.4077888753
7.29652086192
7.98844052475
7.63378499649
6.39794554772
0.0825322808145
2.88623617648e-05
1.27987897449e-05
5.32785887602e-05
0.00048371182056
0.000212527606539
0.0196070118785
8.42239630192
12.6901238321
16.5174852783
20.6558955157
22.3595268528
26.4250675212
30.76743582
35.3763892891
39.4632866622
43.2560165594
47.8380158634
52.8558447237
56.9227100586
61.3689762366
65.5805498556
71.6135932199
76.0047836558
79.5924583861
81.0491297755
80.9259005447
77.3521327475
77.5414222833
83.6616897768
3.24442827504e-15
100
0
0
0
0
0
0
0
0
0
0
0
0
0
0
0
0
0
0
0
0
0
0
0
0
0
0
0
0
8.25668378383e-30
81.7535897733
77.3263925565
75.4748256537
73.5791565402
71.7563902456
70.48435467
69.684697504
69.1698849705
69.9215878092
69.6806896352
68.3912810302
6.90086666027
2.14878583165e-05
8.06130626832e-06
7.1481339138
8.92703115218
8.99566013228
8.2891358196
6.851287836
3.62915159589
1.19741473029e-05
5.32578098017e-06
5.72911901519e-06
2.89038938098e-05
6.86068200639
9.14693642588
11.2944621641
14.0712957792
17.7180316355
21.1844909884
24.7536928317
28.7877581242
31.7444759565
36.1977540054
40.2720173795
44.2954195114
48.9610751307
53.3802499958
58.3471063212
62.5724124234
69.5335467782
76.1465973826
80.1455962958
83.3808189359
86.0221296007
84.5744405952
81.7323430039
78.8609227684
80.3193260401
2.29420414819e-15
100
0
0
0
0
0
0
0
0
0
0
0
0
0
0
0
0
0
0
0
0
0
0
0
0
0
0
0
0
70.1940055662
72.2290371078
77.1006937619
76.1123524942
75.0228356479
73.7106546744
72.6847357136
71.9119131899
71.3287568518
71.780231282
71.247488278
70.1066653507
6.23109552983e-07
2.07587845622e-06
0.00173267970988
10.1180920977
10.6123903037
10.128059194
8.98518519212
7.45021936296
4.74543160227
5.50848135057e-06
2.31042771129e-06
2.22049561378e-06
7.21174258283e-06
0.0359427201888
10.6724808279
10.0035321867
16.3333692474
18.5316745263
21.9469952901
25.2510534463
29.3032361758
33.0114756523
36.7560376838
40.9164519654
45.0515065469
49.7007270221
54.8725433351
59.3081109176
66.701215628
74.4197049458
79.1016897733
84.3853697919
89.0928760595
92.0154860613
93.4077822098
95.2850308661
95.9574533798
99.999798544
63.0404253874
100
0
0
0
0
0
0
0
0
0
0
0
0
0
0
0
0
0
0
0
0
0
0
0
0
0
0
0
1.73971960349e-14
92.9403624459
83.1493632865
80.3423274229
78.1823546891
76.8300419674
75.61813387
74.6740612185
73.9343517437
73.3706807402
73.5058116596
72.7713533506
72.3185469171
2.38682548551e-07
4.12827958774e-07
7.16671058251
10.2425178551
10.4030696025
10.1530618795
9.67391396332
8.09576723525
5.61066990255
2.67919899492e-06
1.03993053679e-06
9.89725254684e-07
1.5815573724e-06
4.71158643184
0.000104589997221
14.5597383899
17.3855977878
20.0831541695
23.5306397711
26.5005284299
30.0792188284
33.4045143455
37.366286324
41.4901755862
45.8934261556
51.2720808431
56.0645930083
62.9795552946
70.5256061603
76.4517853196
82.4973918644
88.7593902977
95.6669238902
99.9929597869
99.9999999028
99.9999999997
100
100
99.9999978031
100
0
0
0
0
0
0
0
0
0
0
0
0
0
0
0
0
0
0
0
0
0
0
0
0
0
0
0
89.6379435311
85.5902198843
84.4492009499
81.4604154003
79.458414701
77.955209171
76.7765219815
75.8518382249
75.1674064969
74.7002037138
74.2949354431
73.5889036569
73.5185124076
2.22191279976e-07
1.76852070062e-07
6.1903893862
9.82944824117
10.2841874356
10.0241054092
9.33013680523
8.2942942134
6.4340502509
1.26474333102e-06
4.95103821467e-07
4.65417937167e-07
8.73332881253e-07
4.37172958382e-06
11.2948785899
16.3429276814
17.2652557152
21.7791870255
25.1031534275
27.1887932118
30.1441928717
33.7936270637
38.1198715876
42.0304396753
47.343422614
52.4926420502
58.3588722942
65.2123323513
72.2246626079
78.8781665973
85.6053943875
94.7702837253
99.9991950502
99.999999999
100
100
100
100
98.9739759639
4.41514403174e-07
0
0
0
0
0
0
0
0
0
0
0
0
0
0
0
0
0
0
0
0
0
0
0
0
0
0
6.9196928579e-22
87.6430937666
85.3229344356
83.5365389249
81.4457083571
79.6746737457
77.8989168688
76.6005433765
75.5147157167
74.6872388822
74.4312382156
73.7556292369
72.9200098137
73.2678353338
2.99006771495e-07
8.98886174776e-08
8.9977164884e-07
10.0473737214
10.5336431163
10.0600686292
9.15507003521
7.79138243341
5.9363094012
2.5615715126e-06
2.70956868245e-07
2.4354499046e-07
4.9090519291e-07
4.34411743723
8.90806607458
13.4723010245
19.6897546757
22.6098056648
24.0758546782
28.1082553561
31.6278044095
34.3646709058
37.8775414891
43.2391217625
48.7366294929
53.3056759176
59.7132596193
67.175655301
74.0807532103
80.7699107223
90.3422101449
99.9342159771
99.9999999471
100
100
100
100
100
7.94258938532e-14
4.08264412642e-15
0
0
0
0
0
0
0
0
0
0
0
0
0
0
0
0
0
0
0
0
0
0
0
0
0
0
94.4835196063
84.4168779083
85.0474619705
82.6919087942
81.0828525973
78.9459853972
76.914027388
75.310704326
73.9229594088
72.7545983859
71.817301077
71.3258706341
71.0056586106
71.9553730383
8.62149149081e-07
5.64376079664e-08
5.95936761425e-08
10.5503583168
10.8999404955
10.1480505329
8.97956456777
7.31043680862
4.58265786769
2.79979506259e-07
1.7642684013e-07
1.59037188119e-07
2.54095998758e-07
4.32151278528
9.01680994298
12.7547920578
18.1745506561
22.4519543926
25.1555185317
28.9336699829
30.218771944
34.3994357535
39.8744783483
44.6978863377
48.3717267373
54.8323554458
61.8329831868
67.9451964776
75.3431253391
84.4751570744
94.8807117683
99.9996206713
99.9999999991
100
100
100
100
100
6.61732680013e-19
1.55659425366
0
0
0
0
0
0
0
0
0
0
0
0
0
0
0
0
0
0
0
0
0
0
0
0
0
3.00842609846e-34
99.9803691161
91.0466683513
86.6973165459
83.2901081196
80.7172381192
78.4430966003
75.6743368239
73.7242604171
72.1348273485
70.8710639114
69.9145022089
69.5497551225
68.9614545884
69.581636107
3.95599622866e-05
5.06270332588e-08
2.56060792034e-08
10.832765528
11.1289771135
10.1657061641
8.75125389283
6.87956252208
4.34113918224
1.64679730141e-07
9.42461854062e-08
1.03313897458e-07
2.99687160227e-07
5.54597317162
9.46849374653
13.205170705
16.3391070093
20.9351796607
25.5715840047
27.8717403519
31.0391520783
35.8986122617
40.6739932632
43.4352205493
49.586775158
56.2860942054
61.9329826124
69.0325082515
77.6680571364
86.3822825548
96.9118680516
99.9999931958
99.9999999999
100
100
100
100
100
1.55697045285e-23
100
0
0
0
0
0
0
0
0
0
0
0
0
0
0
0
0
0
0
0
0
0
0
0
0
0
95.6260481343
83.8631376177
90.5970106577
87.1643790864
83.8427206984
80.6862419389
77.7033146663
74.5976847545
72.3293044497
70.569123009
69.2192919532
68.3427907294
68.0522295742
67.1894072188
66.4584771006
1.32208815692e-07
5.24653940298e-05
1.6328738521e-08
10.106504184
11.1620230446
10.0021384839
8.18742684775
5.12164054462
9.22976316927e-08
4.15706557817e-08
3.4157974123e-08
4.0603458502e-08
8.1295217922e-08
5.88974360616
10.9588821389
14.2307172094
16.5024380338
18.9028238912
23.0770143458
27.5936715903
31.1557719287
35.3784541429
38.7759926796
43.6234249413
50.8333864358
56.6582494757
61.7426487793
69.2325244722
78.1480642454
88.6754115624
99.2814271127
99.9999986583
100
100
100
100
100
100
4.13099004177e-23
100
0
0
0
0
0
0
0
0
0
0
0
0
0
0
0
0
0
0
0
0
0
0
0
0
0
100
99.999986957
95.9007968032
89.9041775434
85.4583636468
81.0245715486
77.1058041725
73.8844106326
71.3563525808
69.4207025604
67.9338275719
67.0621514935
66.5159262481
65.5905909942
64.8804291213
8.44950934473e-08
5.41939363825
9.95122491599e-09
9.14937144884
11.2230318846
9.84770503492
7.95700653458
6.63432681859
4.9304437451
1.36615435466e-06
2.19138354081e-07
1.69442007023e-07
4.8390964546e-07
6.70261777099
11.27747899
14.3931873388
16.8927576163
19.2837282519
21.4018868894
23.8918993062
28.6850788554
33.5059501622
37.6761714059
43.5919992323
50.3194654224
55.7864727821
61.7535566328
70.1382167185
79.6968596437
88.6594875715
99.4707973535
99.9999998636
100
100
100
100
100
100
5.35649740565e-17
100
0
0
0
0
0
0
0
0
0
0
0
0
0
0
0
0
0
0
0
0
0
0
0
0
7.0163992599e-09
82.0666412249
99.9924994394
97.2159153704
92.1766704815
86.4424395158
82.0152999139
77.1118861326
73.613645962
70.7922879164
68.6728762284
67.1837428361
66.585063079
65.2482920917
64.2700370127
63.6781454604
1.75181424307e-08
6.06865096251
5.76968960871e-09
9.61574700625
10.501231247
8.03069421365
4.91627288715
1.89992462361
7.30380906526e-09
4.20124644101e-09
3.81439211259e-09
4.83675838854e-09
1.04084825195e-08
4.97135244233
11.9064737528
15.5140624231
16.9762718213
18.2933435642
20.139530458
22.8685185006
26.0309282428
29.8651489416
35.3184753769
42.7781395193
49.6790942185
55.8087329918
60.8989621832
68.8247670281
78.2236394964
89.333399573
99.9600032695
99.9999999778
100
100
100
100
100
100
6.80539169527e-16
100
0
0
0
0
0
0
0
0
0
0
0
0
0
0
0
0
0
0
0
0
0
0
0
0
100
100
99.9999999962
99.989893181
94.9806753812
88.4781952081
82.4610303494
77.5810185792
73.4810500407
70.1969283578
67.7924512013
66.1931204601
65.2302388741
63.7484160126
62.9485712362
63.1357313995
2.39972484268e-08
3.32322674405
3.36790760022e-09
9.18711165462
7.59157705581
5.17163190811
3.26323850894
2.15464836471
2.00075734873e-09
2.14957483344e-09
3.12300095947e-09
6.68662575218e-09
9.50545245194e-08
6.86606423953
11.4682592311
13.6380050621
14.7685474219
15.7752835634
17.9183390975
21.639178015
24.9024610871
28.9253392416
34.0329959032
40.4158792759
46.7331009593
52.1013325207
58.4982100166
67.9306212658
78.2856389334
90.3780200782
99.9830957953
99.9999998553
100
100
100
100
100
100
1.0083407854e-14
100
0
0
0
0
0
0
0
0
0
0
0
0
0
0
0
0
0
0
0
0
0
0
0
6.0951310767e-35
99.9999948317
100
100
99.9999947888
97.0131628161
90.3399666036
83.2596168401
77.69620222
72.9997782866
69.1119520584
66.2381127605
64.4082603724
62.800882853
61.4957549309
60.5702484906
61.4004304731
4.2622673308
2.24090402252e-09
2.05360721306e-09
10.7123048623
8.82681314753
5.4851382548
3.29502498385
2.14934577433
1.43432802794e-09
1.35399922904e-09
1.42587665073e-09
1.71940368108e-09
3.19653345568e-09
4.25899202818
12.0164175995
14.0923845341
14.7933426829
15.2658796107
16.2417944094
18.107442242
21.6167666063
26.7560547653
32.4636606827
38.5884298954
43.8494429703
49.2543196881
56.5230927705
66.1168956443
77.5541539215
89.4059479506
99.8391807053
99.9999996489
100
100
100
100
100
100
4.03490760168e-14
100
0
0
0
0
0
0
0
0
0
0
0
0
0
0
0
0
0
0
0
0
0
0
0
88.2623618433
99.9999999915
100
100
99.9999999979
99.9535513585
91.4180291188
83.8343502756
77.3555828558
72.0128944175
67.6084966443
64.1385916059
61.6440215868
59.4561415455
58.0379177087
56.9832912688
58.100813115
8.43584374743
6.61438010529e-08
1.90308904789e-09
11.4139442397
10.3377151621
5.22747584087
3.79610442039
2.57294953746
9.36923560189e-10
1.10505985827e-09
2.20512569013e-09
5.29730417742e-09
6.07936130604e-09
0.0145203146752
10.6530730783
13.4277177064
13.8463575868
13.2755462774
12.7291587818
14.1401010803
18.0741450533
23.67637021
29.674470657
35.7833909762
41.9207521819
47.348415849
55.1865563593
64.4075469685
74.6184597963
86.2091157535
98.0647641056
99.9999993945
100
100
100
100
100
100
1.7225244227e-12
100
0
0
0
0
0
0
0
0
0
0
0
0
0
0
0
0
0
0
0
0
0
0
0
100
100
100
100
100
99.9999953348
94.5663853796
84.7809940099
76.879000111
70.7726304031
65.8406130967
61.0263834538
57.602223325
55.1685461453
53.8086928888
52.8041546723
53.7468254076
9.71556929457
2.42989977216
2.46565199373e-09
2.46654242691
5.83752239871
6.02936763058
5.37027069682
5.15871194601
6.31733125087
6.66255974785e-09
2.11527753083e-09
1.56731318203e-09
1.57583529721e-09
3.15307638255e-09
9.0753248363
13.6110399288
13.4721057055
11.0059799712
6.45041267084
6.09844552674
12.3359227811
21.0014913568
27.7515836941
33.2448848136
38.5200209206
44.6263971307
52.514095867
61.8525889594
72.1984695706
83.0419650954
93.64998775
99.9998501462
100
100
100
100
100
100
6.82040436256e-12
100
0
0
0
0
0
0
0
0
0
0
0
0
0
0
0
0
0
0
0
0
0
0
3.03537654402e-34
100
100
100
100
100
99.9999999972
98.7299022305
86.8774425631
76.8759762493
69.1530701739
63.2937150389
58.4669527488
54.5983083305
51.1620703905
48.9247937613
48.4607391302
48.4799387995
7.47478618621
4.4092654408
7.07531969302e-09
1.43936405838e-06
6.93949515306
9.15227931824
10.243027386
8.65258565108
6.13732337987
8.02937551327e-09
1.88566501395e-09
1.21140902927e-09
1.00659808597e-09
1.24270049133e-09
6.50640339427
13.606865646
14.2997982354
11.422821141
4.34991124895
0.00175002322625
8.85394229483
17.5333071573
23.8007601711
29.1947770178
34.6750247145
41.0502089299
49.1798124247
58.6428033623
68.2474688082
77.4174092325
88.2323874904
99.9791742003
99.9999999613
100
100
100
100
100
8.22793282652e-09
100
0
0
0
0
0
0
0
0
0
0
0
0
0
0
0
0
0
0
0
0
0
0
97.9667845536
100
100
100
100
100
100
99.9994993055
89.8093130932
77.59970447
67.8896281091
60.6263016604
54.7518136221
50.4108030802
47.0795739777
43.4555668309
43.4418838587
42.6511532325
4.90463214054
5.58195599669
3.00274994856e-08
5.73546520987e-08
9.35107384004
11.0317512324
10.4786580181
9.73078889141
8.66080120397
5.61292888409
4.3105343136e-09
1.19829157487e-09
8.19244846759e-10
8.1746689902e-10
0.00550764060835
15.1080697668
16.0913019006
8.27815277604
3.76673337238e-08
1.96103179134e-09
2.12778605244e-09
7.90418033629
19.4317671105
24.9252698301
30.0079579811
36.2206631703
44.3718338402
54.2143556222
62.8159288355
70.2683569883
80.1771563086
93.5550976725
99.9983895999
99.9999999807
100
100
100
100
1.95492869337e-05
100
0
0
0
0
0
0
0
0
0
0
0
0
0
0
0
0
0
0
0
0
0
0
100
100
100
100
100
100
100
99.9999998612
93.419468693
79.4710381256
67.6606792289
58.9065169333
51.6276440897
45.9071518857
42.037487305
38.0207305337
37.3400908042
38.0122189527
4.54186200407
7.58913578533
1.08129458706e-06
1.76326713408e-08
11.2926471239
11.6650763389
11.6424729069
11.2737193403
10.6399831959
8.95182702586
0.00301208790956
1.77047691557e-09
6.62087522889e-10
5.47223193181e-10
8.3707285754
18.0627951443
14.8806147341
8.80812323909e-06
1.80374743144e-07
5.2191196934e-10
1.26559760089e-10
0.0374345528854
10.3657162457
14.9597983906
20.9853106145
28.9312795493
37.3774855797
49.0244970539
56.8350462707
60.8505840729
68.4707513058
81.2594995913
89.4926026994
99.9972293801
99.9999999967
100
100
100
99.9997964721
100
0
0
0
0
0
0
0
0
0
0
0
0
0
0
0
0
0
0
0
0
0
7.04024098664e-35
100
100
100
100
100
100
100
99.9999999999
97.4237837087
81.9331163712
68.2231435128
57.6456514249
49.8574131548
42.7854878533
36.9137187958
32.2904670593
32.1622697782
36.3453672342
0.263366105257
0.569677063666
6.68001653477e-07
0.398002017781
13.023919105
13.5301761465
13.7991150832
13.6195549968
13.3992347139
12.8251413627
9.89672231088
2.36311648728e-06
1.16927712545e-09
3.49433830774e-10
2.25864465903e-10
17.9066660134
0.00485129709397
9.77658763444e-06
0.000208885845282
11.2177143827
4.22610390257e-11
1.01164577784e-11
0.00720287205468
17.2890786256
21.47551583
21.9984132603
26.2399238428
40.8648120777
53.1653112156
48.7488329433
52.0335729025
61.1675278586
69.156300817
80.7886548807
99.9983934633
99.9999999973
100
100
100
100
0
0
0
0
0
0
0
0
0
0
0
0
0
0
0
0
0
0
0
0
0
100
100
100
100
100
100
100
100
100
99.9572174214
83.9717593451
69.1786092683
57.2657536255
48.1600642534
41.0206054324
35.1098959203
30.6334159116
30.48609714
29.2394701563
1.49088769644
1.3606190846e-06
0.000214708620936
8.24675380291e-09
14.0544048609
15.9700845832
16.8340120425
16.7094857959
16.8730694917
15.6223550124
14.0755891537
8.10352634259
6.95856068909e-09
2.66077510443e-10
1.84380047143e-10
2.53476237586e-09
1.97088356381e-06
0.461185723854
17.9326614915
12.2513691893
9.2966968056e-12
1.8182164922e-12
4.15912922585e-13
3.16409238112e-13
3.20928091364e-13
1.71322055377e-06
3.34186023225
1.43162486594e-10
28.4475101684
35.0002232387
31.3964887502
53.504398755
52.3593479907
69.1013707789
77.1754292775
99.8447143773
99.9991709867
100
100
100
0
0
0
0
0
0
0
0
0
0
0
0
0
0
0
0
0
0
0
0
1.13982649818e-36
99.2548773527
100
100
100
100
100
100
100
100
99.9976071597
85.2867175623
70.6331755952
58.2292685916
48.2273039163
40.6400594258
34.3505808196
28.8780237295
25.470145504
18.8806388776
1.12347775646
6.29071606912
2.9371803514
1.63433580126e-08
2.10442560309e-10
5.84852441841e-10
6.57945492721e-07
4.25548004024e-09
3.00217206849e-09
1.59244876239e-09
8.48865089678e-10
4.26186848231e-10
1.84732741021e-10
6.28763218751e-11
2.31991762094e-11
6.51799751437e-12
3.26179390278e-12
3.05737904452e-12
2.22652086546e-12
1.39932963423e-12
9.19928624754e-13
5.47824682635e-13
2.72694889794e-13
1.47458565705e-13
1.19247460416e-13
7.5839315068e-14
3.66539685987e-14
1.52986760635e-14
1.08362857925e-14
3.93101324617e-15
3.55036547942e-15
1.91111235241e-16
4.781157827e-14
3.48827200442e-19
5.15710105203e-14
2.47919998902e-22
4.19737182351e-13
5.39341200861e-28
3.40959699396e-27
100
0
0
0
0
0
0
0
0
0
0
0
0
0
0
0
0
0
0
0
0
1.89621228365e-36
100
8.37417286988e-16
100
100
100
100
100
100
100
99.9973259048
84.5749210238
70.1736895814
57.9298350004
47.3399550142
38.7272167404
31.7640238719
26.2689037177
22.6267529851
12.8296214675
)
;

boundaryField
{
    frontAndBack
    {
        type            empty;
    }
    upperWall
    {
        type            calculated;
        value           uniform 0;
    }
    lowerWall
    {
        type            calculated;
        value           uniform 0;
    }
    inlet
    {
        type            calculated;
        value           uniform 6.77704326734e-34;
    }
    outlet
    {
        type            calculated;
        value           nonuniform List<scalar> 
20
(
3.90272675078e-36
0
0
0
0
0
0
0
0
0
0
0
0
0
0
0
0
0
3.34668803326e-37
7.58584495003e-36
)
;
    }
}


// ************************************************************************* //
