/*--------------------------------*- C++ -*----------------------------------*\
| =========                 |                                                 |
| \\      /  F ield         | OpenFOAM: The Open Source CFD Toolbox           |
|  \\    /   O peration     | Version:  v1806                                 |
|   \\  /    A nd           | Web:      www.OpenFOAM.com                      |
|    \\/     M anipulation  |                                                 |
\*---------------------------------------------------------------------------*/
FoamFile
{
    version     2.0;
    format      ascii;
    class       volScalarField;
    location    "987";
    object      p;
}
// * * * * * * * * * * * * * * * * * * * * * * * * * * * * * * * * * * * * * //

dimensions      [0 2 -2 0 0 0 0];


internalField   nonuniform List<scalar> 
6400
(
0.143174628235
0.143177908925
0.143187338436
0.143205954451
0.14323404272
0.14327170407
0.14331890298
0.143376673964
0.143446372431
0.143530173399
0.143634151834
0.143761615784
0.143910447575
0.144080587322
0.144273893219
0.144493000385
0.144739942545
0.145015055668
0.145316341641
0.145638825404
0.145977890258
0.146335630078
0.146719610542
0.147137459059
0.14759372653
0.148088352824
0.148618268278
0.149181021221
0.149776048552
0.150403727408
0.151064202149
0.151755458995
0.1524720043
0.15320817954
0.153961114193
0.154728581109
0.155511029459
0.156312686743
0.157131841658
0.157960931636
0.158799972228
0.159657764922
0.160538217758
0.161433722334
0.162333551339
0.163229497885
0.164115111302
0.164985019845
0.165834218366
0.166658155056
0.167452720923
0.168212028421
0.168927090931
0.16958783692
0.170190918168
0.170737615345
0.17122331837
0.171640149649
0.171986243546
0.17226714293
0.17248877279
0.172655447877
0.172773296124
0.17285764543
0.172929066707
0.173003307227
0.173080776355
0.173146803999
0.173193043493
0.173222230051
0.173239362289
0.173248418129
0.173251833771
0.173251181604
0.173247546877
0.173242236489
0.173236162464
0.173231383963
0.173227871187
0.173226313823
0.143169956336
0.143173469242
0.143182129856
0.143200294004
0.143229728204
0.143268703991
0.143316327209
0.143372455377
0.143440228813
0.143523738834
0.14362738195
0.143753972165
0.14390307567
0.144074041649
0.144267440972
0.144485293507
0.144731480443
0.145007130004
0.145309454996
0.14563223296
0.145969605546
0.146325625106
0.146709234507
0.147127288193
0.147584066984
0.148079376579
0.148609684991
0.149173051121
0.149768953086
0.150397339368
0.151058058468
0.151749818158
0.152467245778
0.153203652165
0.15395676726
0.154724617144
0.155507303459
0.156309650533
0.157130072511
0.157960409917
0.158799891597
0.159658792227
0.160541904845
0.161439528688
0.162340703869
0.163238123942
0.164125344419
0.164997113997
0.165848141834
0.166673055468
0.167467694664
0.168228200442
0.168946507478
0.16960913875
0.170213728174
0.170762288545
0.171247073266
0.171661898408
0.172007261186
0.172287003966
0.172506263287
0.172671523302
0.172789076387
0.172874107054
0.172946375915
0.17302079765
0.173097891952
0.173161429648
0.173204768194
0.173231670728
0.173246920211
0.173254390467
0.173256275022
0.173253946695
0.173248968022
0.173242594239
0.173236053767
0.17323065235
0.173226825763
0.173225443322
0.143156656611
0.143162371357
0.143170395291
0.143187189398
0.143215646797
0.143258587053
0.143309565815
0.143364142345
0.143428972344
0.14351082592
0.143613663377
0.143739781157
0.143889194504
0.144060931709
0.144254346479
0.144469195893
0.144713140557
0.14499239622
0.145297134026
0.145618531174
0.145952361671
0.146304331897
0.146687423972
0.147107542363
0.147565333222
0.148060828232
0.148592300653
0.149157331698
0.149754746599
0.150384405064
0.151046040301
0.151738938928
0.152458198071
0.153194736207
0.153947295748
0.154716619893
0.155500178588
0.156302843048
0.157125005569
0.157958715496
0.15880359584
0.159666901892
0.160551404474
0.161450176773
0.162353527606
0.163253663757
0.164144162807
0.16501941027
0.16587402989
0.166702913924
0.167501478808
0.168264279635
0.168982871372
0.169648688342
0.170258724685
0.170809032188
0.171292567555
0.171705809049
0.172049412743
0.172326808258
0.172543409664
0.172705406524
0.172821679912
0.17290910103
0.172985987097
0.173061778153
0.173133142834
0.173189962998
0.173228615876
0.173251588957
0.173263298089
0.173267076971
0.173265090269
0.173259343795
0.173251809935
0.173243557776
0.173235661493
0.173229132596
0.173224783057
0.173223049315
0.143137164081
0.143143123411
0.143150304432
0.14316591169
0.143191151015
0.143234091916
0.143297031182
0.143351932648
0.143412281631
0.143491257655
0.14359272229
0.143718580745
0.143868687646
0.14404059684
0.144233823591
0.144451782249
0.144698764932
0.144975341014
0.145272638274
0.145584775463
0.145915582324
0.146270838236
0.146656337382
0.147077404368
0.147536410436
0.148033357967
0.148566617165
0.149133749807
0.149733348882
0.150364850235
0.151028412835
0.15172294174
0.152443903919
0.153182906496
0.153934282921
0.154702383276
0.155489161197
0.156293617187
0.157116438569
0.157954736978
0.158807095641
0.159676746483
0.160564985831
0.161466672401
0.162373560186
0.16327794988
0.164173227054
0.165053540796
0.165913422408
0.16674766858
0.167551156478
0.168317876932
0.169040276739
0.169711195278
0.170325553375
0.170877528741
0.171360928792
0.171772838393
0.172114060194
0.172388102656
0.172600655926
0.172759664829
0.172877680476
0.17297105668
0.173051159391
0.173122841014
0.173187413207
0.17323673882
0.173267700169
0.173283552289
0.173288504894
0.173285594589
0.173277665612
0.173267208212
0.173255671019
0.173244591356
0.173234752028
0.173225932086
0.17321957225
0.173216858895
0.143106385559
0.143108176014
0.143116961925
0.143133141874
0.143161173305
0.143202055912
0.143260589973
0.143319861151
0.143383676205
0.143463119214
0.143563490814
0.143689287416
0.143840650072
0.144017342046
0.144216874707
0.144435087891
0.144675480496
0.144940396246
0.145228381749
0.145538205816
0.145870337503
0.14622727665
0.146614602169
0.147037480136
0.147498184554
0.147996993356
0.148532295471
0.149102081819
0.149704543409
0.150338923055
0.151004643092
0.151702277923
0.152426657366
0.153164916636
0.153916120985
0.154684317633
0.155471354196
0.15627910738
0.157106598334
0.157951150594
0.158811401666
0.159688475397
0.160582371003
0.161488870574
0.162400913009
0.163311111325
0.164212729811
0.165099716557
0.165966474486
0.166807632735
0.167617693457
0.168390429351
0.169118763948
0.169795755049
0.170414950413
0.17096949315
0.171453501392
0.171864440279
0.172203285988
0.172473946355
0.172683278298
0.172841724146
0.172963676027
0.173061728273
0.173140463994
0.173207576086
0.173264553995
0.173303912193
0.173323574637
0.173327885968
0.17332188074
0.173309465407
0.173293946691
0.173276980318
0.173260212579
0.173245086392
0.17323122812
0.17321781926
0.173208668028
0.173205038349
0.143051243496
0.14305203655
0.143065766358
0.143082921132
0.143114226073
0.143157605292
0.143213063115
0.143273251003
0.143342093331
0.143423972733
0.143523219487
0.143649590636
0.143809006252
0.143993733468
0.144192531522
0.144404953667
0.144636351627
0.144893097105
0.145176568174
0.145484463218
0.145815396812
0.146173035746
0.146562430341
0.146987705373
0.147450713166
0.147951409254
0.14848938259
0.14906211625
0.149668423338
0.150306510818
0.150976204517
0.151676029442
0.15240105925
0.15314255576
0.153892648135
0.154659372729
0.155448998931
0.156261803962
0.157095546822
0.157947601287
0.158816478984
0.15970206649
0.160603416282
0.16151670549
0.162435698689
0.16335337804
0.164262980711
0.165158302934
0.166033611271
0.166883367988
0.167701835612
0.168482675511
0.169218902558
0.169903248493
0.170528259063
0.171086541241
0.171572453473
0.171983735564
0.172321642493
0.172590844127
0.172799675425
0.172960341479
0.173086758383
0.173184608439
0.173259933882
0.173321108585
0.173369377561
0.173396017994
0.17339959602
0.17338641597
0.173364676358
0.173339649678
0.173313652359
0.173288006979
0.173264638857
0.173243608023
0.173223216939
0.173203727559
0.173191016344
0.173185289509
0.14296762863
0.14297450185
0.14299610564
0.143020882645
0.143049056441
0.14309353454
0.143150920386
0.143213990084
0.143286768417
0.143371806893
0.143475232383
0.143605671604
0.143772402545
0.143956415975
0.144151031467
0.144356266268
0.144582047605
0.144836363222
0.145117728222
0.145421385634
0.145750233243
0.146108853224
0.14650019333
0.146927604464
0.147393349088
0.147897771287
0.148437516148
0.149013655852
0.149624641137
0.150269084509
0.150942807952
0.151643564121
0.152369864422
0.153109401625
0.153860375577
0.154629343521
0.155423304675
0.156242251307
0.157083375822
0.157943952912
0.158822321951
0.15971758623
0.160628104264
0.161550152879
0.162478007759
0.163404973232
0.164324322482
0.165229757332
0.166115428313
0.166975656135
0.167804531793
0.168595577102
0.169341625056
0.170034914811
0.170667349867
0.171231389928
0.171721714559
0.172136359063
0.172476851754
0.172748408351
0.17296017072
0.173124487997
0.173251814931
0.173347056335
0.173421338636
0.173475385824
0.173508156327
0.173515438097
0.173496946225
0.173460570651
0.173417727167
0.173375208622
0.173334760708
0.173298990205
0.173267842788
0.173238483588
0.173208827437
0.173182140021
0.173164753581
0.173156295434
0.142868104634
0.14288083432
0.142905349528
0.142939869565
0.142971180392
0.143018110573
0.143074467144
0.143141029663
0.143218792652
0.143302638446
0.143414664103
0.143557523786
0.143723045365
0.143903937214
0.144092648929
0.144291715989
0.144516673454
0.144771251918
0.145048444558
0.145347921275
0.145675189716
0.14603436303
0.146427479911
0.146857944743
0.147327280717
0.147835042573
0.148378728191
0.148956014806
0.149573537842
0.150226487661
0.150902859625
0.151602619083
0.152328292751
0.153067669076
0.153819882408
0.154594294852
0.155394644466
0.15622067302
0.15707002543
0.157940071009
0.158828916767
0.159735105712
0.160656477732
0.161589245852
0.162527955201
0.16346614841
0.164397166975
0.16531466873
0.166212712033
0.16708549077
0.167926938552
0.168730385207
0.169488368286
0.170192715413
0.170835106026
0.171408288971
0.171907454517
0.172330728537
0.172679089696
0.172957183266
0.173173471114
0.173339491329
0.173464860173
0.173558024889
0.173626737093
0.173674374033
0.173686253428
0.173667484208
0.173621110325
0.173553950759
0.173480641754
0.173412186404
0.173353890248
0.173307701698
0.173268408245
0.173228741021
0.173187454128
0.173151632539
0.173128270843
0.173117184144
0.142757616593
0.142773693189
0.142798776728
0.14282968304
0.142868496929
0.142923929408
0.142981585608
0.143050596859
0.143136893517
0.143226727329
0.14333782652
0.14348944705
0.143658097771
0.143834249225
0.144017849255
0.144217005614
0.144441719084
0.144693780385
0.144967138067
0.145264356876
0.145590659677
0.145949769276
0.146343408459
0.146776211807
0.147252492696
0.14776287677
0.148310981122
0.148895367449
0.149515397496
0.150170830232
0.15085298565
0.151558037931
0.152277567082
0.153015226938
0.153773024811
0.154554793863
0.155362799088
0.156196921817
0.157055387323
0.157935845267
0.158836244143
0.159754688354
0.160688602177
0.161634055047
0.162585691598
0.163537205411
0.164482018638
0.165413779044
0.166326460371
0.16721412187
0.168070531099
0.168888810685
0.169661251517
0.170379552296
0.171035706645
0.171623263028
0.172137991853
0.172577162989
0.172939259455
0.173227512104
0.173448994428
0.173616016821
0.173738125716
0.17382281611
0.173876089602
0.17390961181
0.173910247105
0.173862579606
0.173782522715
0.173671928015
0.173549652072
0.173443076598
0.173364842919
0.173310890536
0.173266422556
0.173215833767
0.173158543971
0.173110176857
0.173078195938
0.173063788986
0.142634244293
0.142652332049
0.142681463861
0.142711633725
0.14275371964
0.142809944315
0.142870629476
0.14294054896
0.143028380339
0.143135050348
0.143251867046
0.143404508175
0.143574686212
0.143748272695
0.14392728114
0.144129405819
0.144357343549
0.144605341798
0.144874111703
0.145169467733
0.145495886591
0.145856107364
0.146250756572
0.146683327292
0.147165859645
0.147684407772
0.148231611354
0.148822274888
0.149447862799
0.150107906916
0.150794147283
0.151499297067
0.152219656719
0.152957393429
0.153720615022
0.154510658777
0.155327490664
0.156170798538
0.157039339248
0.157931175602
0.158844257539
0.159776363557
0.160724544645
0.161684675054
0.16265140179
0.163618507728
0.16457949142
0.165528002899
0.166457917728
0.16736313031
0.168237233222
0.169073196483
0.169863266962
0.170599465062
0.171274733225
0.171883896403
0.172423007906
0.172886555129
0.173268310564
0.173572836256
0.173803434925
0.173973557444
0.174088760351
0.174153696652
0.174176600456
0.174173114057
0.17415303404
0.17411321301
0.174000262881
0.173821228705
0.173614864655
0.173453170667
0.173355351689
0.173304004423
0.173266435036
0.173205631954
0.173120107375
0.173051619485
0.173005085771
0.172985211322
0.142492613268
0.142509852067
0.142541739668
0.142577098606
0.142627688193
0.142679695315
0.142741881566
0.142814954541
0.142896611658
0.143013136384
0.143144479025
0.143298697869
0.143470004881
0.143645262701
0.143824457007
0.144028045182
0.144257933139
0.144503788287
0.144769345129
0.145062132462
0.145388089521
0.145750853723
0.146150964743
0.146584466268
0.147064271677
0.147594354556
0.148149981106
0.148741777456
0.149370102162
0.150028195592
0.150721157322
0.151430658693
0.152151730782
0.152893304308
0.153663308508
0.15446206142
0.155288531592
0.156142091734
0.157021757788
0.157925985995
0.158852906437
0.159800126091
0.160764351086
0.161741209925
0.162725297281
0.163710469251
0.164690306915
0.165658446776
0.166608619036
0.16753450901
0.168429546166
0.169286684397
0.170098467284
0.170857779908
0.171559064275
0.1721985186
0.172771847346
0.173269420247
0.173679413477
0.174018136904
0.174267899999
0.17444541446
0.174547005458
0.174575374795
0.174542476942
0.1744742478
0.174395318227
0.174383921398
0.174302124759
0.174026696684
0.173655899887
0.173409673628
0.173300658162
0.173280886494
0.173284162153
0.173214263226
0.173064494776
0.172962426273
0.172892145211
0.172867555065
0.142328531169
0.1423424765
0.142368815217
0.142413238889
0.14247441468
0.142527971459
0.142592315696
0.142672534646
0.14275368343
0.142868160378
0.143010939714
0.143169695037
0.143341823474
0.143520457542
0.143707386615
0.143914617307
0.144144309172
0.144388371527
0.144652451068
0.144943018973
0.145266139372
0.145628030922
0.146037645729
0.14648254309
0.146959177463
0.147490440923
0.148054839038
0.148647029808
0.149283972789
0.149948051125
0.150637019366
0.151345991688
0.152071569752
0.152821999389
0.153600780688
0.154408880304
0.155245723005
0.15611056333
0.157002493834
0.157920218832
0.158862149236
0.15982594817
0.160808046145
0.161803757754
0.162807598739
0.163813539894
0.164815278089
0.165806402154
0.166780412068
0.16773072216
0.168650641657
0.169533351705
0.17037216402
0.171161275648
0.171896487602
0.172574228835
0.173191229486
0.173737799384
0.174188849975
0.174609550894
0.174903700331
0.17509744458
0.175179588381
0.17515116883
0.175027568434
0.174856569248
0.174636733917
0.174700857207
0.174776679334
0.17433441682
0.173622872706
0.173247658894
0.173156304901
0.173237627731
0.173369495266
0.173292194997
0.172962439979
0.172819934773
0.172716390209
0.172703185245
0.142141600491
0.142152833996
0.142170813542
0.142220243092
0.142283255929
0.142345263166
0.142414437185
0.142502748529
0.142592285835
0.142707015153
0.142855412569
0.143017841158
0.143190728163
0.143369362305
0.143566571677
0.14378457429
0.144015193895
0.144258243846
0.144522279659
0.144812345025
0.145132697822
0.145489585818
0.145901530712
0.146366313847
0.146850535422
0.147373972771
0.147949191791
0.14854862106
0.14918093989
0.149849802119
0.150542721534
0.151252917452
0.151983470055
0.152742934569
0.153531954044
0.154350623934
0.15519876385
0.156075858712
0.156981249503
0.157913785544
0.158872019086
0.159853837054
0.160855623094
0.161872385656
0.162898513131
0.16392817117
0.164955268539
0.165973312372
0.16697543634
0.167954688123
0.168904353721
0.169818264616
0.170691114406
0.171518324096
0.172294919948
0.173014022435
0.17368598355
0.174321040017
0.174831073501
0.175555426773
0.17586408004
0.176035905778
0.176045278868
0.175888059642
0.175558254059
0.175144155291
0.174561032859
0.174691621309
0.174857018957
0.174845955486
0.173270267046
0.172717181057
0.172762850523
0.173097789791
0.173634914005
0.173537288075
0.172735370343
0.172601149958
0.172432965709
0.172493178945
0.141932927955
0.141945831167
0.141968881823
0.142008258232
0.142066395727
0.142134189372
0.142209481513
0.142302779215
0.14240536309
0.142524210731
0.142677515531
0.142843553863
0.143018777338
0.143198234838
0.143399862288
0.143628259511
0.143864460761
0.144110606186
0.14437666697
0.144668093986
0.144988040233
0.145340702097
0.145749644799
0.14622730771
0.146727954307
0.147251280386
0.147830723934
0.148439789374
0.149071133628
0.149739069708
0.15043098688
0.151144604815
0.151885866122
0.152656246669
0.153456368587
0.15428666854
0.155147297885
0.156037775188
0.156957677636
0.157906335666
0.158882426218
0.159883874018
0.160907151774
0.161947148606
0.162998189607
0.164054755401
0.165111124072
0.166160692846
0.167196020145
0.168209639735
0.169194980733
0.170147280294
0.171063498733
0.171939288246
0.172763337874
0.173517841392
0.174279179033
0.1750808999
0.175296257285
0.175471298024
0.17567278109
0.17580955424
0.175813670826
0.175680971795
0.175437005461
0.175134734225
0.174833104233
0.174703450969
0.174621687534
0.173990604151
0.173205203611
0.172907890182
0.173065471024
0.173574169478
0.174489371697
0.17480397518
0.171628040099
0.172180991254
0.171939414472
0.17228858959
0.14169779048
0.1417124559
0.14174560551
0.141775927432
0.141828153785
0.14189795589
0.141978348394
0.142077965441
0.142196075623
0.142318860539
0.142476237523
0.142646410875
0.142825678282
0.143009309335
0.143214699063
0.143449118617
0.1436915662
0.143943553132
0.14421385929
0.14450812595
0.144829932059
0.145182192063
0.145584572393
0.146062896422
0.146588169879
0.147121677044
0.147693193462
0.148316681493
0.148958704662
0.149617148991
0.150306385526
0.151026783382
0.151778406781
0.152560681545
0.153373276418
0.154216472575
0.155090651185
0.155995819829
0.156931618576
0.157897639009
0.15889308648
0.159915987296
0.160962741173
0.162028171673
0.163106741719
0.164193546588
0.165283527212
0.166369984999
0.167444538332
0.16849883355
0.16952673144
0.170526203791
0.171497865828
0.172435110897
0.173310200117
0.174070435601
0.174746465279
0.174952062662
0.175166412107
0.17537187052
0.175556624276
0.175677428749
0.1756775737
0.175546495941
0.17530390762
0.174988237319
0.174647870729
0.17435240841
0.174073934098
0.173620448743
0.173110115908
0.172781437
0.172770681317
0.17301089667
0.173305804318
0.172752926052
0.172909567799
0.173157720865
0.170639824039
0.1722248663
0.141431681209
0.141446137496
0.141479134331
0.141511910071
0.141562423658
0.141634388189
0.141718064021
0.141819569812
0.14195271391
0.142087876329
0.142249331665
0.142424653678
0.142609871106
0.142800620082
0.143011646494
0.143250328291
0.14349824944
0.143757053783
0.144033071878
0.144331469503
0.144656217853
0.145010709469
0.145409287373
0.145882988915
0.146426115431
0.146979712688
0.147547844737
0.148167929618
0.148821354882
0.149487477087
0.150176004749
0.150900707314
0.151661772566
0.152456294368
0.153282291554
0.154139434773
0.155028364206
0.155949399727
0.156902531948
0.157887472609
0.158903808357
0.159950005174
0.161022433917
0.162115637087
0.163224239313
0.164344549136
0.165472928337
0.166602534847
0.167723136106
0.168825057337
0.169903003365
0.170959336223
0.172001194208
0.17302361158
0.17400234764
0.174319819768
0.174557840709
0.174806558421
0.175018247292
0.175196476154
0.1753289294
0.175386500926
0.175335810123
0.175168335913
0.174899490467
0.174559409573
0.174184116266
0.173807012568
0.17341779889
0.172958590626
0.172447781658
0.172027930101
0.171832206159
0.171815844684
0.171848839743
0.171721341805
0.171848129227
0.171442492415
0.172391738577
0.173998763043
0.141136334942
0.141150271102
0.14118515142
0.14121924959
0.141271155234
0.141344560076
0.141431183266
0.141531491241
0.141669291333
0.141821786627
0.14199223793
0.142174544762
0.142367761843
0.142569772962
0.142787779441
0.143031112444
0.143284681033
0.143551086388
0.143833859849
0.14413762199
0.144466322096
0.144823817339
0.145221249638
0.145688628402
0.146236598971
0.14681944344
0.147400930876
0.148012402094
0.148664452804
0.149336205935
0.15003120757
0.15076442733
0.151535796021
0.152342694221
0.153182823586
0.154055162804
0.154959964363
0.155898103719
0.156869919761
0.157875415241
0.158914367044
0.159985695134
0.161086109181
0.162209761402
0.163351036181
0.164507879298
0.165679255764
0.166858574249
0.168033041039
0.169190805955
0.170325923703
0.171445818399
0.172567404008
0.173613115762
0.173843674455
0.174090682565
0.174368284046
0.174602384698
0.174782141049
0.17491139947
0.174979033139
0.17496452077
0.174848126087
0.17462382956
0.174301863159
0.173903343027
0.173453094237
0.17297185374
0.172462713873
0.171916478878
0.171334201107
0.170786745875
0.170372594711
0.170098260983
0.169923469625
0.169805489231
0.169936850113
0.170601167632
0.17258927378
0.174943219319
0.140814610927
0.140827064121
0.14085805238
0.140896762393
0.140954700627
0.141030052784
0.141121341534
0.141222324948
0.14136120949
0.141525090132
0.141704084868
0.141893185702
0.142093311276
0.142310206333
0.142539159689
0.142787878857
0.143048160258
0.143323941752
0.14361506895
0.143925620072
0.144259525716
0.144620796805
0.145019018827
0.145481732246
0.146028083801
0.146632263559
0.147238550875
0.147851490181
0.148497485623
0.149169990738
0.149873139675
0.15061610432
0.151398757446
0.15221843278
0.153073556246
0.1539625565
0.154884811304
0.155841296426
0.156833299024
0.157860935973
0.15892430822
0.160022965758
0.161153985472
0.162310987477
0.16348712111
0.16468256183
0.165902355217
0.167140312372
0.168377109195
0.169600628985
0.170799862527
0.171995214356
0.173106028722
0.173380553493
0.173634093173
0.173874963731
0.174114516243
0.17430526631
0.174431988646
0.174491117099
0.174473562354
0.174365966229
0.17415678195
0.173842760998
0.173431145681
0.172936836435
0.172377435425
0.17176789109
0.171115135628
0.170420220059
0.169693514593
0.168945946241
0.168227052551
0.167583395136
0.167017174799
0.166556112241
0.166437259215
0.167063526185
0.169174066626
0.171159272182
0.140470458537
0.140481652832
0.140507128425
0.140550951064
0.140614161712
0.14069131403
0.140786601121
0.140892448045
0.141030127726
0.141200922762
0.14138631197
0.141581044995
0.141785412432
0.1420130081
0.142258647822
0.142515933025
0.142784296087
0.143070969274
0.143373535675
0.143693377556
0.14403461332
0.144400737046
0.144801645132
0.14526204333
0.145802286652
0.146411438134
0.147044559028
0.147675818506
0.148324248992
0.148998212866
0.149705070926
0.150456366702
0.151250392964
0.152082425743
0.152953613883
0.153860708603
0.154801343808
0.155777772927
0.156791677356
0.157843574837
0.15893349908
0.160061403862
0.161225182146
0.16241905868
0.163636530201
0.164878120295
0.166148786503
0.167442181845
0.168748122269
0.170058601269
0.171331667723
0.172527086296
0.172840532068
0.173118462097
0.173371750874
0.173590622012
0.173772302456
0.173894867863
0.173942258206
0.173907246333
0.173782946362
0.173561064092
0.17323492406
0.172802999105
0.172270248856
0.1716465493
0.170943473594
0.170170796248
0.169333797628
0.168433566881
0.167475292489
0.166421174776
0.165278086433
0.164087957886
0.162837284299
0.161506764231
0.160151138188
0.158749586167
0.156938278877
0.153596190368
0.140105836972
0.140116907057
0.140140998447
0.140189318009
0.140253270233
0.140329847156
0.140424495115
0.140536736527
0.140672990693
0.140848389781
0.141039306765
0.14123953447
0.141449034364
0.141682048662
0.141942534852
0.14221236011
0.142491242975
0.142789005886
0.143104516793
0.143437054628
0.143789251694
0.144162232488
0.144567667564
0.145029059792
0.145564578843
0.14617256546
0.146822285191
0.147475663235
0.148131578407
0.148809851038
0.149526048098
0.150284773567
0.151088426115
0.151934068969
0.152821982716
0.153747885134
0.154708433796
0.155706314437
0.156743696888
0.157821719468
0.158940701744
0.160100900041
0.161301848646
0.162539951099
0.163806249296
0.165093699771
0.16640796724
0.167754711703
0.169143321916
0.170588502361
0.171888723195
0.17223330368
0.172526300466
0.172803979818
0.173033279627
0.173203986882
0.173311297303
0.173342796995
0.173286335904
0.173134821043
0.172883000629
0.17252568574
0.172058935258
0.171481834056
0.17079712748
0.170010189483
0.169126849734
0.168150926964
0.167082261239
0.165915824263
0.164646957744
0.163202345352
0.1615122435
0.159568523737
0.157293338451
0.154521186517
0.151024569923
0.146525361289
0.140983107025
0.139251554469
0.139717829497
0.139729409303
0.139754602783
0.139807537809
0.139871551534
0.139946589048
0.14003793455
0.140154426588
0.140287359832
0.140465625368
0.140662076435
0.140867935485
0.141083648854
0.141323180298
0.141594092091
0.141876875019
0.142168342001
0.142478144774
0.14280620966
0.143152983664
0.143519991196
0.143902993793
0.144314672433
0.144780052949
0.14531383835
0.145919068187
0.146576696946
0.147248246695
0.147922674663
0.14861067707
0.149336054184
0.150104499046
0.150916319497
0.151771435887
0.152673833116
0.153620782328
0.154604222322
0.155625666412
0.156688018377
0.157793810951
0.158944663449
0.160141610973
0.161387163897
0.162676807088
0.163991041033
0.165319689588
0.166676896855
0.168084896198
0.169597111599
0.171223461856
0.171595241944
0.171883626233
0.172174727648
0.172421751855
0.172597875249
0.172694949196
0.172707187762
0.172626319369
0.172444366473
0.17215594813
0.171757239639
0.171244865797
0.170616145509
0.169869780904
0.169005961563
0.168025472871
0.166927966615
0.165709774648
0.164361521564
0.162865392943
0.161190807787
0.159285153383
0.156973874925
0.154107540423
0.150517719544
0.145784377541
0.139072958832
0.128595286636
0.109218131714
0.0627576461973
0.139299015846
0.139311016961
0.139339366051
0.139397550112
0.139462383501
0.139536359747
0.139626392891
0.139744299276
0.139873033617
0.140051545078
0.140253076271
0.140464434799
0.140686360648
0.140932556073
0.141212036377
0.141507260801
0.14181372365
0.14213702409
0.14247748378
0.142838525077
0.143223227578
0.143620485772
0.144039856155
0.144511414926
0.145047579323
0.14565064029
0.146310362824
0.14699119578
0.14768837364
0.148399775629
0.149135572447
0.149910362317
0.150732864438
0.151601655845
0.152514215273
0.153477403419
0.154484802972
0.155532211708
0.156622645856
0.157758621852
0.158943724936
0.160183970085
0.161484450356
0.162829371241
0.164189574764
0.165561709346
0.166976148792
0.16846822247
0.169904553019
0.171040638106
0.171296401982
0.171529294681
0.171770831322
0.171954292268
0.172048771838
0.172046346396
0.171941514597
0.171728487403
0.171402306896
0.170959433072
0.170397198147
0.169713089907
0.16890455609
0.167969040345
0.166903687284
0.165704395658
0.164364194711
0.162871039666
0.161205019412
0.159334699592
0.157211251792
0.154766962609
0.151784298517
0.1479501056
0.142973266472
0.136249308894
0.126544886092
0.111452285439
0.0861030144354
0.0440486775857
0.138838830215
0.138851137383
0.13888253674
0.138946406459
0.139011842416
0.139088167716
0.139178747575
0.139296420162
0.139424210047
0.139603891937
0.139810440086
0.140027022507
0.140254799618
0.140507024251
0.140793347404
0.141098730765
0.14142248723
0.141761781014
0.142115635887
0.142491031117
0.142894542904
0.143311756463
0.143741531975
0.144219412832
0.144761980982
0.145366372447
0.146027872182
0.146713950437
0.147424985479
0.148164460585
0.148925518471
0.149711558549
0.150534805847
0.151412895276
0.152342319851
0.153321065147
0.154349341471
0.155422989024
0.156542993598
0.157712602836
0.158937810248
0.160231544829
0.161593420379
0.16299347566
0.164406858407
0.165844980977
0.167367921135
0.168940772167
0.17021588033
0.170650345995
0.170894728984
0.171104575496
0.171280297006
0.171374491226
0.171363920497
0.171240544697
0.170999773448
0.170638027318
0.17015262831
0.169541571202
0.168802974804
0.167934478287
0.166932826125
0.16579352327
0.164510246209
0.163073760042
0.161470218205
0.159678756674
0.157668165942
0.155392102729
0.152781684525
0.149733141148
0.146093389731
0.14145732853
0.135300639007
0.127041276975
0.115567290305
0.0989907522114
0.0739952790309
0.0395421034774
0.138328983604
0.138343465338
0.138376218944
0.138440139762
0.138509732464
0.13859411623
0.138689623761
0.138810462435
0.13894449801
0.139121209021
0.13933196452
0.139553585469
0.139787034405
0.140044854271
0.140336764141
0.140648468172
0.140986188773
0.141345389668
0.141715963426
0.142108042901
0.142530003754
0.142972018901
0.143421411032
0.143904505985
0.144454220195
0.145064145361
0.145729803719
0.146422471148
0.147141989319
0.147902305789
0.148692837817
0.14950312838
0.15033584242
0.151215258381
0.152152199697
0.153147296405
0.154196735956
0.155296612377
0.156446558382
0.157652405723
0.158927856041
0.160285277264
0.161710662345
0.163172993217
0.164664069158
0.166205814421
0.167809122204
0.169151742563
0.169764864034
0.170105225301
0.170384692225
0.170574894772
0.170670250797
0.170658407237
0.170525438837
0.170264538667
0.169873165436
0.169350149313
0.168694743025
0.167906111678
0.166982752538
0.16592190418
0.164719016383
0.163367190801
0.161856392226
0.160172229107
0.158294139918
0.156192807409
0.153826506238
0.151135838102
0.148035904574
0.144404266245
0.140064639588
0.13472492568
0.127788794449
0.118515792812
0.106063269544
0.0890699524224
0.0650919921842
0.0347586212156
0.137775436853
0.137793605513
0.137826490867
0.13788399995
0.137960780449
0.13805382009
0.138157148468
0.138285344765
0.138431819886
0.138604787017
0.13881657889
0.139042247239
0.139281266526
0.139544748367
0.139842466684
0.140160914356
0.14050707952
0.140884360066
0.141275132851
0.141688077402
0.142129384273
0.142596572763
0.143077690798
0.143578471284
0.144130675312
0.144746337094
0.145417710351
0.146119485119
0.14684739038
0.147621540161
0.148434953788
0.149276756316
0.150131944225
0.151016038538
0.151954059175
0.152955764232
0.154021638135
0.155147568067
0.156329595862
0.157578514775
0.158915143823
0.160342495235
0.161836810254
0.163379135368
0.164988980509
0.166616701389
0.167926985218
0.169071133653
0.169306951874
0.169584915599
0.169820295686
0.169938823167
0.169932133155
0.169796740956
0.169524827969
0.169112484552
0.168559468989
0.167866657279
0.167034765355
0.166063675451
0.164951822928
0.163695598122
0.16228875663
0.160721746117
0.158980797028
0.157046608583
0.154892457807
0.152481526747
0.149763144957
0.146667467687
0.143097848318
0.138919840828
0.133945493239
0.127913313417
0.120410849967
0.110701976016
0.0978634210386
0.0808682634953
0.0580460440068
0.0305184497474
0.137195715814
0.137214287746
0.137245839438
0.137295123702
0.137375758135
0.13747244661
0.137580962473
0.137713148599
0.137868850748
0.138046468178
0.138260966692
0.138490681622
0.138735397376
0.139004511699
0.139308216224
0.139634904395
0.139990240887
0.140382568694
0.140793904933
0.141231962481
0.141695818661
0.14218627988
0.14269830015
0.143233621384
0.143806863048
0.144428419528
0.145101142547
0.14581164188
0.146548553672
0.147333353947
0.148163276606
0.149029125994
0.149913695461
0.150814533833
0.151755890697
0.152755667314
0.153825581146
0.154970635128
0.156187825232
0.157489843491
0.158895645268
0.160396785137
0.161968227549
0.163613122036
0.165326358458
0.166798416157
0.16796168845
0.168567058278
0.168805016645
0.16900839805
0.169158724842
0.169179187947
0.169053289307
0.168779704039
0.168356312261
0.167782937417
0.167061626416
0.166194903468
0.165184495755
0.164030565732
0.162731090948
0.16128127945
0.159672965677
0.157893891658
0.155926745295
0.153747810215
0.151325066647
0.148615546845
0.145561676758
0.142086217261
0.138085260485
0.133418554272
0.12789629061
0.121261194136
0.113166165682
0.10313920257
0.0903978617404
0.0740182397378
0.0527102473256
0.0274053269665
0.136597812546
0.136614530387
0.136643350225
0.136689684682
0.136765098083
0.136859413868
0.136968824008
0.137100350643
0.137259820989
0.137443762481
0.137663311319
0.137897180456
0.138147455738
0.138421633463
0.138730587937
0.139065111997
0.139429545687
0.139835529407
0.140265630793
0.140727685783
0.141220234625
0.141737766505
0.142281425053
0.142845045285
0.14345042733
0.144103723119
0.144793653472
0.145508776132
0.146252845275
0.147048196744
0.147894432318
0.148776283911
0.149683107315
0.150603518802
0.151552667138
0.152551443439
0.1536157168
0.154767271084
0.156017703331
0.15737967251
0.158858990958
0.160435565573
0.162080067471
0.163758594471
0.165486731749
0.167135583618
0.167559854231
0.167839608108
0.168152846826
0.168334238586
0.168383177094
0.168284506391
0.16802467281
0.167602084035
0.167019179731
0.166279614665
0.165387669226
0.164347163469
0.163160399545
0.161827413318
0.16034539307
0.158708140421
0.156905490405
0.154922597479
0.152738976308
0.150327173827
0.147650933021
0.144662681251
0.14130012693
0.137481679203
0.133100321171
0.128015489378
0.122042472746
0.114938863859
0.106387683694
0.0959771027973
0.0832139166622
0.0674038705358
0.0475119812405
0.0243357046994
0.135975993597
0.135994756623
0.136018995583
0.136068113209
0.136134530992
0.136222628251
0.136329220093
0.136457818191
0.136617131041
0.136801224226
0.137024973732
0.137261873961
0.137516037661
0.137794346682
0.138107826403
0.138447995321
0.138818764884
0.139237148888
0.139684592511
0.14016622285
0.140686098779
0.141232052296
0.141814665555
0.142417387923
0.143050662893
0.143738841585
0.144471331982
0.145210042488
0.145962933541
0.146769069388
0.14763605563
0.148538895187
0.149462420945
0.150396419207
0.151348196034
0.152339171302
0.153390410974
0.15453715761
0.155813643005
0.157236409235
0.158791038716
0.16043724449
0.162138239733
0.163867275261
0.165306873146
0.16641168428
0.167023028661
0.167233115075
0.167440599098
0.167543529186
0.16748223774
0.167250123434
0.166843422581
0.166263881435
0.165517368246
0.164610593672
0.163549716109
0.162339446228
0.160982228204
0.159477605159
0.157821721577
0.156006856656
0.154020898275
0.151846669718
0.149461014748
0.14683353882
0.143924893694
0.140684474064
0.137047367835
0.132930368
0.128226825147
0.122800114827
0.116475545061
0.109030689026
0.100184438293
0.0895859134538
0.0768048459772
0.0613291349862
0.0424552782253
0.0212781404184
0.135319718165
0.135339442291
0.13536530965
0.135415096262
0.13547868151
0.135562300449
0.135664681735
0.135789142205
0.135944793126
0.136123596061
0.136348526537
0.136587227778
0.136841726519
0.137122992692
0.137441262551
0.137785889234
0.138159447368
0.138584966428
0.139048402967
0.139545987316
0.140090342364
0.140667471199
0.141282103116
0.141935700963
0.142615502309
0.143341085842
0.144125269932
0.144910565361
0.14568240925
0.146501251692
0.147386250281
0.148317294975
0.149268490571
0.150218461612
0.151164448851
0.152132858099
0.153152830034
0.154275862549
0.155565167903
0.157043651026
0.158674233579
0.160376057916
0.162090334725
0.163804282469
0.165565828228
0.165959495054
0.166190979817
0.166485827452
0.166645468588
0.166636375773
0.1664464887
0.166070438369
0.165509062954
0.164768704979
0.163858457223
0.16278735889
0.161562916612
0.160190285885
0.158671655933
0.157005778631
0.15518759032
0.153207838786
0.15105263127
0.148702825868
0.146133188653
0.143311236278
0.140195678008
0.136734362026
0.132861619267
0.128494890419
0.123530529004
0.117838716821
0.111257537939
0.103586499763
0.094580154594
0.0839437730389
0.0713307505042
0.0563730277718
0.0384986221706
0.0190494155
0.134629421242
0.134646101736
0.134678685764
0.134728254426
0.134793302099
0.134875752972
0.134974357287
0.135094423283
0.135244744452
0.135414639214
0.1356368824
0.135877160413
0.13612891494
0.136408583487
0.136732303626
0.137081873024
0.137457708129
0.137883073341
0.138355828589
0.138867769219
0.139430443282
0.140040460292
0.140694037525
0.141389081056
0.142123242213
0.142900472251
0.143745424298
0.144605228439
0.14542346269
0.14625959314
0.147160400333
0.148119270289
0.149104741412
0.150081777904
0.151026375856
0.151955799371
0.152914580787
0.153979103696
0.155254901408
0.156775823366
0.158471548521
0.160260327688
0.162106393008
0.163513406726
0.164434342286
0.165300637311
0.165502019562
0.165670590157
0.165733284793
0.165603728803
0.165273298945
0.164744793992
0.164024761673
0.163123623733
0.162053133716
0.160823974036
0.159444400438
0.157919542648
0.156250982294
0.154436460782
0.152469638046
0.150339824277
0.148031612272
0.145524346057
0.142791365461
0.139798966857
0.136505018411
0.132857164691
0.128790554071
0.124225029715
0.119061753154
0.113179298877
0.106429394367
0.0986327532438
0.0895757733317
0.0790103384691
0.0666545927924
0.052235486629
0.0352787400869
0.0172600724992
0.13391466998
0.133929982783
0.133963966926
0.134013092061
0.134079623527
0.134162152916
0.134257223167
0.134373025677
0.134519050165
0.134679280854
0.13489397521
0.135135115769
0.135384407223
0.135656267743
0.135981334227
0.136335307898
0.136713912611
0.137137000055
0.137610415194
0.138129626367
0.138706602865
0.139332388392
0.140024162826
0.140766023389
0.141560193795
0.142399464481
0.143310203426
0.144269887884
0.145174360684
0.146054489011
0.146981925665
0.147965657124
0.148987114138
0.150001906074
0.150957555471
0.15184004498
0.152698376421
0.153644718166
0.154859891396
0.156393803821
0.158119228168
0.159954752398
0.161972075655
0.163820770997
0.164108631424
0.164316890099
0.164644859464
0.164779028405
0.16471236292
0.164441705395
0.163961103579
0.163275500399
0.162396540846
0.161338203873
0.160114175594
0.158736042398
0.157212192813
0.15554728281
0.153742001331
0.151792952771
0.149692553256
0.147428867467
0.144985326632
0.142340278076
0.13946632276
0.136329399024
0.132887569875
0.12908946944
0.124872366185
0.12015981368
0.114858896189
0.108857154983
0.102019424405
0.0941850861282
0.0851665145554
0.0747511161298
0.0627033869376
0.0488138462342
0.0326687514961
0.015782079218
0.133180547856
0.133194622019
0.13322623915
0.133275849607
0.133341674341
0.133422593236
0.133513302718
0.133622947463
0.133768286042
0.133925545007
0.134123765994
0.134362435995
0.134610489264
0.134876260111
0.135191341286
0.135544590615
0.135924519195
0.136345631381
0.136818091323
0.137335131603
0.137923585193
0.138559862231
0.139264096901
0.140040771326
0.140884656144
0.141795248551
0.142782276353
0.143853835648
0.144905824641
0.145878846369
0.146860587811
0.147890426587
0.148958082085
0.150015985377
0.150981930346
0.151813885031
0.152539916155
0.153283219753
0.154341271204
0.155857013261
0.157660411104
0.159504120351
0.16112711565
0.162845975276
0.163555656765
0.163578012466
0.163722747406
0.163762340599
0.163567754059
0.163147121201
0.162509917052
0.161666534505
0.160632289921
0.159423679309
0.158055578102
0.156539790744
0.154884279506
0.153092852051
0.151165113223
0.149096507499
0.146878341208
0.144497716361
0.14193732915
0.139175098661
0.136183597336
0.132929255814
0.129371311254
0.125460463702
0.121137203825
0.116329786387
0.110951857933
0.104899824809
0.098050185746
0.0902573374106
0.081352576434
0.0711468667311
0.0594326105123
0.046036658078
0.0305771448147
0.0145476618224
0.132430113834
0.132443226695
0.132472913975
0.132523469982
0.13258494137
0.132660104873
0.132745890586
0.132846494369
0.132986490323
0.133144694211
0.133324035032
0.133556094154
0.133800638404
0.134063585928
0.134362423033
0.13470725543
0.135084165228
0.135501437158
0.135975004557
0.136489112068
0.137074348759
0.137723799512
0.138433364835
0.139224047176
0.140097309799
0.141054018816
0.142107976513
0.143271049214
0.144514774704
0.145676304053
0.146768457381
0.147885003282
0.149041882515
0.150184042283
0.151162356397
0.151912012806
0.152471019516
0.152935924379
0.153666662609
0.155006300242
0.157036404267
0.159457953078
0.160787960175
0.161624605622
0.162532309317
0.162716049291
0.162739403334
0.162626370236
0.162288033715
0.161714808071
0.160920897751
0.159923488143
0.158741262004
0.157392261875
0.155891793855
0.15425128986
0.152477847612
0.150574168763
0.148538696884
0.146365801831
0.144045910267
0.141565523339
0.138907087978
0.136048701529
0.132963634843
0.129619655866
0.125978126449
0.121992831925
0.117608493021
0.112758910344
0.107364715775
0.101330771404
0.0945433842661
0.0868677975555
0.0781466261557
0.0682020238123
0.0568361449165
0.0438871232943
0.0289797683562
0.0135459327404
0.131667189519
0.131679351214
0.131713559049
0.131762428758
0.131814416346
0.131880762133
0.131960791223
0.132052733161
0.132175882074
0.132327920622
0.132491837249
0.132713089807
0.132950185387
0.133204894066
0.133487719863
0.133820319849
0.134186338318
0.134595427998
0.135067096494
0.135582352709
0.136156771274
0.13680710628
0.137521055287
0.138319194139
0.139203039961
0.140178730557
0.1412647292
0.142476894952
0.143834110773
0.145267235537
0.146595817774
0.147905028452
0.14920589008
0.15048843761
0.151525247355
0.152136501954
0.152526115847
0.152776893462
0.15308135944
0.153592683251
0.155717420682
0.158510292001
0.161011450675
0.161241142935
0.161341439642
0.161619930405
0.161617002552
0.161357371831
0.160865825983
0.160140925877
0.159196189802
0.158053228605
0.156733703113
0.155256629624
0.153637146318
0.151885866172
0.150008742459
0.148007257949
0.145878741673
0.143616678123
0.141210927442
0.138647813753
0.135910062467
0.132976580952
0.129822078648
0.126416513506
0.122724331086
0.118703436859
0.114303816679
0.109465705491
0.104117208303
0.0981713226221
0.091522411268
0.0840424707878
0.0755777539486
0.0659487260342
0.054948090923
0.0423979494211
0.0279017012934
0.0127953020529
0.130894639257
0.130907303168
0.130945658226
0.130986452235
0.131028870443
0.131087125658
0.131160401135
0.13124388176
0.131348045853
0.131486496523
0.131633071802
0.131836327285
0.132063333517
0.132301758619
0.132566572749
0.132887695705
0.13323715618
0.13362773859
0.13409089753
0.134600460132
0.135164967729
0.135809597457
0.136515933601
0.137318869375
0.138206616988
0.139187921783
0.140272729735
0.1414909436
0.14285989246
0.144411338694
0.146055545126
0.147651722817
0.149311823172
0.151107605944
0.151960383319
0.152450643912
0.152614958936
0.152682265623
0.152886655079
0.153314900026
0.153977516392
0.156516835267
0.159911596374
0.160557200844
0.160347891055
0.160394521624
0.160308715679
0.159930687932
0.159295560035
0.158425762889
0.157340533265
0.156064312941
0.154620828177
0.15302967553
0.151305463972
0.149457721047
0.147491137729
0.145406006747
0.143198703958
0.140862104496
0.138385876745
0.13575663074
0.132957919666
0.12997010325
0.126770079132
0.123330867715
0.119621001151
0.115603622713
0.111235159177
0.10646339158
0.10122472678
0.0954404783502
0.0890120099029
0.0818148588357
0.0736920876692
0.0644497351956
0.0538500041029
0.0416630105709
0.0274304993678
0.0123474393791
0.130112177124
0.130124221332
0.130149447591
0.130186612114
0.130226873709
0.130279335218
0.130344702272
0.130417105867
0.130505864206
0.130628185649
0.130760563613
0.130933841574
0.131149753981
0.131370311982
0.131612528426
0.131917571368
0.132253611479
0.132622146594
0.133059802323
0.13355444841
0.13410058845
0.134739064127
0.135434658104
0.136218305716
0.13709856845
0.138079052296
0.139155398385
0.140351818179
0.141687174969
0.143188334901
0.144874321529
0.146649357864
0.14838418767
0.150050717358
0.151384395504
0.152073659389
0.152427842398
0.152582023827
0.152980797462
0.153863776554
0.154479882795
0.15506059926
0.157084823901
0.158952165059
0.159085952876
0.159006064022
0.158810980519
0.158333431525
0.157575445863
0.15657479597
0.155362643041
0.153967568359
0.152414860493
0.150724328999
0.148909833416
0.14697970106
0.144937374508
0.142782096595
0.140509536589
0.138112294322
0.135580253695
0.132900785549
0.130058817628
0.127036797205
0.123814559972
0.120369084363
0.116674055243
0.112699097243
0.108408473445
0.103758984692
0.098696742492
0.0931524325044
0.0870346275903
0.0802208991305
0.0725463534775
0.0637921819653
0.0536703085139
0.0418543772338
0.0277682550672
0.0123366280494
0.129324473561
0.129334192633
0.129347388039
0.129381549118
0.129420181767
0.129464157467
0.129517137956
0.129575490606
0.129646623325
0.12975188823
0.129874441141
0.130013767466
0.130213752048
0.130421417818
0.130644609146
0.130915783232
0.131235360861
0.131584896324
0.131986434893
0.132461627908
0.132983830328
0.133593189013
0.134280872526
0.135036984483
0.135896806448
0.136852416086
0.137914906306
0.139082417168
0.140368324732
0.1417910407
0.143352025005
0.145054433195
0.146788354313
0.148410820391
0.149720192678
0.150628301835
0.151269543583
0.151811493305
0.152531277905
0.153496624678
0.155188261203
0.155547845764
0.156061224387
0.156682195603
0.157421203423
0.157467607492
0.157173595438
0.15659026585
0.155719856597
0.154601449107
0.153275818736
0.151776153668
0.150128814225
0.148353271011
0.146462361245
0.144463148589
0.142357915492
0.140145060161
0.137819837764
0.135374929216
0.132800841672
0.130086163865
0.127217716259
0.124180638848
0.120958436935
0.117532949945
0.113884132227
0.109989452122
0.105822638005
0.101351416848
0.0965337793617
0.0913121351184
0.0856044528413
0.0792913945333
0.0721977606975
0.0640708163719
0.054550550141
0.0431695479107
0.0292046454703
0.0129962017444
0.128540269436
0.128549244858
0.128567252911
0.128591675093
0.128618980049
0.128648849002
0.12868545299
0.128728836252
0.128780783246
0.128863619228
0.128971527184
0.129080429814
0.129251640285
0.129448580068
0.129651681676
0.129881210922
0.130177248478
0.130500666966
0.130864034743
0.131313556537
0.131814480568
0.132383254373
0.133047519312
0.133774590882
0.134611769331
0.135536067006
0.136573227155
0.137706638969
0.138942563504
0.14029049095
0.141738929311
0.143274347179
0.144864002639
0.146405084136
0.147755804632
0.148840779203
0.149723654656
0.150511837381
0.151353684693
0.152386808639
0.153832974983
0.155271678283
0.155559209715
0.155394619338
0.155797922652
0.155828745752
0.155440173294
0.154736419278
0.153750758106
0.152522538446
0.151095132801
0.149504001687
0.147775605211
0.145928403255
0.143973881549
0.141917789214
0.139761372898
0.137502420143
0.135136074122
0.132655442464
0.130052032843
0.127316062954
0.12443670799
0.12140234834
0.11820083983
0.114819749711
0.111246403524
0.107467499803
0.103467975997
0.0992287270317
0.0947226252157
0.0899079755309
0.0847179121186
0.0790433442555
0.0727045373355
0.0654101724577
0.056685952217
0.0458277808732
0.0318778358162
0.0141780803325
0.12776197225
0.127769207524
0.127788896903
0.127804614366
0.127817117976
0.127834837824
0.127857505133
0.127887034464
0.127921599835
0.127977135381
0.128063576773
0.128154327235
0.12827522364
0.128454453794
0.128631314012
0.128824505251
0.12908470768
0.129381266205
0.129710021726
0.130114624748
0.130585818426
0.131113906587
0.131749989064
0.13245335487
0.133253034363
0.134154293754
0.135154524455
0.136257020467
0.137449178292
0.138732287989
0.140104479871
0.141532665431
0.142996927612
0.144442644141
0.145805035154
0.147017853994
0.148084500534
0.149042678483
0.149908610109
0.150851108293
0.151793618965
0.153531662828
0.154347108224
0.154129201093
0.154209193932
0.154104990664
0.153608653858
0.152784092349
0.151684312716
0.150353414846
0.148834921334
0.147164337216
0.145367194063
0.143460370655
0.141453731668
0.139351691974
0.137154606339
0.134859887423
0.132462850162
0.129957336279
0.127336175702
0.124591555391
0.121715385945
0.118699747685
0.115537433661
0.11222249604
0.108750590938
0.105118842408
0.101324914811
0.0973649480489
0.0932298907538
0.0888994151671
0.0843317870916
0.0794463592334
0.0740904509079
0.0679796152172
0.0605506192573
0.0507721348076
0.036781739464
0.015529322905
0.126991601169
0.126993995494
0.127002029012
0.127005791376
0.127014746082
0.127026789615
0.127039544488
0.127055683568
0.127070937349
0.127096762594
0.127154239439
0.12723002289
0.127301477575
0.127440870387
0.127599439549
0.127761091584
0.127965475321
0.128234687995
0.128531496707
0.128877948681
0.129315177279
0.129803867168
0.130391068717
0.131075641653
0.131832405233
0.132715718536
0.133687475531
0.134763622906
0.13592436947
0.137165974091
0.138487400398
0.139863045413
0.141272813173
0.14268703034
0.144073449062
0.145402044638
0.146646213067
0.147800450867
0.148653262185
0.149581374166
0.14947325807
0.15017656409
0.152283277167
0.152536095186
0.152515251332
0.152285988539
0.151683920838
0.15074486517
0.149535495704
0.148108659453
0.14650846923
0.144769073784
0.142914076747
0.140958255188
0.138909637327
0.136771308978
0.134542877914
0.132221598713
0.1298032027
0.127282516508
0.124653940888
0.12191188464
0.11905127359
0.116068233466
0.112960941957
0.109730498563
0.106381545503
0.102922343614
0.0993640542641
0.0957190452472
0.0919980381325
0.0882057366547
0.0843341156168
0.0803513192574
0.076180632983
0.0716608033963
0.0664202632518
0.059690058434
0.0488352680908
0.025185356502
0.126236184873
0.126234116292
0.126230256029
0.126216296981
0.126228347005
0.126236558602
0.126239401173
0.126240254789
0.126234343705
0.126231641011
0.126255024339
0.126303414482
0.12635157905
0.126425373366
0.126557838748
0.126691677543
0.126842042532
0.127065535606
0.12732878305
0.127621706598
0.128005681
0.128460073961
0.1289852481
0.129639029701
0.130375389399
0.131223428252
0.132184725001
0.133242379561
0.134387880372
0.135607443574
0.136899965309
0.13825439666
0.139651262539
0.14107771115
0.142519173107
0.143973927958
0.145446238259
0.147024968908
0.14810636778
0.149521473086
0.149446316285
0.149665731486
0.150072073496
0.150797255556
0.150826002008
0.150446178118
0.14970354804
0.148638984528
0.147319429901
0.145801134145
0.144126989862
0.14232805337
0.140424807016
0.138429350133
0.136347681358
0.13418158181
0.131930052876
0.129590380129
0.127158908526
0.124631635834
0.122004702157
0.119274895629
0.116440328688
0.113501390889
0.110461924629
0.107330380571
0.104120611185
0.100852004628
0.097548814921
0.0942387231246
0.0909507931411
0.0877130174901
0.0845497020167
0.08147863836
0.078508329603
0.0756383993397
0.072846371975
0.0702127670621
0.0675062331272
0.0674763400227
0.125501455583
0.12549877627
0.125496585405
0.125482555114
0.12547844661
0.125475960016
0.125466302686
0.125449514875
0.125424523105
0.125395415471
0.125378287902
0.125388261108
0.125416460611
0.125435580778
0.125505610236
0.125616181617
0.125726455964
0.125874955883
0.126107917544
0.126356905399
0.126661505878
0.12707979999
0.12755868259
0.128161755739
0.128886986496
0.129709115789
0.13065810016
0.131705067458
0.132841712401
0.134051271254
0.135330000038
0.136673891099
0.13806813546
0.139508168567
0.14099338613
0.142522404159
0.144109220944
0.145795226266
0.147389967065
0.149305983103
0.149285540151
0.149300167941
0.149209174179
0.149411861433
0.149201473532
0.148607808056
0.147682978728
0.146474968264
0.145043168594
0.143438210901
0.1416978809
0.139848262821
0.137905677863
0.135879097774
0.133772395771
0.131586128884
0.129318845367
0.126968030922
0.124530797309
0.122004438373
0.119386924923
0.116677491576
0.113877507103
0.110991724649
0.108029766004
0.105007465154
0.101947642001
0.0988800278166
0.0958403281558
0.0928686725925
0.0900078763983
0.0873020499012
0.0847963148629
0.0825381133443
0.0805824700659
0.0790029038237
0.0779017388311
0.0775055662329
0.0778569348942
0.0806355033119
0.12479044231
0.12478758279
0.12478653071
0.124788127782
0.12476263115
0.124749743378
0.124727993843
0.124694614892
0.124652042257
0.124594283726
0.124535447605
0.124497003631
0.124480781822
0.124468545116
0.124463754843
0.124531900441
0.124620862749
0.124714712077
0.124885378078
0.125097222225
0.125335980908
0.125683416589
0.126122737473
0.126670487509
0.127367965007
0.128188095423
0.129123772524
0.13017248051
0.131299912686
0.132499791414
0.133766551869
0.135093789756
0.136476354076
0.13790963527
0.139397887691
0.140942171774
0.142542919373
0.144187685292
0.14586607743
0.147549472509
0.149038672535
0.148687468373
0.148274804839
0.148060576218
0.147533522044
0.146703544621
0.14559156292
0.144241045402
0.142703561521
0.14102121768
0.139224617141
0.13733392823
0.135360910374
0.133311326127
0.131187027322
0.128987527295
0.12671110948
0.124355622056
0.1219190633
0.119400096791
0.116798549709
0.11411609468
0.111357347331
0.108531435357
0.10565374509
0.102747296341
0.0998432343428
0.0969802142782
0.0942028226859
0.0915594740867
0.0891003520172
0.0868760403855
0.0849376119768
0.0833382662346
0.0821396067368
0.0814183487556
0.0812753156802
0.0818789319803
0.083253372016
0.0860340899072
0.124113944764
0.124107899583
0.12409652465
0.124107730174
0.124083729799
0.12406292821
0.124030387538
0.123981519659
0.123918821644
0.12383411242
0.123739641951
0.123644706087
0.123574151717
0.1235202146
0.123467258211
0.123447371121
0.123516638806
0.123596966387
0.12368787508
0.123853646107
0.124047888103
0.124295767733
0.124668865794
0.125164056795
0.125832241662
0.126657828137
0.127604256904
0.128654466188
0.129783948705
0.130972060972
0.132213482276
0.13351044776
0.134856768274
0.136255029741
0.137710828791
0.139229431025
0.140805220856
0.142416910842
0.143998622284
0.145468618916
0.145572611628
0.147117231692
0.14680380622
0.146423346185
0.14568197491
0.144662281861
0.143392414703
0.141919787364
0.140293411767
0.138548423936
0.136708314053
0.134787449627
0.13279329927
0.130728744604
0.12859394591
0.126387666605
0.124108157997
0.121753796399
0.119323563559
0.116817528619
0.114237350751
0.111587079235
0.108874521554
0.1061131491
0.103324026957
0.100537014
0.097790673638
0.0951307885141
0.092607819745
0.0902739188288
0.088180100968
0.0863742120343
0.0849001639086
0.0837981438571
0.0831097590757
0.0828761755121
0.083148096528
0.0840003244452
0.0854066603487
0.0873987883643
0.123483123531
0.123474017111
0.123459290361
0.123465029137
0.123458774977
0.123422343486
0.123375890118
0.123310364244
0.123225412207
0.123120284132
0.122992888768
0.122855336364
0.122721315227
0.122604575522
0.12251313927
0.122428879151
0.122440381778
0.122510080355
0.122565431799
0.122644589325
0.122786859718
0.122946584888
0.123207258578
0.123642731012
0.124295848113
0.125134708676
0.12611102039
0.127174730566
0.128306892849
0.129479227241
0.130684987582
0.131929694842
0.133209786936
0.134536038957
0.135915402051
0.137365785706
0.138897126856
0.14051535597
0.142303549645
0.14465253462
0.144736318503
0.145100271612
0.144954608596
0.144557391509
0.143635379254
0.142455370866
0.141062106381
0.139497400914
0.137806183152
0.136017786318
0.134149466639
0.132210569773
0.130205044733
0.128133562472
0.125995121315
0.123788129989
0.121511081252
0.119163051455
0.116744087973
0.114255675978
0.111701249238
0.109087145285
0.106424303063
0.103730517825
0.101032441109
0.0983663606176
0.0957772311653
0.0933160579308
0.0910362238614
0.0889895224587
0.0872224666543
0.0857734216494
0.0846704739219
0.0839297901333
0.0835591073421
0.0835477291519
0.0838973550524
0.0846088659785
0.0856138372606
0.0867444709278
0.122890783443
0.122878164136
0.122865717714
0.122849621136
0.122846301068
0.12281070926
0.122759496175
0.122680746038
0.122577328744
0.122453963904
0.122298431538
0.122125521939
0.121927881275
0.121742884332
0.121587000208
0.121478327931
0.121447789044
0.121496334103
0.121546168626
0.121560892383
0.121588279071
0.121673075465
0.121807957125
0.122126647705
0.122791829117
0.12368367237
0.124691907162
0.125774001276
0.126889466107
0.12802755392
0.129175065879
0.130343214393
0.131530770963
0.132744362387
0.133997376989
0.135311147322
0.136700486507
0.138217466671
0.139957329888
0.142302777566
0.143820805408
0.14353349227
0.142889386477
0.142390033843
0.14134801449
0.140054283116
0.138581422007
0.136963509299
0.135237845478
0.133428917998
0.13154954659
0.129605562836
0.127598619673
0.125528124156
0.123392595179
0.121190554186
0.11892103357
0.116583982637
0.114180583823
0.111713732944
0.109188562453
0.106613608705
0.104002916017
0.101378643452
0.0987729801316
0.0962282288303
0.093794686687
0.0915267457052
0.0894781166744
0.0876970848766
0.0862222994981
0.0850795941777
0.0842788782281
0.083810981488
0.0836457112772
0.0837113467732
0.0839664125227
0.0843301280471
0.0848284662543
0.0857797528005
0.122323217048
0.122302903825
0.122282578113
0.122243417164
0.122229719785
0.122218039109
0.122176312584
0.122091249513
0.121976128486
0.121834659247
0.121662414784
0.121449461798
0.121215927127
0.120949780757
0.120715729597
0.120564668554
0.120575052929
0.120590342644
0.120651965974
0.120630301727
0.120599461266
0.120516575639
0.120590779127
0.120640815093
0.121402453476
0.122354949516
0.123401538715
0.124476391498
0.125557689436
0.126631682016
0.127700066674
0.128763988771
0.129831601878
0.130902923534
0.131990449845
0.133121565764
0.134280397727
0.135570206965
0.1370803657
0.139160429394
0.140732570217
0.141256637431
0.140339979532
0.139789560854
0.138749560577
0.137431669497
0.135940753318
0.134316238348
0.132590445453
0.130785522825
0.128912666096
0.126976371188
0.124977553275
0.122915458163
0.120788872978
0.118596917148
0.116339453964
0.114017464697
0.111633319025
0.109191307011
0.106698176053
0.104164594208
0.101607755579
0.0990543193181
0.0965420321214
0.0941188109055
0.0918392460152
0.0897593771601
0.0879310097276
0.0863966043167
0.0851852277294
0.0843102507046
0.0837670398533
0.0835315762944
0.0835542223284
0.0837344697425
0.0839712769898
0.083905224747
0.0841661137866
0.0847329061887
0.121784318078
0.121752342004
0.121713763651
0.121671475556
0.121645089236
0.121640656878
0.121611735631
0.121533960435
0.121420483352
0.121272920663
0.12109126505
0.120863452911
0.120598820994
0.120288987325
0.119979292733
0.119569565188
0.119850993425
0.119901151267
0.119948441914
0.119907620585
0.119827947703
0.119660316903
0.119625868841
0.119854748817
0.12032627636
0.121256768112
0.122298212967
0.123332734796
0.124349782684
0.125338692645
0.126306050938
0.127246402655
0.128168752088
0.129073296623
0.129968230553
0.130859026856
0.131751519576
0.132685086503
0.133737287247
0.135143054845
0.137219084165
0.138203838875
0.137235783094
0.136724812172
0.13582567028
0.134594386809
0.13315446001
0.131569520701
0.129875923045
0.128097464945
0.126246791513
0.124329364523
0.122346927448
0.12029961277
0.118187157464
0.116009705288
0.113768191628
0.111464753092
0.109102971798
0.106688505854
0.104229632138
0.101739126507
0.099237478491
0.0967561032828
0.0943383955578
0.0920374842015
0.0899111808776
0.0880154740438
0.0863982013974
0.0850939550028
0.0841207908227
0.0834797609631
0.0831544955671
0.0831155913567
0.0833268031392
0.0837732049013
0.0843668851499
0.0838982201757
0.0841858588964
0.0841686212669
0.12128880387
0.121246719197
0.121197617369
0.121156543807
0.121120641569
0.121097825343
0.121070111861
0.121017317937
0.120918623632
0.120779594001
0.12059870395
0.120378919249
0.120093669385
0.119792899169
0.119433090084
0.119418271321
0.119369633881
0.119500809422
0.119498254416
0.119338501773
0.119449701601
0.11943902608
0.119468647673
0.119552606402
0.119765031628
0.120544756965
0.121471832291
0.122404412105
0.123310768099
0.124187065371
0.125022470321
0.125821392176
0.12658123196
0.127304896764
0.127988048384
0.12860843841
0.129172936049
0.129656828287
0.130007759431
0.130485231698
0.129547287081
0.133671477074
0.133713037312
0.133359257758
0.132667642587
0.131603056962
0.130267691294
0.128755693085
0.127117064587
0.125381054399
0.123563821673
0.121673373744
0.119713403058
0.117685679713
0.115591368711
0.113431929766
0.111209519166
0.108927495829
0.106590641746
0.104205946865
0.101783132622
0.0993371203409
0.0968919662698
0.0944842252268
0.092163084725
0.089986460976
0.0880142922207
0.0863008785571
0.0848881958719
0.0838010008595
0.0830444269273
0.0826049933797
0.0824510453437
0.0825442170061
0.0828495985889
0.0833604801391
0.0839453529749
0.0851424981091
0.0839741614219
0.0836935018671
0.120841151146
0.1207970452
0.120746524732
0.12070170585
0.120664601105
0.120628071326
0.12059522689
0.120560776484
0.120480527984
0.120357848185
0.120192794108
0.119980044083
0.119725778899
0.119403390742
0.119314507134
0.119299811293
0.119272515103
0.119237248008
0.119288603087
0.119263563388
0.119292441193
0.119375499529
0.119422423494
0.119472259563
0.119549660114
0.120189727442
0.120922678203
0.121684626084
0.122442806677
0.123167345526
0.123850587988
0.124493642772
0.125089026176
0.125628773236
0.126094460803
0.126446260686
0.126679365841
0.12674174821
0.126340327396
0.126987962661
0.127751147448
0.128363980437
0.129812110237
0.129960693273
0.129470769451
0.128567064248
0.127347487216
0.12591896479
0.124343670589
0.122656831027
0.120878283469
0.119018915293
0.117084750396
0.115079500311
0.113005952624
0.110866995589
0.108666038112
0.106407660654
0.104097787894
0.101744696797
0.0993594678877
0.0969592831778
0.0945721751667
0.0922403329148
0.0900188904063
0.0879700671766
0.0861548312409
0.0846243580938
0.08341341531
0.0825358880391
0.08198310303
0.0817238996177
0.0817039797271
0.0818728400603
0.0821956029286
0.0826716046191
0.08324699728
0.0833839649971
0.0830699167099
0.0829319466368
0.120434219886
0.120399893187
0.120349870228
0.120307419006
0.120270935242
0.120232581765
0.120188199207
0.120161965462
0.120106122023
0.120006195575
0.119867517913
0.11968865676
0.119467990544
0.119277006985
0.119233543974
0.119181818193
0.119196960167
0.119172174072
0.119184644601
0.119243957506
0.119256453326
0.119335665627
0.119395957551
0.119432792442
0.119559280578
0.119998781252
0.120532172322
0.121109387578
0.121692903706
0.12225283405
0.122782238189
0.12326599862
0.123693588202
0.124046044362
0.12430094369
0.124419116215
0.124373131986
0.124138574125
0.122445060755
0.124122038414
0.125741417918
0.125459971733
0.12644365671
0.126766409361
0.126392123104
0.125589066329
0.124458627895
0.123102767854
0.121585817575
0.119945912292
0.118205242424
0.116376933671
0.114469061283
0.112487153817
0.110435535717
0.108318459162
0.106140499584
0.103907393716
0.101626106912
0.0993061555992
0.096959890871
0.0946069638669
0.0922799284444
0.0900271584137
0.0879097916096
0.0859936881015
0.084339656242
0.0829944981532
0.0819851558274
0.0813153036458
0.0809653756868
0.0808908521302
0.0810199121409
0.0812709433539
0.0815323205601
0.0819907123996
0.0821936846216
0.0822590987645
0.0821696767607
0.0821145059767
0.12007298191
0.120050658451
0.120003374854
0.119969137184
0.119942720865
0.11990683149
0.119869886179
0.119823761222
0.119787374268
0.119715958533
0.119610750535
0.119473907656
0.119314619481
0.119197346086
0.119115279034
0.119135771456
0.119148288436
0.119158042097
0.119160728784
0.119212995339
0.119246989765
0.119301277869
0.119354025944
0.119425960369
0.119546610968
0.119831115807
0.120194096516
0.120603543269
0.121020802562
0.121427383196
0.121801982142
0.122126116013
0.122383747288
0.1225557993
0.122620769062
0.122565268228
0.122375129037
0.122230889395
0.120605201372
0.121208855917
0.122971011151
0.123037263778
0.123540963868
0.123816611715
0.123478914983
0.12272420454
0.121647085541
0.120341776033
0.118869083548
0.117266992112
0.115558375124
0.113757530092
0.111873893409
0.109914370042
0.107884512385
0.10578972846
0.103635575886
0.101428834075
0.0991773691272
0.0968918990589
0.0945859531792
0.0922819780663
0.0900177224656
0.0878482754969
0.0858405879054
0.0840630883652
0.0825748067797
0.0814166179337
0.0806069482167
0.0801399991964
0.0799893090689
0.0801099012611
0.080454322625
0.0809160439649
0.0810002994622
0.081224272234
0.0812688557053
0.0812947416111
0.0812778726231
0.0812641759146
0.119767195708
0.119742125003
0.11969751255
0.119673530349
0.11966934422
0.119647821199
0.119608287445
0.119562356326
0.119518615977
0.11947815915
0.11940650511
0.119304425697
0.119182322859
0.119067881377
0.119066859728
0.119113146198
0.119135587912
0.119150739719
0.119161135422
0.119188019609
0.119216246291
0.119260118651
0.119294687059
0.119351471612
0.119450395774
0.119628690758
0.11986366753
0.120128320485
0.120403632085
0.120664618916
0.120888053717
0.121058197069
0.121157482636
0.121164849573
0.121056345399
0.120826318014
0.120441450224
0.120151875271
0.118862129964
0.118426278959
0.11947417254
0.120416360798
0.12088922513
0.12111095878
0.120759650258
0.120007285949
0.118944507059
0.11766115059
0.116212653171
0.114634509202
0.11294852776
0.111168902968
0.109305506083
0.107365978372
0.105356641496
0.103283759057
0.101153619494
0.0989739094319
0.0967532292673
0.094503488878
0.0922393001093
0.0899863891628
0.0877885075223
0.085707932313
0.083816928429
0.0821849088432
0.0808667613867
0.0798947024808
0.0792762534238
0.0789951215573
0.0790194878214
0.0792973326285
0.0797701232907
0.0803131866608
0.0811074581152
0.0805093160247
0.0803991058149
0.0803783093788
0.0803737441105
0.0803721531606
0.119513129004
0.119473200689
0.119423998848
0.119413461126
0.119440501252
0.119441174612
0.119404974618
0.119350160371
0.119320648958
0.119282785164
0.119246955711
0.119178078855
0.119095505095
0.119052904641
0.1190625958
0.119096067646
0.119113293319
0.119123906029
0.119139248439
0.119160134887
0.119177588016
0.119197448978
0.119215707008
0.119240051239
0.119294496837
0.119389015187
0.11951735241
0.11966440709
0.11981134021
0.119935585483
0.120022715293
0.120056956818
0.120019702822
0.119888977755
0.119632849531
0.119207765487
0.118477625406
0.117247966443
0.117361570126
0.11680663054
0.116802688331
0.118134583655
0.118620553979
0.118723202808
0.118273707148
0.117462215325
0.116368843735
0.115075055827
0.11362771853
0.112057300221
0.110382674702
0.108616570425
0.106768284296
0.104845477309
0.102854718076
0.100802794271
0.0986964452274
0.0965441399988
0.0943550331457
0.0921422662167
0.0899214281247
0.087722208613
0.0855952915186
0.0836105378108
0.081844833233
0.0803669017997
0.0792250828544
0.0784393705252
0.078001281167
0.0778791132038
0.0780354060566
0.0784079809248
0.0789458379726
0.0796187890697
0.0795985466393
0.0794532615254
0.0794099529327
0.0794101007708
0.0794190042887
0.0794221782279
0.119306511645
0.119249971037
0.11915721887
0.119214654632
0.119259513164
0.119282406764
0.119260838068
0.119211291587
0.119190126658
0.119146263376
0.119120131795
0.119087924302
0.119013782541
0.119040664872
0.119054021312
0.119073114605
0.119082856067
0.119088161731
0.119109752157
0.119128442481
0.11911807383
0.119111542174
0.119096435007
0.119088073927
0.119092152293
0.119114116492
0.119150442872
0.119192334852
0.119222308819
0.119228568261
0.119198790138
0.119119678485
0.118977025533
0.118753504929
0.11841525659
0.117887493688
0.116840323499
0.116550288265
0.116710392148
0.116509180108
0.115942099157
0.116702218938
0.116829902563
0.116663970452
0.116019678184
0.115086167877
0.11391928386
0.112584618395
0.111116449897
0.109537938809
0.107863426329
0.106102986871
0.104264434073
0.102354787715
0.100380366726
0.0983481844579
0.0962651616297
0.0941404715882
0.0919836408115
0.0898091564473
0.0876334529936
0.0854910990581
0.083440666822
0.0815597427446
0.0799288301566
0.0786144957529
0.077657502011
0.0770652453834
0.0768130634685
0.0768476125513
0.0770968784221
0.0774664314008
0.0781376000387
0.0783096947293
0.0783638287172
0.078352578784
0.0783637655215
0.078386712721
0.0784066877058
0.0784151118202
0.119164682437
0.119111601881
0.119087268818
0.119095344245
0.119141151503
0.119169222667
0.119156796302
0.119130459077
0.119089688191
0.11903711939
0.11902170846
0.11904241368
0.119003895937
0.119020524302
0.119033678078
0.119048890882
0.119053127586
0.11904376193
0.119071819305
0.119055729324
0.11903381784
0.11899370943
0.118948997649
0.11890091364
0.118852429156
0.118806189434
0.118759601203
0.118705168851
0.118633754645
0.118537249401
0.11840753449
0.118237767653
0.118023289961
0.117758924039
0.1174292569
0.117014112247
0.116493808033
0.116505047626
0.116417362916
0.11637420358
0.11546709688
0.115676966966
0.115321654623
0.114827094283
0.113943217595
0.112849320594
0.111578192048
0.110179338532
0.108672776309
0.107073126854
0.105389205083
0.103627605412
0.101793984129
0.0998942177547
0.0979339809263
0.0959203048443
0.093860067006
0.0917631494078
0.0896392746901
0.0875044958733
0.0853759221083
0.0832942077264
0.0813266810483
0.0795582783493
0.0780712246549
0.0769272630391
0.0761576066705
0.0757602476937
0.0757103752923
0.0759507277572
0.0763560155068
0.0766490478443
0.0770196629815
0.0771107501573
0.0771793088929
0.0772223155819
0.0772675327434
0.0773088805895
0.0773374313157
0.0773538860186
0.119092282925
0.119053417641
0.119066573234
0.119068839281
0.119077399887
0.119099393013
0.119089482827
0.119071450329
0.11902719634
0.11900164895
0.118964987135
0.118957881918
0.118995316599
0.119003950052
0.119014455407
0.119031039732
0.119042875903
0.119039830655
0.118980298832
0.118971206951
0.118921074981
0.118855158686
0.118775636892
0.118683902854
0.118582392716
0.118471159637
0.118347049125
0.118205951742
0.118042542235
0.117853604902
0.117636832134
0.117393365561
0.117129162619
0.116849544155
0.116561893717
0.116310256511
0.116181865173
0.116460619607
0.115809087833
0.113964625342
0.114316633074
0.114656585876
0.113944855168
0.113123447402
0.111985931561
0.110712723324
0.109318643251
0.107840662593
0.106284260465
0.104654783197
0.102954922395
0.101187312232
0.0993550626666
0.0974626288413
0.0955148061176
0.0935185738168
0.0914806126661
0.089411633141
0.0873213856684
0.0852278527093
0.0831485947172
0.0811319635078
0.0792548179418
0.0776086949529
0.0762749694105
0.0753060138093
0.0747165946762
0.0744892684576
0.0745976723812
0.0749782130062
0.0755216864221
0.0763491509702
0.0759823470589
0.0759619627647
0.0760003203721
0.0760533005694
0.0761102707753
0.0761625552231
0.0761938553511
0.0762143556006
0.119062067759
0.119055375591
0.119063735426
0.119064951698
0.119060576453
0.119064030573
0.119049947961
0.119028860256
0.118999973665
0.118972565001
0.11895623165
0.118946178226
0.118967917407
0.118978913995
0.118994033529
0.119020820594
0.119045960262
0.119045356431
0.118952864018
0.118883441754
0.118800034177
0.118700224077
0.118582965777
0.118445805301
0.118290746372
0.118116286501
0.117918619031
0.117695027405
0.11744471917
0.117168428728
0.116869851154
0.116557080577
0.116245492212
0.115947543855
0.115696256072
0.115516170771
0.11537793263
0.114959914028
0.115619365228
0.114221033727
0.113589685463
0.113827891453
0.112727563831
0.111517376459
0.110096458653
0.10863190824
0.107106709608
0.105543971703
0.103933757348
0.102271352269
0.100552968819
0.0987771492355
0.0969444067291
0.0950577778577
0.0931211521635
0.0911415638486
0.0891254310202
0.0870845554265
0.0850285408855
0.0829778376573
0.0809501349372
0.0790035887119
0.0772251867566
0.0757121721423
0.0745428877308
0.0737578626482
0.0733539906553
0.0732883401547
0.0734719277405
0.0738159368187
0.0746506761549
0.074761536991
0.0747131829911
0.0747249615218
0.0747666978974
0.0748185756816
0.0748696730965
0.0749184134767
0.0749486706715
0.0749623061614
0.119064192778
0.119057479537
0.119062813011
0.119067906867
0.119058720721
0.119043516753
0.119022257074
0.118993085722
0.11897592758
0.11896274642
0.11896156878
0.118956579205
0.118955414703
0.118954967445
0.118967315934
0.119005327696
0.119029108804
0.1189585672
0.11887191657
0.118775292323
0.118664003978
0.118532860717
0.11837590819
0.118193089975
0.117984912655
0.117747598564
0.117477663116
0.117173398101
0.116836320804
0.116471629216
0.116085903556
0.115692527562
0.115316163465
0.114996035473
0.114790645119
0.114728110169
0.11481941498
0.11478110474
0.116041987925
0.114894957112
0.113403036958
0.113160231554
0.111578194298
0.109924871999
0.108199702867
0.106548086909
0.104900112459
0.103259804104
0.101601218803
0.0999094723246
0.0981745507269
0.0963913127318
0.0945580754458
0.09267680505
0.0907507091305
0.0887871862646
0.0867924190804
0.0847797268526
0.0827583566218
0.0807519638713
0.0787778546258
0.0769066393479
0.0752355238272
0.0738658180039
0.0728697990293
0.0722757207574
0.0720740808838
0.0722183393103
0.0725613063326
0.0728033899299
0.0732938861803
0.0734039092349
0.0734162423257
0.0734396573952
0.0734758730471
0.0735160782295
0.0735522661605
0.0735834064763
0.0736086134905
0.0736129235051
0.119058068804
0.119052828325
0.119054700984
0.119066659536
0.119045959628
0.119025501945
0.119002453718
0.118975607159
0.118970906662
0.118961420438
0.118960813974
0.118950369301
0.118935307489
0.118920224119
0.118916204141
0.118962981337
0.11891891941
0.118858079209
0.118765002254
0.118651953777
0.118517911339
0.118353888153
0.118159479043
0.117932353815
0.117671490469
0.117372406311
0.117029786154
0.116643077643
0.116216189692
0.115753869353
0.115259432439
0.114752483716
0.114281930696
0.113917915805
0.113743659957
0.113856879043
0.114341214176
0.115497752523
0.116750859617
0.115781071382
0.113501430514
0.112353040421
0.110253850954
0.108187838698
0.106188622047
0.10438840123
0.102651135215
0.100957311592
0.0992667833736
0.0975564087608
0.0958114846198
0.0940244256269
0.0921923269079
0.0903168209633
0.0884009249509
0.0864529172869
0.0844788546184
0.0824941778132
0.0805074874321
0.0785466085826
0.076627651123
0.0748369781761
0.0732812705471
0.0720631619285
0.0712447579844
0.0708401443509
0.0708211577573
0.0710782801006
0.0715083358514
0.0725457947751
0.0721455615314
0.0721041867592
0.0720927426074
0.0721070907745
0.0721329653675
0.0721613837639
0.0721863933716
0.0722046690647
0.0722212244779
0.0722271904844
0.119030039489
0.119042959355
0.11904473843
0.119036282175
0.119026093987
0.119007224347
0.11898665728
0.118968038867
0.118965974655
0.118951349737
0.118947446513
0.118930089098
0.118905999684
0.118886411504
0.11889848961
0.118828599607
0.118819918072
0.118754384795
0.118653655035
0.118524956281
0.118364796504
0.118171013294
0.117941486995
0.117671501192
0.117358781043
0.116996720166
0.116580185471
0.11610786519
0.11558201536
0.114997572569
0.114353684729
0.113694817961
0.113077364093
0.112587810471
0.112360141354
0.11258909653
0.113469759614
0.11615031972
0.117404798979
0.116464775577
0.113307371393
0.110835524844
0.108350537355
0.106083215043
0.103940672417
0.102080414279
0.10031698173
0.0986114011353
0.0969156518209
0.0952033281794
0.0934583678105
0.0916729647598
0.089844550174
0.0879755055717
0.0860693801251
0.0841360160217
0.0821815053932
0.080224199584
0.078271631166
0.0763570369378
0.0744941177107
0.0727890780502
0.0713559528398
0.070295026692
0.0696567639888
0.0694442548537
0.069594870949
0.0699352237731
0.070439158467
0.0707918479095
0.0707423481906
0.0707217851834
0.0707153030669
0.0707252918404
0.0707441617539
0.0707655903815
0.0707850973128
0.0707990903323
0.0708106320416
0.070819523757
0.119029784377
0.119035997594
0.119045260889
0.119032501647
0.119011051266
0.118989777338
0.118969267802
0.118951896492
0.118945484446
0.118930972611
0.118925679398
0.118904606059
0.118874804057
0.118839806376
0.118870583319
0.118807348065
0.118757396554
0.11866810398
0.118550017064
0.118399813769
0.118215241291
0.11799286339
0.117728612018
0.117417131569
0.117052814318
0.116628069624
0.116134612634
0.115570552975
0.114925948714
0.11418239034
0.113360392096
0.112496367632
0.111628149843
0.110844215121
0.110283152236
0.110111674336
0.110614349747
0.112358933464
0.117755877697
0.111752378093
0.111133533494
0.108094407045
0.105532420371
0.103418353095
0.101366586811
0.0995820161577
0.0978774860281
0.0962128966917
0.0945439681107
0.0928487640859
0.0911146556172
0.089336527194
0.0875140461681
0.085651588391
0.0837540754961
0.0818336801026
0.0798966920947
0.0779653428441
0.0760454720202
0.0741773347936
0.0723705822429
0.070756378981
0.0694518439147
0.0685506397014
0.0680925153194
0.0680604285532
0.0683211669551
0.0687698543954
0.0697050911784
0.0694474169284
0.0693487442879
0.069306334933
0.0692931516458
0.0692986088367
0.0693134944036
0.0693318731707
0.0693494978266
0.0693616931067
0.069372942865
0.0693830546454
0.11902734662
0.119025028444
0.119043461421
0.1190172415
0.118994817355
0.118971929094
0.118949548717
0.118929895338
0.118916175916
0.118905493703
0.118900716347
0.118880096181
0.118853647094
0.118816963536
0.118785301491
0.118769911191
0.118693853212
0.118589813935
0.118452613448
0.118281039215
0.118072850244
0.117823726232
0.117527605343
0.117175654828
0.116761103575
0.116271456789
0.11569854074
0.115031004255
0.114243547931
0.113330844818
0.112304113129
0.111162867206
0.109947643209
0.108734973326
0.1075793113
0.10652594064
0.105661180577
0.105102573598
0.105192885435
0.102926691355
0.10601811972
0.103918039945
0.101749131549
0.100167383006
0.0984769518406
0.0969153939871
0.095352561344
0.0937771537464
0.0921630556434
0.090500775406
0.0887858179577
0.0870184810411
0.0852024081544
0.0833450701374
0.0814535559739
0.0795430980687
0.0776202947825
0.0757123910923
0.0738225976874
0.0720002395833
0.0702487449354
0.0687305737257
0.067559599179
0.0668211791364
0.0665437434571
0.0666595449755
0.0669966886146
0.0676378199862
0.0678773106627
0.0678654178585
0.0678396549159
0.0678251490854
0.0678229309058
0.0678325653179
0.0678488736822
0.0678679526254
0.0678869941714
0.0679009358639
0.0679136081395
0.0679239525174
0.119017623968
0.119010234912
0.118992499349
0.118997050425
0.118978473221
0.118954124119
0.118928839523
0.118905866594
0.118886214823
0.118880004158
0.118877225391
0.118861305498
0.118845196675
0.118828764916
0.118791795599
0.118736722592
0.118643644513
0.11852093331
0.118361954133
0.118171038471
0.117942670341
0.117669630578
0.117342573802
0.116952696832
0.116487739705
0.115932941649
0.115277745781
0.114498179013
0.113570828821
0.112483576726
0.111220395691
0.10977390607
0.108210592174
0.106548091784
0.104751668352
0.10275884862
0.100457685948
0.0976888587749
0.0932634204506
0.0951383489487
0.0967930589959
0.098027948524
0.0973379483461
0.0965995911791
0.0954336790631
0.0941809020175
0.0928050484466
0.0913439779683
0.0897986834378
0.0881762689546
0.0864828646376
0.084725667527
0.0829133391015
0.0810571030981
0.0791668207439
0.0772613654978
0.0753476870092
0.0734593400864
0.0715955727225
0.0698174208644
0.0681189177639
0.0667005676031
0.0656647034366
0.0650939934202
0.0649960185663
0.0651997982874
0.0656419320617
0.0666310415912
0.06637994869
0.0663323671541
0.0663173610419
0.066319046082
0.066330530671
0.0663496903515
0.0663726898415
0.0663964019108
0.0664185867844
0.0664383309899
0.0664548914344
0.0664664977683
0.119009291245
0.11900508188
0.118997852004
0.11899948897
0.118969499491
0.118938735744
0.118908658509
0.118881862578
0.118859567757
0.118856994643
0.11885670325
0.11884720799
0.11884295987
0.11884784255
0.118817572856
0.118724848276
0.11860733475
0.118457934527
0.118282750056
0.118076292773
0.117826573687
0.117531196437
0.11717884195
0.1167533464
0.116238002296
0.115623053527
0.114888143809
0.114001829157
0.1129392619
0.111676448011
0.110169580527
0.108452506998
0.106581036126
0.104500940696
0.102127781492
0.0993018538907
0.095777656057
0.0903843375399
0.0883491868534
0.0888868186562
0.0896067749935
0.0925595691416
0.0932042795146
0.0931937368607
0.0924893460225
0.0915200892416
0.0903195248497
0.0889660594402
0.0874847307408
0.085897458534
0.0842203373349
0.0824672479318
0.0806519752796
0.0787895703123
0.076893030046
0.0749852326768
0.0730735070661
0.071199208765
0.0693559510055
0.0676202307116
0.0659722817681
0.0646573416026
0.0637541807951
0.0633452848925
0.0633967244033
0.0636904275763
0.0643428013179
0.06471808977
0.0647380915641
0.0647552726439
0.0647770572578
0.06480607193
0.0648390456902
0.0648757196889
0.064913228342
0.0649487152039
0.0649796343291
0.0650066830226
0.065025908343
0.0650360474033
0.119005969547
0.119005455095
0.11900237436
0.119004398297
0.118962426944
0.118924339575
0.118888914918
0.11885823807
0.118835751725
0.118836886335
0.118837745099
0.118832198444
0.118837061198
0.11886681942
0.118832419465
0.118705114978
0.118567819721
0.11840399274
0.118214264148
0.117990053655
0.117727313805
0.117418492898
0.117040098127
0.116577697023
0.116023880004
0.115356578133
0.114543413395
0.113561852807
0.112380075467
0.110941856142
0.109222731736
0.107297347269
0.105165380211
0.102758781189
0.0999767992239
0.0966474752014
0.0925484710173
0.0865038689073
0.0854475324009
0.0847709291106
0.0863388194041
0.0889449024232
0.0899647284596
0.0902835359794
0.08983892655
0.0890516071194
0.0879717898515
0.0866934412521
0.0852549048356
0.0836872694328
0.082013686046
0.0802531816455
0.0784239845716
0.076544522006
0.0746310953887
0.0727106990484
0.0707911577387
0.0689233311501
0.0670933619086
0.0653987129907
0.0638003180518
0.0625995902256
0.0618447659738
0.0615955756394
0.0616723026302
0.0620056254599
0.0632666855181
0.0631071604785
0.0631308202227
0.0631783319641
0.0632358092819
0.0632991312806
0.063363262235
0.06342650189
0.0634864804423
0.0635405664327
0.063586589224
0.063622247074
0.0636438000342
0.063650671092
0.119003978468
0.119005570308
0.119002882159
0.119004521377
0.118954691467
0.118910149074
0.118869374902
0.118833267989
0.118802508078
0.118818665723
0.118817949526
0.118809103199
0.118802723377
0.118857837649
0.118778157712
0.118659284037
0.11851714213
0.118349905702
0.11815181718
0.117919635323
0.117650124344
0.117324993128
0.116924316155
0.116441405758
0.115857465834
0.115136706991
0.114261422176
0.11320488888
0.111913511259
0.110322519484
0.108444040239
0.106355315897
0.104029694003
0.101402458629
0.0983859399387
0.0948498155066
0.0906744575343
0.0849993093489
0.0849583903489
0.0845676792685
0.0849776563608
0.086816649335
0.0876217328533
0.0879445783784
0.0875637679367
0.0868417209289
0.0858122107397
0.0845636307497
0.0831367823793
0.081565718923
0.0798770677704
0.0780928991331
0.0762347749147
0.074323697907
0.072379347818
0.0704326473442
0.0684922069543
0.0666201871251
0.0647934287376
0.0631377018176
0.0615863309365
0.0605157959886
0.0599494519151
0.0599257848013
0.0601177852212
0.0603500635237
0.0611553557967
0.0613093701158
0.061452855414
0.0615743185867
0.0616891991358
0.0618000841267
0.0619076310634
0.0620066465675
0.0620957464447
0.0621728692071
0.0622364321652
0.0622831278196
0.0623126201225
0.0623239796091
0.119001807228
0.119007145075
0.119000530605
0.119001964152
0.118946589007
0.11889681805
0.118852497291
0.118813307535
0.118807282078
0.118808822506
0.118799983319
0.118783225995
0.118755964899
0.118744193989
0.118706906382
0.118601820759
0.11846085117
0.118292671985
0.118096038881
0.117863964458
0.117588919065
0.11725524762
0.11684762606
0.116352508108
0.115737962782
0.114976977621
0.114057749444
0.112941653543
0.11156568938
0.109857060235
0.10785848946
0.105654265876
0.103199008779
0.100440920034
0.0973161672319
0.0937453967202
0.0897022197074
0.0845874963338
0.0849884441667
0.0840517924778
0.0843109067643
0.0855905219662
0.0859698709497
0.0861151012375
0.0856637023839
0.0849106205807
0.0838649253251
0.0825991545406
0.0811494681119
0.0795481238276
0.0778221102734
0.0759945206869
0.0740890476122
0.0721283218156
0.0701354930778
0.0681448710767
0.066166365448
0.0642749106003
0.0624359826482
0.0608123930062
0.0592992910819
0.0583758455193
0.0580008025947
0.0580751954299
0.0583980827195
0.0599406395259
0.0595600930266
0.0596112167317
0.0597744623159
0.0599578624448
0.0601413200234
0.0603134491625
0.060474063179
0.060617041842
0.0607414689646
0.0608464337486
0.0609310050985
0.0609911190371
0.0610320434365
0.0610528628181
0.118994697452
0.11900300169
0.118989801916
0.118991932001
0.118936464494
0.118885074535
0.118843005379
0.118811124671
0.118801631842
0.118799992565
0.118787554728
0.118765795115
0.118736957144
0.118705508809
0.11866556571
0.1185577105
0.118411720419
0.118238661992
0.118041737056
0.117817281717
0.117549894662
0.117218886072
0.116811064467
0.116306070243
0.11567238027
0.11489057602
0.113944411793
0.11278624965
0.111346557112
0.109559483527
0.107486725646
0.105205608953
0.102672705286
0.0998474452855
0.0966872364523
0.0931492232627
0.0892595337118
0.0844887558992
0.0851711493829
0.0842352442544
0.0839624517476
0.0848650582176
0.0848150208614
0.084701177169
0.0841008607472
0.083249583485
0.0821343991484
0.0808097476671
0.0793040518819
0.0776449772482
0.0758576872274
0.073964709904
0.071990774311
0.0699592120696
0.0678968553152
0.0658405323452
0.063802491658
0.0618712746506
0.0599978117826
0.0583887079457
0.0568875189913
0.0561276628302
0.0559639164519
0.0561379112126
0.0566551219366
0.0574716589757
0.0575338955972
0.0577390051636
0.0580135976916
0.0583075292145
0.0585840444853
0.0588377046831
0.0590629236052
0.0592580746073
0.0594235391373
0.0595601922417
0.0596679113553
0.0597461579965
0.0598003371897
0.0598304121938
0.118980927454
0.118966814759
0.118974657985
0.118977148367
0.118922503173
0.118872114736
0.118830251969
0.118797620042
0.118790763419
0.118794256948
0.118781699643
0.118757987135
0.118733554686
0.11870131164
0.118658332972
0.118528965436
0.118367821993
0.118189142243
0.117996887196
0.11778209131
0.11752579824
0.117208942156
0.116811444318
0.116306292512
0.115666944357
0.114877327131
0.113918514825
0.112742353986
0.111275648689
0.10944920905
0.107331047253
0.105008832139
0.102438849234
0.0995884517266
0.0964296320703
0.092943708915
0.0891881572881
0.0847013425766
0.0854261868244
0.0845326422557
0.0839026235648
0.084449581492
0.0840109687072
0.0836145693327
0.0828268146834
0.0818361700687
0.080613383716
0.0791964009635
0.0776056106456
0.0758629503632
0.0739904814578
0.0720090777471
0.0699435584567
0.0678171414213
0.0656606787632
0.063512377148
0.0613890974826
0.0593939630472
0.0574608486429
0.0558444392085
0.0543106690558
0.0536772576297
0.053604518375
0.0538880972388
0.055099681442
0.0553326359557
0.05549376235
0.0558050090418
0.0561996211368
0.0566307366593
0.0570233608756
0.0573753365948
0.0576793692734
0.0579361649579
0.0581485310545
0.0583201942174
0.0584526278744
0.0585520607427
0.0586193523106
0.0586574494096
0.118975038876
0.118965198536
0.118968410246
0.118966282329
0.1189136347
0.118868265684
0.118830097262
0.118798158399
0.118794146248
0.11879642621
0.118781324085
0.118754886525
0.118730461489
0.118667266868
0.118648708249
0.118508178288
0.118331091438
0.118144193117
0.117957253737
0.117759104331
0.117523310887
0.117224400828
0.116839201823
0.116343532016
0.115714857499
0.114939197133
0.113992966386
0.112820986469
0.11135085597
0.109516003251
0.10738860468
0.105058790738
0.102484475692
0.099636012366
0.0964914831209
0.0930438094256
0.0893664155657
0.0850582873146
0.0857018614216
0.0849052465573
0.0840187145263
0.0842244459989
0.0834529880501
0.0827833673804
0.0817961819361
0.0806447496173
0.0792897261058
0.0777555050652
0.0760556827988
0.074206421243
0.0722260307683
0.0701330008648
0.0679513388345
0.06570344892
0.0634244822496
0.0611524775023
0.0589126777302
0.0568238732838
0.0548053683858
0.053177993866
0.0516217148888
0.0511303377214
0.0509317448945
0.0512103930452
0.0528718941347
0.052954729417
0.0533147024044
0.0537838800921
0.0543349668854
0.0549271041305
0.0554690380355
0.0559390125463
0.056338024728
0.0566681891809
0.0569345352247
0.0571450072249
0.0573055453925
0.0574250054293
0.0575041028956
0.0575469608483
0.118972764986
0.118961972292
0.118964118133
0.118962217504
0.118911639453
0.118868815677
0.11883239613
0.118801188629
0.118799428776
0.118799660479
0.118783564517
0.118755954625
0.118728369747
0.118701222394
0.118715801409
0.118512774879
0.118296916934
0.118090486789
0.117907437578
0.117738640652
0.117540233284
0.117269373263
0.116903125075
0.116423366033
0.115815512327
0.115067709589
0.114149159521
0.113005239354
0.111567362395
0.109762488023
0.107658229632
0.105352036174
0.102802840237
0.0999769693129
0.0968478451717
0.0934053628944
0.0897248204482
0.0854461722009
0.0859503686263
0.0853023047904
0.0842424762096
0.0841185348997
0.0830725663017
0.0821564488598
0.0809734754541
0.0796526768586
0.0781509526282
0.0764820475695
0.0746544854148
0.0726790944411
0.0705700512239
0.0683428328112
0.066019572669
0.0636211640941
0.0611869003424
0.0587526407659
0.0563570733443
0.0541322756998
0.0519851814008
0.0503335899851
0.048816345211
0.0487112269657
0.0486903249819
0.0486236174699
0.0499464841764
0.0504392018594
0.0510138350214
0.0516815974573
0.0524256538196
0.0532089075427
0.0539349806268
0.054549170262
0.0550604447214
0.055476273148
0.0558040821957
0.0560579899738
0.0562499234227
0.0563893987757
0.0564809231131
0.0565271331886
0.118953049631
0.118955951663
0.118957177419
0.118944256431
0.118916299285
0.11887504361
0.118838829917
0.118806013743
0.118804944478
0.118800509881
0.118786887589
0.118765221959
0.118746868568
0.118738681234
0.11875659458
0.118515639261
0.118251993637
0.118018850681
0.117843435784
0.117720894681
0.117573880125
0.117338875196
0.116999358047
0.116544789237
0.115966934884
0.115255097017
0.114378440465
0.113280899077
0.111905613299
0.110181923949
0.108140732668
0.105887831608
0.103396617263
0.100618198168
0.09750795789
0.0940326718385
0.090247657932
0.0857989202573
0.0861381905116
0.0856615569032
0.0845257686326
0.0840975604493
0.0828317155006
0.0817016082973
0.0803335469533
0.0788419435012
0.0771862606028
0.0753715469259
0.073402623945
0.0712855248333
0.0690299318117
0.0666475563412
0.0641572207377
0.061577317132
0.0589499071137
0.0563062956062
0.0537056969888
0.0512871354239
0.0489457792342
0.0472056933464
0.0456048813155
0.0456725322681
0.0459994492775
0.0484313754545
0.0476193753707
0.0479578788012
0.0486351990881
0.0495077130486
0.0504778793293
0.0514865898096
0.0524379679527
0.0532272323002
0.0538682954454
0.0543817029292
0.0547818211771
0.0550852857201
0.0553091102326
0.0554671787757
0.0555716742786
0.0556207787625
0.118950418738
0.118955102847
0.118951778811
0.118946171782
0.118944886162
0.11889150773
0.118850572619
0.118819692244
0.118805707583
0.118794717437
0.118788293636
0.118771038838
0.118754022396
0.118747959803
0.118752983074
0.118512125711
0.118190642065
0.117921903893
0.117784601773
0.117704522525
0.117626213634
0.117435647021
0.117125531595
0.116695057086
0.116153593623
0.115491185854
0.114673377266
0.113645209268
0.112353964296
0.110749074514
0.108821401405
0.106663842483
0.104276798558
0.101588797026
0.098522626824
0.0949928822598
0.0909921218956
0.0860773538009
0.086252499179
0.0859355821425
0.0848471118985
0.0841550346122
0.08270539349
0.0813924681025
0.0798561207893
0.0781984770991
0.0763876386259
0.0744215940703
0.0723025637113
0.0700324640335
0.0676161198531
0.0650604809249
0.0623791985246
0.0595865961485
0.0567238673202
0.0538143011056
0.050944194881
0.0482493541324
0.0456400385958
0.0437897258186
0.0420052989578
0.0419444083007
0.0423664466593
0.0442446550348
0.0443332585804
0.04504314824
0.0460456539989
0.0472292141231
0.0484928206356
0.0497706277564
0.0509867311202
0.0519906955798
0.0527822441467
0.0534024144205
0.0538799741844
0.0542375909961
0.0544963911381
0.0546720025577
0.0547883181899
0.0548425914443
0.118947998541
0.118954432158
0.118947766508
0.118947828713
0.118950173206
0.118901209813
0.118857218184
0.118819579824
0.118783304322
0.11879690471
0.118791020626
0.11877107451
0.118746870275
0.118731695536
0.118670473934
0.118511904994
0.118119833813
0.117830936623
0.117718093742
0.117701924081
0.117688421403
0.117553127541
0.117278325789
0.116867139394
0.116360579898
0.115757600361
0.115019038486
0.114079869823
0.1128874583
0.111430351151
0.109683975758
0.107675290155
0.105458984118
0.102937703745
0.0999913650949
0.096445439869
0.0921450352179
0.0862181974059
0.0862913302318
0.0859280476684
0.085123809791
0.0842432284544
0.0826483487977
0.0812005271358
0.0795288378314
0.0777172211457
0.0757534524791
0.0736337888652
0.0713596025068
0.0689294174635
0.0663425759277
0.063599766298
0.0607071912469
0.0576730066735
0.0545320774747
0.0512961978233
0.0480768138409
0.0449727647257
0.0419513845039
0.0399492458806
0.0381317233014
0.038491317681
0.0388455835435
0.0399817677067
0.0406688206459
0.0418271547275
0.0432735965761
0.0448659746923
0.0464924733753
0.0480839193048
0.0495927058576
0.050851875448
0.0518182829319
0.0525571551142
0.0531136112833
0.05352297697
0.0538166935745
0.054012970788
0.0541388008265
0.0542034883042
0.118941183602
0.118939053538
0.118942812179
0.118945076368
0.118946320619
0.118901937812
0.118862304024
0.118828149548
0.118795330611
0.118814146087
0.118794591873
0.118770111555
0.11873832596
0.118713482537
0.1187036031
0.118666178996
0.11799346242
0.117708949011
0.11770189252
0.11769642707
0.117680926688
0.117646740835
0.117467901546
0.117041684715
0.116558171238
0.116026754095
0.115397786612
0.114575048579
0.113476354729
0.112145003752
0.110651044274
0.108912226534
0.106949150733
0.104718264578
0.102057858003
0.0986897429732
0.0942153382561
0.0866172725848
0.0863221139655
0.0857657639105
0.0850081583
0.0842336460885
0.08266450845
0.0811547601599
0.0793776571288
0.0774141539515
0.075291444821
0.0730131539785
0.070580377535
0.0679872685093
0.0652257530976
0.0622875928774
0.0591682465704
0.0558662697099
0.0524041883075
0.0487844229138
0.0451369514512
0.0414710968111
0.0378222053472
0.0352796471152
0.0327492166781
0.0338374221073
0.0375492997894
0.0358292420701
0.0366685980006
0.0383301134741
0.040352599968
0.0424626399829
0.0445230956687
0.0464677790428
0.048280308594
0.0498194179058
0.0509823045887
0.0518504068547
0.0524928556491
0.0529551015084
0.0532786378703
0.0534939625245
0.0536288991486
0.0537023425266
0.118937764181
0.118935298525
0.118940258988
0.118941615976
0.118941001493
0.11889941264
0.118864905055
0.11883553291
0.118811934687
0.118820164171
0.118783486632
0.118767881669
0.118734287443
0.118708646236
0.118646831839
0.118253240647
0.117615957726
0.117660184963
0.117687063955
0.117662152875
0.117628648847
0.117609545593
0.117540741993
0.117160596967
0.116693525405
0.116258997245
0.115794992564
0.115145223031
0.114105482131
0.112799277083
0.111562694168
0.11025388108
0.108737053144
0.106948722673
0.104866032644
0.102225368159
0.098656272506
0.093517666519
0.0866780149701
0.081538074152
0.083914619189
0.0844544287479
0.083082490037
0.0814320013306
0.0794780397786
0.0773159209028
0.075007380206
0.0725601538938
0.069968187183
0.0672161061569
0.0642845508407
0.06115244334
0.0577995375598
0.054207393903
0.0503753219164
0.0462958594696
0.0421061746552
0.0377424128009
0.0334845457677
0.0303105538378
0.026052969471
0.0266927545093
0.0298866800917
0.0295885656907
0.031686914703
0.0344320614304
0.0373212328189
0.0400969417795
0.0426623131259
0.0449921178665
0.0471038846038
0.0489120416232
0.0502806926846
0.0512789406021
0.0520071099226
0.0525267823918
0.0528826327152
0.0531131113341
0.0532513965214
0.0533154509282
0.118937819939
0.1189373227
0.118939053581
0.118939370514
0.118938251083
0.11889321133
0.118862567029
0.118835336326
0.118806313823
0.11875193579
0.118788122374
0.118769246347
0.118714317492
0.118600126871
0.118398228064
0.117882167745
0.117649527411
0.117692933486
0.117658009205
0.117522661088
0.117500153021
0.117505531191
0.117435682627
0.117250527094
0.116689191206
0.116324269263
0.11612379071
0.115925195209
0.114846188178
0.113260252917
0.112209702176
0.111366364456
0.110535150457
0.109492535987
0.108221317941
0.106670515239
0.104532209722
0.101282911948
0.096392461208
0.0853715937471
0.0854825238565
0.0860285885678
0.0843649582781
0.0821893886036
0.0798475568329
0.0774005567077
0.0748775050728
0.072260518564
0.0695215230676
0.0666284654459
0.0635472629622
0.0602412348043
0.0566702057104
0.0527889524239
0.0485539626653
0.0439148086361
0.0389364186085
0.0335247681107
0.0285994478326
0.0252078073589
0.0199012129625
0.0188238019203
0.0186092797601
0.0214839559434
0.0259289320093
0.0303464462633
0.0343773097215
0.0379291947199
0.0410306001488
0.043740742786
0.0461308040672
0.0481708242297
0.0497259303762
0.0508447493838
0.0516475361164
0.0522156839709
0.0526027874477
0.052848426786
0.0529884455218
0.0530415114743
0.118938326279
0.118938470224
0.118938895638
0.118936950916
0.118922413281
0.118871072245
0.118854050356
0.118840572997
0.118826424012
0.118809461691
0.118800583148
0.118772024094
0.118730450664
0.118602421705
0.118357928247
0.118015822992
0.117873140355
0.117999901062
0.11799314063
0.117275112475
0.117376675139
0.11742070678
0.117317829221
0.117022753808
0.116686903324
0.116550391021
0.116342401877
0.11615073929
0.115979458171
0.113238928687
0.11237771635
0.112141918997
0.112146087758
0.112202505821
0.112204933635
0.11220124763
0.112219478949
0.112146460989
0.111608230073
0.0956625032065
0.0918126970332
0.0893464559894
0.0862539165528
0.0831550963623
0.080292811681
0.0775502041303
0.0748397025272
0.0720894914173
0.0692423793889
0.0662489006203
0.0630618166429
0.0596311300748
0.055898931289
0.051792499833
0.047217021345
0.0420365196436
0.036104512466
0.0291086728211
0.0219154175593
0.0141703031354
0.00454566236678
0.00900515715778
0.00216618502686
0.0117599231448
0.0200185971912
0.0265937552948
0.0318899967019
0.0362050785383
0.0397880862285
0.0428171502043
0.0454278355261
0.0476394156694
0.0493337532056
0.0505468980406
0.0514094271994
0.0520140394081
0.0524250685584
0.0526860949776
0.0528346993595
0.0528915142483
0.118938154744
0.118937807127
0.118938064219
0.118931574693
0.118905921406
0.11887745245
0.118858436358
0.118843440938
0.118828919975
0.118814481825
0.118802239725
0.118800472813
0.118772208375
0.118677397277
0.118480494959
0.118201151955
0.118002373943
0.117926015967
0.117785223427
0.117530939253
0.117463338347
0.117467051921
0.117340985607
0.117067680295
0.116768330294
0.11651276375
0.116193242489
0.115812385067
0.114861070195
0.113558587475
0.112851385534
0.112603182534
0.112515142956
0.112469711964
0.112451620025
0.112483421451
0.11258824062
0.11277891805
0.113194670662
0.112946710003
0.101294946429
0.0924836822833
0.0874280707839
0.08366829889
0.0805143744734
0.0776272406108
0.0748323044005
0.0720247379752
0.0691322512198
0.0660971532064
0.0628663202381
0.0593839009682
0.0555840313527
0.0513809629752
0.0466534717954
0.0412123255432
0.0347459924529
0.0266008929843
0.015705014904
-0.00376414676979
-0.0222090593134
-0.00328615591341
0.000282607419672
0.00123583552357
0.0156245834414
0.0240988397122
0.0303854533288
0.0352211737267
0.0391057433111
0.0423233303454
0.0450623118454
0.0473665826729
0.0491309501888
0.0503955256594
0.0512932244661
0.0519185344018
0.0523414640963
0.0526116784834
0.0527712322537
0.0528339930841
)
;

boundaryField
{
    frontAndBack
    {
        type            empty;
    }
    upperWall
    {
        type            zeroGradient;
    }
    lowerWall
    {
        type            zeroGradient;
    }
    inlet
    {
        type            zeroGradient;
    }
    outlet
    {
        type            fixedValue;
        value           uniform 0;
    }
}


// ************************************************************************* //
