/*--------------------------------*- C++ -*----------------------------------*\
| =========                 |                                                 |
| \\      /  F ield         | OpenFOAM: The Open Source CFD Toolbox           |
|  \\    /   O peration     | Version:  v1806                                 |
|   \\  /    A nd           | Web:      www.OpenFOAM.com                      |
|    \\/     M anipulation  |                                                 |
\*---------------------------------------------------------------------------*/
FoamFile
{
    version     2.0;
    format      ascii;
    class       volScalarField;
    location    "165";
    object      p;
}
// * * * * * * * * * * * * * * * * * * * * * * * * * * * * * * * * * * * * * //

dimensions      [0 2 -2 0 0 0 0];


internalField   nonuniform List<scalar> 
6400
(
0.150254130608
0.150256164424
0.150261881022
0.150272686296
0.150287904362
0.150307235714
0.15033082495
0.15035983818
0.15039410936
0.15043333957
0.150482792393
0.150545143525
0.150616647852
0.150697507258
0.150789722526
0.150895421698
0.151014922454
0.15114737151
0.151291633724
0.151443344437
0.151595895365
0.15174860735
0.151906482913
0.152075796454
0.15226124915
0.152462722732
0.152676605409
0.152900568163
0.153134832125
0.153380641809
0.153639142274
0.15390916476
0.154184763564
0.154460246779
0.154734278799
0.155002644918
0.155263704548
0.15552700927
0.155792050138
0.156045910577
0.156290189995
0.156542893298
0.156813856829
0.157094602675
0.15737708503
0.157656976835
0.157930904935
0.158197649611
0.158456392894
0.158706673785
0.158949208221
0.159179304068
0.159391816235
0.159578404998
0.159740770562
0.15989104967
0.160025966931
0.160133348326
0.160210860679
0.160266228164
0.160303383936
0.160323142093
0.160328996135
0.160319387435
0.160287228183
0.160216211605
0.160101804781
0.159963861042
0.159825998077
0.15969691173
0.159575538857
0.159457127482
0.15933846125
0.15922602672
0.159119458526
0.15902262468
0.158938547194
0.158881661659
0.158844159041
0.158828232142
0.150251020655
0.150253127342
0.150258126448
0.150268699257
0.150285421373
0.150306288854
0.150330443692
0.150357926185
0.150390412837
0.15042976246
0.150478906076
0.150539866816
0.150611641158
0.150693655301
0.150786368503
0.15089075849
0.151009627467
0.151142894994
0.151289144519
0.151442610638
0.15159348615
0.15174374511
0.151900521378
0.152068992045
0.152254583638
0.15245705642
0.152670968632
0.152895405215
0.153130800613
0.153377556715
0.153635757359
0.153906003649
0.154183099203
0.154458663117
0.154733313428
0.155002092036
0.155262467102
0.155526249943
0.155792221199
0.156044892182
0.15628311879
0.156533271984
0.156810989076
0.157095981517
0.157380115744
0.157661717622
0.157936926697
0.158205187345
0.158464676124
0.158712481502
0.158949785856
0.159180221306
0.159403792671
0.15959283155
0.15975633924
0.159912034126
0.160043552324
0.160145470727
0.160222573587
0.160277968342
0.160314002687
0.160335321914
0.16034200515
0.160332868627
0.160301647708
0.160231933724
0.160115800602
0.159974852474
0.159833886304
0.159701451943
0.159576836148
0.15945483338
0.159331433864
0.159212982968
0.159104033419
0.159006932183
0.158926567941
0.158869377925
0.158831893974
0.158819093625
0.150242531473
0.150246135808
0.150250383843
0.150260034724
0.150276301224
0.150300116832
0.150327120815
0.150353880234
0.150384364326
0.150422624255
0.150471114644
0.150531379807
0.150603268013
0.150685997171
0.150778999098
0.150879985713
0.150997038327
0.151137985034
0.151288547464
0.151441091319
0.151587488347
0.151730727709
0.151885143468
0.152056479509
0.152242561245
0.152443930363
0.152659203754
0.152885829554
0.153122973523
0.15337125315
0.153630272038
0.15390140629
0.154181771766
0.154456422936
0.154728898175
0.155001648164
0.155261043722
0.15552138351
0.155787813942
0.15604263948
0.156288665237
0.156543448327
0.156815621237
0.157097166886
0.157380666004
0.157662349693
0.157939246905
0.158209563558
0.158471542689
0.158723629305
0.158965548677
0.159196466194
0.15941178982
0.159604873143
0.159781366396
0.159938550661
0.16006678536
0.160168029151
0.160245356131
0.160301207704
0.160338673766
0.160361025617
0.160367865267
0.160361914495
0.1603327041
0.160261463028
0.160145715342
0.160002288584
0.159853255787
0.159711674073
0.159577841042
0.159446590196
0.159317393038
0.159195086885
0.15908195868
0.158982732904
0.158903288235
0.158845651668
0.158808943877
0.158795308536
0.150231220385
0.150234749097
0.150237793518
0.150246625758
0.15026092119
0.150284623053
0.150320680708
0.150347293555
0.150375347804
0.150411665583
0.150459203164
0.150519094859
0.150591304054
0.15067359563
0.15076726184
0.150875646593
0.150999605524
0.151138428485
0.151281660151
0.151421233735
0.151561270906
0.15170779304
0.151864356826
0.152035313966
0.152222267899
0.152425240318
0.15264276396
0.152871890962
0.153111692883
0.153361804398
0.1536236174
0.153896526976
0.154178217676
0.154459606475
0.154727948285
0.154994287907
0.155259645959
0.155517469131
0.155774497232
0.156030695848
0.156285635242
0.156546744705
0.156819329818
0.157100137334
0.157383935844
0.157666823395
0.157945780918
0.15821863594
0.158483573982
0.158739071043
0.15898400003
0.159216711679
0.159434189495
0.159633360292
0.159813885382
0.159971309918
0.160100854848
0.160203403329
0.160281880577
0.160339101977
0.160377936311
0.160400700615
0.160409533882
0.160408866006
0.160384053582
0.160315902979
0.160196810963
0.160044348228
0.159881876393
0.159725866434
0.159580206458
0.159440865504
0.15930482386
0.159170725396
0.159045509043
0.158942581162
0.158864322245
0.158801033883
0.158756654998
0.158738169068
0.150213800558
0.150213897594
0.150217697141
0.150226761145
0.150242661282
0.150264858029
0.150296992359
0.150327287728
0.150357779656
0.150395052855
0.150442052189
0.150501879191
0.150575104799
0.15066402047
0.150767040338
0.150877830856
0.15099695755
0.15112333738
0.15125426228
0.151390247037
0.151531693798
0.151678787806
0.151836031942
0.152008095464
0.15219636594
0.152401400738
0.152621098714
0.152853519083
0.153096432296
0.153350393567
0.153614549782
0.15389284661
0.154181756654
0.154457703831
0.154725392391
0.154988221681
0.155244738267
0.155501413957
0.155759796469
0.156019524927
0.156280875849
0.156547460711
0.156822322142
0.157104127319
0.157389281348
0.157674195406
0.157955818909
0.158231786056
0.158500227921
0.158759588464
0.159008401451
0.159244827602
0.159466471994
0.159670851492
0.159855355277
0.160015367365
0.160147535591
0.160252825473
0.16033414477
0.160394323075
0.160435965485
0.160461435004
0.160473861634
0.160478866898
0.16045533192
0.160389761395
0.160270016409
0.160107540806
0.159926475183
0.159750202547
0.159588708632
0.159436078479
0.159280994923
0.159124899319
0.158987344997
0.158878353215
0.158789837045
0.158708077572
0.158655374749
0.158636017008
0.150180722252
0.150180021013
0.150187474734
0.150196562299
0.150214014423
0.150238318913
0.150267338
0.150298636277
0.150332467879
0.150371686808
0.150417559245
0.150478630292
0.150561741448
0.15065954809
0.150763010582
0.150868963009
0.150978672225
0.151095814888
0.151222888102
0.151357684737
0.151496406066
0.151642559204
0.151800906457
0.151974846754
0.152165156928
0.152371457247
0.152594897177
0.152830476936
0.153078257962
0.153336029255
0.15360664697
0.153888438872
0.154175898483
0.154459259394
0.154719395097
0.154970820862
0.155224282918
0.155482023482
0.155743311617
0.156007321933
0.15627426613
0.156546110272
0.156824542044
0.157108874204
0.157396529591
0.157684335339
0.157969304593
0.158249004976
0.158521577993
0.158785494379
0.159039209706
0.159280864026
0.159508155211
0.159718260018
0.159907522151
0.160071642123
0.160208332194
0.160318675539
0.160405227464
0.16047056071
0.160517111339
0.160548387774
0.160569099937
0.160576021824
0.160556584788
0.160490536534
0.160366787668
0.160192946521
0.159990020066
0.159788430494
0.159603768837
0.159423488572
0.159234999699
0.159054976182
0.158902545742
0.158778648231
0.158666603559
0.158566070125
0.158505356213
0.158478859859
0.150129808871
0.150133310344
0.150147078228
0.150161015134
0.150175363745
0.150199493758
0.150230687507
0.150262953652
0.150299473973
0.150340943666
0.150390875476
0.150455237504
0.15054681632
0.150645449796
0.150745414448
0.15084339747
0.150946433512
0.15106234252
0.151189359877
0.151318722917
0.151454019296
0.151600512061
0.151759848941
0.151934690785
0.152127015345
0.152338842251
0.152562944884
0.152803519247
0.153056437012
0.153323501424
0.153600013893
0.153881947252
0.154170971336
0.154445162272
0.154700372875
0.15494724845
0.155200325482
0.155460317944
0.15572520344
0.155993691415
0.156265950292
0.156543134704
0.156826079681
0.157114213177
0.157405501143
0.157697116006
0.15798619096
0.158270349373
0.15854782968
0.158817192748
0.159076906191
0.159325053687
0.159559132865
0.159775862278
0.159971248044
0.160141592379
0.160285383362
0.160403608849
0.160498089197
0.160570534896
0.160623771927
0.160663637443
0.160693037817
0.160702958095
0.160699277516
0.160635664138
0.160500601317
0.160307833563
0.160078208579
0.159843250036
0.159618634642
0.159392280512
0.159163853814
0.158958038218
0.158783387011
0.158631814473
0.158488429917
0.158371354294
0.158302544053
0.158268482466
0.150070318901
0.150077643161
0.150094272718
0.150115856832
0.150131852417
0.150155904509
0.150186290935
0.150220172122
0.150260290091
0.150299886092
0.150356955505
0.150433754196
0.150524105568
0.150620880795
0.150713965215
0.150804449747
0.150907307678
0.151025838948
0.151147939482
0.151272200819
0.151405122312
0.151551823159
0.151712467451
0.151890115877
0.152085939317
0.152300704745
0.152530735208
0.152769821538
0.153033443636
0.153313975233
0.153590331465
0.153867428331
0.154154684313
0.154420946246
0.154669027595
0.154918236436
0.155173757575
0.155436512121
0.155705138148
0.155978289603
0.156255923742
0.156538731115
0.15682701727
0.157120078213
0.15741609684
0.157712481651
0.158006525249
0.158296000849
0.158579304356
0.158855108776
0.159121903112
0.159377667871
0.159619629522
0.159844207151
0.160047538805
0.160226679113
0.160380637917
0.160509765982
0.160614205517
0.160694220838
0.160754150706
0.160802418709
0.16084061106
0.160865186118
0.160875830381
0.160835898316
0.160691152898
0.160467334068
0.160196376308
0.159909235632
0.159623680547
0.159337414853
0.15906597715
0.158827740622
0.158620667201
0.158430794532
0.158258979776
0.158125059315
0.158048775762
0.15801249003
0.150005591951
0.150015507658
0.150032737752
0.150050266855
0.150071917102
0.150103416198
0.150133037694
0.150167919946
0.150214024443
0.150258256513
0.150312686611
0.150398210027
0.150491471437
0.150583501703
0.15067066099
0.150760951019
0.150863669924
0.150980091864
0.151097773553
0.151219466239
0.151350765712
0.151496241165
0.15165647681
0.151835601195
0.152041797682
0.152257641949
0.152493976703
0.152743925779
0.153008922981
0.153288823209
0.15357258901
0.153858519433
0.154125525047
0.154381929998
0.154632234915
0.154885233815
0.155144237415
0.155410245198
0.155682764581
0.1559607938
0.1562441022
0.156532985369
0.15682738923
0.157126425072
0.157428274091
0.157730460577
0.158030467477
0.158326279747
0.158616458624
0.158899764651
0.159174688584
0.159439098879
0.159690020457
0.159923840509
0.160137182335
0.160327913407
0.160495113434
0.160637457386
0.16075192603
0.160837633735
0.160904662492
0.160967964601
0.161027154758
0.161072104729
0.161090884081
0.161075092135
0.160955278145
0.160686401032
0.160351298304
0.159985754357
0.159614282103
0.159256130547
0.158935101665
0.158655739505
0.158406689812
0.158176270362
0.157977915186
0.157827499304
0.157739764864
0.157701745218
0.149934847178
0.149946917379
0.149967078913
0.149984476956
0.150007198595
0.150039723752
0.150070176862
0.150105151423
0.150149599781
0.150208133339
0.150267445635
0.150352961334
0.15044716227
0.150534639255
0.150616150612
0.150709376528
0.15081659744
0.150927575826
0.15103999571
0.151159779345
0.151291212566
0.151436515094
0.151596751109
0.151774132552
0.151988101125
0.152214233165
0.152444162179
0.152705718381
0.152976575039
0.153262667535
0.153548326308
0.15382926957
0.154091762364
0.154339623225
0.15459123789
0.154848390253
0.155111426893
0.155381193135
0.155657830383
0.155940913665
0.156230258054
0.156525815847
0.156827165184
0.157133200135
0.157442020464
0.15775117851
0.158058321423
0.15836167026
0.158659928188
0.158951864045
0.159235916699
0.159509864421
0.159770688957
0.160015066806
0.160240422493
0.160445344525
0.160628172472
0.160783623658
0.160903315574
0.160991279077
0.161073604237
0.161169514613
0.16126651771
0.161342046133
0.161373987715
0.161348352264
0.161239909357
0.160989428265
0.160552624229
0.160066627204
0.159582384018
0.159139559238
0.158758487053
0.158430228893
0.158135007879
0.157864890773
0.157634264654
0.157459381966
0.157348284173
0.157298497758
0.149855145303
0.149867079175
0.149888636899
0.149910939453
0.149940533171
0.149967309774
0.149997632943
0.150034406871
0.150071861485
0.150136793649
0.150208454595
0.150294576077
0.150389109087
0.150475524004
0.150555950934
0.150649317386
0.150758482851
0.150866020367
0.150974668161
0.151091689278
0.151223250477
0.15137036363
0.151535673162
0.151713045663
0.151919824688
0.152164057201
0.152404064622
0.152664544641
0.152936429302
0.153212203143
0.153508852288
0.1537898975
0.154045630035
0.154291990151
0.154546308805
0.154807576796
0.155074976756
0.155349042946
0.155630160277
0.155918449771
0.156214131793
0.156516999322
0.156826195353
0.15714031615
0.157457333211
0.157774804788
0.15809052258
0.158402881749
0.158710621693
0.159012398815
0.15930649991
0.159590619569
0.159861914943
0.160117763589
0.160356674822
0.160577586524
0.160775769271
0.160936716659
0.1610523997
0.161148797521
0.161269702017
0.161426668937
0.161583892599
0.161708631896
0.161761357459
0.161709788855
0.16154483221
0.161278103758
0.160809271495
0.160152563848
0.159515082558
0.158966233149
0.15851451721
0.158136342593
0.157799762312
0.157485479837
0.157203359984
0.156982894972
0.156832795675
0.156761101042
0.149764500056
0.149773891782
0.149789717593
0.149818726015
0.149858177462
0.149883624197
0.14991411226
0.149955213016
0.149991269871
0.150052525162
0.150133658321
0.150222402513
0.150316214954
0.150403113896
0.150489319841
0.150584629274
0.150691843122
0.150795861956
0.150902103286
0.15101653686
0.151145150252
0.151290024362
0.151465365164
0.151656542731
0.151857113334
0.152101651927
0.152351404858
0.152606236798
0.152893713383
0.153176547654
0.153460948119
0.153730286042
0.153983634164
0.154237524214
0.154496504714
0.154762183824
0.155034348907
0.155313318049
0.155599510882
0.155893253646
0.156195414485
0.156506163121
0.156824213024
0.15714761061
0.157474176668
0.157801541816
0.158127622633
0.158450853713
0.15876980779
0.159082806134
0.159387772408
0.159682246403
0.159963888724
0.160231323305
0.160484289876
0.160720095367
0.160924365975
0.161075475359
0.161188113401
0.161317642434
0.161519418245
0.161775278482
0.162018611955
0.162224991535
0.162320406685
0.162247644492
0.161980363757
0.161573756328
0.161001371799
0.160199259467
0.159382544361
0.158698352467
0.158167346183
0.157754855938
0.157395770142
0.157026984887
0.156653147152
0.156361076244
0.156165160521
0.156075822705
0.149662570862
0.149669344377
0.149676693251
0.14970977038
0.149749085726
0.149780762697
0.149814424708
0.149860420389
0.149902399
0.149961954621
0.150047093743
0.150137219943
0.150229424451
0.150313418853
0.150407101684
0.1505113143
0.150615859755
0.150716833105
0.150821657556
0.150935037182
0.15106045716
0.151199380757
0.151373074578
0.151588649192
0.151796591165
0.152025922815
0.152291711162
0.152553856981
0.152829197133
0.153117706731
0.153401538765
0.153665113094
0.153916719804
0.154176007689
0.154440715414
0.15471159044
0.154988883332
0.155273057057
0.15556509419
0.155865153063
0.156174104256
0.156492973249
0.156820707626
0.157154721562
0.157492416742
0.157831555468
0.158170239635
0.158506768648
0.158839206215
0.159165143045
0.159481715723
0.159786122928
0.160076940322
0.160354525971
0.160619483875
0.160860972933
0.161050314127
0.161179511581
0.161305715909
0.16152017219
0.161870911584
0.162267809675
0.162615963251
0.162977722379
0.163171528459
0.163081360689
0.162653290735
0.161957992799
0.161103953142
0.160085710565
0.159108557479
0.15826857702
0.157659586022
0.157263371926
0.1569411788
0.156503934465
0.15594612978
0.155554759868
0.155308322636
0.155218700493
0.149550309574
0.149558207286
0.149570728804
0.14959291901
0.149626987653
0.149662628086
0.149700365903
0.14974859384
0.149800829911
0.149861153963
0.149948848067
0.150039903489
0.150131431359
0.150213826769
0.150307511444
0.150419923382
0.150526309863
0.150627445217
0.150732136511
0.150845535595
0.15096979227
0.151104449335
0.151273180105
0.151500035465
0.151724395794
0.151951009164
0.152222445266
0.152493191286
0.152762542784
0.153049430059
0.153320528055
0.153579684201
0.153840763987
0.154107093089
0.154378047839
0.154654769358
0.154938227052
0.155228192032
0.155525949607
0.155832943701
0.156149757931
0.15647732883
0.156815298197
0.157161067353
0.157511632443
0.157864827216
0.158218967641
0.158571992508
0.158921009726
0.159262282278
0.159591367558
0.159904698026
0.160201925852
0.160485654876
0.160756460131
0.160978532362
0.161118923565
0.161222368461
0.161408186994
0.161831339362
0.162416053691
0.162998070986
0.163404716318
0.164086190551
0.164395580361
0.164274152124
0.163582228818
0.1623651086
0.161064530668
0.159865702843
0.158585764098
0.157565257342
0.156914285825
0.156660373307
0.15654061713
0.156010451811
0.155000090696
0.154496323755
0.154180728335
0.154138556711
0.149424443395
0.149433239083
0.149454985861
0.149467545212
0.14949514335
0.149531894579
0.149572912095
0.149624969659
0.149689936833
0.149750190734
0.149838762501
0.149930801221
0.150022728382
0.150106674647
0.150201107702
0.150316466304
0.150424851189
0.15052778659
0.150633525309
0.150747193465
0.150871387067
0.151005470162
0.151166497513
0.151388446545
0.151639612542
0.151875217263
0.152132861827
0.152424642267
0.152703932749
0.152966920371
0.153228255373
0.153489533394
0.153756861732
0.154029933389
0.154307889444
0.154591308331
0.154880943102
0.155177682832
0.155482141803
0.15579598646
0.15612119054
0.156458505418
0.156807549269
0.157166026498
0.157531077314
0.157900890647
0.158274004142
0.158647906163
0.159018109625
0.159378195262
0.15972124562
0.160042522293
0.160341484148
0.160623081835
0.160889864686
0.161040789713
0.161101027633
0.161192383534
0.16166842744
0.16244191892
0.163376637059
0.164001077936
0.163682134063
0.163966138141
0.164425358495
0.164619385851
0.164293233685
0.163016017074
0.161012202216
0.159098819359
0.157721039258
0.156549765471
0.155476039465
0.15566895913
0.156357019393
0.155751172979
0.15362189248
0.153084393972
0.152614964041
0.152809654732
0.149282288379
0.149290068785
0.14930929017
0.149323894267
0.149348732287
0.149387060356
0.149429573285
0.14948075978
0.149558078761
0.149626829936
0.149715436101
0.149809111929
0.149902745141
0.149990810134
0.15008771631
0.150203703118
0.150313342575
0.150418754406
0.15052624411
0.150640606469
0.150764643857
0.150899516478
0.151056381988
0.151270236513
0.151536978643
0.151789480876
0.152038041536
0.152322153651
0.15261299056
0.152879052401
0.153133498547
0.153394109955
0.153665856783
0.153945634403
0.154230587333
0.154520514945
0.154816907593
0.155120402653
0.15543232194
0.155753880398
0.156087671593
0.156435399118
0.156796604341
0.157168757987
0.157549371059
0.157938254591
0.158335248752
0.158736682994
0.15913406121
0.159517263688
0.159878164947
0.160208069008
0.160501177374
0.160763375668
0.160990879019
0.160953010615
0.161044006488
0.161364853579
0.162588709464
0.163274534649
0.163229096155
0.163537821316
0.163843048366
0.163918730814
0.164056388114
0.163956914232
0.163317381945
0.161991346975
0.160307492268
0.15869892539
0.15740034116
0.156401751099
0.156106002656
0.156997461169
0.158588153865
0.157898929476
0.149948529607
0.150853281876
0.150268615923
0.151395936897
0.149126215286
0.1491329245
0.149152265978
0.149166642256
0.149191112903
0.149229744789
0.1492732164
0.149320715233
0.149398724721
0.149481939428
0.149575611289
0.149672454896
0.14976926535
0.149865173067
0.149964936889
0.150081174707
0.150192014168
0.150300630563
0.150410405186
0.150526000114
0.150650209139
0.150784953556
0.15093908926
0.151143963611
0.151409621349
0.151690977148
0.151947972946
0.152217970625
0.152501780406
0.15276581796
0.153020000617
0.153287199841
0.153565614749
0.153852314708
0.154144743577
0.154442211125
0.154745454551
0.15505621198
0.155375655561
0.155705647167
0.156048505907
0.156406571074
0.156780682409
0.157168170151
0.157565828249
0.157975921749
0.158401578111
0.158838019954
0.159270879691
0.159685902621
0.16007430362
0.160418922777
0.160693337266
0.160884802447
0.160956967866
0.160846748353
0.160982091342
0.161489065684
0.16224363849
0.162974771017
0.163269157915
0.163344375299
0.163447054244
0.163409060285
0.163295575614
0.162975844523
0.162283350334
0.161166544104
0.159786262813
0.15836109764
0.157058083634
0.156035957938
0.155487869441
0.155411911731
0.155123003661
0.152816482796
0.152774182827
0.152656900652
0.145471944767
0.150302942282
0.14895835459
0.14896351366
0.148978483725
0.148994384127
0.14902303585
0.149061553922
0.149107356754
0.149153187293
0.149229519875
0.149321291576
0.14941942769
0.149518876835
0.149617271839
0.149723689583
0.149829889764
0.14994614185
0.150058766377
0.150172273576
0.150285210059
0.150402693826
0.150527637734
0.15066191029
0.150813808233
0.15101171635
0.151273264127
0.151572291284
0.151848381176
0.152112782615
0.152382257953
0.152639812825
0.152896408524
0.153168971441
0.153453829454
0.153747074157
0.154047265738
0.154353860353
0.154665800934
0.154983897797
0.155311615411
0.15565009764
0.156002318502
0.156371878534
0.156759778987
0.157163258099
0.157576463639
0.158008004371
0.158475014574
0.158968531208
0.159448559577
0.159906238536
0.160342150798
0.16072545906
0.160986716668
0.161108748293
0.160863378771
0.16066930192
0.1607255232
0.161397406546
0.162035834416
0.162506602954
0.162724995198
0.162750619857
0.16271274613
0.162556610762
0.162253342498
0.161740331133
0.160933700071
0.159810379578
0.158462272936
0.157052889819
0.155683898261
0.154442108918
0.15343874925
0.15262398771
0.151716979743
0.150281814922
0.149431069325
0.147055858235
0.148747775795
0.156520102926
0.148781067639
0.148785003713
0.148794879034
0.148812760062
0.148845133094
0.148882952781
0.14893022773
0.148978944465
0.14905100101
0.149147008867
0.149247860401
0.149348861958
0.149446700273
0.149557757979
0.149676180111
0.149795085937
0.149910075891
0.150029255557
0.150148104308
0.150269014512
0.150396031034
0.150529567844
0.150679606158
0.150871611321
0.151123811428
0.151419398335
0.151717414841
0.151991391621
0.152256332347
0.152510479438
0.152764173057
0.153040284107
0.153331552393
0.153628162454
0.153937711957
0.154254458024
0.154574096321
0.154901072108
0.155238239593
0.155587293413
0.155949637659
0.156329367476
0.156729886554
0.157153424038
0.157600938206
0.158078201811
0.158592625198
0.159126460203
0.159659393781
0.160205088587
0.160756069778
0.161285213666
0.16158877548
0.161804028658
0.161200451934
0.160560257079
0.160311046558
0.161079861898
0.16164239729
0.161918960874
0.162010927142
0.161940084122
0.161741163324
0.161405546171
0.160906058456
0.160205865181
0.159264680503
0.158075940083
0.156693415889
0.155209863864
0.153709741628
0.15219652169
0.150697865684
0.149218462272
0.147625458311
0.145710266435
0.143849092637
0.142442262411
0.144344055941
0.135236723336
0.148594851645
0.148598360545
0.148606551872
0.148627689263
0.148659730688
0.148694965043
0.148739305099
0.148793221952
0.148860809195
0.148958402256
0.149061212803
0.149163746343
0.149262375151
0.149373209402
0.149501723095
0.14962674331
0.149745873021
0.149869533937
0.149994998789
0.150121862281
0.150253743948
0.150387326455
0.150535580237
0.150723343364
0.150966535197
0.151255181928
0.151561407226
0.151848501671
0.152106118263
0.152356860461
0.152617823265
0.152894226998
0.153189717351
0.153495064066
0.153814584144
0.154140518475
0.154468847249
0.154805633673
0.155153168274
0.155513483297
0.155888006021
0.156280546538
0.156700601352
0.157160391243
0.157658266638
0.15817507579
0.158716450508
0.159290378757
0.159917300868
0.16063113157
0.161446218787
0.162401966635
0.162799444994
0.163987255168
0.161468223933
0.160504928993
0.160439617071
0.160901583888
0.161158750588
0.161194498289
0.161092993093
0.1608534153
0.16047229916
0.15994409186
0.159249335241
0.158362052479
0.157259160402
0.155937228895
0.154424256601
0.152769988912
0.151026348964
0.149153618379
0.147087982895
0.144810448812
0.142192171305
0.139002536202
0.135206141404
0.130403579909
0.124770152583
0.116840179969
0.148397059823
0.148400476785
0.148409083642
0.148434979166
0.148465895179
0.148498122629
0.148537281409
0.148594699758
0.148656559094
0.148753992427
0.148858850284
0.148963146521
0.149063764361
0.149176216082
0.14930990429
0.149441310141
0.149566263421
0.149694931982
0.149825277382
0.149958491827
0.150097842718
0.150233669013
0.150379933752
0.150564591229
0.150800131062
0.151080617145
0.151388113133
0.151681913622
0.151948554138
0.152196007273
0.152461578975
0.152742872048
0.153037063031
0.153340812829
0.153666052676
0.154006938216
0.154348235582
0.154696998099
0.155054948246
0.155426678588
0.155815683274
0.156225866043
0.156677361503
0.15718650421
0.157721652562
0.158261351879
0.158830713216
0.159475852783
0.160256318722
0.161224458854
0.162451178563
0.164378567079
0.163057270581
0.162831704662
0.162685767171
0.161450297527
0.160797311743
0.160664857144
0.160553240516
0.160328387948
0.159999236365
0.159551934066
0.158967378418
0.158232073141
0.157328797946
0.156236986661
0.154939034395
0.153428104721
0.15171210671
0.149806936953
0.14771948418
0.145429085093
0.142774470408
0.139589801742
0.135699859141
0.130683439181
0.123815588026
0.113287877995
0.0950712163895
0.053171111517
0.148182104729
0.14818525156
0.148196047548
0.148227862946
0.148258158238
0.148288175378
0.148324599762
0.148381859615
0.148437814816
0.148532884479
0.148639699927
0.148745834421
0.148848645691
0.148962770968
0.149099471365
0.149236689223
0.149369734288
0.149504159467
0.149638337972
0.149777004807
0.149925034077
0.150066306723
0.150210305996
0.150392063585
0.150621959396
0.150893291444
0.151195522625
0.151484362067
0.151764564605
0.152025520956
0.152289909363
0.152568842735
0.152869897208
0.153183584208
0.153503889808
0.153849913154
0.154206462202
0.154569080115
0.154942376067
0.155327075181
0.155729325241
0.15616736911
0.156669806537
0.157224296555
0.157780138305
0.158342395234
0.158968747507
0.159731171882
0.160668452682
0.161796623584
0.162922958442
0.163401554923
0.163538766753
0.162873219692
0.162274662723
0.161332096285
0.16059893286
0.160149897056
0.159754471168
0.15928675646
0.158723771704
0.158049746613
0.15724329902
0.156285944507
0.15515954471
0.153844573217
0.152322676076
0.150579909992
0.148607017664
0.146393627856
0.143915840331
0.141124616416
0.137852112466
0.133787075954
0.128625157802
0.121830288082
0.112344613922
0.0980503401846
0.0750648867278
0.0378370426442
0.147942164795
0.147945088069
0.147957918566
0.147995462255
0.148024793051
0.14805614645
0.148091657648
0.148145946727
0.148199040754
0.148293404166
0.14840246147
0.148510398509
0.148615353915
0.148730663902
0.148868456911
0.149009103663
0.14915233373
0.149293963517
0.149432152694
0.149575532807
0.149731192629
0.149882193853
0.150025310773
0.150202839017
0.150429068659
0.150692593648
0.150987707989
0.151269716247
0.151547821445
0.151827436971
0.152107718736
0.152387692066
0.152675454673
0.152992490048
0.153327480548
0.153677024892
0.154043671176
0.154419692359
0.154807790022
0.155209139996
0.155634752049
0.156118263962
0.156676443037
0.157261020078
0.157844644857
0.158462827119
0.15918826792
0.160061414612
0.160991384301
0.161966231331
0.16254102886
0.162854139917
0.162858784086
0.16235179455
0.161714246673
0.160929575154
0.160142705354
0.159448250119
0.158781509113
0.15806370324
0.157260458321
0.15635108222
0.155313130298
0.154124950279
0.15276574469
0.151213957766
0.149447409893
0.147443763445
0.145178811826
0.142620739035
0.139719708516
0.136392905064
0.132510431177
0.127729366629
0.121548243176
0.113430263974
0.10245257139
0.0870343609418
0.0645012165827
0.0339600306345
0.147670465209
0.147675394517
0.147688766561
0.147725339159
0.147757527886
0.147795777698
0.147834270598
0.147888265057
0.147945750877
0.148034875464
0.148145597292
0.148255331879
0.148362482923
0.14847870999
0.148616291522
0.148756595788
0.148905686292
0.14905820537
0.149203339521
0.149352715064
0.14951369247
0.149677181913
0.14982839363
0.149996579145
0.150219794965
0.150477687054
0.150765700247
0.151042834114
0.151314277702
0.151601587375
0.15189809008
0.152193042941
0.15247997318
0.152786962325
0.153121274254
0.153481502714
0.153860070343
0.154250993319
0.154652079521
0.155072819379
0.155539659342
0.156084140253
0.156686638112
0.157305450351
0.157944176942
0.158657045978
0.159475724088
0.160207555937
0.160858953724
0.161649289741
0.161969399545
0.162193979008
0.162108052934
0.161659656385
0.160999006748
0.160195583869
0.159324414122
0.158450659026
0.157563968011
0.156621816908
0.15559328364
0.154456562427
0.153189785261
0.151770355108
0.150175257509
0.148379994287
0.146357655005
0.144077833058
0.141503897656
0.138587358603
0.135258627862
0.131413829708
0.126895800587
0.12147852914
0.114661484494
0.105756324962
0.0939813967671
0.0782676571067
0.0566986583811
0.0298268279398
0.147371767374
0.14738054165
0.147393634113
0.147422758137
0.147461403965
0.14750672231
0.147551119573
0.147609280065
0.147676622821
0.147759347726
0.14786859109
0.147979358677
0.148088801846
0.148206176435
0.148343769408
0.148484406774
0.148633263833
0.148795122913
0.148950370488
0.149108070329
0.149274442579
0.149449854393
0.149619367809
0.149789816358
0.149998344399
0.15025008246
0.150531647529
0.150805145602
0.151068953609
0.151355092278
0.151658522113
0.151974651312
0.152272766918
0.152572964402
0.152899468004
0.15325932286
0.15364700144
0.154055030067
0.154474706268
0.154928305578
0.155453568834
0.156056982859
0.156702145691
0.157367538728
0.158084104009
0.158882713901
0.159587045842
0.160172814906
0.161031423821
0.161138035619
0.161414222145
0.161496245597
0.161278789961
0.160776584043
0.160062346729
0.159196876311
0.15823149903
0.157207460453
0.156130913655
0.154982926977
0.153741498775
0.152386654305
0.150897417383
0.149250836515
0.147422026467
0.145383401221
0.143103390693
0.140544623878
0.137660784323
0.134391292148
0.130653232132
0.126330088682
0.121256677117
0.115198751108
0.107838974331
0.0985904530957
0.0866629193721
0.0711443100293
0.0507119376862
0.0263097591692
0.147060009531
0.147069424318
0.147081206632
0.147101857424
0.147144300774
0.147192319541
0.147240839354
0.147301040584
0.147375117404
0.147459591679
0.147568973981
0.147680939577
0.147792957831
0.147911737079
0.148049778324
0.148192367961
0.148342698794
0.148510877145
0.148676284362
0.148846207335
0.149021834485
0.149205890015
0.149388218602
0.14957573261
0.149785244117
0.150025740029
0.15029288472
0.150561822822
0.150816538645
0.151095827661
0.151398975512
0.151721393239
0.152041563667
0.152348647483
0.15267318827
0.15302375171
0.153408299596
0.153827779032
0.154277787606
0.154780106301
0.15537065366
0.156029256005
0.15671895694
0.157433867759
0.158180337499
0.158906944368
0.15965888695
0.160713762572
0.160801630916
0.160820456124
0.160838097536
0.160714047679
0.160351475623
0.159748450545
0.15894578654
0.157987190664
0.156909815136
0.155742057229
0.154493858062
0.15315781012
0.151718827891
0.150159257269
0.14845891966
0.146594640518
0.144540064288
0.142264954478
0.139733840681
0.136903969372
0.133722143557
0.130119919435
0.126006739549
0.121260690661
0.115716565393
0.109151012315
0.101264273955
0.0916674020899
0.0797825906503
0.0648453614794
0.0458315802293
0.0235392464431
0.14673991509
0.14674764659
0.146757272002
0.146775631661
0.146813343993
0.14685931288
0.146909022238
0.146968295385
0.147044785472
0.147133340233
0.14724526193
0.147358844921
0.147473616428
0.147593819982
0.147732314428
0.147876951897
0.14802911515
0.148202465262
0.148376653673
0.148557929677
0.148748969219
0.148942284323
0.149136799419
0.149329418581
0.149547490968
0.14979624913
0.150060511585
0.150316943623
0.150560355068
0.150829793501
0.151129972996
0.151446966493
0.151775731459
0.152094355639
0.152424209876
0.152777182119
0.153155396478
0.153578889936
0.154062816455
0.154626150378
0.155281523085
0.155992365191
0.156718183027
0.157414592291
0.158097396879
0.158795743238
0.159773686804
0.160441215098
0.160406885658
0.160298109602
0.160133385366
0.159823418906
0.159308452465
0.158580410654
0.157664640247
0.156593198697
0.155393615853
0.15408613612
0.15267971759
0.151171394008
0.149550158438
0.147800294261
0.145902291868
0.143832797154
0.141564355412
0.139064721781
0.136295557595
0.133210428297
0.129751876955
0.125847263879
0.121403113324
0.116297800352
0.110372492792
0.103420385191
0.0951745070551
0.0852945261747
0.0733523979604
0.0588656392118
0.0410674780614
0.0207500003278
0.146405269595
0.146414996808
0.146420926923
0.146443114897
0.146472566345
0.146513456696
0.1465615379
0.14661879116
0.146695317444
0.146783434622
0.146897863063
0.147012834329
0.147129409392
0.147251051406
0.147390440364
0.147535936268
0.14768824385
0.147866237627
0.148048197187
0.148236488338
0.14843934944
0.148640832149
0.148852793812
0.149060131246
0.149276643728
0.149530263982
0.149810229995
0.150066555894
0.150300245895
0.150555946054
0.150855627184
0.151172729411
0.151498656618
0.151821375682
0.152151341171
0.152505481258
0.152882538593
0.153312057812
0.153830260888
0.154458587197
0.155176324655
0.155928280565
0.156631874156
0.157298025959
0.157966649216
0.158496910325
0.159715586881
0.159713783444
0.159787517648
0.159648058361
0.159314356579
0.158820808101
0.15814525747
0.15727824686
0.156235568897
0.155040756104
0.153714289848
0.15227063071
0.150716350375
0.149049420082
0.147260617721
0.145335338178
0.143254455779
0.140994436277
0.138527070855
0.135818802075
0.132829519647
0.129510740302
0.125803045657
0.12163261486
0.116906728856
0.111508212905
0.105288910053
0.0980624790948
0.089597084921
0.0796094428531
0.0677591098025
0.0536727277789
0.0367835394302
0.0182146357181
0.146046854014
0.14605744478
0.14606532317
0.146088906134
0.146116285102
0.146154008508
0.146199443026
0.146254156751
0.146328357877
0.146412471202
0.146527820093
0.146644189869
0.146760269908
0.146883526937
0.147025299978
0.147171721987
0.147322387781
0.147500979798
0.147689960822
0.147882110873
0.148093251909
0.148304998755
0.148524574738
0.14875672894
0.14898877118
0.149246812113
0.149540918363
0.149812891318
0.150037881586
0.150277843042
0.150566305211
0.150885732702
0.15121798727
0.151547096498
0.151872859215
0.1522231233
0.152595751564
0.153028114257
0.153578961183
0.154269652765
0.15504265578
0.155781796014
0.156467257316
0.157177543962
0.157951929879
0.15936357024
0.159224630244
0.159238786227
0.159153728517
0.158858873268
0.15836347165
0.157697710479
0.156860406381
0.15584885338
0.154673768383
0.153352013123
0.151898613272
0.150323643012
0.14863101906
0.146818009091
0.144875691147
0.142789827015
0.140541422468
0.138106819169
0.135457420581
0.132559049994
0.129370870246
0.125843801175
0.12191836528
0.117521893715
0.11256506425
0.106937838842
0.100505009458
0.093101793555
0.0845302274351
0.0745581375825
0.0629197806326
0.0493501519992
0.033417699379
0.0164018944828
0.14566416903
0.145671703144
0.145686559795
0.145710503884
0.145739946522
0.145777671834
0.145821060424
0.145873488534
0.14594455082
0.146022490921
0.146136408542
0.146255108849
0.146369288745
0.146491420695
0.146637420809
0.14678675801
0.146937217952
0.147110494122
0.147301144217
0.147497304355
0.147712235961
0.14793833206
0.148174113155
0.148417864707
0.148669888369
0.148937290199
0.149243951463
0.149547661501
0.149779082167
0.150003500228
0.150269971215
0.150583397522
0.150919525158
0.151263317671
0.151593825776
0.151936201272
0.152302400028
0.152729722677
0.153306643265
0.154057214412
0.154862750263
0.155559812996
0.156216995119
0.156922463643
0.157609789704
0.15889484163
0.158803736556
0.158623168133
0.158365728913
0.157919017464
0.157273907104
0.156449375079
0.155456606051
0.154301827316
0.152994636994
0.151547269376
0.149970372519
0.148270444564
0.146448853315
0.144501515451
0.142419029481
0.14018705551
0.13778659398
0.13519399007
0.132380644396
0.129312416364
0.12594867839
0.122240979376
0.118131286039
0.113549785194
0.108412281388
0.10261731084
0.0960432392658
0.0885458411825
0.0799571146064
0.0700871740686
0.0587273070773
0.045688579943
0.0306201067093
0.014862568602
0.145263659509
0.145270149219
0.14528695081
0.145311236601
0.145342987719
0.145382145138
0.145424207891
0.14547504712
0.145544351925
0.145616213179
0.1457255269
0.145847008053
0.145961137609
0.146077954126
0.146225906957
0.146379320629
0.146531797087
0.1466993827
0.146885548594
0.147081999447
0.147300213933
0.147527182496
0.147781087121
0.148041883901
0.148314098692
0.148595066962
0.148912402296
0.149250244568
0.149515192653
0.149737058323
0.149985178164
0.150274288244
0.150604667101
0.150957932771
0.151314105972
0.151657160496
0.152012817488
0.152421745299
0.153011230253
0.153809161177
0.15459652702
0.155289075935
0.15596462299
0.156657589951
0.158259596363
0.157935635011
0.15804641394
0.157887318688
0.157471377255
0.156859377549
0.156059421351
0.155082016234
0.153941383902
0.152648684521
0.15121356139
0.149645145225
0.147950518184
0.146133116957
0.144191984184
0.142121538615
0.139911603213
0.137547544852
0.135010363623
0.132276609513
0.129318081553
0.126101284983
0.122586619493
0.118727274046
0.114467813401
0.109742467541
0.104473178559
0.0985675477375
0.0919169570872
0.0843953507496
0.0758593851411
0.0661517180729
0.055104686783
0.042580911906
0.0282823148743
0.0135426173617
0.144846914701
0.144852705542
0.144868479382
0.144894215077
0.144926702411
0.144966404746
0.145007236406
0.145055574874
0.145126908567
0.145199549109
0.145297446098
0.145419782474
0.145536593281
0.145651678404
0.145792603398
0.145947228599
0.146102181483
0.146266557279
0.146449256547
0.146639969195
0.146862003137
0.147089488159
0.147338863647
0.147609218563
0.147896876878
0.148202435785
0.148536054098
0.148906120967
0.149233776806
0.14947351041
0.149716602008
0.149989241981
0.150302674403
0.150641773292
0.151008835877
0.15138086268
0.151743706749
0.152125756174
0.152686187531
0.15352968731
0.154284840741
0.154945400791
0.155588333071
0.155913103294
0.157520732873
0.157520086678
0.157336616734
0.157012981732
0.156451702065
0.155682822337
0.154728802102
0.153604306173
0.152324380841
0.150901581392
0.149345298168
0.14766245006
0.145857248873
0.143930518209
0.141879257037
0.139696493136
0.13737127588
0.134888706695
0.132229917066
0.129371927716
0.126287348324
0.122943896744
0.119303716898
0.115322475781
0.11094823036
0.106120071256
0.100766597666
0.0948043455496
0.0881364190989
0.0806517713022
0.0722257627687
0.0627237710332
0.0520045688205
0.0399616078132
0.026331035353
0.0123919089871
0.144414335854
0.144419829924
0.144434888662
0.14446260664
0.144493321441
0.144530854277
0.144570998446
0.144615364327
0.144685838274
0.144763785417
0.144849735988
0.144970371923
0.145089418396
0.145207596288
0.145337884118
0.145488883462
0.145644362461
0.145806477097
0.145990093632
0.146177555623
0.146392666126
0.146626165135
0.14686894366
0.147137289696
0.147431060739
0.147746074143
0.148095037638
0.148484797036
0.148890178095
0.149196881621
0.1494427622
0.149713005287
0.150012893868
0.150352720677
0.150707747465
0.151090993206
0.151485489152
0.15187195898
0.152344883579
0.153168701059
0.153964411711
0.154683201601
0.155459061581
0.157302346538
0.156547203777
0.156699651304
0.156530497012
0.156040748657
0.155319770783
0.15439685285
0.153293331132
0.152028164014
0.150617300845
0.149072968977
0.147403521313
0.145613912321
0.143705969146
0.141678311646
0.139526215881
0.137241551407
0.134812768566
0.132224875492
0.129459362125
0.126494033048
0.123302728825
0.119854917341
0.116115136403
0.11204226383
0.107588590144
0.102698683354
0.0973080634183
0.0913417666408
0.0847129944483
0.077322211188
0.0690573132894
0.059796592645
0.0494114638069
0.0378074114285
0.0247402100095
0.0113973282278
0.143966688138
0.143971999685
0.14399151281
0.144019241866
0.144044811915
0.144078472973
0.144118163917
0.144160193273
0.144221334294
0.144299471421
0.144378574187
0.144495584141
0.144615023624
0.144733260943
0.144856161552
0.145002457442
0.145153683714
0.145313036673
0.145497856072
0.145688190062
0.145891969429
0.146122506321
0.146363090973
0.146630286874
0.146920721771
0.147234022758
0.147584394296
0.147976833743
0.148413575082
0.148844874616
0.149151075675
0.149422376126
0.149721340723
0.150050098705
0.150415302375
0.150806686075
0.15122546966
0.151674869315
0.152113151631
0.152713605564
0.153564044548
0.15427559695
0.154511446171
0.156624442331
0.156339195894
0.156022643667
0.155630970803
0.154974374501
0.154088945191
0.153010372901
0.151762209251
0.150363988924
0.148831007006
0.147174139121
0.14540008685
0.143511865439
0.1415092685
0.139389109648
0.137145295345
0.134768841882
0.13224786563
0.129567540216
0.126709999435
0.123654177301
0.120375573362
0.116845932723
0.11303281401
0.108899005481
0.104401737346
0.0994916361041
0.0941113869616
0.0881941051649
0.0816615181212
0.0744222114187
0.0663704912282
0.0573876126121
0.0473432509786
0.0361347763369
0.0235216097486
0.010566827441
0.143504280277
0.143510576033
0.143534275436
0.14355744266
0.143578470884
0.143609371321
0.143648257224
0.143689281754
0.143740737915
0.14381413704
0.143886491296
0.143995891918
0.144115089998
0.144228682526
0.144345460814
0.144489737536
0.144634469948
0.144785510799
0.144968726446
0.14515838686
0.145356029639
0.14558169232
0.145814651144
0.146082570462
0.146369128335
0.146680090567
0.147018002583
0.147398256747
0.147823126739
0.148300391563
0.148761776439
0.149098923226
0.149418746527
0.149751520802
0.15011877255
0.150525472783
0.150974744511
0.151461654526
0.151952489992
0.152483814239
0.15324946818
0.154226443623
0.156023314866
0.155489560815
0.155556078344
0.155225346711
0.154627378536
0.153798446793
0.152755123912
0.151527744279
0.150143049468
0.148620854097
0.14697511326
0.145214861527
0.143344865768
0.141366252346
0.139277083779
0.137072746715
0.134746147662
0.132287783212
0.129685743675
0.126925665289
0.123990642619
0.120861101978
0.117514641842
0.113925822366
0.110065868912
0.105902216179
0.101397804746
0.0965100132428
0.0911891288348
0.0853762368014
0.0790005190676
0.0719759593779
0.0641979149854
0.0555409050286
0.0458571552143
0.035009626783
0.0227354142567
0.00993366397006
0.14302473689
0.143031434978
0.143046343307
0.143068337263
0.143090860288
0.143121096091
0.143158706994
0.143197461087
0.143243571648
0.143311431295
0.143380706203
0.143474923485
0.143594134346
0.143703892038
0.143812775849
0.143953303374
0.144097165322
0.144240062217
0.14441049583
0.144594918264
0.144783932161
0.145008382574
0.145236093156
0.145488072731
0.145767868294
0.146077490754
0.146405433272
0.146768530994
0.147173054163
0.147625566018
0.148131586361
0.148634970139
0.149053895782
0.149442539934
0.14983467055
0.150255257342
0.150719353272
0.151224366993
0.151737434722
0.15228870131
0.152993676648
0.153613896133
0.1557591239
0.15509238555
0.154787013212
0.154309920326
0.153530291058
0.152525323387
0.151324921986
0.149955639137
0.148443313612
0.146806640097
0.145057597259
0.143203015075
0.141245598284
0.139184696371
0.137016927097
0.134736612978
0.132336022072
0.129805470636
0.127133337083
0.124306029553
0.121307927092
0.118121321537
0.114726362742
0.111100992417
0.107220796971
0.103058677712
0.0985841885411
0.0937623716685
0.0885519042085
0.0829023029942
0.076749989183
0.0700128964452
0.0625837025968
0.0543225940814
0.0450499881856
0.0345636336672
0.0225365803013
0.00960249400482
0.142529042949
0.142534737795
0.142541576179
0.142563123273
0.142587716085
0.142615952166
0.142649680751
0.142684685777
0.142724976489
0.142787686985
0.142858518302
0.142936168011
0.143052361915
0.143163929798
0.143269576876
0.143394966507
0.143537875527
0.143678268727
0.143830578038
0.144009169058
0.144189006451
0.144397711282
0.144625278306
0.144859036903
0.145125999574
0.145417647164
0.14573868678
0.146087813083
0.146470975845
0.146900062671
0.14737071109
0.147897437287
0.148433225917
0.148943333495
0.149413497038
0.149889535184
0.150391823907
0.150932936991
0.151498644274
0.152108536616
0.152801248155
0.152966211634
0.154391984274
0.1544124722
0.153953807424
0.153268654408
0.152319755864
0.151150414703
0.149799985795
0.14829798391
0.146668266605
0.144927219495
0.143084445935
0.141144459531
0.139107961183
0.136972720493
0.134734211214
0.132386034906
0.12992016604
0.127327061721
0.124595693401
0.121713538503
0.118666581034
0.115439349606
0.112015013654
0.108375491502
0.104501483423
0.100372263036
0.0959650509463
0.0912537225649
0.0862066226694
0.0807829902943
0.0749276661284
0.0685628293549
0.0615765397941
0.0538079696688
0.0450304724766
0.0349503137579
0.0231489264829
0.00976608267243
0.142020725942
0.142026519854
0.142037942348
0.142054155305
0.142074129801
0.142096954202
0.142124529735
0.142155659461
0.142189747385
0.142244301545
0.142314216926
0.142379777031
0.142484804061
0.142600655299
0.142705584497
0.142813067404
0.142950882809
0.143085908958
0.143222144433
0.143392726299
0.143568227637
0.143755156709
0.143972030433
0.144190523076
0.144444424696
0.144715415625
0.14502352917
0.145354801212
0.145716818134
0.146122297854
0.146567169716
0.147050131021
0.147578176551
0.148134069244
0.148687139513
0.149240081028
0.149820747414
0.150450620353
0.151156504175
0.151962867449
0.153041822256
0.155025359282
0.153666180066
0.153542974704
0.153035747748
0.152140357596
0.151004148877
0.149673896014
0.148182376799
0.146558005173
0.144821703516
0.142986669126
0.141059757842
0.139043172566
0.136935786443
0.134734053133
0.132432609673
0.130024662327
0.127502205653
0.12485613498
0.122076292561
0.119151505271
0.116069663236
0.112817900234
0.10938287423
0.105751095447
0.101909145575
0.097843603248
0.0935404533701
0.0889837484169
0.0841532586364
0.0790205265931
0.0735425956339
0.0676510399969
0.0612338197837
0.0541056197577
0.0459610781213
0.0363423206927
0.0246382174961
0.0102669605708
0.141499077023
0.14150419533
0.141517825223
0.141530510987
0.141543954779
0.14156282153
0.141586102961
0.141614234763
0.141644122238
0.141687909261
0.141753086658
0.141816523108
0.141897409607
0.142012893637
0.14211542384
0.142211619233
0.142337549417
0.142468679698
0.142594421489
0.142745696421
0.142912156197
0.143081167897
0.143285624502
0.143493689225
0.143723628242
0.143980068931
0.144262763645
0.144574625035
0.144915287745
0.145291078464
0.145713472281
0.146169588057
0.146670449301
0.147211951281
0.147798025685
0.148414301093
0.149072930395
0.149790350147
0.150583454148
0.151397362122
0.152072602355
0.154129835478
0.153357059752
0.15267152103
0.15193243753
0.150869891907
0.149567409037
0.14808908916
0.146470106878
0.144736367946
0.142905436832
0.140987236196
0.138985895825
0.136901498278
0.134731377327
0.132470983472
0.130114432543
0.12765483641
0.125084495186
0.122395004453
0.119577329405
0.11662189578
0.113518784718
0.110258085175
0.106830410201
0.103227451481
0.0994423839001
0.095469878843
0.0913055559102
0.0869446914299
0.0823801718409
0.0775990434905
0.0725775984772
0.0672709654551
0.0615942427211
0.0553803111762
0.0482786936792
0.0395912563554
0.0278927946154
0.0108931165002
0.14096321134
0.140965733653
0.140972767956
0.140980222496
0.140994488133
0.14101350663
0.141035257124
0.141060843165
0.141086034396
0.141118652851
0.141174275803
0.141240136972
0.141299644389
0.141400193052
0.141506336339
0.141597254782
0.141700189935
0.141827593165
0.141948034216
0.142073864317
0.14222973478
0.142384127333
0.14256433363
0.142765366009
0.142966449948
0.14320793455
0.143465272555
0.143756449636
0.14407323428
0.144421637583
0.14481792282
0.145254452892
0.145738213144
0.146272396405
0.146865596377
0.147525538157
0.148253142791
0.149060146453
0.14993099876
0.150720533898
0.150571315012
0.152192088901
0.152253261747
0.151585559565
0.150661523575
0.149447226034
0.148001479586
0.14639309158
0.144662305476
0.142833290341
0.140920237586
0.138929916128
0.136863936446
0.134720554022
0.132495895869
0.130184740446
0.127780985476
0.125277927037
0.122668420564
0.119944995536
0.117099957441
0.114125558016
0.111014327777
0.107759653337
0.104356545169
0.100802414786
0.0970975777973
0.0932452476291
0.0892508929319
0.0851210133159
0.0808616000528
0.0764762331802
0.0719649599013
0.0673209796081
0.0625278159205
0.0575458895526
0.0522543031977
0.0462839115561
0.0376911381582
0.0197804548178
0.140415951471
0.140416384079
0.140416930756
0.140415461202
0.140433639282
0.140453716916
0.140474036964
0.140496255713
0.140516196822
0.140539088638
0.140581825286
0.140642816184
0.140699759273
0.140770718685
0.140874436916
0.140965853819
0.141048773785
0.141161032651
0.141276658803
0.141383508762
0.141519345831
0.141664875448
0.141813888603
0.141997515401
0.142184131635
0.142394331292
0.142633482059
0.142899527878
0.143193071393
0.143517520259
0.143884944108
0.144300113573
0.14476652565
0.145291875382
0.145887952558
0.146570674556
0.147367306219
0.148306072456
0.149426278559
0.15077785683
0.151889103154
0.15122843266
0.15116505069
0.150413484652
0.149281637385
0.14789419198
0.146309746773
0.144585470932
0.142758215956
0.140848301023
0.138865943391
0.136814744743
0.134694049633
0.132500626177
0.130229749139
0.127875850545
0.125432899384
0.122894625604
0.120254663687
0.117506677308
0.114644506474
0.111662427594
0.108555670841
0.105321253257
0.101959017502
0.0984725555298
0.0948696665148
0.0911620797602
0.0873644573487
0.0834929015835
0.0795636644265
0.0755923238938
0.0715967219264
0.0676008413122
0.0636542806521
0.0598677921519
0.056485259376
0.0540550619733
0.0532826215401
0.0578902517973
0.139858969348
0.139859979657
0.139862917699
0.139862359577
0.139872485266
0.139889068555
0.139906134973
0.139923586171
0.139939494177
0.139954635931
0.139981195078
0.140029601221
0.140088731857
0.140139530787
0.140218918257
0.140312743176
0.140387814013
0.140469283786
0.140579370418
0.140676762051
0.140779938408
0.140914707894
0.141045425019
0.141200296469
0.141375093967
0.141554347576
0.1417659586
0.142003040371
0.142270778168
0.142567572344
0.142905005765
0.143295385267
0.143737895119
0.14424401827
0.144835428123
0.145526523465
0.146356738507
0.147394777361
0.148742710348
0.150719800154
0.151446718249
0.150679502633
0.150092823305
0.149067515653
0.147737553998
0.146189818733
0.144482008362
0.142660556878
0.140754774582
0.138779733618
0.136741612977
0.13464117107
0.132475922637
0.130241584199
0.127932961838
0.125544468917
0.12307041596
0.120505196617
0.117843419119
0.115080060626
0.112210662836
0.109231714836
0.10614139276
0.102940699905
0.0996347517113
0.0962337341472
0.0927530804439
0.089212597211
0.0856347336625
0.0820423051126
0.0784566784035
0.0748964544465
0.0713824045361
0.06794063147
0.0646339602437
0.0616103816642
0.0591873464693
0.0579895226654
0.0585062050231
0.0612794535266
0.139292403586
0.139294279411
0.13929958421
0.139309671635
0.139309405277
0.13932120743
0.139334372855
0.139347026684
0.139359403113
0.139366551583
0.139377073038
0.139405944525
0.139453478069
0.139501240602
0.139550667802
0.139632712088
0.13971071772
0.139771764567
0.139857456632
0.139949782767
0.140030897765
0.140138955674
0.140258465126
0.140383689098
0.140531183865
0.140689854809
0.140866680149
0.141075625118
0.14130695937
0.141569598536
0.141876844309
0.142230386945
0.142637085092
0.143108683231
0.143670414004
0.144342504605
0.145164684113
0.146199269806
0.147570443281
0.149403960397
0.150136622969
0.149390635821
0.148678973456
0.147453295664
0.145973172852
0.14430555493
0.142505433189
0.140612252819
0.138648962939
0.136626040299
0.134546405035
0.132408712104
0.130209285621
0.127943309605
0.125605533646
0.123190673516
0.120693636868
0.118109686399
0.11543457879
0.112664759727
0.109797625575
0.106832056747
0.103769446285
0.100615182626
0.097380143388
0.0940815120211
0.0907423910599
0.0873899995919
0.0840528346793
0.0807572050139
0.0775237604612
0.0743654263431
0.0712902004799
0.0682970013005
0.0654130235935
0.0627484569986
0.0605648877435
0.0593393922116
0.0590138566663
0.0603145563144
0.138720931652
0.138722133862
0.138723776146
0.138740229001
0.138742877028
0.138750801326
0.138759933455
0.138767647464
0.138774875321
0.138775448994
0.138774450863
0.138780723545
0.138808003725
0.138848721338
0.138884923495
0.138932062809
0.139006066551
0.13906767864
0.139120492531
0.139198792917
0.139273087141
0.139346435735
0.13944334803
0.139544742579
0.139661052873
0.13979380401
0.139940129745
0.140111407265
0.14030800042
0.140535652504
0.140795686616
0.141098977132
0.14145535594
0.141878250012
0.142386340175
0.143002666253
0.14375652158
0.144716664019
0.145975944411
0.14755428878
0.148337186683
0.147532052468
0.14683772879
0.145526042682
0.143964277002
0.142227376486
0.14037362527
0.138438102261
0.136440031376
0.134387150098
0.132280483021
0.130117602921
0.1278943968
0.125606074016
0.123247735854
0.120814706044
0.118302718924
0.115708089848
0.113027873041
0.110260120977
0.107404220031
0.104461627221
0.101437259329
0.0983413669118
0.095191146961
0.0920112155372
0.0888323432771
0.0856884814348
0.0826126156456
0.0796317601446
0.0767620255422
0.0740047921799
0.0713448907593
0.0687281062735
0.0661243803175
0.0635746669007
0.061243716116
0.0598667477343
0.0595509671057
0.0612126660158
0.138149170531
0.138149824413
0.13815059108
0.138164874585
0.138178173034
0.1381796934
0.13818253345
0.138183683318
0.138183590801
0.13817994552
0.138170348654
0.138161161409
0.138163593367
0.138184863622
0.138216009189
0.138238778585
0.138282733373
0.138339194865
0.13837758281
0.138423996164
0.138485818612
0.13853924344
0.138603096557
0.138680345105
0.138765931184
0.138863559006
0.138978447917
0.139110078704
0.139272097263
0.139456906386
0.139664514001
0.139913846865
0.140205513083
0.140556066348
0.140974761279
0.141489227066
0.142123499508
0.142925934301
0.143967058343
0.145190202935
0.146136717918
0.145251600039
0.144587527725
0.143284719295
0.141714908984
0.139959983617
0.138091032781
0.1361420496
0.1341311997
0.132065554721
0.129945745624
0.127769307815
0.125532418373
0.123230821591
0.120860333773
0.118417148978
0.115898023457
0.113300477201
0.110622986036
0.107865325336
0.105028993336
0.102118215268
0.0991417940085
0.0961153980394
0.093063178719
0.0900176146688
0.0870171284167
0.0841017308572
0.0813076848124
0.0786612632515
0.0761729818573
0.0738360853822
0.0716072386362
0.0693791279064
0.0671128052265
0.0647527666595
0.062078547849
0.0607157456076
0.062073095159
0.0627950809269
0.137571076226
0.137570971919
0.137573205726
0.137577413151
0.137593312112
0.137597209089
0.13759768462
0.137592864129
0.137585280535
0.137576805131
0.137560035001
0.137541531686
0.137521743537
0.137517558523
0.137531715733
0.137549765021
0.13756311153
0.137595890975
0.137627252276
0.137648097638
0.137675699709
0.137713625291
0.137749838992
0.137793601244
0.137847576464
0.137912841766
0.137987534083
0.138081405365
0.138191993651
0.138322596701
0.138470453319
0.138651221233
0.138867469614
0.139125308253
0.139431523381
0.139807649684
0.140274469994
0.140791470077
0.141424043796
0.14193746681
0.143354636009
0.14260666228
0.142004693722
0.14077672721
0.139258996562
0.137527624863
0.135674068726
0.133735174577
0.131730093577
0.129666620691
0.127546073052
0.125366725671
0.123125584794
0.120819310707
0.118444704669
0.115999029521
0.113480208484
0.110887081859
0.108219638543
0.105479469613
0.102670286514
0.0997992845035
0.0968795673778
0.0939328544183
0.0909908987296
0.0880944124679
0.0852892619749
0.0826207541291
0.0801271912195
0.0778323756948
0.0757429635156
0.0738469048107
0.0720802660166
0.0703912657622
0.0689230246033
0.0672731356304
0.0641125310568
0.0647977135484
0.0648423258702
0.0649974842022
0.136978610675
0.136975695214
0.136974403133
0.136968249173
0.136977325542
0.136992246059
0.136998390432
0.136991096606
0.136977961927
0.136962730092
0.136942105549
0.136913127366
0.136883232188
0.136853507954
0.136840620423
0.136844869323
0.136845742319
0.1368465779
0.136859305434
0.136868467662
0.136866698185
0.136868522455
0.136881587931
0.136892404441
0.136910163531
0.136937445906
0.136970317946
0.137011418377
0.137061330863
0.137123806355
0.137199705089
0.137300603014
0.137436577569
0.137597793634
0.137790609598
0.138037791177
0.138290115236
0.138479754003
0.138482459274
0.137515101082
0.139927480686
0.139783894782
0.139275412463
0.138110021493
0.136657878872
0.134968385412
0.133147112255
0.131233420426
0.12924751466
0.127197954327
0.125087025115
0.122914060266
0.120677162512
0.118374115711
0.116002863282
0.113561857702
0.111050278109
0.108468358935
0.105817656484
0.103101643055
0.100326316732
0.0975020519271
0.0946467177089
0.0917887560562
0.0889681205991
0.0862339199219
0.0836389912178
0.0812328859216
0.0790541778292
0.0771226730041
0.0754388861466
0.0739675947632
0.0726144304869
0.0715324993956
0.0708867090783
0.0689742958666
0.0708039143061
0.0682220513884
0.0673728921316
0.0671063798063
0.136375341888
0.136368035583
0.136359298044
0.13634982111
0.136349188377
0.136362934921
0.136374889451
0.136371631195
0.136358232005
0.136338599555
0.136315209549
0.136281242496
0.13624418118
0.136200771646
0.136162188599
0.136135571499
0.136122748998
0.136103303333
0.136084942295
0.13607289952
0.136055572712
0.136025813385
0.135998529296
0.135978734351
0.135958859304
0.135937752457
0.13591911516
0.135899705732
0.135888657667
0.135880117071
0.135891093606
0.135910315099
0.135947869703
0.136006424302
0.136100664284
0.136220327113
0.136345507362
0.136492054041
0.136636327745
0.136570314028
0.136879670985
0.137004945319
0.13656338539
0.135389200838
0.133969652298
0.132317522057
0.130533644719
0.128653107934
0.126695171113
0.124668229389
0.122575220955
0.12041648848
0.118191269399
0.115898531519
0.113537415642
0.1111076139
0.108609595463
0.106045020362
0.103417027767
0.100731004115
0.0979952741354
0.0952236015747
0.092439126555
0.0896776766174
0.086987852721
0.0844269972104
0.0820540488815
0.0799213559151
0.0780661288017
0.0765043499332
0.0752310249793
0.0741758605799
0.0732332315761
0.0724520761218
0.0708791817026
0.0718474241948
0.0709748042529
0.0697025505445
0.0689721357605
0.0686595262773
0.135772161898
0.135760975649
0.135747228357
0.135735553137
0.135725370863
0.135723977616
0.135731132541
0.135736949356
0.13572780338
0.135707920184
0.135680603388
0.135645956051
0.135598685423
0.13555031922
0.135494338014
0.135442545865
0.13539781613
0.135360928629
0.135317954206
0.135273449646
0.135230420863
0.135180686612
0.13511939228
0.135056939015
0.134995221705
0.134925965082
0.134849544199
0.134775849023
0.134697988047
0.134625751353
0.134548566895
0.134471365349
0.134401729004
0.134356707954
0.134340493891
0.134335828737
0.134379960034
0.134504330337
0.134837967287
0.135625672407
0.135002208152
0.134424079924
0.133852042808
0.132626045288
0.13121606461
0.129594926705
0.127850424711
0.12600794239
0.124084074649
0.122086279257
0.120017798262
0.117879824663
0.11567266318
0.113396439694
0.111051478504
0.10863870831
0.106159874748
0.103618059037
0.101017955989
0.0983668705138
0.0956754470973
0.0929610587811
0.0902526446825
0.0875940248973
0.0850426182083
0.0826633816647
0.0805198854498
0.078665221968
0.0771331754476
0.0759358648156
0.075057438141
0.0744230949518
0.0741477006726
0.074246614584
0.0719509123638
0.0722708063708
0.0713843553934
0.0705270936817
0.0699468194942
0.0696663963112
0.135173613468
0.135161511213
0.135146571798
0.135130572719
0.135114247855
0.135099063351
0.135093453522
0.135100256802
0.135094307607
0.135074621451
0.135043941833
0.135005002692
0.134953369909
0.134893163902
0.134829002416
0.13475549627
0.134681997501
0.134613855304
0.134550786111
0.134479622922
0.134405532401
0.134322360298
0.134236404928
0.134133557986
0.134023194834
0.133904762183
0.133777701174
0.133641084105
0.133494893674
0.13333279659
0.133155475755
0.132988105852
0.132821614783
0.132661462605
0.132499579972
0.132338134699
0.132191152148
0.132075195499
0.132022047959
0.132002505742
0.132440789777
0.131678219457
0.131033144588
0.129784515886
0.128395597991
0.126810266372
0.125109361153
0.123309361195
0.121424364032
0.119460805097
0.117422133741
0.115310289509
0.113126562407
0.110872177071
0.108548589588
0.106157927318
0.103703163381
0.101188764556
0.09862091701
0.0960088175674
0.0933653793662
0.0907118159586
0.0880834245161
0.0855325037541
0.0831251254087
0.0809326657101
0.0790211677571
0.07744155573
0.0762217176694
0.0753673269593
0.0748390243455
0.0745564617859
0.0745776429749
0.0741703526529
0.076163178766
0.0732404607268
0.071875618111
0.071003511049
0.0704769119037
0.0702313489337
0.134577134828
0.134569129803
0.134554475888
0.134535837079
0.134514112473
0.134490800229
0.134471244617
0.134467121675
0.134462663737
0.13444269192
0.134409234423
0.134364187397
0.134309380535
0.134240059719
0.134163441575
0.134072785837
0.133975836258
0.133880885562
0.133784546311
0.133686846097
0.133585385571
0.133470460565
0.133343197179
0.133203829461
0.133045536527
0.132873792894
0.132690617963
0.132484417101
0.132254087961
0.131999248308
0.131749764796
0.13148346513
0.131200062195
0.130898051926
0.130569616894
0.130216536291
0.12985044561
0.129497345042
0.129167088776
0.12882548638
0.129423721167
0.128721768324
0.1280994614
0.126864929965
0.125514394068
0.123973533001
0.12232143877
0.120567979754
0.118725737572
0.116800410975
0.11479573664
0.112714365782
0.110558507218
0.108330418957
0.106032618337
0.103668375913
0.101241815102
0.0987587343624
0.096226708295
0.0936567827178
0.0910640338135
0.0884737920802
0.0859282920677
0.0834886630689
0.0812290798508
0.0792256618574
0.0775442316573
0.0762301646019
0.0753019229144
0.0747518727999
0.074526078015
0.074653313047
0.0751154475812
0.0742464828886
0.0743422859447
0.0728105990078
0.0717831713767
0.0710819165185
0.070648685878
0.0704483254573
0.133986599511
0.133984006241
0.133970492302
0.133950635354
0.133925138618
0.133895684009
0.133866881419
0.133843742628
0.133833064157
0.133813711963
0.133778437579
0.133728513286
0.133665655551
0.133590639166
0.133497712602
0.133398115497
0.133283630286
0.13316492773
0.133037023579
0.132907408057
0.132771044852
0.132625813236
0.132455440555
0.132269751188
0.132063319
0.13183889144
0.131588587012
0.131307913531
0.130994315406
0.130674748811
0.130329176103
0.129943184825
0.129526402981
0.129073219717
0.128579873644
0.128048308502
0.127513943902
0.126956904744
0.126412911627
0.125772414954
0.126356654284
0.125666808518
0.125083944624
0.123885218647
0.12258564192
0.121096707303
0.119497944818
0.117794287539
0.115997757609
0.114113673634
0.112146200365
0.110098700236
0.107974249804
0.105776076937
0.103507682689
0.101173417081
0.0987784591717
0.0963298743153
0.0938364934977
0.0913111597931
0.0887709611388
0.0862456929507
0.0837851407141
0.0814594285013
0.0793498992903
0.0775353304384
0.0760785457323
0.0750167360544
0.07435660112
0.0740688407945
0.0740702213379
0.0743388904235
0.0745117914216
0.0759409573721
0.073864463041
0.0724384807988
0.0715171686894
0.0709362259666
0.0705919052025
0.0704337104328
0.133410138547
0.133407229372
0.133394258883
0.133372697507
0.13334469375
0.133310967605
0.13327537647
0.133239586683
0.133210869386
0.133188780026
0.133153359044
0.133099678026
0.133029500199
0.1329442235
0.13284178584
0.132726555272
0.132601903936
0.132457121254
0.132305716155
0.13214389166
0.131970985207
0.131785362693
0.131575755571
0.131340902169
0.13108438108
0.130802285396
0.130487140961
0.130132143025
0.129755503065
0.129345043518
0.128883043317
0.128375690451
0.12782054309
0.127214422375
0.126554753093
0.125859200098
0.125150048618
0.124400110326
0.123564534351
0.122576441332
0.123227408859
0.122555818752
0.122016944419
0.120866407764
0.119625366905
0.118193182538
0.116650652606
0.114998869761
0.113249969011
0.111409159426
0.109481151168
0.107470017675
0.105379655742
0.103214203537
0.100978064186
0.0986766056963
0.0963159542486
0.0939043822857
0.091451817892
0.0889728657761
0.086486428424
0.0840272455232
0.0816532936761
0.0794436247199
0.0774853629168
0.075857418659
0.074616543193
0.0737892778643
0.0733695437335
0.0733192144313
0.0735956884918
0.074135080446
0.0739515734609
0.0741408522916
0.0728620563803
0.0718455942904
0.0711222192493
0.0706623297312
0.0703963286837
0.0702829239815
0.13284712335
0.132839253174
0.132825085235
0.132801493877
0.132771095692
0.132734432626
0.132692289345
0.132649648512
0.13260810013
0.132571306751
0.132534468453
0.132478884677
0.132403356069
0.132309398356
0.132198437384
0.132068787735
0.131923655006
0.131762147682
0.13158458478
0.131395534471
0.131187828839
0.130958342119
0.130704748043
0.130423670175
0.130115947641
0.129773841943
0.129391919335
0.128972090845
0.128510947193
0.127993234336
0.12742050886
0.126788267086
0.126095699483
0.125339732873
0.124521876851
0.123666750786
0.122747588096
0.121739606262
0.120578089988
0.119373336166
0.120064998844
0.119425999976
0.118929791472
0.117830909251
0.116650515951
0.115276818233
0.113791487318
0.112192302189
0.110491852175
0.108695371355
0.106808177071
0.104835034407
0.102780611648
0.100649899777
0.0984481230684
0.0961816131858
0.0938573286391
0.0914847049287
0.0890745896727
0.0866433516351
0.0842114769863
0.0818193345329
0.0795337719548
0.0774424599809
0.0756364869227
0.074191915445
0.0731560159621
0.0725414094268
0.0723247711802
0.0724496187974
0.0728430307508
0.0733483687225
0.0744111486275
0.0731535225062
0.0720366687902
0.0712370483189
0.0706820144799
0.070332655345
0.0701328574552
0.0700133325977
0.132292378311
0.13228049102
0.132263598488
0.132239077849
0.132207307967
0.132169210376
0.132124612632
0.132074421377
0.132025733855
0.131972805639
0.131922291649
0.131864531036
0.131786130655
0.131686168777
0.131565289595
0.131424509954
0.131261563229
0.131080364174
0.130880856147
0.130662015053
0.130417951915
0.130147623257
0.129849931559
0.129523145654
0.12916050519
0.128756000238
0.12830576525
0.127808394427
0.127251463112
0.126634666838
0.125951702241
0.125198574769
0.124371864651
0.123473283096
0.122504973273
0.121462625851
0.120310438605
0.119018205395
0.117715310216
0.116300544102
0.116941275319
0.116308772439
0.115845959817
0.114797596402
0.113676588864
0.112360824285
0.110932028275
0.109384926102
0.107732699358
0.10598065675
0.104134738878
0.102200367188
0.100182930608
0.0980882209298
0.0959222047983
0.0936921391704
0.0914056955329
0.0890734611357
0.0867070081667
0.0843245396219
0.0819478609887
0.0796239465671
0.0774292353867
0.0754595187277
0.0738078224566
0.0725442591953
0.0717029268541
0.0712798443904
0.0712374600791
0.0715155385771
0.072011076824
0.0724933820309
0.0729893359795
0.0719373728125
0.0711543631852
0.0705882028369
0.0702031925669
0.0699653517622
0.069828092567
0.0697632262309
0.131742422119
0.131730390642
0.13171256369
0.131689752979
0.131659298816
0.131621468317
0.131575992567
0.131522178781
0.131462807815
0.13140125604
0.131331037084
0.131259850746
0.131175383169
0.131071378785
0.13094283488
0.130790467733
0.130614544383
0.130413061602
0.130189373641
0.129940339357
0.129663563268
0.129354421953
0.129013923805
0.12863630861
0.128215693444
0.127747818719
0.12722461808
0.126642256907
0.125995221192
0.125279268654
0.124486055829
0.123610405746
0.122654166507
0.121615109826
0.120477831058
0.119221640759
0.117868819422
0.116395142056
0.11497472345
0.113214874091
0.113844062898
0.113211740224
0.112778130474
0.111780561079
0.110717085071
0.109457458338
0.108083311528
0.106586710107
0.104981510384
0.103273115396
0.101468082588
0.0995724436105
0.0975922607686
0.0955340808649
0.0934045419679
0.0912118088466
0.0889641468433
0.0866733301031
0.0843514445083
0.0820186924251
0.079697889955
0.0774439512082
0.0753435649902
0.0734999008476
0.0720058548196
0.0709231024052
0.0702704615386
0.0700252983815
0.0701273017859
0.0704872089546
0.071001885042
0.0717830407673
0.0713861300761
0.0707665655195
0.0702697847432
0.0699096662741
0.0696866803178
0.0695632754529
0.0694930120823
0.0694806578141
0.131208579044
0.131197185416
0.13118339778
0.131164046623
0.131136246978
0.131099017128
0.131052068088
0.1309949627
0.130926875154
0.130855382028
0.13077289491
0.130679864946
0.130576372833
0.130466552551
0.130330658377
0.130168803492
0.129978086054
0.12975923974
0.129510785056
0.129233291657
0.128922667982
0.128576256247
0.12819079795
0.127760086878
0.127281480943
0.126747953955
0.126151825101
0.125487706273
0.124750022803
0.12393474967
0.123033708844
0.122041856642
0.120957259864
0.119765587426
0.118434230652
0.116994093051
0.115456780981
0.113762083361
0.112084921007
0.110050183462
0.110740908467
0.110141207878
0.109739616454
0.108793266272
0.107784739258
0.106578345365
0.105255853984
0.103807187414
0.102246909285
0.100580515004
0.0988151537002
0.0969574151693
0.0950139934447
0.0929921541616
0.0908991468165
0.0887440548851
0.0865356191743
0.0842868998381
0.0820102653936
0.0797282133044
0.0774642029657
0.0752828615341
0.0732815654974
0.0715695732573
0.0702368060312
0.0693337952343
0.0688661409185
0.0688013847295
0.0690494739641
0.0694664404367
0.0700397309309
0.0702552133322
0.0699996136995
0.0696678580966
0.0693915771057
0.0692004421591
0.0691030847054
0.06908266315
0.0690635784567
0.0690684687005
0.130714302439
0.130706242171
0.130694329833
0.130675256918
0.130647366184
0.130608503645
0.130557983946
0.130495440008
0.130420249322
0.130333804313
0.130241623774
0.130136202178
0.13001759023
0.129884504345
0.129733575272
0.129560131881
0.129355396329
0.129117582019
0.128848066388
0.128540884978
0.12819735363
0.127812707048
0.127382295366
0.126898434105
0.126361152394
0.125763739738
0.125094860131
0.12434931323
0.123523370398
0.122611712731
0.121604865095
0.12049279827
0.119273314615
0.117901861028
0.116387746761
0.114755403611
0.112959473886
0.110985700946
0.109111641482
0.106970642969
0.107675304385
0.107120446224
0.106748915885
0.10585021751
0.104891946228
0.103734504289
0.102459583972
0.101055366511
0.0995370591361
0.0979102108059
0.0961825200062
0.0943610770807
0.0924531776229
0.0904667794335
0.0884097011069
0.0862919876425
0.084122738927
0.0819164789248
0.0796855970261
0.0774553484472
0.0752493903362
0.073144416391
0.0712486853673
0.0696758330954
0.0685089098638
0.0677823828794
0.0674850267364
0.0675726553801
0.0679499448534
0.0684906827578
0.0691639621345
0.068974708167
0.0688069604418
0.0686335192356
0.068502160803
0.0684202801691
0.0683793494071
0.0684128823025
0.0684454205258
0.0684449818611
0.130260180122
0.130257492243
0.130244627459
0.130224032322
0.130193418148
0.130150334009
0.130094025355
0.13002424064
0.129940672883
0.129842171905
0.129735117882
0.129620015116
0.129494004968
0.129339763123
0.129168066288
0.128972408622
0.12874898235
0.128492945905
0.128200623123
0.127865882309
0.127489853842
0.127067513171
0.126589799219
0.126053841097
0.125459313398
0.124796774958
0.124057799402
0.12323422897
0.122322288982
0.121317771354
0.120206085931
0.118969597226
0.117586257485
0.116034706813
0.11434051668
0.112473322634
0.110458277246
0.108265623108
0.106310374695
0.104035264896
0.104699254135
0.104172816263
0.103822778856
0.102964604541
0.102049930972
0.10093597903
0.09970364687
0.0983396138645
0.0968595785405
0.0952690781281
0.0935763070956
0.0917888005073
0.0899144423718
0.087961867591
0.085939445395
0.0838582599181
0.0817276543846
0.0795638858824
0.0773790492238
0.0752018081879
0.0730554256092
0.0710316853466
0.0692495117952
0.0678249651813
0.0668317493592
0.0662893853548
0.0661629778695
0.0663334239797
0.0666751159959
0.0675580100399
0.0677236299992
0.0677094317925
0.0676603169254
0.0676068405195
0.0675702424617
0.0675486069102
0.0675302344211
0.0675394626512
0.067588410779
0.0675409151748
0.129825824223
0.129828573186
0.12981875748
0.129799349686
0.129766223598
0.129718282961
0.1296555409
0.129578190345
0.129486217829
0.129379255252
0.129257285291
0.129124626747
0.128983067093
0.128822622632
0.128633223682
0.128413579062
0.128165732484
0.127886176885
0.127566865309
0.127206382749
0.126800291783
0.126336330157
0.125814429736
0.125228975475
0.124579087154
0.12385665271
0.12304895386
0.122150840744
0.121159548877
0.120067274674
0.118840500083
0.117453846917
0.115908380815
0.114197887273
0.112310320538
0.110260255571
0.108067936295
0.105671364032
0.103647704457
0.10120129594
0.101824511401
0.101310324068
0.100972403521
0.100146644672
0.0992680439109
0.0981915101013
0.0969962454927
0.0956675720334
0.0942214942541
0.0926634752931
0.0910021605186
0.0892454850219
0.0874019356534
0.0854808209439
0.0834910762609
0.0814449363688
0.0793518731895
0.0772302504041
0.0750914641075
0.0729684368166
0.0708831851835
0.068946295365
0.0672860196839
0.0660174562009
0.0652024749797
0.0648518259875
0.0649231992679
0.0652869695599
0.0657488013996
0.0662170842111
0.0664225118236
0.0665013466356
0.0665414610146
0.0665709873077
0.0665976932787
0.0666188660327
0.066629905672
0.0666296571928
0.0666621679851
0.0666625949754
0.129408739504
0.129413858784
0.129409244292
0.129391465375
0.129355908629
0.129304001585
0.129236162536
0.129152592783
0.129053288487
0.12893807975
0.128806046279
0.128656923875
0.128493728915
0.128315944751
0.128113695485
0.127878632365
0.127608954108
0.12730170609
0.126954930692
0.126566033501
0.126124360265
0.125624498233
0.12506150701
0.124430152079
0.123728602631
0.122946414961
0.122075002887
0.12110658569
0.120040218983
0.118846052136
0.117473763612
0.115947629768
0.114260176686
0.112388225284
0.110335800924
0.10812771722
0.105736149845
0.103167184734
0.101108369017
0.0984848700397
0.0990555128045
0.0985377536858
0.0982036425546
0.0974032016448
0.0965535295197
0.0955084522897
0.09434463449
0.0930461842296
0.0916292662277
0.0900992586425
0.0884652443801
0.0867355388191
0.0849192826707
0.0830264662718
0.0810666528487
0.0790533692339
0.076996110246
0.0749158403107
0.0728227315948
0.0707550453167
0.0687323634737
0.0668884892077
0.0653577799242
0.0642502177957
0.0636154938353
0.0634420569054
0.0636016282369
0.0639905012735
0.0649993280494
0.0650521688804
0.0652124339488
0.0653361248495
0.0654331013923
0.0655174519475
0.065588058441
0.0656431533231
0.0656810908031
0.0656936778356
0.0657225024588
0.0657569547711
0.129022483975
0.129021787433
0.129016375883
0.128994751623
0.128956002454
0.1289017905
0.128831631874
0.128744328726
0.128639675196
0.128517434487
0.128376936576
0.128217006898
0.128036594251
0.127836707397
0.127615137247
0.127366904565
0.127077511812
0.126746551336
0.12637311302
0.125951356559
0.125475344672
0.124939484535
0.124336517101
0.12366154869
0.122909883489
0.122072971163
0.121136744122
0.120101610421
0.118945873918
0.11761306127
0.116119512926
0.114476768197
0.112650645547
0.110629913491
0.1084361363
0.106043534303
0.103505901496
0.100820142614
0.0986864059087
0.0958599720852
0.0963854768684
0.0958519082389
0.0955164504755
0.0947377910967
0.0939118760627
0.0928931371002
0.0917553923803
0.0904818801258
0.0890889094313
0.0875818573082
0.0859702816509
0.0842628892926
0.082469567744
0.0806010042816
0.078667512242
0.0766840730522
0.0746601265321
0.072619878768
0.0705716092832
0.0685603356703
0.0666017204489
0.0648579168259
0.0634633147179
0.0625188710621
0.0620667976111
0.0620722053064
0.0623520631018
0.062792675842
0.0635033977845
0.0637940255145
0.0640076464496
0.0641815651228
0.0643188773292
0.0644390265154
0.0645390387821
0.0646186102223
0.0646766289224
0.0646989251347
0.0647366321969
0.0647873918578
0.128661674499
0.128653417068
0.128639605541
0.128612637064
0.128571160585
0.128514938313
0.12844276166
0.128353231925
0.128245220651
0.128117732057
0.127970286642
0.127801875441
0.127610943093
0.127395304971
0.127156111904
0.126886878039
0.126573260175
0.126221691372
0.125821816635
0.125369070105
0.124858648323
0.124286518803
0.123646099128
0.122927517116
0.122128403903
0.121231593147
0.120232086449
0.119118153285
0.117844161742
0.116406085324
0.114819405922
0.113063506661
0.111107806495
0.10895125121
0.106586580859
0.104036657447
0.101400436535
0.0985597098019
0.0963326506241
0.0932850172972
0.0937856120271
0.093241076522
0.0929078172512
0.0921530534614
0.0913484816282
0.0903518805283
0.0892349866983
0.087980894628
0.0866061816613
0.0851163897768
0.0835216258365
0.0818310219466
0.0800553412581
0.0782059799199
0.0762941976328
0.0743365928961
0.0723425307106
0.070340262542
0.0683353569588
0.0663815463569
0.0644888524199
0.0628537427115
0.0616032966105
0.0608304129817
0.0605524395079
0.060619939971
0.0609286325434
0.0620817666857
0.0622746917443
0.0625669394612
0.0628215216281
0.063031973321
0.0631973797865
0.0633402359184
0.0634587408915
0.0635543520093
0.0636304046078
0.0636694803567
0.063712510704
0.063760589066
0.128316035777
0.12830419022
0.128282701746
0.12825399035
0.128210047083
0.128150655289
0.128074911004
0.127982182457
0.127870856487
0.12773951612
0.127586486167
0.127410979646
0.127211202863
0.126984621737
0.126728723998
0.126433740342
0.126103293502
0.125728270458
0.125298644569
0.124818226484
0.124277429894
0.123670987285
0.122990056015
0.122229973029
0.121377920116
0.12041882209
0.119352000172
0.11814772321
0.116784084791
0.115262363053
0.113587091446
0.111717036335
0.109624684426
0.107307196493
0.10477171626
0.102116538618
0.0993359574993
0.0963616290314
0.0939193209452
0.0906097961754
0.0912056525548
0.0907030960119
0.0903840630515
0.0896563896552
0.0888710239105
0.0878920400014
0.0867902751106
0.0855495291651
0.0841867444195
0.082707777603
0.0811233466788
0.0794430429307
0.0776786559538
0.0758422860276
0.0739464208935
0.0720094016576
0.0700405833548
0.0680731898447
0.0661090795802
0.0642134588076
0.0623885409694
0.0608713863916
0.0597745203427
0.0591942557063
0.0591198475474
0.0593032184437
0.0596054520717
0.0604853105628
0.060951886573
0.0613285268671
0.0616420602817
0.0618901112699
0.0620852583432
0.0622473041057
0.0623802715472
0.0624855090291
0.0625666029439
0.0626305621188
0.0626857582285
0.0627333577507
0.127988444873
0.127975964117
0.127952045469
0.127921610855
0.127874631396
0.127811612948
0.127731834584
0.127634604775
0.127518963742
0.127383272046
0.127225614314
0.127043928606
0.126835685032
0.12659783136
0.126325483871
0.126016565954
0.125667270159
0.125264692597
0.124812333338
0.124305465973
0.123728878887
0.123087608275
0.122372078066
0.121566643044
0.120653944471
0.11963990799
0.118506408898
0.117221648542
0.115779015109
0.114185385197
0.112413543506
0.110407088269
0.108172996872
0.105698008796
0.103053758229
0.100257993165
0.0972539398608
0.0940585758108
0.0913165437087
0.0880150965797
0.0886938849984
0.0882704558042
0.0879678255066
0.0872618877389
0.0864896566818
0.085521920965
0.0844284620727
0.0831941739911
0.0818362281362
0.0803608333631
0.0787793232958
0.0771017666012
0.0753411374446
0.073510209919
0.0716230834885
0.0696998868146
0.06775015266
0.0658129973591
0.0638852538505
0.0620471389448
0.0602897964457
0.0588992000507
0.0579686008001
0.0575839765629
0.0576059753508
0.0578485065027
0.059051711521
0.0593500978601
0.0597653849407
0.0601573074722
0.0604995640323
0.0607856867625
0.0610116026073
0.0611985881953
0.0613537397917
0.0614787964785
0.061574089246
0.0616549274253
0.0617110834239
0.0617429391764
0.127684198899
0.127672201983
0.127648052333
0.127614496041
0.127564147562
0.127497407817
0.127413588255
0.12731203642
0.127191784121
0.127051379759
0.126889043131
0.126701660348
0.126486211163
0.126238688951
0.125955283374
0.125632114457
0.125261478342
0.124839077856
0.124363013111
0.123820670699
0.123216176496
0.122547136181
0.121787148565
0.120923524966
0.119968748351
0.118904046154
0.117693135302
0.116339431443
0.114837806467
0.113159111073
0.111264356464
0.109141595453
0.106785493992
0.10420215354
0.101429847555
0.0984199774555
0.0951717556257
0.0916861382744
0.0889478724156
0.085793482982
0.0863791860851
0.0859869209735
0.0856822070858
0.0849834334756
0.0842140774975
0.0832495087269
0.0821566105518
0.0809211719796
0.0795602529898
0.0780803511625
0.0764933623769
0.0748098386751
0.0730440933856
0.0712095200545
0.0693223393438
0.0674044061007
0.0654658486865
0.0635525121496
0.0616545600923
0.0598709044024
0.0581745921407
0.0569116466592
0.0561605925817
0.0559913243789
0.0561403956475
0.0565611414783
0.0572122687803
0.0579597285431
0.0585271639451
0.0590009522167
0.059391891888
0.0597222532393
0.0599892472976
0.0602085267917
0.0603922226024
0.0605431564184
0.0606646066546
0.0607545439851
0.060803178254
0.060805038998
0.127404478233
0.127393450211
0.12736827131
0.127330702736
0.127277722634
0.127207367238
0.127119689405
0.127014316229
0.126890293025
0.126745998616
0.126579107121
0.126386688674
0.126164667805
0.125908917001
0.125615338566
0.125277673182
0.12488946936
0.124447297957
0.123943714145
0.123374135743
0.122742836019
0.122030835434
0.121220276673
0.120323370129
0.119330450013
0.118194861196
0.116921860629
0.115516930459
0.113939784
0.112169714908
0.110183153077
0.107958611111
0.105491815933
0.102796875622
0.0998670544837
0.0966714376117
0.0932396052914
0.0895938743059
0.0870341023099
0.0838812174008
0.0842982587519
0.0838617264202
0.0835326401181
0.0828276408657
0.0820510534486
0.0810815945798
0.079981376977
0.078736808611
0.0773645288683
0.0758712580328
0.0742693722175
0.0725699145511
0.070788673161
0.0689395897754
0.0670416614679
0.0651182770977
0.0631809883505
0.0612832217623
0.0594072088822
0.0576748198233
0.0560294375745
0.0548884588841
0.0542927121648
0.0542280400733
0.0544388828489
0.0554538955641
0.0561016047552
0.0567453894491
0.0573542156047
0.057880913558
0.0583237958931
0.0586968078883
0.0590131336428
0.0592702349292
0.0594830232063
0.0596554647357
0.0597925477355
0.059887638681
0.0599456894091
0.0599561365144
0.127148596282
0.127138554074
0.127111491501
0.127071277775
0.127015783592
0.126941099368
0.126849389967
0.126740760417
0.126614185191
0.126467495703
0.126297656247
0.126101010258
0.125873363292
0.12561047274
0.125306296335
0.124953470134
0.124547117188
0.124083696508
0.123556891946
0.122961058944
0.122293572703
0.121541521924
0.120700892836
0.119774915939
0.118723425117
0.11752580613
0.116205469517
0.114746644903
0.113104850098
0.111252444119
0.109167044621
0.106848408318
0.10428671305
0.101474487725
0.0984123191213
0.0950813844044
0.091547390348
0.0878868981405
0.0853735045757
0.0820376997062
0.0823704049562
0.081870443612
0.0815110697282
0.0807956273805
0.0800053803786
0.0790243263168
0.0779093503417
0.0766475712347
0.0752550934763
0.0737388543692
0.0721116133865
0.0703849148095
0.0685761047419
0.0666995922757
0.0647779424932
0.0628357017666
0.0608872215038
0.0589943345331
0.0571310546226
0.0554482190627
0.0538510371062
0.0528573150971
0.0524168544817
0.0523402919121
0.0526343606846
0.0537897733418
0.0547225709471
0.0554971062207
0.0561863875291
0.0567784924463
0.0572881550217
0.057712224569
0.0580756038271
0.0583719664014
0.0586143390921
0.0588092658043
0.0589610917734
0.0590579631474
0.0591275018447
0.059163465547
0.126917907214
0.126907514952
0.126879849101
0.126839725469
0.126778608978
0.126698246993
0.126602594068
0.126492263108
0.126365481287
0.126218848882
0.126048212764
0.12584904739
0.125616584249
0.125345621179
0.125029373921
0.12466022274
0.124233551875
0.123746530599
0.123194624746
0.122576395934
0.121882164886
0.121099080284
0.120230492405
0.11926180864
0.118156461978
0.116914650322
0.115549542873
0.114034472976
0.112319386575
0.110393148352
0.108241695862
0.105828278217
0.103146966902
0.10023433517
0.0970671878182
0.0936395392801
0.0900715287461
0.0864517567501
0.0837564057463
0.0801334339441
0.0805158332278
0.0799947799482
0.0796137514368
0.0788900527128
0.0780827137406
0.0770844871982
0.0759477041473
0.074660557553
0.0732386376234
0.0716891248438
0.0700250243028
0.0682583694057
0.0664080379257
0.0644888200829
0.0625277220166
0.0605498136748
0.0585743442224
0.0566720871556
0.0548087632404
0.0531689404556
0.0516151457969
0.0508201376882
0.0505979668827
0.0506050303352
0.0509517897657
0.0523763282875
0.0533415778681
0.0542429661736
0.0550239634663
0.0556916332123
0.0562669531496
0.0567564869652
0.0571634353723
0.0574970877989
0.0577668209811
0.0579815707121
0.0581442366695
0.0582541421424
0.0583357081173
0.0583873711807
0.126718114058
0.126704335465
0.126678283513
0.126637628404
0.126570156255
0.126487859455
0.126393356388
0.126286638928
0.126163567552
0.126018869662
0.125847346036
0.125643825696
0.125403094073
0.125119467622
0.124785217639
0.124393201468
0.123943377545
0.123436132648
0.122866270642
0.122224959337
0.121501744645
0.120695279344
0.119799551587
0.118787390133
0.117635676654
0.116348305742
0.114938402842
0.113379298043
0.111619246626
0.1096336056
0.10737886521
0.104844641051
0.102083503232
0.0990873081281
0.0958040845075
0.0923271692639
0.0887386861755
0.0850601065046
0.0821204926766
0.0783269929308
0.078753477624
0.0782443125754
0.0778488084346
0.077118634562
0.0762911941045
0.0752703397238
0.0741046938217
0.0727838324235
0.0713228275749
0.0697290777029
0.0680156033488
0.0661948415367
0.0642869919735
0.0623071436186
0.0602875706792
0.0582528899149
0.0562303547491
0.0542999652988
0.0524196474329
0.05081080074
0.0492848637521
0.0486810046251
0.0485295733345
0.0486917666989
0.0502906242795
0.0511072683504
0.0520718037575
0.053013170173
0.0538651326797
0.0546239166333
0.0552625361973
0.0558124070243
0.0562669846528
0.0566371870403
0.056932493255
0.057164324523
0.0573341968624
0.0574647576868
0.0575556758129
0.0576179710603
0.126554715618
0.126536322626
0.126511751415
0.126471120322
0.126403509258
0.126322824692
0.126233523124
0.126132549384
0.126012305758
0.125866215556
0.125688828607
0.125474887353
0.125219212384
0.124916478187
0.124560494932
0.12414813305
0.123681133802
0.123157079018
0.122568027
0.121901769365
0.12115301545
0.12032010863
0.119389635713
0.118338732409
0.117152885808
0.115840808126
0.11440840188
0.112807675952
0.110988445098
0.108913267931
0.106549093414
0.103942154204
0.101113541035
0.0979893079757
0.0946201128004
0.0911201038005
0.0875044829007
0.0837530197704
0.0806084783891
0.0766899334782
0.0771306135688
0.0766408318695
0.0762309640947
0.075492984212
0.0746413571067
0.073591757003
0.0723898207777
0.0710266238358
0.0695165631648
0.0678670900489
0.0660908522969
0.0642004484969
0.0622169152296
0.060155574473
0.058054557852
0.0559366636252
0.0538414064785
0.0518572371406
0.0499364638642
0.0483487884341
0.0468633064559
0.0464697363637
0.0462797309992
0.046612165967
0.0477572130627
0.0492978991518
0.0506044281091
0.0517356195242
0.0527086362896
0.0535549490006
0.0542818432004
0.0548888577465
0.0553936138303
0.0558041338062
0.0561270871173
0.0563765671531
0.0565608528484
0.0567023766393
0.056796654815
0.0568543900121
0.126422712428
0.126402498567
0.126376954312
0.126335425366
0.1262692364
0.126192259615
0.126111073177
0.126014012182
0.125892000852
0.12573893889
0.125550351606
0.125321384015
0.125047753679
0.124726216548
0.1243518665
0.123923474734
0.123441103759
0.122898682762
0.122286864792
0.121597889266
0.120828895313
0.11997196707
0.119012501765
0.117932197493
0.116724360236
0.115395480023
0.113931458648
0.112281268784
0.11039524699
0.108235827936
0.105801675733
0.103132533142
0.100195955644
0.0969637869599
0.0935541429398
0.0900321394642
0.086394755537
0.0825780182275
0.0792770130257
0.0752354705691
0.0756755983249
0.075205860305
0.0747775756379
0.0740270911566
0.0731454580919
0.072059894416
0.0708136954072
0.0693993455911
0.0678301677657
0.0661132821123
0.0642603555154
0.0622836287539
0.0602040827879
0.0580371481727
0.0558268264497
0.0535926300332
0.0513922119992
0.0493186353898
0.0473193967911
0.0457299333989
0.0442998591356
0.0441687697118
0.0440452610321
0.0446765696378
0.0464156161136
0.0478009318835
0.0491895396846
0.0504684068288
0.0515901214505
0.052533397647
0.0533369065169
0.0540073115432
0.0545624617853
0.0550145361516
0.055366114108
0.0556364743564
0.0558410040776
0.055991328173
0.0560924391848
0.0561434295183
0.126307869402
0.126289620406
0.126261949828
0.126214693424
0.126153802225
0.126091460253
0.126017633973
0.125918984106
0.125789163387
0.12562312678
0.125418405119
0.125171123471
0.124880055953
0.124543422366
0.124156362638
0.123716393268
0.123219586632
0.12265925293
0.122027986276
0.121320299551
0.120531462891
0.11965298648
0.118671350048
0.117571850748
0.116346102701
0.114994051097
0.113492040242
0.111788306462
0.109844595873
0.107629751454
0.105138443915
0.102385975024
0.0993385985361
0.0960379821249
0.092606170244
0.0890642291403
0.0854083523677
0.0815849463329
0.0781207963656
0.0739412029768
0.0744064356566
0.0739632518022
0.0735082800706
0.0727360571605
0.0718164027262
0.070686530427
0.0693876995648
0.0679135173934
0.066275552717
0.0644799535962
0.0625365527932
0.0604563340617
0.0582588041392
0.0559590262911
0.0536054758034
0.0512129757609
0.0488656464457
0.0466552224693
0.0445293207186
0.0429018634295
0.0414495314541
0.041388148036
0.041462851012
0.0434235212081
0.0447152651081
0.0462655657249
0.0477805670838
0.0492013259298
0.0504791768324
0.0515615247089
0.0524551013399
0.0531896485054
0.053792726856
0.0542874411563
0.0546772739681
0.054974207241
0.055195854662
0.0553514705493
0.0554613608965
0.0555065184825
0.126203845938
0.126191878027
0.126165585409
0.126123798515
0.126077917634
0.126022529648
0.125943721025
0.125833602532
0.125687566854
0.125504167286
0.125284908515
0.125026340868
0.124725834116
0.124379191171
0.123981852856
0.123529782582
0.123018097902
0.122440738728
0.121791929181
0.121067508334
0.12026187556
0.119365458354
0.118364411675
0.117247000071
0.11600674018
0.114633971309
0.113097255811
0.111351729639
0.109355399619
0.107078543249
0.104530543379
0.101711300801
0.0985738107039
0.0952198450058
0.0917701424246
0.08821356347
0.0845451850224
0.0806911972972
0.0771634944747
0.0729486402682
0.0733708887366
0.0729372184557
0.0724410984745
0.0716338390317
0.070666504243
0.0694834026502
0.0681236360528
0.0665816355457
0.0648663149376
0.0629819445913
0.0609354352316
0.0587352235616
0.0563974961272
0.0539359256245
0.0513997198071
0.0487969887646
0.0462454223646
0.043824579209
0.0415135409451
0.0398597460718
0.0383724937523
0.0382592538315
0.0385377944378
0.0400405824676
0.0423763712164
0.0444494442409
0.0463021456003
0.0479463496508
0.049394179331
0.050627487039
0.0516380376371
0.0524507974422
0.0531035896894
0.0536335992175
0.054059565715
0.0543884115963
0.0546318577116
0.0547899200318
0.0549054453799
0.0549529806316
0.126121560717
0.126115194776
0.126094348666
0.126063802817
0.126025148659
0.125962464548
0.125868200251
0.125741980068
0.125584306656
0.125393612919
0.125166902941
0.124900491694
0.124590934646
0.124234124285
0.123825429488
0.123360040405
0.122833406012
0.122240673608
0.121577836783
0.120840475509
0.120020706303
0.119109055045
0.118094719935
0.116967028511
0.115714512735
0.114320461574
0.112753404
0.110968545863
0.108923402568
0.106602431908
0.104009252729
0.1011023714
0.0978857457304
0.0945080635423
0.0910412264482
0.0874810906105
0.0838276877416
0.0800121255669
0.07647696789
0.0721894055468
0.0725719331839
0.0721415457897
0.071591686096
0.0707335506135
0.0697073071831
0.0684616971442
0.0670331018917
0.0654165853506
0.0636173079205
0.0616364113129
0.0594764817338
0.057141666645
0.054642727951
0.0519905572823
0.0492300361446
0.0463620812744
0.0435364170295
0.040784909284
0.03816124096
0.0364532005895
0.0350428551033
0.0352688814794
0.0357577251693
0.0381384769563
0.0403288305325
0.0426441397807
0.0447978939649
0.046719933034
0.0483754810599
0.0497638551142
0.050898445202
0.0518021839625
0.0525118213402
0.0530783366385
0.0535279628652
0.0538757344651
0.054141111254
0.0543141865283
0.0544295974395
0.0544923475268
0.126063474892
0.126058665892
0.126041251743
0.126016206271
0.125976003692
0.125899373732
0.125794228542
0.125661870472
0.125498466701
0.125301092209
0.125066594041
0.124791476658
0.12447209173
0.124104264999
0.123682796134
0.123203751968
0.122666257037
0.122066019355
0.121395446359
0.120647740452
0.119815960758
0.118892554454
0.117868867494
0.116732971551
0.115468458066
0.114054988388
0.112462621472
0.11064619373
0.108564496789
0.106204402747
0.103555807168
0.100569251429
0.0972949727074
0.093891186121
0.0904059944347
0.0868490516302
0.0832405612298
0.0795765659068
0.0760524623167
0.0716770252672
0.0720229228053
0.0716006386044
0.0709841619148
0.0700512869251
0.0689492651266
0.0676302232157
0.0661254492423
0.0644297701652
0.0625430785299
0.0604616336024
0.0581818100401
0.0557009275903
0.0530213000629
0.0501480821232
0.0471167390643
0.0439282156183
0.0407604422866
0.0375528918544
0.0344661232394
0.0324336380899
0.0305694489768
0.0314873550928
0.034590804376
0.0355423545216
0.0379069628605
0.040627283063
0.0432202130817
0.0454926816799
0.0474150560331
0.0489869912479
0.0502488924923
0.0512482372078
0.0520201051048
0.0526233779298
0.0531015097197
0.0534657750633
0.0537394331932
0.0539280130686
0.0540493513823
0.0541229910619
0.126019968999
0.126013933018
0.126001017919
0.125978712566
0.125933072771
0.125847107141
0.125737280769
0.125599034191
0.125429109053
0.125224467423
0.124981828109
0.124697545943
0.124367873806
0.123988511709
0.12355613926
0.123070840499
0.122530589799
0.121926256734
0.121248595833
0.12049123355
0.119648740868
0.118715779034
0.117685952604
0.116545297903
0.115271079994
0.113841109709
0.112229400088
0.110391795641
0.108282474346
0.105883226058
0.103180917214
0.100121901802
0.0967932322661
0.0933580269218
0.0898414153983
0.086270446513
0.0826958090287
0.079186300583
0.0759545796465
0.0717517810096
0.0718643851885
0.071373997177
0.0706508770198
0.0696010577048
0.0683960943335
0.06699088383
0.0654047814166
0.0636292514491
0.0616568482329
0.0594769304155
0.0570775477421
0.0544459012227
0.0515708338395
0.0484435161752
0.0450783525806
0.0414780714466
0.0378382471575
0.0340496050475
0.0306208341094
0.0283870832947
0.0252766305094
0.0259143520889
0.0290209996233
0.0316648500981
0.0349185869122
0.0383289397688
0.0415467944527
0.0442846175205
0.0465246563417
0.0483070511868
0.0497023773107
0.0507916526602
0.0516267685939
0.0522632605394
0.052766164075
0.0531564582386
0.0534437044092
0.0536394687128
0.0537595736916
0.0538189872044
0.12599385175
0.125988139659
0.125975878985
0.125949656087
0.125897954188
0.125809146718
0.125695352036
0.125551289211
0.125374875275
0.125163068582
0.124912679981
0.124619854366
0.124280579022
0.123892392478
0.123454877736
0.122968108399
0.122427541142
0.121820696937
0.121136882004
0.120371316898
0.119519613734
0.118578483103
0.117546339273
0.116406793271
0.115126471979
0.113680988314
0.112055098571
0.110210047906
0.108080035783
0.105640169228
0.102885796642
0.0997652545413
0.0963877711553
0.0929050389923
0.0893283934595
0.0856957767482
0.0820899745285
0.0788135433041
0.0764279632932
0.0726639982925
0.0723360777625
0.0715213178997
0.0705869479238
0.0693681159608
0.0680341680611
0.0665364376348
0.0648719759487
0.0630239838329
0.0609760765231
0.0587096121228
0.0562032962652
0.0534320007281
0.0503662268997
0.0469709890421
0.0432157771718
0.0390633076937
0.0346295996554
0.0298147264185
0.0259126997854
0.0238368043937
0.0202207617091
0.019841276627
0.0233291803709
0.0273467307187
0.0317725450922
0.0360271012658
0.0399187590033
0.0431839748649
0.0457701167792
0.0477597752323
0.0492743719615
0.0504373724197
0.0513255043011
0.0519986578471
0.0525165303228
0.0529188033002
0.0532192309648
0.0534250412747
0.0535439934417
0.0535873334876
0.125981434348
0.12597614809
0.125958312106
0.125926284219
0.125874852686
0.125785690366
0.125669074153
0.125518685706
0.125336104929
0.125118820928
0.12486359372
0.124564993299
0.12421909036
0.1238242785
0.123381411902
0.122894282473
0.122356714721
0.121749105447
0.121060741228
0.120289660276
0.119429155073
0.118480656885
0.117455509332
0.116327928829
0.115042942777
0.11357924337
0.111937428883
0.110085243949
0.107953391039
0.105487806003
0.102680411653
0.0995142755302
0.0960941086241
0.0925518903516
0.0888804203051
0.0850930054825
0.0812063559772
0.0775433570443
0.0765959910673
0.0753872280602
0.0735612784811
0.0719308378472
0.0706734407992
0.0692844543245
0.0678325737932
0.0662588255743
0.0645351915115
0.0626348496326
0.0605335579726
0.0582060364196
0.0556233971912
0.0527499853765
0.0495393521479
0.0459278180107
0.0418278664292
0.0371066576083
0.0316297215911
0.0250608506571
0.0185599516881
0.0114442197553
0.00395023540497
0.0109013954269
0.0159211224682
0.0226117044448
0.0287398475602
0.0340115188158
0.03856588969
0.0423121445166
0.0452091572311
0.0473953043661
0.048989558715
0.0501802599275
0.0511041889622
0.0518127621937
0.0523492390039
0.0527587214099
0.0530650597854
0.0532762900751
0.0534044072932
0.0534559168485
0.12597687885
0.125970259791
0.125944691923
0.125909357016
0.125857522931
0.125780861889
0.125665472135
0.12550752825
0.125322200873
0.125103814436
0.124845976708
0.124542054827
0.12418777329
0.123783104685
0.123333661082
0.122850584012
0.122324515836
0.121723102643
0.121031369179
0.120255346238
0.119392670337
0.118444570002
0.117417952828
0.116288985339
0.115003228238
0.113531456963
0.111879941246
0.110023577617
0.107886755723
0.105403483284
0.102573949025
0.0993867501168
0.0959356895799
0.0923444672763
0.088576670611
0.0846125655884
0.0799926341002
0.0781349291533
0.0769670211207
0.0751786115738
0.0743806153011
0.072276885863
0.0707432385831
0.0692649419086
0.0677575803739
0.0661502323292
0.0644014256287
0.0624792423441
0.0603558835517
0.0580031634778
0.0553889045857
0.0524728154816
0.049200745055
0.0454951461107
0.0412386514426
0.0362372386098
0.0301591722178
0.0222693950128
0.0113650289496
-0.00955802699491
-0.0282858830266
-0.0135665919458
0.00719215789589
0.0179941128518
0.0264633196152
0.0327080304524
0.0377486236443
0.0418020849646
0.0449195957458
0.047246109154
0.0488757047543
0.0500570503016
0.0509861445701
0.0517152329007
0.0522667560979
0.0526803802433
0.0529872604052
0.0532028742819
0.0533429908872
0.0534029378063
)
;

boundaryField
{
    frontAndBack
    {
        type            empty;
    }
    upperWall
    {
        type            zeroGradient;
    }
    lowerWall
    {
        type            zeroGradient;
    }
    inlet
    {
        type            zeroGradient;
    }
    outlet
    {
        type            fixedValue;
        value           uniform 0;
    }
}


// ************************************************************************* //
