/*--------------------------------*- C++ -*----------------------------------*\
| =========                 |                                                 |
| \\      /  F ield         | OpenFOAM: The Open Source CFD Toolbox           |
|  \\    /   O peration     | Version:  v1806                                 |
|   \\  /    A nd           | Web:      www.OpenFOAM.com                      |
|    \\/     M anipulation  |                                                 |
\*---------------------------------------------------------------------------*/
FoamFile
{
    version     2.0;
    format      ascii;
    class       volScalarField;
    location    "198";
    object      alphak;
}
// * * * * * * * * * * * * * * * * * * * * * * * * * * * * * * * * * * * * * //

dimensions      [0 0 -1 0 0 0 0];


internalField   nonuniform List<scalar> 
6400
(
0.830896147059
1.24479844243
1.90597291979
2.1804782696
2.45886494347
2.78115952302
3.34807500601
4.01684353852
4.12336432185
4.41530313734
5.52328843353
5.99042876685
6.32862636435
6.80615321036
7.55880023863
8.32869231839
8.87946835113
9.41640386314
9.90795433626
10.1127585582
10.006027638
9.90938572897
10.0770910274
10.5814390457
11.1821086311
11.6770547756
11.975719918
12.2289999167
12.5809241603
13.0416018496
13.5593256837
13.8497143576
13.8554259023
13.7642563642
13.5808780739
13.1775267625
12.9613529282
13.2219172701
12.9551227845
12.3245965244
12.1409584362
12.593768734
13.1026558494
13.3422232286
13.4010223475
13.3255081285
13.1959393448
13.0818994355
12.9856298402
12.9096105706
12.6773104612
11.8264052448
11.0126705303
10.1115631654
9.71734741359
10.1061062519
9.96046168556
8.65106372193
7.08399098286
6.52425833738
5.67484233207
4.72901575376
3.78124813102
5.50053269244
9.58508387191
14.5372048991
17.5361310971
17.2468030705
15.2359841268
13.5354511227
12.5581265227
12.6191094405
13.0323824321
12.8339086435
14.7698144414
14.1733511582
15.9979721994
9.8971839544
12.8734473675
4.81401454405
3.07874278139
2.38236775156
2.91042849279
4.09912438752
3.74067617853
3.3071646599
3.28639944257
3.53671198926
3.94317532336
4.4876983784
5.19378364659
5.8980011612
6.49129156234
7.0572707387
7.61644042895
8.27871423978
8.97107611857
9.68838960694
10.7640721884
10.7424575121
10.3429812425
10.1307419459
10.1461205168
10.5715911562
11.4667230794
11.8158476783
12.0447306343
12.3803242682
12.7735852817
13.1963281798
13.6463131895
14.1593948402
14.1738617207
14.1109381058
14.0313610314
13.3691051022
13.3188491123
13.5815496615
13.1422159211
12.1483664146
11.8821931478
14.2200599543
15.6107348733
15.6776780486
15.6085681224
15.2429556675
14.7112787861
14.2976402986
13.664951663
13.1454160247
13.1164697906
13.7266550535
13.5456582923
10.3329411303
10.2438917299
9.94659492855
8.2639581972
7.07179904832
6.1109874253
5.17325297463
4.44954559576
5.07394039729
3.9866500926
5.68256779936
9.63408152739
15.4512105382
19.178416114
17.9927818188
15.8167422909
13.8455969943
13.0284702597
13.3069817268
14.2667137644
13.6303441235
13.4132544864
12.8408436851
11.6070554889
9.74825278851
8.18483349808
4.27040627768
3.03337419442
2.56354346122
3.04556329626
3.10606981897
3.33441228669
3.61974394401
3.53240560031
3.48791351373
3.87399422339
4.47347578414
5.16775593738
5.8911127936
6.53987907311
7.12184913228
7.54804073284
8.14105469938
11.4038266173
13.5641355257
13.7661666139
12.6884415472
10.2159895737
9.56282227696
10.3733150828
10.8630537719
11.237782476
11.7491851868
12.1872458306
12.5300425227
12.9013308979
13.3567944237
13.7309140239
14.4384905493
14.5248834691
13.9472976037
14.7085901608
14.080447708
13.1488840645
14.0149685521
13.4940307658
12.4148861835
12.1113936321
12.6401465493
13.2217501104
13.4979845263
13.5787982038
13.5452573858
13.4303731858
13.2538672722
13.0155613449
12.7400251466
12.4293292289
11.9965179086
11.3714957323
11.0036242869
10.8156730279
9.48250949588
8.15901900207
7.1229918937
6.22439953228
5.43560752826
4.86189960009
4.29356447932
3.9784790643
6.42208702723
11.5939989974
16.2917220349
18.6048582972
18.7213939377
17.10889167
15.3803595045
14.5967992402
14.4050515535
13.6798364292
13.0268464558
12.933093618
12.5294314149
11.5046677927
9.86393300405
7.42752175429
7.59975876177
2.79867263839
5.30126314191
3.13047510385
3.0676093104
3.6851899212
11.6801873954
9.98593738171
4.33313724371
3.89809194255
4.50549006631
5.19133601111
5.91788878072
6.54530489113
7.23396800139
9.28624888686
11.6468033258
13.2939696082
13.3681861487
11.4665827822
9.6548099441
9.62093787587
9.8425246801
10.1632198717
10.7091342463
11.3304840643
11.9190755379
12.4173521436
12.7039528365
13.1660596986
13.4383352084
14.1940288338
14.3533947843
15.1440057174
14.7805002746
13.7345382008
14.3521893112
13.5606343377
12.6808380879
12.5141717869
12.4374936105
12.4885785833
12.8272155333
13.2398753827
13.5074160089
13.6219130176
13.6185145788
13.5246825153
13.3608331169
13.1363858127
12.8625858855
12.536346428
12.1333883139
11.6487735341
11.1348242672
10.4555696746
9.44204682813
8.29340230857
7.27607626259
6.44348895729
5.78770772382
5.30848141163
4.96739786848
5.09090362745
6.98185615989
10.7853588504
16.5615511896
20.1484540555
20.3481691022
18.6690311652
16.2962316718
14.6353213593
13.7656518566
13.8490609243
15.1550678009
15.0299088802
13.6599170816
13.4706062853
16.7211489435
13.1277484797
11.1485319102
5.24139857515
7.28002625743
3.55573485207
3.87835292539
6.10521715998
11.5581234032
7.63650043829
4.42854996832
4.37570364903
4.72546456776
5.3458259922
6.10973840867
7.60954972042
10.3247740705
11.2822319186
11.4088048397
10.9043070103
9.91708067408
9.34018127589
9.72186145237
9.77184756453
9.78923462379
10.2164034872
10.8157087902
11.4860137021
12.1458918703
12.5493269023
13.1474253062
13.271330553
14.0982693337
14.1370282333
15.7003331699
14.9595911711
13.9955447673
14.2522031404
13.1576231727
12.7463084162
12.6057294394
12.5935980006
12.6302070235
12.7337333275
12.9834888614
13.2989188846
13.546104264
13.6784048757
13.6976251005
13.622500503
13.4738349662
13.2664673073
13.0083184035
12.695137678
12.3165253798
11.8663584361
11.3212105328
10.5718635205
9.56583891616
8.48153696283
7.53693005964
6.81381073215
6.3046924298
5.99022769773
5.91723330475
6.41412853837
7.52863148992
10.5999191808
15.9539850749
20.1623480949
21.5579874651
20.3588453932
17.5737948505
15.0675101773
14.6787112332
16.8302597442
17.6329754468
16.540342628
15.5728623332
18.1615926316
21.1383468745
16.4533935876
15.5611531336
9.59335441183
8.69942128424
4.39960073741
5.23969603626
11.8113230938
11.2186275635
5.40887221225
4.85722350855
4.90775947526
5.05106251266
5.68055091431
8.73339585172
12.2852477796
12.5485693325
11.9157779424
10.3678577304
9.18629186384
8.91417742953
9.79814839295
9.74841580571
9.51765540786
9.81778695668
10.3650540641
11.046577559
11.596845737
12.2852895197
13.2622126294
13.1846354863
14.3489216396
13.9977359438
16.0622445378
15.1896111831
16.4318095606
14.6738241625
13.0339279454
12.5674230777
12.5726103711
12.6554504458
12.7387768374
12.8189967197
12.944256344
13.1542641619
13.4103619301
13.6333220489
13.7688568529
13.8024627735
13.7426351714
13.6109173413
13.4267726129
13.1966944523
12.9135772699
12.5634574809
12.1226057602
11.5410867172
10.7524228579
9.78027516307
8.79239418034
7.95358951339
7.31988646211
6.92444983203
6.7686308732
7.08665308437
8.43199729078
7.76669546113
11.8595174864
17.5500341949
21.3009055827
22.7090750658
21.7512729848
18.3722362296
16.1844719878
17.9320088442
20.0715101935
19.4926015993
18.4387924477
18.454327147
22.9327773014
24.4776787826
19.4632457298
19.2503379961
11.6463310028
8.23458410248
5.35446934295
5.09043669695
11.6641260381
7.58074720906
5.25531286292
5.32885638656
5.39473253279
6.08915435568
6.38995694736
12.2751808014
12.7158141356
12.5859687918
10.7086829452
8.83263518162
8.4922101511
9.94981354961
9.86436559666
9.26915643761
9.51800602989
9.92474549258
10.4696671356
11.1466811992
12.0713697035
13.0505105629
13.1993978642
14.8225836209
14.1913475018
16.4858095109
15.4084802589
16.779457485
15.3435869072
14.316802577
12.5496764416
12.3515126181
12.5738346821
12.7727788358
12.8930995461
12.9968805078
13.1400650276
13.3344225879
13.5575323779
13.7598628359
13.8929278811
13.9340971058
13.8879418236
13.777874297
13.6252518647
13.4332716808
13.1881418266
12.8652409737
12.4260948099
11.8216134561
11.0290498515
10.1161096429
9.2311476571
8.48823799287
7.91525795739
7.52956878414
7.49836223111
7.93378660923
8.24069364907
8.81285440744
12.8364519624
19.8311555748
22.4856164857
22.9143555039
21.8344654371
19.5658169137
19.3544908513
21.8950798149
22.2867007526
21.3851071377
20.7332933038
22.6038941162
25.2601687132
26.6748536047
22.0569205581
20.8942530462
11.205371716
7.49513094469
6.37789453491
11.6359802148
11.6108944593
5.95630820186
5.7824750331
5.8540885135
6.07445716722
6.58837324072
12.1070021059
12.957944131
12.8168822383
12.072009803
9.05040872761
8.08712589995
9.87794333604
10.2017332054
9.27177099727
9.08442887003
9.57159086085
10.1752793616
10.7062913656
11.4758744789
12.1142172116
13.5950202653
13.341779727
14.7123204377
16.4114486713
16.4843215571
14.8213645111
15.8565088541
15.6909071616
12.9483013015
12.4147390134
12.4503724756
12.6700384346
12.8941363114
13.0471948001
13.1736161871
13.3314569426
13.5262061781
13.7338547316
13.9201658
14.047481164
14.0929648548
14.0618974863
13.9797104051
13.866906801
13.7208884488
13.5190258563
13.2247147071
12.7908441202
12.1819615037
11.4145662405
10.5769139556
9.77902533298
9.06302223229
8.41219927293
7.94898817506
8.00448849796
8.53640344491
9.26483888652
10.2790569668
11.3474269945
19.6231886142
23.9652325378
24.1232725772
23.5725078494
22.7071842652
23.6483112809
25.0146739626
24.2789999208
23.5228180566
23.6350747164
25.8293739027
26.3963269064
26.9225393368
23.9841663179
21.791155154
10.2485308134
7.04334491852
7.01780012363
12.5241679446
10.2022899771
6.21135730535
6.35232139518
6.52905617763
8.22794737394
6.51356995192
12.8800990935
13.3654358675
12.7868185299
10.4361101299
8.26324547884
8.20106053737
10.0177486357
9.71927410567
9.04464764587
9.11086756795
9.54868774629
10.3155137816
11.0096926853
12.3719178935
13.614910796
13.3794477753
15.8623317845
14.2456380598
16.7867923213
15.0662669015
17.0007827419
14.5321140839
13.4817344526
12.7161350793
12.5234192865
12.6088879246
12.7955150193
13.0154784471
13.2000110639
13.3583794941
13.5321517874
13.7307331668
13.9336845035
14.1104145919
14.2302917355
14.2792931553
14.267863548
14.2209691257
14.1549963467
14.0613562565
13.9080483468
13.6468407178
13.2271333467
12.6322609034
11.9091647563
11.1440252532
10.3806033572
9.5572286422
8.63335718011
8.00368220648
8.33779105999
9.50396407271
10.7782912028
11.8326531941
12.6982059175
15.879856002
23.9289984781
25.6108097001
25.7988023498
26.6388229977
27.8293318169
27.4923927634
26.416201358
26.1128341057
26.9490918921
27.9723763582
27.6835721111
26.9780234205
25.871054354
24.4153101118
9.36738931697
7.16461400385
8.2283278811
12.5041625496
7.52790262649
7.2274343776
6.91958516793
7.16953857757
11.0117935362
9.47844817803
13.7059260898
13.5465458753
12.7421935736
9.34931357469
8.10130895171
10.1071204254
10.2972511898
9.33254471182
8.97139108253
9.29940501228
9.66705387392
10.3747912235
10.9157005763
12.5586776579
15.0898136233
13.1696378221
15.7330375072
16.841101657
17.0217312195
17.2882883124
15.3902664918
15.2500441169
12.8812686148
12.5449403569
12.6558411932
12.7753502388
12.9346498601
13.138880425
13.3465782179
13.5451697629
13.7464779038
13.9541637142
14.1558780905
14.3273464073
14.4427606821
14.4955864438
14.5068498997
14.5029769485
14.4917289653
14.456201827
14.3567261753
14.1350982879
13.7398718871
13.1742707034
12.5044139103
11.7849047852
10.9378086134
9.74166061149
8.30539290118
7.74448575941
8.96505714506
10.9697669726
12.6153375008
13.8297488622
14.7268712739
14.7436026585
15.8596667874
27.3358901648
30.1966490422
31.4801756574
31.488560858
30.0690620943
29.0604085128
29.1803196384
30.1104091875
30.2199447952
29.7824445428
29.3320806287
29.5512933702
29.6601077529
8.9417395978
7.75937742167
11.9819881493
12.4022516895
7.1611794316
7.9021903214
7.44953016521
8.23363885138
10.1437641644
13.2895219404
14.3787521931
13.6708606876
12.8070206828
9.00813579355
8.16156005735
10.7268868298
10.2736556346
9.19067507668
8.97391937948
9.45104385389
10.1534604463
10.6929424857
11.1060665048
12.0876653435
15.207588769
16.3684335959
14.8720072302
17.0172245207
14.8751025516
17.3401253937
17.2932263243
15.0513486187
12.7122937145
12.6349630768
12.823501096
12.952767095
13.0949502799
13.2807158734
13.4913806958
13.728095367
13.9715536979
14.1973865163
14.4014784799
14.5705657387
14.6842142766
14.7449410414
14.7834642318
14.8269403285
14.8753107486
14.903156465
14.8630847238
14.6880560992
14.3289043982
13.8071620775
13.187235134
12.4335941201
11.2000195489
9.17248945316
7.50413459419
7.87135269596
10.4841054904
13.2180523933
15.0550580803
16.2860209992
16.930248475
16.8433468631
16.2579543556
17.9907943211
31.8127197016
37.1445869956
35.9324013441
33.5263247308
32.5584403737
32.7941361211
33.2667441465
33.280193007
33.3047252299
33.5958673241
34.0367619581
34.6351738
8.9223158778
8.45806361812
13.5232643991
12.7979037546
10.4959232284
9.0123373423
8.16005730472
9.78949142196
9.21477980613
14.2116822021
14.8528963956
13.8441058779
12.6254690569
9.31991333859
8.93693322344
11.2515877471
10.1557669334
9.16757011268
9.07542589218
9.48463220369
10.3597197839
11.1204075752
13.1333840905
12.227647963
14.5611503263
16.7493606528
14.4580697611
17.3398790236
17.8008148296
15.8003698585
15.7378560937
13.3977735413
13.0550795543
12.955186676
13.0373589161
13.1604666556
13.2905274282
13.4582822063
13.6442295985
13.8905700178
14.1911765683
14.4662401423
14.6780926362
14.8412359083
14.9560025571
15.0308449868
15.101376715
15.1939799666
15.3027685608
15.395516592
15.4160327378
15.2945818351
14.9922001263
14.529080042
13.9163795507
12.8568692643
10.5927834385
7.84901080519
6.91005729468
9.00150654447
13.1649130423
16.3243396708
18.182252946
19.5090365302
20.0980470353
19.8278531884
19.0291660558
17.777432675
27.9015269691
38.1579236403
40.9681616872
38.1445029191
37.1646351799
37.2803784493
37.4910430018
37.378129769
37.9097215348
38.4224204592
38.1554981772
38.2650575245
9.27495346088
8.98644897078
13.0944900778
13.0616063712
12.9860405183
9.88351726861
9.00745641517
12.9340322109
9.24343776198
15.048769255
15.2102306131
14.0347184827
12.4688647368
9.69683507527
12.2630548412
12.3620355087
10.1662992992
9.28445858959
9.30811928015
9.64390631246
10.3249478059
11.0535578443
14.7213270701
15.7546442383
13.7437459825
16.854091531
17.6121009807
16.7210206387
17.7762492617
17.7185552729
16.3497088266
13.3213479885
13.2452311188
13.273492326
13.2979863626
13.3816116765
13.4806454662
13.6657769924
13.8687614344
14.0785738564
14.3870227724
14.7258340781
14.983233118
15.1494753858
15.2632349665
15.3566782907
15.464457229
15.6058093622
15.7694747143
15.9181999483
15.992572371
15.935211808
15.7213235362
15.3150108185
14.5596240064
12.6270360538
8.91894487209
6.03325927121
6.79602358763
11.6155753987
17.0446215838
20.3858976045
22.0607030725
23.7623498752
23.8994845212
22.785457364
21.3574874075
19.8406060721
24.2092856233
35.4154349702
42.3515252612
43.4014420647
41.4871733819
41.7802968661
41.90802135
42.239928274
42.9953854627
43.3413044388
43.1156845738
43.1865848702
9.68278832012
9.51907221825
9.25556229278
13.2578794954
13.3366421732
10.3674528985
9.79589098477
13.7337676747
9.61617139638
15.8748164693
15.5095032011
14.2321412471
12.4429373022
9.83335854923
13.4737510191
12.6608830687
10.3512291823
9.55595880872
9.60696582227
9.98359699726
10.4145698319
10.9737276981
15.3588173909
16.725251547
13.9533205638
16.9821336482
18.1305747507
15.6139100426
17.3894963905
16.9551093972
13.9306195575
13.6811991057
13.6639074972
13.6163077648
13.5715545837
13.6667340612
13.7466818654
13.8404868891
14.0735674784
14.3338968631
14.6248971237
14.9787678819
15.2883386476
15.4877632023
15.6140091071
15.7301446335
15.876077114
16.0579934052
16.2666108389
16.4573031949
16.5556228532
16.5768217012
16.4974635481
16.1473862948
14.9264074056
11.0856425388
5.65104724145
3.72244211514
9.22919326198
16.4765432431
22.5976795565
25.452446205
24.5650911891
22.5692304163
19.6498524769
17.976389554
17.4210172091
16.464565875
14.0126566463
15.5789495776
41.883571836
45.1896238619
45.928652471
45.3636434731
45.3146834921
47.3791816508
48.1509673514
48.4531433484
49.444559954
49.926733762
10.255298861
10.3044836671
13.8269603246
13.7237806781
13.5700916382
10.7443854207
10.7183291115
14.3292224888
10.4321378954
16.5510780436
15.7679899238
14.4314078516
12.4697196474
10.0857511741
13.6318900813
12.5610301691
10.5463463483
9.86835901515
9.90449043212
10.2360476988
10.6455847941
11.0849830911
14.4622631765
17.4866056124
17.5922536211
15.9852853108
18.2938105635
18.885250729
15.1643519378
14.1772902324
13.7546480598
13.8431156192
13.9010898165
13.9004610256
13.9210788386
13.9414977851
14.012707532
14.1333567846
14.2749374144
14.5654198293
14.9068585126
15.268169692
15.6003681908
15.8396216377
16.0070452844
16.1540722317
16.3323399055
16.5687545337
16.8175486233
16.9825268012
17.0541185909
17.1686265795
17.2592536595
16.8702014594
14.4382277668
7.81465968198
0.861352593559
6.59693134838
15.1788291247
22.8799965356
25.5786525896
20.6416537529
12.7308730794
0.0056103750677
0.00438845202356
0.0106541523709
0.0718174104868
0.336388741104
1.24262168878
7.89666664127
6.18291370256
31.6359451451
50.6032682665
50.7506191186
47.5698730331
51.060658962
52.9084187643
55.5569547364
57.8156455496
58.0478446023
10.7572760366
10.9333962846
15.3332010646
14.1269771482
13.3044445377
11.1551101298
11.650602555
14.7394842465
14.7437271164
17.3397436519
16.0463041049
14.689893457
12.5251162394
10.4921024064
13.7897335318
12.4208236322
10.7671479478
10.1975369179
10.1800891778
10.4449595897
10.846113137
11.4044857683
13.6584926199
17.7131240362
18.9899776318
15.145999873
17.8655522178
18.7242315397
17.9401746242
14.9324302027
13.9168533712
14.0402294829
14.2052661484
14.300535353
14.1785660067
14.2303703958
14.2612560956
14.3982908937
14.5504655134
14.8087638387
15.1915618665
15.5948027878
15.9269170635
16.1774198417
16.4100277165
16.6848383151
16.964830301
17.234213036
17.3822590015
17.4616989078
17.5578257102
17.6881417782
17.9894311888
17.5373680234
11.551485918
6.51111710713e-05
4.52389024016
12.5242118247
18.6389271085
16.7418577889
0.0863931965975
0.000144155327717
1.01615752084e-05
0
0
0
0
0
0
0
0
1.41330182096e-09
4.76677445503e-07
7.13007855341e-05
0.0413664324225
32.9949765182
59.2783325885
59.3093454627
66.5496875573
65.8424130962
11.1464097492
11.3500882194
17.6204272455
14.3714526595
12.6824480937
11.5338886365
12.2851962159
14.4638629151
16.2963624336
18.2491994741
16.4550651809
15.0509104346
12.7902159193
11.2313963694
14.1599351539
12.4530643741
11.0919858034
10.5927268031
10.4960958944
10.6872482851
11.0262121384
11.5573395246
13.2913520718
17.5624150491
19.9353871745
18.9194442145
17.1274652648
18.0269921037
17.3016669023
14.1986838836
14.3771285917
14.5658564722
14.8430548531
14.7515413687
14.6457164086
14.512719829
14.5983400204
14.6590080348
14.8376414812
15.0937643777
15.4566030686
15.9070548721
16.3629700462
16.6446296385
16.9333171271
17.3348874199
17.7545700177
18.0522258392
18.1613948527
18.2494352224
18.3563082933
18.4268527172
18.2530212138
17.1475237092
10.2368400279
0.525303220319
5.74949746636
1.19747459276
0.0163272055928
4.47736349989e-05
0
0
0
0
0
0
0
0
0
0
0
0
0
1.82103923488e-08
1.80959851309e-07
3.96703202428e-06
0.000192355897234
1.06819643592
72.7895189983
38.7419792203
11.4316695351
11.6213732416
19.7870281973
14.5072184253
12.3998395372
11.90324241
13.0740313649
13.2737411834
17.2500325582
18.8832616707
16.8603850506
15.4267854499
13.2783449383
13.4039617717
14.6694832546
12.7445469946
11.6326658067
11.2160808536
10.9214973587
11.0220265422
11.2643129061
11.7286561127
13.1708949153
17.4249836459
20.2902022011
20.5807538229
15.9835731112
16.2069644155
14.9093805034
14.2883299699
14.5542753873
15.1008632551
15.325895772
15.1937462964
15.0747126779
15.1796299135
14.9581284213
14.9915192897
15.1256653151
15.3423123461
15.8182148572
16.3235917087
16.7916030178
17.0290534684
17.4446675987
19.4024663831
22.101420807
22.9467755733
21.1767238824
20.9597849861
21.1377255363
21.3546637897
21.2091871212
19.4753161338
18.1885284268
3.23082903279e-06
0.00326479276187
5.32724206703e-05
0
0
0
0
0
0
0
0
0
0
0
0
0
0
0
0
0
0
2.8134485256e-07
1.90522087191e-06
0.000351338524786
56.0790089521
11.7145174046
11.8761128545
19.4513813146
13.4180037727
12.3021065895
12.2053474112
13.9632594793
12.882201579
18.0259594873
19.4980489148
17.2647695204
15.7893756423
13.6278753544
15.9344585271
15.4236932159
13.2475944237
12.2736652456
12.3446272955
11.5762619317
11.5324158883
11.6105861749
11.9126435064
13.2219878749
17.2715900943
20.121654137
21.6962279326
19.7145727035
18.2482388203
16.8089871254
14.6428600138
14.8851379244
15.9593760839
15.5769322619
15.5807249469
16.0626539974
15.6381778896
15.4364490472
15.4444408489
15.5691335051
15.7616545905
16.0474035608
16.6239421312
17.3268201939
18.5579714382
20.4020306356
22.9840510477
24.9042078212
24.8654001134
25.1342492424
26.623903922
28.7577768294
31.8519223881
33.1322830214
31.2713292752
24.9720213462
3.54087383787
0
0
0
0
0
0
0
0
0
0
0
0
0
0
0
0
0
0
0
0
0
0
8.65693575823e-07
94.6256412477
12.1050286201
12.2561056119
18.8793001098
12.6348911835
12.4178166508
12.4301509899
14.6869984718
13.120199653
18.6343901229
20.0976894197
17.67771564
16.1780152578
13.9345904625
16.512716403
16.1039152145
13.8243500848
12.8940513734
13.1362973146
12.3844823731
12.2764704252
12.1942279614
12.0926267764
13.4547497976
17.235112462
19.8058759501
22.0546363675
20.9710410166
18.4126055653
15.0693414562
15.1849371408
15.5730096022
16.5965801802
16.8763631835
16.9336869443
16.8611448985
16.1485697007
15.9583648306
16.0070902075
16.1102565925
16.3162403753
16.5726829167
17.2273084312
18.5254778965
21.0056663747
22.6290194161
22.9010088928
23.9884229803
25.0508060176
28.8854523982
33.4132421708
39.9789628642
43.8974098023
44.8847886785
40.5059481512
0.929919259461
0.0225151340704
7.5575662557e-05
0
0
0
0
0
0
0
0
0
0
0
0
0
0
0
0
0
0
0
0
0
1.45482716994e-07
1.92486922672e-07
12.7643812829
12.9203951369
18.2233698747
12.6170105062
12.8772269711
12.7684688246
14.313149586
13.7759468812
18.9832268
20.6491740295
18.1307021924
16.6272653111
14.3956993928
17.0626791146
16.741883122
14.5469263824
13.609541915
13.9273570398
13.1511402198
13.1760021665
13.1208001856
12.463057127
13.9134481891
17.3572495287
19.6491262336
22.1473409137
21.4011960246
18.6778100581
15.2396205515
15.3020843395
16.4175968805
16.2698102944
16.310136887
16.7352508331
17.8215519545
17.1183900384
16.8474678466
16.5985589154
16.6419721526
16.9668894604
17.3614545911
18.0667569758
20.9416132824
23.6475308584
23.6559530817
23.8266408574
25.5344575907
30.7538402478
37.5061584568
43.5122781026
48.0570084192
43.3457173037
3.8889135894
0.00127504713674
8.00023699329e-06
1.6215832044e-05
2.49014670525e-06
0
0
0
0
0
0
0
0
0
0
0
0
0
0
0
0
0
0
0
0
0
1.0753054578e-08
4.88264611772e-08
13.8229262227
13.9069438113
18.1559210923
13.3914811214
14.0326188075
13.4926043672
14.2373430668
15.2278492544
18.689232471
20.9802965259
18.6587040307
17.1621414274
14.9865873203
17.6909171576
17.4137316448
15.4677739418
14.5617948951
14.913915834
13.9158690891
14.1956432252
14.4382219823
13.1401733163
14.3814282996
17.6254391216
19.6669416655
21.9090321119
21.5657775343
18.9862167318
18.0069114894
16.2359131757
16.915710568
17.6128725451
18.5776512781
17.1742770736
17.4911547603
18.2646584596
17.7170071918
17.7251373818
17.5401448626
17.6348849626
18.1326709365
20.688153963
24.8038902966
25.6962971029
25.0867867068
26.7097045522
33.1094274877
41.8079269418
47.7754461201
46.7910276058
35.1700877733
0.0132928812397
9.09542754645e-05
0
0
0
0
0
0
0
0
0
0
0
0
0
0
0
0
0
0
0
0
0
0
0
0
0
0
0
15.3823447529
15.12362363
18.6043749677
15.3667649364
16.123033795
14.6472627203
14.9581214547
17.4123606778
18.5902105054
21.4283774746
19.3306264605
17.7989672255
15.691110057
18.3523151303
18.0795795281
16.5075572856
16.1286012741
16.2642390468
14.7622734535
15.3564995662
16.1195753739
14.2340424982
14.6449463537
17.9456542737
19.8547365259
21.6407406962
21.7176901927
18.8897564453
19.1878306564
17.963283497
18.1772877141
16.6427054562
17.3878879094
18.804882583
18.368707658
18.5947598397
18.6216262162
18.5488031858
18.6953640064
18.725955377
20.3477955452
25.2972995833
28.1233793441
28.094043197
28.7534386422
33.7650595977
43.0267506858
48.7774786528
38.2865646916
11.830148497
0.0222127960582
0.000101709560946
0
0
0
0
0
0
0
0
0
0
0
0
0
0
0
0
0
0
0
0
0
0
0
0
0
0
0
0
17.0799163658
16.2483661826
19.1535311891
18.159485441
17.7969945042
16.0556298112
15.7782524526
18.473564831
17.1080744014
21.72326253
20.1343738582
18.5311334495
16.5029780015
19.0308549945
18.6950266653
17.3530129109
18.5539148055
17.9186613975
15.7439486083
16.7208238945
17.4941799252
15.6954790526
14.435365111
17.8153340981
19.9463218133
21.395662216
21.7094011035
18.8503202811
19.3892760708
19.2771104462
19.31516023
17.2800181209
17.8503034932
18.1507421215
19.2903642278
19.8182847064
19.8077218011
19.6197488795
19.6214153543
20.6092457461
25.2416728382
29.9261706614
31.6066658577
32.2099664246
34.9734030822
41.495674504
44.2445590854
28.6118565875
18.1242395047
0.0495291547851
0.000173460655064
0
0
0
0
0
0
0
0
0
0
0
0
0
0
0
0
0
0
0
0
0
0
0
0
0
0
0
0
0
17.7958529347
17.0316976902
19.4508789533
19.0733229549
18.7306782066
17.4308446228
16.8636186212
19.811710878
18.0086086023
22.1502778177
20.9425047808
19.3168157652
17.4135658016
19.7467112895
19.3414307055
18.0701458699
19.4231236587
18.8933772476
16.7277843898
18.1180794639
18.0796601448
16.2653839441
15.584609465
15.754329011
19.402992985
20.8110386753
21.4153819836
18.7623413035
19.3446527027
19.6717366421
20.1634793929
19.5063450561
17.529243469
17.9532235088
19.3758500718
20.6151820377
21.1094371724
21.287859972
21.2842919681
25.0658098586
30.6864788461
34.1942215669
35.3470275346
36.629214767
40.1444547968
38.579929843
24.3020298238
23.3982519978
0.162808180448
0.000463686126651
0
0
0
0
0
0
0
0
0
0
0
0
0
0
0
0
0
0
0
0
0
0
0
0
0
0
0
0
0
0
17.6981373834
17.5630168517
19.6443706128
19.1467730449
19.3352984433
18.5174385245
17.8270483637
21.11886492
19.7257705449
22.7288544677
21.8060747669
20.1384195147
18.4136168164
20.5132638537
20.0667356878
18.9534029101
20.1137815522
19.7480183887
17.8162640177
19.0506868349
17.1353041267
16.8651370148
16.5399042076
16.9489820341
17.8991575017
18.6897346302
20.4828801548
18.6275025811
18.5673532916
19.5564473051
20.4944831655
20.8258781773
19.1783970213
18.6249094663
19.1647963261
20.3187503276
21.7417466709
23.0051194126
24.636372627
30.3275495618
35.305372152
37.7850482304
38.1077420622
38.2870630282
33.251914105
25.6895919548
24.762359534
0.565523285324
0.00126682506143
0
0
0
0
0
0
0
0
0
0
0
0
0
0
0
0
0
0
0
0
0
0
0
0
0
0
0
0
0
0
0
17.8583330356
17.9531608048
19.8583749188
17.7514742558
19.5479518108
19.0823449463
18.4735593865
21.5947352114
20.4524112093
23.3624577659
22.7354109906
20.9764402391
19.5177220781
21.3183105779
20.8427470628
19.9828073639
20.8429944871
20.7163730252
19.0224430133
20.3674280854
18.4281526519
18.663641679
17.7466773366
18.1596250469
19.9685527838
20.5526542484
20.0656317449
18.4572300173
17.830291446
19.4624756162
20.4590303095
20.9528548441
20.8870671637
19.6522464711
21.0173331807
21.0568183926
22.292921389
24.7233243977
28.8992123024
35.1057929261
39.0915367264
40.2498896293
37.8335497406
30.1765572882
27.7617900593
27.4648323868
4.7454541247
0.0108032585231
0
0
0
0
0
0
0
0
0
0
0
0
0
0
0
0
0
0
0
0
0
0
0
0
0
0
0
0
0
0
0
0
18.5365445782
18.6114990682
20.0406360341
18.1073690889
19.7117603368
19.3434683439
18.9326589613
21.6440295663
20.9835184511
23.8131431292
23.682767507
21.782909864
20.7252209661
22.1237617963
21.5996725831
20.9940525439
21.5296962945
21.7851406035
20.284470504
21.6649883751
20.2082734681
20.8931998638
20.5211120993
18.8456151154
20.4343807454
21.5380856647
21.6260467177
18.3337571515
16.9646955418
19.3445341816
20.5665586289
20.153787987
20.2025174567
19.8697940813
20.9240911251
21.4170370729
23.0137926819
26.581324324
33.1286488089
39.5561310567
42.3249928076
40.9365560088
31.2355590167
28.487688512
29.1507610579
22.1872489553
0.0752813524509
0.000305267557896
0
0
0
0
0
0
0
0
0
0
0
0
0
0
0
0
0
0
0
0
0
0
0
0
0
0
0
0
0
0
0
0
19.4056918901
20.7899614364
20.3444849154
19.1173343643
20.1865580406
19.6627958921
19.3800299983
21.6770837482
21.4914941338
23.8813778331
24.6389323197
22.5310778285
21.8014133388
22.738134381
22.3430044344
21.7226772612
21.5315448801
22.776348178
21.672346171
22.7856551438
22.3197740801
22.0945019955
21.8044174626
21.3318224968
20.2954658316
21.2153407415
22.5568171504
17.3490839687
16.424212669
18.4126093887
20.5405781153
20.9003258591
21.4042722035
19.8181480093
20.609458375
21.6285583818
23.357946529
28.2961426799
37.0964320106
43.6160349271
45.0038401061
36.8734468559
30.3549073616
31.6678794351
29.0550718983
0.510263835819
0.00130231604102
0
0
0
0
0
0
0
0
0
0
0
0
0
0
0
0
0
0
0
0
0
0
0
0
0
0
0
0
0
0
0
0
0
20.0470343631
21.4615858261
20.9938158863
20.0196812124
20.8586939265
20.1999870131
19.9045609965
21.8097915149
22.0067636285
23.658813615
25.5099675686
23.3024011826
22.4050768729
23.2421695877
23.2147224506
22.3879036926
21.5289875431
23.466150744
23.1879327401
23.7536150129
23.5940704802
23.6450815264
21.8439123159
21.8190988095
21.2446734054
23.0219333116
23.8783529187
20.052395109
15.9707731241
17.2338660423
19.8860193438
21.2153107975
21.3049447198
20.4300893836
20.0937502442
21.669843858
23.2671456114
29.641138531
40.6993952582
47.6449796114
44.4834345009
31.2468222198
32.1851160783
33.6523216595
16.9921490177
0.0150453393036
5.05608844408e-05
0
0
0
0
0
0
0
0
0
0
0
0
0
0
0
0
0
0
0
0
0
0
0
0
0
0
0
0
0
0
0
0
0
20.5375613842
21.8050496076
21.5828610962
20.6340769849
21.5395452897
20.9156988913
20.520853996
22.1318175772
22.5960782819
23.0287519394
26.0950564023
24.1791604181
22.8368498585
23.0431716397
24.1459760115
23.2380448369
22.0271949975
24.0414920833
23.9366024467
24.528694115
24.5124144607
24.7852875994
24.7464854064
24.628958399
24.1042484968
23.5374615813
25.0237818038
22.0664735039
15.9665446951
16.3201079499
17.6282377918
19.9511792303
21.2977469624
22.3532327294
20.8727854589
20.8703600754
22.578005436
29.8802750708
43.9453187047
50.48006097
41.8301319663
33.2884842869
35.2323010525
32.3914372526
0.215568248174
0.000589405466253
0
0
0
0
0
0
0
0
0
0
0
0
0
0
0
0
0
0
0
0
0
0
0
0
0
0
0
0
0
0
0
0
0
0
21.0318314522
22.1268648458
22.0873448481
21.0743899761
22.1501365849
21.7671205844
21.1573667624
22.5947366697
23.4091898054
22.2240891262
26.4041082906
25.166373518
23.5065624166
22.3623354797
24.9450637084
24.1684674665
22.9356765822
24.8040058671
24.4680458844
24.8024797462
25.5379870881
24.2913979173
26.0135754689
26.3852504404
26.1639767898
26.1317665557
26.5024813568
25.1726080895
18.6845651699
15.8993878786
16.6292286632
17.5694735112
19.5882233021
20.5199864424
22.6158497496
21.4337265449
22.0041059665
26.8711462961
48.5044259652
51.882864744
35.7387826408
35.5457978087
37.2452144669
19.6721113259
0.00731384207821
0
0
0
0
0
0
0
0
0
0
0
0
0
0
0
0
0
0
0
0
0
0
0
0
0
0
0
0
0
0
0
0
0
0
0
21.5170130094
22.4318447988
22.079310648
21.416054308
22.663879389
22.5716422263
21.7066299415
22.5122622781
24.487385462
23.2687632001
26.5558943233
26.2056208931
24.4572751702
23.0912455893
25.6870193351
25.0826736632
24.1991058088
25.8103638514
25.344502792
24.4391159587
26.6406508642
25.7860396883
27.018404387
27.3044586046
27.5070540231
27.9486587654
28.4584065921
28.2645492714
25.1895466089
16.8209553261
16.4264990198
17.1197685263
19.6736022791
19.546663623
20.889860368
22.477103274
23.2141532958
23.3566394791
46.4590734873
49.1670609895
36.6861480163
36.0312512518
36.2280406471
0.365901673239
0.000602123732507
0
0
0
0
0
0
0
0
0
0
0
0
0
0
0
0
0
0
0
0
0
0
0
0
0
0
0
0
0
0
0
0
0
0
0
21.9479958835
22.6876214083
21.9552988164
21.9479804914
23.1825297285
23.0621769899
22.2406701821
22.2954095077
24.9781127768
24.3814797104
26.2912120205
27.2482204767
25.4668243836
24.4788348394
26.4182362739
25.9507540474
25.6454261988
26.705654982
26.5908295513
25.6591432233
27.5864644425
27.3855397398
28.0863471603
27.8691217224
29.046595057
29.3044280033
30.3044279132
31.1439402931
31.4483264042
25.9583759058
17.591952982
18.9088991195
17.9503829918
20.587117589
21.6642085375
22.3488914753
23.2744467005
23.9760585594
21.2521586026
41.9040632349
37.9605404175
35.7824955894
29.087719146
0.0149746268085
1.83417014547e-05
0
0
0
0
0
0
0
0
0
0
0
0
0
0
0
0
0
0
0
0
0
0
0
0
0
0
0
0
0
0
0
0
0
0
0
22.3965562756
22.5433215004
22.7451479665
23.3434159819
23.8117668321
23.5793786014
22.9115371354
22.7409436721
24.8757419659
25.1298524827
25.9222014399
28.1379607457
26.4240275676
25.6427181261
26.9046287745
26.8548731104
26.2779541757
27.1891586652
27.8216022218
27.332379543
28.483922338
28.4999158813
28.9301070472
29.6770275416
30.2802011424
29.5699752787
31.3438370669
32.4981451042
33.7455338756
34.8755339082
28.6448380882
19.5141251331
19.473479797
19.3072463222
19.7376021374
20.26651676
20.4710516076
20.226487732
17.848468434
20.495211494
35.776439032
33.5862283041
1.398053486
0.00111911231495
0
0
0
0
0
0
0
0
0
0
0
0
0
0
0
0
0
0
0
0
0
0
0
0
0
0
0
0
0
0
0
0
0
0
0
0
22.872243
22.9334606145
24.6708610223
24.5428308388
24.352256001
24.0782682692
23.6906896176
23.4442393581
25.051968474
25.9790062213
25.1665598279
28.4665945069
27.4474812628
26.1494998173
26.5663377558
27.8564022507
26.8608133572
26.3742382207
28.6774716875
28.1951020653
29.0712568607
29.8097489648
28.6463214324
31.0536812613
31.4446828831
32.1252032685
32.7986724406
33.5962066307
34.9951680783
36.4796081401
37.4575016521
32.219462642
25.354699146
19.9898445239
18.3698596937
17.9444618294
19.1012644062
19.3457789845
19.457041267
25.4274103363
38.0840435482
31.3918116231
0.0544449663877
0.000141481156319
0
0
0
0
0
0
0
0
0
0
0
0
0
0
0
0
0
0
0
0
0
0
0
0
0
0
0
0
0
0
0
0
0
0
0
4.29188908402e-09
23.2520079146
23.4540787634
23.703415392
24.6880140649
24.6106437048
24.4831411188
24.4482034233
24.0321332868
25.3424656421
26.7060076269
25.7612562512
28.1364170449
28.6899803217
26.9381984355
25.9525205086
28.5998071833
27.8653672645
27.0995716094
29.2346943255
29.0176361602
28.4959408472
31.1763235443
30.4457294215
31.7373489846
32.0373229196
33.6504570964
34.0362422682
34.7770138127
36.0829134807
37.4564530108
38.3746828819
40.3495955424
37.9202024058
33.8760625571
31.4542942902
30.8616704413
30.7415693271
30.3031983041
31.856015279
39.3771698707
40.8315808743
14.3453374253
0.00455833489559
0
0
0
0
0
0
0
0
0
0
0
0
0
0
0
0
0
0
0
0
0
0
0
0
0
0
0
0
0
0
0
0
0
0
0
0
1.0753054578e-08
23.5706600133
23.8244758882
23.6804267984
24.7392628484
25.069107898
24.9337350565
24.9658567037
24.4329078664
25.0424364252
27.003461609
26.5400920849
27.4054549253
29.8428029312
28.1524071661
27.224282507
28.9897407958
29.0453293749
28.3214734315
29.6016161441
30.312164766
29.8302292285
31.7999727077
31.7992366527
32.4236466165
33.6219830358
34.3599199465
35.2858829303
36.3414193398
37.1781616566
38.7552352317
39.209438368
41.5792713628
42.6756678151
44.4890998715
43.0463187635
42.6927212502
42.1535595211
43.8226402267
47.0914561562
43.9820876036
39.5880205354
0.392460508797
0.000615969172924
0
0
0
0
0
0
0
0
0
0
0
0
0
0
0
0
0
0
0
0
0
0
0
0
0
0
0
0
0
0
0
0
0
0
0
1.0753054578e-08
1.0753054578e-08
23.9467645713
24.2263180617
24.7607097183
25.7886170432
25.8736972439
25.459595557
25.316545329
24.7901378188
24.9148123249
26.8028798909
27.3968999275
26.2940489393
29.6217359411
29.5507421805
28.0673158741
28.4070449363
30.1707350649
29.1953375402
28.898181876
31.1497654521
30.8686001162
32.2046140572
33.2033686618
32.2269637112
34.521607125
34.3111191565
36.7994605871
37.098370835
37.7463160922
39.6755117571
40.864764009
42.0098046345
43.0266759937
44.5749074839
45.3196225201
45.2906591261
46.1194801973
48.3255723458
49.9211069485
44.6513322556
37.7070009244
0.012957038881
8.57327752385e-05
0
0
0
0
0
0
0
0
0
0
0
0
0
0
0
0
0
0
0
0
0
0
0
0
0
0
0
0
0
0
0
0
0
0
5.24816117576e-09
1.0753054578e-08
1.0753054578e-08
24.3369239265
24.564522017
25.8185900005
27.004926138
26.3125703796
25.8602856849
25.6364176969
25.2097494875
25.1099044234
26.6578213873
27.9423219325
27.3658385271
28.5287887318
31.0454839588
29.2131856881
28.3672888147
30.7966504434
30.4401552781
29.7676994864
31.6818125653
31.9952479792
31.8445819022
34.2311145768
33.8539549002
35.1812213644
36.1341967388
37.1020295072
37.5787742744
38.7790011154
39.7006788362
40.917489783
41.8895024688
42.8586737783
44.3168847534
45.4982857047
46.4025579272
47.230709445
48.5394114435
49.7050207476
45.2701828619
32.8568633373
0.00221161787282
0
0
0
0
0
0
0
0
0
0
0
0
0
0
0
0
0
0
0
0
0
0
0
0
0
0
0
0
0
0
0
0
0
0
6.53364416041e-09
1.0753054578e-08
1.72400517904e-07
1.81914537093e-07
24.7254458835
24.8585695351
25.6487395855
26.4587948435
26.4331359412
26.109536181
25.8987195507
25.6790243234
25.3110270175
26.0950037975
27.7901048876
28.2944674861
27.2887782379
30.5391034808
30.7754817535
29.236416344
29.9434639302
31.6005613794
30.7378090169
31.0138182315
33.120828662
32.7195529482
34.5280790339
35.4055143131
34.3973587805
36.7157465782
37.5197121463
38.7571841493
39.0902949871
39.6748816241
41.5676443739
42.2777302703
43.2795381425
44.47185206
44.9461547308
46.5474951049
47.465337922
49.0366979343
50.418578808
48.7246950686
1.15117100546
0.000679611231653
0
0
0
0
0
0
0
0
0
0
0
0
0
0
0
0
0
0
0
0
0
0
0
0
0
0
0
0
0
0
0
0
0
0
0
1.33820948389e-07
4.51705879612e-07
6.73232918394e-07
25.1554147166
25.2196953914
25.8371274168
24.7697301583
26.1359089974
26.2541526946
26.0848349805
26.0094217775
25.3985774172
25.6840359845
27.373154749
28.8221875012
28.5672500264
29.2256372061
31.8909604468
30.7162498058
29.8944766626
32.2934311517
32.375091419
31.4306209856
33.7937478639
34.1837811593
33.8791822008
35.7255954676
35.9403328915
36.8986845788
38.4138325628
39.0011149637
39.9359896284
40.8428253196
41.8387208988
42.5257280266
43.7047130449
44.8376306368
45.7698209129
46.35782589
48.0739965855
50.2146089195
50.5990145036
45.8561211232
0.0153405982973
0.000201568570052
0
0
0
0
0
0
0
0
0
0
0
0
0
0
0
0
0
0
0
0
0
0
0
0
0
0
0
0
0
0
0
0
0
0
6.0926127488e-08
2.18265540243e-07
3.0686034512e-06
0.0208082703641
25.4322419324
25.50451002
26.6172978456
25.6083289685
26.0569489114
26.3098228805
26.2124963884
26.1212680077
25.599917212
25.5445342638
26.5456930817
28.3925323612
29.6395843985
29.2967699139
30.8974761466
32.6100263305
31.0588516055
30.5377785078
33.4049680896
32.4119115837
32.2318890926
34.8189810505
34.6060748294
35.9176733888
36.7837621296
36.9082122503
38.4876790983
39.3210724541
40.5218950836
40.790753888
41.8793319551
43.5545082852
44.8677543939
45.6467486683
46.549290778
47.9366019527
48.6705946326
48.6178197615
49.7286196034
39.4355981549
0.000227696899656
5.3737876948e-06
0
0
0
0
0
0
0
0
0
0
0
0
0
0
0
0
0
0
0
0
0
0
0
0
0
0
0
0
0
0
0
0
0
3.84441616253e-08
1.27792915228e-07
1.22607634908e-05
0.00355403443435
99.9954746365
25.3984834192
25.4658657552
26.4958221332
26.7092049414
25.5577359743
26.285367684
26.3460758112
26.3067835935
26.1161857945
25.6428429362
25.9439028103
27.6468732198
29.378602688
30.1930908047
29.6800962789
32.59391052
33.1160236548
31.4519850653
33.3236447601
33.9099590518
33.0210761171
34.9479092692
35.7121609179
36.2598932351
37.2760865506
38.2632345582
38.7340971954
40.4812507998
40.6056917701
40.7418320461
43.1264455162
44.4114347991
45.5056809955
45.9537283708
47.5595587775
48.1575605682
48.7979513795
48.424525205
51.7395026426
37.3711641807
0.000419968574178
3.69226863255e-07
0
0
0
0
0
0
0
0
0
0
0
0
0
0
0
0
0
0
0
0
0
0
0
0
0
0
0
0
0
0
0
0
0
1.23550311233e-07
1.52996744395e-05
0.00351837964972
59.9902489948
89.5868364635
25.4222573883
25.46791584
25.5478147134
27.1301385906
25.7616508221
26.3440225602
26.5945525944
26.6015226719
26.6412443039
26.0181870163
26.0599729982
26.4624339014
28.6259450842
30.437931587
30.4099328002
30.4848493928
33.2526081059
33.0127764943
32.4201882012
34.3585800641
34.5668611192
34.6656476904
36.2198161337
37.0051396591
37.7772299814
38.577400836
39.6570093732
40.4798166334
41.0569274691
42.2607585171
43.3974578605
44.4598036539
45.6223796415
46.9787122743
48.7527687157
50.647757838
49.9928824925
52.0779636625
55.4645815824
36.5232990607
0.000215512994843
8.98144994103e-07
0
0
0
0
0
0
0
0
0
0
0
0
0
0
0
0
0
0
0
0
0
0
0
0
0
0
0
0
0
0
0
0
3.84441616253e-08
9.12015773172e-06
0.0020539908015
30.4053175503
82.1335378666
85.4035445051
25.8995946659
25.950259317
25.9612301491
27.9047773633
28.2339848691
27.3086324278
27.1499503564
27.0413686318
27.0304413776
26.7211202263
26.3597325254
26.7074866931
27.7247157232
29.7513097505
31.2933985622
30.8176732217
32.1450321944
33.8274735876
33.5256812908
33.2080597296
35.2260602149
35.8229661379
36.0008462109
37.452336899
38.3022177187
38.859031526
39.8706538321
40.6907377536
42.4589920986
43.4293090213
45.1998200643
47.2641548093
48.1045040292
49.2877576408
50.8770934998
51.0413216191
52.0096629552
56.4193549446
61.8427523143
46.6833694106
9.68588277373e-05
8.98144994103e-07
0
0
0
0
0
0
0
0
0
0
0
0
0
0
0
0
0
0
0
0
0
0
0
0
0
0
0
0
0
0
0
0
1.91598219759e-06
0.00062759835902
3.00107661298
81.2654600586
77.9153224184
78.2238617077
26.5807173769
26.6035997136
27.0497700189
28.13722021
29.1106282149
28.674189065
28.3630900587
27.8347484205
27.5710195465
27.5350522044
26.8595706454
27.058965565
27.1145380461
28.7024637709
30.550382167
31.8626710614
31.7655132165
33.5880865394
34.4683951497
34.2902118582
33.9879395921
36.1447014943
36.9253784517
37.5044287533
38.4794285046
39.7839805008
40.4790306539
42.5081736294
43.5591806144
45.7888619355
46.7962262594
48.1381434485
49.1228236737
50.362595953
50.66098923
51.1126027555
54.8789646456
57.2142442798
64.1426582604
33.9482164004
4.67131324698e-06
2.41124079829e-09
0
0
0
0
0
0
0
0
0
0
0
0
0
0
0
0
0
0
0
0
0
0
0
0
0
0
0
0
0
0
0
9.63110901774e-08
8.93091110758e-05
0.233692762447
71.1431760146
72.7524734821
70.3445930772
69.8894863537
26.9900449925
26.8703568924
27.4856696727
27.5976574987
28.8555577457
30.1111649422
30.4314692285
29.115107228
28.3116003163
28.0277913887
27.7297601386
27.1112136993
27.5910957171
27.5035924571
29.0006973247
31.2411256756
32.4996548278
32.5774275064
34.2879033682
35.1432427549
35.1853007087
35.0204968662
37.1244164878
37.930169895
38.7478756566
40.2471844433
41.8192369233
43.0685161718
44.7114001467
45.6740675854
46.4312351679
48.1437552532
50.4869899735
51.3872231176
51.044482233
53.8665917607
53.907544122
53.2042833306
56.076918076
0.00651620197319
0
0
0
0
0
0
0
0
0
0
0
0
0
0
0
0
0
0
0
0
0
0
0
0
0
0
0
0
0
0
0
0
0
1.85961764956e-06
0.00981647105706
58.2791063151
61.2931751313
62.6130997477
60.3234000212
59.973815538
27.1926653271
26.7237439465
26.8421004959
27.0841690305
27.6948337902
29.6231791453
31.2990517726
30.039748483
29.0375719352
28.4864237751
28.3006575677
27.6668819643
27.9581385177
28.0259010472
28.5100896712
29.5451546024
32.2138051722
33.3707088157
33.4719654299
35.0021171317
35.8413982086
36.1594349078
36.1506204209
38.0520227706
39.4450282538
40.5551257442
41.7815152213
42.9827853701
44.6144242095
45.6212677811
48.5930515265
50.2053518436
51.3036031293
51.6673589141
53.1129026212
53.9215689302
54.0461119217
55.3844437621
55.1966104494
17.5680443695
0
0
0
0
0
0
0
0
0
0
0
0
0
0
0
0
0
0
0
0
0
0
0
0
0
0
0
0
0
0
0
0
0
0.000136772962383
3.83847044445
54.4304150086
52.7332573385
51.0438145982
49.638688242
49.3700216461
27.541028303
26.4934491352
26.3977523508
26.6095952645
27.0484352697
28.2921263203
30.1254458609
30.5690454852
29.5628816889
28.9267157268
28.5923896151
28.4814199154
27.7586628586
28.376323547
28.3298701744
29.7989541077
30.9699405931
33.1289948738
34.2782931312
34.5478642803
35.6646379619
36.7077669297
37.4332684176
37.8891693028
39.7715721729
41.3255868738
41.8618139614
43.9735277653
45.3078460446
48.3635189753
49.2865289394
50.2263028446
51.1640123691
52.5085878353
54.4863973663
56.9008805181
59.3712566957
60.7278674639
60.0195810468
23.0896510632
0
0
0
0
0
0
0
0
0
0
0
0
0
0
0
0
0
0
0
0
0
0
0
0
0
0
0
0
0
0
0
0
1.02924213546e-07
0.0150005942284
48.5979713788
47.3856815603
43.0176329795
41.4975000711
38.5329595549
39.3937170699
27.9866649006
26.3922066743
26.1549052465
26.1889869948
26.5186807958
27.2807678222
28.9068618038
30.7032509293
30.1204351475
29.3595808543
28.9028279621
28.7059956294
28.5645831083
28.0655810138
29.0323876715
28.8915109591
30.5905848984
31.6091596483
33.7022561049
34.9754471739
35.9217654945
35.9015348772
37.9098797949
38.916657503
40.1296446913
41.6891301228
43.2800406284
44.8623571778
47.7585556525
48.5780658766
48.9181290288
51.4371735579
53.3518186056
55.3597629475
57.5386486021
58.9535308311
59.3428084867
60.3155645367
56.9814094742
32.4531301954
0
0
0
0
0
0
0
0
0
0
0
0
0
0
0
0
0
0
0
0
0
0
0
0
0
0
0
0
0
0
0
0
1.24505168286e-06
3.33941173479
48.8523128956
40.9282198441
33.3793585145
32.0260357078
29.7764402446
29.7093026266
27.6730326077
26.4154940423
26.0231182967
26.0128293448
26.1387146667
26.6432337664
27.2658109391
29.6226174885
30.6549378264
29.8982999417
29.2783704906
28.9374803829
28.8593107264
28.6873070268
29.230893315
29.4619226095
29.3741783706
31.3908180763
32.4816150601
33.5527609924
36.0557172029
36.868034661
37.6324587942
39.2693792451
40.7223157436
42.0915464689
44.0475086167
46.3740080507
47.4381207808
47.7415479364
50.896933302
52.801071998
54.7905108081
56.8566133651
58.5849253002
59.9337530574
59.1474569068
59.4774588942
57.4326079076
45.3001537769
0
0
0
0
0
0
0
0
0
0
0
0
0
0
0
0
0
0
0
0
0
0
0
0
0
0
0
0
0
0
0
0
0.00146927790807
40.2983613933
46.4849146936
37.5738570686
28.7156376886
22.8639132565
22.1129030081
23.7353769418
27.025808527
26.515945612
26.0331560218
25.9914088883
26.032032289
26.2174124739
27.0503154374
27.9266259124
30.0563800075
30.4055862761
29.7413919138
29.2544202431
29.0249214143
29.0695186683
28.7844623398
29.6003030852
29.8229305924
30.9655911959
32.1417609617
33.5434090387
34.9801486195
37.098221108
38.1370226561
39.5016764474
40.7543942132
43.0713012298
44.6266509222
46.3070391135
46.9382824535
49.9934882376
51.9423683824
54.4210465619
56.7522053428
58.9509802784
60.8926839192
60.3799739398
61.8424502831
61.7557952059
64.3913229687
57.6622771871
0
0
0
0
0
0
0
0
0
0
0
0
0
0
0
0
0
0
0
0
0
0
0
0
0
0
0
0
0
0
0
2.79043873821e-08
1.09529334199
48.1526013432
43.8308673445
35.2130756966
26.7271002281
19.2926138682
15.5865233719
17.8396851763
26.7409803949
26.4443944862
26.1204364098
25.9436021199
25.9414119161
25.9734348111
26.2970791194
27.4583790687
28.2908422859
30.2694178924
30.4011895146
29.759293824
29.3422516522
29.1800998407
29.1613719147
29.0226228016
30.1991478647
30.4828868769
31.8206424638
32.5729525142
34.9696313739
36.9906101691
38.3413720606
39.4602067773
41.029080673
43.0152901589
45.6286187433
46.4990129239
49.261185576
51.132765689
53.8780402702
55.744690678
57.7658868877
59.6249689956
60.6567892271
60.9621102569
62.9456359647
67.6664106695
65.4418759559
63.2292743768
0
0
0
0
0
0
0
0
0
0
0
0
0
0
0
0
0
0
0
0
0
0
0
0
0
0
0
0
0
0
0
8.70291883571e-07
32.3600165262
48.6462123755
40.7104736328
32.8509537374
25.273972201
18.1466367988
13.4249188894
17.4982034429
26.9460080574
26.2669087622
26.1128312879
25.7829301053
25.6550780857
25.5904689256
25.623374842
26.2612177033
27.516311833
28.5749356862
30.6733991355
30.5462554829
29.9499149615
29.5907296292
29.472594997
29.5695588827
29.5512706822
30.7569716818
31.225489092
33.0134283449
34.4283105168
36.8008302475
38.3501287822
39.5853844787
41.3659679908
43.8718591678
45.7650676459
48.5201872927
50.3297251652
52.8573572588
54.763260719
57.2602261195
59.3615463547
61.1964677491
62.1815210904
63.8906684054
65.9770577495
69.8084437443
59.0778641481
69.8554863396
0
0
0
0
0
0
0
0
0
0
0
0
0
0
0
0
0
0
0
0
0
0
0
0
0
0
0
0
0
0
0
0.0369559386516
42.5797900823
45.1401392367
37.127257532
30.5016962148
24.0969690129
18.1368573927
13.5045099832
10.3387893405
27.246903827
26.0928831797
25.7589432883
25.347312614
25.0468433064
24.92988416
24.9355702861
25.1566133554
26.484865948
27.3107745519
28.9098286807
30.6752084493
30.8137584379
30.3592447436
29.9961992056
29.9539319549
30.1920037699
30.3384636216
31.7527277558
32.6384720725
34.6836886934
36.5023034317
38.3180475208
40.2421024103
41.9680634422
44.2069028108
47.2022502444
49.3041721362
51.8611350532
53.8313689136
56.7451517171
58.4952375168
60.2233373097
62.2567443265
64.6151389584
67.1789960276
67.1667101141
68.5315445005
60.0092755964
81.4172077065
0
0
0
0
0
0
0
0
0
0
0
0
0
0
0
0
0
0
0
0
0
0
0
0
0
0
0
0
0
0
6.1477381188e-08
32.3469037809
46.059163494
41.6936472141
34.3831686258
28.7229257094
23.462674057
18.4188075057
14.2126230343
13.8601273397
26.3852388587
25.1368393424
24.5196679441
24.2690960057
24.0352709723
23.9593223019
24.0480053706
24.2663795853
25.0283600403
26.5067271753
27.3257318311
29.1090241659
30.5204966757
30.9816184992
30.776716022
30.54565486
30.6815468443
31.077001113
31.5014340882
33.1506896293
34.5454409435
36.8269858072
38.9010926771
40.785096039
42.7433035752
45.345974436
47.4812474107
50.6164649015
52.6122226393
55.3914803043
57.3162887878
59.8821058351
61.7604848511
64.8594026438
67.5971869469
67.8658806368
70.2369529216
73.8141266829
66.5249390257
88.5537318924
0
0
0
0
0
0
0
0
0
0
0
0
0
0
0
0
0
0
0
0
0
0
0
0
0
0
0
0
0
0
26.6170289257
42.4244367281
43.4669323658
38.7590482618
32.6955170076
27.4791212761
25.4246787223
23.1855315433
18.0324259194
17.494545935
24.5295502401
22.6594198477
22.6588156144
22.7503347658
22.7755568757
22.8658091277
23.0697197886
23.3949396722
23.8407470571
25.5352080093
26.7805903286
27.5741820865
27.5459863491
30.4149950916
31.0509857297
31.4070749473
31.3766998376
31.5791719703
32.2134428042
33.0158145271
34.9264749239
36.7070008869
39.1853583744
41.3722840019
43.2197315946
45.744766369
48.7936992692
51.1174161625
53.9318700836
56.060515012
59.2117754427
61.1676049035
63.9155771716
68.5484763874
70.0892958086
72.6639130141
75.4715728783
77.6578345067
63.2994278394
91.9208113749
0
0
0
0
0
0
0
0
0
0
0
0
0
0
0
0
0
0
0
0
0
0
0
0
0
0
0
0
0
4.2019903645e-07
39.315376353
42.354211649
41.3588744498
37.1307376405
32.4957251872
29.0731103816
28.8585109004
32.7658499504
25.0493113379
30.5395687361
23.2080520313
21.5946129408
21.4765553987
21.5597818192
21.7508676286
21.9638625849
22.2585905176
22.6362883724
23.0968533619
23.7608645829
25.6438601278
27.4185043356
27.7571655991
28.2627868633
29.6865120208
31.3845529665
32.2143475725
32.2302179823
32.9606864145
33.7574142317
34.8992895232
37.2691124815
39.8116173178
41.9080532785
44.0070803747
46.7098684948
48.9988339332
52.2303122895
54.3301921553
57.1657159153
59.6401562969
63.2564212697
67.4730152191
70.3540119503
72.8921856391
75.9917898862
75.6982999118
76.9014632922
57.0649495104
96.719669419
0
0
0
0
0
0
0
0
0
0
0
0
0
0
0
0
0
0
0
0
0
0
0
0
0
0
0
0
0
36.9791614628
41.279006894
41.5900850099
40.2762179012
36.7513520356
33.4310646132
31.1373522314
30.019181573
35.7669153795
31.7246391875
29.4340648576
22.6376903749
21.4841710805
21.016901753
21.0620041633
21.2974790251
21.515985094
21.775349105
22.1217128672
22.5440468629
23.0270698283
23.9294905596
26.0139393476
28.4698136312
28.8757464239
29.3501176943
30.4522074107
32.0089230237
33.1051786304
34.2646016552
34.5385324225
35.823253876
37.7115857811
40.2477364574
42.442408884
44.3312435953
46.9052038274
49.9935534833
52.2079690272
55.0649919653
57.5344027181
62.3636573056
65.8844345177
69.9396578741
72.9299897587
75.9160033174
76.2969567563
77.7718749711
77.5214826903
53.6387831995
99.8009991877
0
0
0
0
0
0
0
0
0
0
0
0
0
0
0
0
0
0
0
0
0
0
0
0
0
0
0
0
0.265290850175
45.1997435849
43.2678541383
41.5637251649
40.0479848116
37.2064772814
34.7127682083
32.8651493605
31.5500932344
34.7674970597
33.2418152098
29.5241567717
21.1250349811
21.1409516537
20.7605071178
21.1336342543
21.4252308073
21.5403525451
21.6519626531
21.8522399813
22.1842619506
22.6199023264
23.1961789881
24.2922222948
26.553263133
29.6293391961
30.5496968531
30.7254484444
31.6225206147
32.8681066178
34.2221961794
35.6399200846
37.2581420629
38.2811582543
40.6208831079
42.8513629059
44.9374833951
47.5590029367
49.9684812156
53.1711355474
55.3399764851
60.4569858546
65.7156958706
68.7984548142
71.9644004381
76.1473885243
77.7188937855
79.4124292889
80.6208259235
78.6131904086
49.6742902294
99.9925973207
0
0
0
0
0
0
0
0
0
0
0
0
0
0
0
0
0
0
0
0
0
0
0
0
0
0
0
0
42.2711749486
42.6533293712
43.4237484337
41.4995214689
40.3914268404
38.2357350158
36.3426970748
34.8532528321
33.7742731367
36.493149134
34.6842526442
31.3544189936
19.1973683126
20.105196038
20.615148599
21.5458939995
21.7532332807
21.7726297375
21.7269736649
21.7744005095
21.945094498
22.2946419057
22.7750567329
23.4288346133
24.7722094761
27.0369014871
30.0049308739
31.1488029407
32.2674015749
32.8324726621
34.0461930182
35.4543317646
37.3988345848
39.1422600375
40.9199369962
43.1790871675
45.341982889
47.8703098103
51.0261709981
53.2319240382
58.4347791531
64.1729944301
66.7971035812
70.8013787307
74.528458167
77.2507972285
79.4434622845
82.7596060674
80.5510358659
79.6624485437
49.7468127637
99.9995922625
0
0
0
0
0
0
0
0
0
0
0
0
0
0
0
0
0
0
0
0
0
0
0
0
0
0
0
31.3615430034
49.8668482013
46.4857040089
44.0496096904
42.2887220378
41.2179067857
39.5823245182
38.1247838059
36.9589732385
36.2517079331
37.8923625906
35.8197337827
34.9205630125
18.5564230991
19.2186473091
20.5460493672
21.1987489375
21.3653578939
21.5227678914
21.7131528868
21.7464754059
21.8193465718
22.0277372967
22.4228077201
22.9656784164
23.7102405948
25.4619420847
27.3197908931
30.6120103474
32.3092188092
33.2199594544
34.5580143868
35.7874178844
37.5746719371
39.2943933108
41.3544366668
43.525620468
45.8593891543
49.0974070987
51.6072679546
56.1200582432
61.1667291926
64.4554259433
68.0795535043
71.655233888
76.0923969947
79.4494600754
83.1775830162
84.1049434623
82.9750605849
84.5365843074
51.4851124767
99.9999452916
0
0
0
0
0
0
0
0
0
0
0
0
0
0
0
0
0
0
0
0
0
0
0
0
0
0
0
54.2501989508
50.4805041822
47.8940557547
44.8898192387
43.2755582241
41.9125264913
40.5743400234
39.3888726943
38.5485796884
38.2075703448
38.2945489413
36.5695552719
37.0019499456
18.2972303754
18.5943349482
19.6632644606
20.4687157226
20.7186915447
20.9592456139
21.2267413811
21.5124378878
21.7258198359
21.8716695951
22.1577457121
22.6308078463
23.3238723493
24.3032099762
26.8543019789
29.8809333711
31.187174104
33.2991361891
35.0629334053
36.1060252512
37.5785824039
39.4741509769
41.9083132806
43.9197506722
47.0764597131
49.9464732215
53.3733288077
57.5101020306
61.6215880389
65.273829655
68.3943191127
74.0383446725
78.2995933776
83.8074550706
85.635741288
84.7939990326
87.3504681805
87.7351526415
64.5518860988
99.9998894362
0
0
0
0
0
0
0
0
0
0
0
0
0
0
0
0
0
0
0
0
0
0
0
0
0
0
26.2280451576
47.1115762099
49.712998994
47.3752756798
45.448411436
44.0311326262
41.8305142067
40.4255418808
39.1528521137
38.2589906187
38.9083168358
38.2066749059
35.8889965062
37.6099128548
17.8001339793
17.8670772778
18.3910714544
19.7311333594
20.0766915638
20.3617002844
20.6630376193
21.0004931305
21.3659756142
21.7580295931
21.9917973465
22.3977980913
23.0364035592
23.9677101351
25.3016375966
27.6617900431
31.1730373541
33.1223003975
34.1357741377
36.5176543189
38.5711827693
40.0370870139
41.8309445448
45.0583001654
48.3716866519
50.5722581579
54.340427915
58.9148262765
62.6143830521
65.4209754627
71.0125447151
76.8446516879
81.6169404985
85.5936618081
85.2030141217
88.0329075235
91.1430056318
91.797429841
70.4948651701
99.9983635749
0
0
0
0
0
0
0
0
0
0
0
0
0
0
0
0
0
0
0
0
0
0
0
0
0
0
61.4015072682
54.0617140929
50.624881997
47.0294026783
45.9797087193
43.5745006346
41.0247274268
39.2359103116
37.6244592738
36.2356277583
35.1144804423
34.9443333998
34.0869152834
37.4175308042
17.0693665752
17.0562969106
17.3035671697
19.0892351627
19.4904602478
19.797216172
20.1123501397
20.4550046192
20.8396718011
21.2684776414
21.7639183688
22.2320767733
22.7929275391
23.6002263479
24.6720648316
26.2402664104
29.3295183095
32.4182034654
34.3973151603
36.9136286468
37.7801639366
40.364384782
43.7726262589
46.6811547134
48.2385035429
52.204512654
56.5139200117
59.3925568288
63.2058455304
68.309683448
74.1013116035
78.0098226959
83.139140039
85.3386037834
88.6058241984
91.9736340578
93.5346243363
91.4613111337
54.1147423205
99.9977254434
0
0
0
0
0
0
0
0
0
0
0
0
0
0
0
0
0
0
0
0
0
0
0
0
0
9.66620423216e-06
51.7234684049
53.7146296855
50.510448465
47.796719135
45.8082453131
43.960231998
40.1117313555
37.9930858404
36.3286620989
35.0907922938
34.358136859
34.6739583035
33.1365216411
35.8347197405
16.3290419272
16.3089424169
16.4709241551
18.4657528992
18.9068121728
19.2463170538
19.5718357691
19.9114601999
20.2822441792
20.7087195396
21.2237904298
21.8455894292
22.6164079411
23.3877215437
24.3677799639
25.7797503283
27.6105009615
30.757764674
34.2924645042
36.3169798784
38.5903849237
41.8091139882
44.9515101428
46.0628433853
49.8125221738
53.9928483238
56.8142203899
60.5769948577
65.4403209948
69.3915095103
74.7072168736
80.0303750069
84.5206949002
87.9629195625
91.5706812439
94.4389658242
93.8681512661
87.975994108
41.6705077165
99.9990008878
0
0
0
0
0
0
0
0
0
0
0
0
0
0
0
0
0
0
0
0
0
0
0
0
0
64.6832049702
52.5547895343
54.4306541628
51.291105789
48.695337414
46.3889152635
43.5030759698
39.536401958
37.1951725177
35.5233549216
34.3566506685
34.0791298014
34.7688010132
33.04814844
31.9764248082
15.4935621352
15.7675470429
15.7073787496
17.4345232476
18.2878182643
18.6921251524
19.0368749224
19.3623976814
19.7037386336
20.106672087
20.6107992709
21.2545443092
22.0450904847
23.0279950301
24.3170920032
25.836303416
27.4069966987
29.3840538823
32.5365087864
36.0103190398
38.8696186932
41.880455047
43.931541232
46.7487632056
51.5355614262
54.9074624081
57.0943184476
61.1022581499
65.8502257092
71.7825425857
76.9217826204
80.8595103872
85.9198865053
90.4954083665
94.3587332486
97.0822735766
95.3048261573
87.0689082332
41.7407415576
99.9995339045
0
0
0
0
0
0
0
0
0
0
0
0
0
0
0
0
0
0
0
0
0
0
0
0
0
68.859056132
61.6491969098
56.9967966702
53.3275980518
50.7985260686
46.8194143739
42.9450441412
39.559509745
37.1905840963
35.5229169461
34.3092002549
34.295142797
34.4862302887
32.9185824628
32.4371656865
14.3940489649
15.2368875008
14.6759100904
16.2075017894
17.6364039016
17.9539242139
18.1691015317
18.3479701263
18.5791339979
18.930175016
19.4424488832
20.1511685653
21.0874718684
22.3169206653
23.9130134111
25.7968743062
27.771167963
29.8143724217
31.7894425291
33.9854613558
37.451205593
40.8203624148
43.5330904258
47.4311589988
51.8507675579
54.9510498697
58.0411696607
62.8018325586
68.1557031344
71.7294162969
77.0952464073
83.6567932178
89.1017368733
92.1530741511
97.303888582
99.4935919876
96.8134525347
89.4175271959
53.7961515459
99.9995229028
0
0
0
0
0
0
0
0
0
0
0
0
0
0
0
0
0
0
0
0
0
0
0
0
61.1070463589
54.5579703786
61.7856066036
58.8750644158
56.0031841719
51.3030434623
48.5865911049
43.3945325919
40.4770163143
38.1076553743
36.4783122872
35.6691998152
36.6124312249
34.7531012205
33.1235688564
32.8372538465
12.7830658446
14.1423897493
13.239434676
15.2654923238
16.124360661
15.823640054
15.4235286856
15.2212819698
15.3278546225
15.7802462875
16.5814859809
17.7357858715
19.2428945179
21.169374919
23.615329334
26.1091870602
27.9860269837
29.7997250547
31.773372804
34.1570667842
36.6408476964
39.2210921686
42.7269041999
47.7469345968
52.3082880452
56.0874729421
58.1930824729
62.3409457102
67.2207209342
73.5212844417
80.8658067574
86.8383547905
89.5212412083
95.1600959167
99.9990706248
99.9999701564
99.9999660807
95.37355627
62.4361739493
99.9989176608
0
0
0
0
0
0
0
0
0
0
0
0
0
0
0
0
0
0
0
0
0
0
0
0
88.17729038
75.4640570549
67.080479942
62.5839914603
58.6741258203
53.7285693796
48.7373489765
44.9862099579
41.8766423613
39.3670350084
37.706729432
37.0335518806
37.0523790551
34.9223656087
33.8347042958
35.6048205381
11.1698444894
12.04550853
11.6177609551
13.774032445
13.4033673196
13.1522673368
12.6740835607
12.7156923799
13.2921054825
14.2951263226
15.659539566
17.3424959255
19.2891407254
21.4566406946
23.7125208645
25.7402717001
27.5513745559
29.4954360804
31.9454435555
34.9418550964
37.4421935744
40.0827823965
43.28648757
47.2712819902
51.1042656247
53.90174284
57.1196908663
62.919077861
69.1682372895
76.9931994683
83.7920000408
86.7713574289
92.2527194494
99.0761632581
99.9999675081
99.9999817817
99.9999712971
98.3808761772
67.0631029981
99.9971184949
0
0
0
0
0
0
0
0
0
0
0
0
0
0
0
0
0
0
0
0
0
0
0
1.95839219183e-06
66.8829779741
74.9838336219
70.4143211004
65.1903862823
58.8229880236
55.4940299964
49.8259923538
46.1356447829
42.9762801167
40.2425993235
38.3162559453
37.6661291081
36.4222354554
34.857721249
33.4682343556
36.5869192207
10.6058087287
10.1104905038
10.4157985238
13.9289900616
13.0044549702
11.5691485315
10.9764780597
11.5085067212
12.6600286475
14.1947072755
16.0069238633
18.0570622073
20.2259815416
22.4836857543
24.7575358152
26.5527306693
28.3566260334
30.4587069737
32.8704884581
35.2854772331
37.7574172785
40.6625680356
43.9432597096
47.540776436
50.4828846719
53.2989112178
57.5181884719
63.6316263772
71.2394941819
78.7243093776
84.3734373301
88.6064524325
95.8436069344
99.9999632843
99.999977904
99.9999762446
99.9999664769
99.9999195633
69.9965510343
99.9912862801
0
0
0
0
0
0
0
0
0
0
0
0
0
0
0
0
0
0
0
0
0
0
0
87.9213775171
70.5098003431
74.1306822153
72.7495104765
68.2857970835
61.1691726532
54.7985477659
50.4170814705
46.5901625793
43.4681420091
40.9869621197
38.9763570304
37.5124383306
35.2895887718
33.6016255196
32.2121132309
35.8998848493
11.6745217981
9.58532365142
9.74457768299
14.0341095314
12.7243190238
9.56252867137
9.90902800132
11.3049499829
13.1903736534
15.3617969478
17.7502029131
20.039963291
21.7404939209
23.4757329928
25.2366315129
27.0339267252
29.0118280414
31.2181284215
33.5724656413
35.9473242532
38.4132842058
41.1356753574
44.3101230596
47.7518664761
51.2993391652
54.3485212066
59.2332592967
65.1535928209
71.6982438709
79.0505589532
85.6986105587
91.9031605011
98.4502289535
99.9999775386
99.9999820361
99.9999825691
99.9999823605
99.9999160264
78.5583905305
99.9723897779
0
0
0
0
0
0
0
0
0
0
0
0
0
0
0
0
0
0
0
0
0
0
0
99.9253121547
91.6520494548
82.0971653572
75.4028516425
70.3986240535
63.9067399157
56.6370205102
50.9468456908
46.6388701856
43.7249832401
41.4150676992
37.5846013194
35.155633049
33.1953752071
31.9444607978
31.0218287809
34.2795102448
12.0607292696
9.35439235826
8.78326199112
9.18134192075
8.35136653959
8.87927355923
10.6742224664
13.0913129791
15.9057489216
17.5591547733
19.0408569229
20.5479947029
22.1342463519
23.8747942527
25.7432070205
27.7608637213
29.9488680605
32.2611174414
34.5942239586
36.8978663053
39.338804271
42.1334764254
45.3313986523
48.4618886364
51.5616331097
55.2372719443
60.2287893321
66.4025872088
73.5600383682
80.7059395432
86.1577445211
92.6861967974
99.9999557669
99.9999915483
99.9999923781
99.9999915344
99.9999844943
99.9998955454
75.7562458408
99.9396593812
0
0
0
0
0
0
0
0
0
0
0
0
0
0
0
0
0
0
0
0
0
0
9.75279718887e-06
80.1983736451
91.6039470917
86.471008168
78.2190782843
71.1722866141
65.286388107
58.6879375672
52.0955290511
46.7229088078
42.8854267822
40.2450020706
37.7031951949
35.3983284099
32.3081001336
29.7187550021
30.3368705941
31.7941376839
9.86440636512
8.61322618594
7.6598841022
7.61688168568
8.96611419182
11.5833565746
14.1682277257
15.4305629822
16.685511066
17.9943561916
19.4441263253
21.0239563822
22.7553329368
24.6590243804
26.7537030108
29.0261329024
31.3805839714
33.6558784895
35.6243723442
37.7187128351
40.0477201897
42.6501574405
45.4859161406
48.5446615036
51.9101727028
55.9643373164
61.207303471
67.6928304684
74.7412171288
81.0807476928
87.5601494875
95.9748892352
99.9999812331
99.9999923675
99.999996429
99.9999979257
99.9999934235
99.999854322
76.6749720212
99.9557222204
0
0
0
0
0
0
0
0
0
0
0
0
0
0
0
0
0
0
0
0
0
0
99.9997783641
96.1845352524
99.0327063236
91.3495579053
83.4546601258
75.3269063153
67.3821300128
60.0096914129
53.0181797262
46.4738756008
41.5595433984
38.405878573
35.4183428013
33.2500849282
31.3510832443
26.8101570211
28.839340116
28.8752361101
7.65956624403
8.23072078195
6.96780736758
7.05338355745
11.2506255017
13.7284792548
14.7921179841
15.9382659285
17.2264929044
18.6517741605
20.2145320615
21.9210052942
23.7886499221
25.8567057279
28.1550917377
30.2728439237
31.9503942868
33.7606741074
35.7515693233
37.9138558447
40.2573295947
42.790341004
45.542738404
48.6375065048
52.1935650617
56.4292460383
61.7570998683
68.3983115516
75.232714472
81.803053677
88.9945710132
97.4052654653
99.9999701136
99.9999958351
99.9999988913
99.9999977213
99.9999959974
99.9999700007
90.551204618
99.9756076347
0
0
0
0
0
0
0
0
0
0
0
0
0
0
0
0
0
0
0
0
0
0
99.9999945715
99.999989497
99.9997205749
99.7991370408
90.0791936468
80.3255742382
70.5523568427
61.5281949031
53.8270568622
46.9378854461
40.6780450622
36.9838779461
33.2808287369
30.3835677755
28.7246847747
24.4848379984
25.391539378
27.7139169812
6.51751046636
8.86399614941
6.47978753469
6.68209013266
13.1343325176
14.4844019983
15.6036536164
16.8957852403
18.2892073485
19.7889344318
21.3998919499
23.1243098666
24.9712386185
26.9907788171
28.8414698381
30.2961665651
31.9033703293
33.8364732771
35.9712704909
38.202602187
40.4976026159
42.907644868
45.5305531946
48.6329981083
52.3262422855
56.6049818541
61.9666783252
68.7156739054
75.7246775467
82.6129928302
90.2273450515
99.0172651725
99.9999159233
99.9999280429
99.999919306
99.9999484789
99.9999978661
99.9999683866
91.0644648554
99.9901055525
0
0
0
0
0
0
0
0
0
0
0
0
0
0
0
0
0
0
0
0
0
2.2620601269e-06
99.9999609535
99.9999981223
99.9999681962
99.9950769025
96.6963090382
85.2495406464
74.3066102265
63.9449731839
54.937035399
47.5005607466
39.8747943745
34.768436573
32.0210215437
28.1987829017
24.5791042108
20.7710573948
23.5898471122
30.4312911122
3.76677056236
4.55894849321
5.75622560289
8.49995930394
14.6355363561
15.9957048487
17.2988942691
18.7123009284
20.2078972786
21.7247210074
23.2393139299
24.741386223
26.3041158336
27.6542903059
28.9879033222
30.3100446306
31.9298464414
33.9867872356
36.249939485
38.4618731838
40.7082109275
42.9419175688
45.2527557709
48.2105477555
52.0403995242
56.3112626812
61.2148231772
68.1096243897
76.7303819617
83.4453954684
91.4010073618
99.6812302798
99.9965922304
99.8636321934
99.5036855818
98.9836701472
98.2311150303
95.1252395126
98.2276297109
99.9960637053
0
0
0
0
0
0
0
0
0
0
0
0
0
0
0
0
0
0
0
0
0
99.9999998361
99.9999998361
99.9999998169
99.9999990469
99.9995200831
99.8561815159
90.2083361041
77.2099210406
64.6656917223
55.3894585492
46.7140334885
38.8676732331
33.1371423013
29.5997412406
27.2230325255
25.1897126735
23.6306817732
26.3609358936
25.4069564836
2.63698455628
3.59020587938
7.08083117255
6.94348412325
15.6760128487
17.8885933412
19.6999721855
21.1301390052
22.5624995238
23.4645494347
24.5264230974
25.7419150647
27.0376322042
28.3792341474
29.6475271751
30.6958863525
32.3668504089
34.467234481
36.3464086026
38.3851644608
40.4993528992
41.6717590461
42.4931337667
46.1834928172
51.4129480802
55.9789720952
60.5083726109
66.7123854264
75.1842343442
84.2823806804
92.2110033826
99.5998939518
99.7973366491
99.3673427292
98.6195826779
97.3933863881
95.4326632129
89.5272131551
14.5868461893
99.9973210411
0
0
0
0
0
0
0
0
0
0
0
0
0
0
0
0
0
0
0
0
3.66231223904e-08
99.999998382
99.9999998361
99.9999998525
99.9999998162
99.999994244
99.9899525816
93.1862804813
79.6449382413
65.9693818592
53.550478782
45.8428534113
39.8809249589
34.352410925
30.3845798764
28.2114343414
26.1778365433
23.8205331968
22.9308066276
16.4962833745
1.62860489155
7.20607770253
7.15985542413
6.443855827
7.13534764569
9.81322545661
14.8410451029
16.776060294
18.4715044983
20.4709131885
22.7350727001
25.0207866688
26.7939359291
27.6976089379
27.4874887192
26.7163853923
27.9864268256
31.2043925641
33.9931377197
36.3081025145
38.6246817023
40.4055930505
42.1870169548
45.6427329696
51.0998927945
56.1587729018
60.6201896368
66.6544930694
75.3585201854
84.5283693169
91.8513400141
99.401362379
99.6235097199
99.0094511323
97.8807096517
95.2738028535
93.474843426
13.0280533452
44.6220424922
99.9967211941
0
0
0
0
0
0
0
0
0
0
0
0
0
0
0
0
0
0
0
0
6.0926127488e-08
99.9999998525
45.69829213
99.9999998672
99.9999998645
99.9999990117
99.9982748315
95.757453075
82.7757902219
66.0673706366
49.2388943811
41.148910384
36.9392976534
32.4283553922
28.0892641796
24.9756672668
22.7939464678
21.1931850706
20.7597456512
12.0493250418
)
;

boundaryField
{
    frontAndBack
    {
        type            empty;
    }
    upperWall
    {
        type            calculated;
        value           uniform 0;
    }
    lowerWall
    {
        type            calculated;
        value           uniform 0;
    }
    inlet
    {
        type            calculated;
        value           uniform 2.17749355205e-05;
    }
    outlet
    {
        type            calculated;
        value           nonuniform List<scalar> 
20
(
1.25396312227e-07
0
0
0
0
0
0
0
0
0
0
0
0
0
0
0
0
0
1.0753054578e-08
2.43736505936e-07
)
;
    }
}


// ************************************************************************* //
