/*--------------------------------*- C++ -*----------------------------------*\
| =========                 |                                                 |
| \\      /  F ield         | OpenFOAM: The Open Source CFD Toolbox           |
|  \\    /   O peration     | Version:  v1806                                 |
|   \\  /    A nd           | Web:      www.OpenFOAM.com                      |
|    \\/     M anipulation  |                                                 |
\*---------------------------------------------------------------------------*/
FoamFile
{
    version     2.0;
    format      ascii;
    class       volScalarField;
    location    "361";
    object      alpha;
}
// * * * * * * * * * * * * * * * * * * * * * * * * * * * * * * * * * * * * * //

dimensions      [0 0 -1 0 0 0 0];


internalField   nonuniform List<scalar> 
6400
(
0.850926710649
1.30663786408
2.02798855775
2.40462178076
2.77352798176
3.1693014046
3.7665831023
4.4555168005
4.68279980423
5.11902783597
6.26359494583
6.88473566872
7.36892224792
7.97161408123
8.80989910175
9.6778238933
10.3724328224
11.0315208772
11.5998571391
11.8644355102
11.8491313801
11.893893825
12.236785042
12.9101343491
13.681690792
14.3437234281
14.8196234877
15.2440550913
15.7410501331
16.323428468
16.9370958965
17.340777329
17.4640938074
17.4646499494
17.3620380145
17.0860677385
16.9964273734
17.2628000673
17.1024613755
16.6440591936
16.6251458585
17.2099945798
17.8301977458
18.1312488037
18.1922694194
18.0886422296
17.8941644146
17.668530657
17.4216445021
17.169540622
16.7777911976
15.9136603252
14.8927749249
13.7029192733
12.8962353391
12.6549827388
11.9479781595
10.2558872785
8.37452890908
7.33968834424
6.12407332755
4.84652193558
3.50997518911
5.05565069635
9.15683088696
14.1348249358
17.1571863124
16.893977552
14.9229596904
13.2872968345
12.3821461491
12.5161124921
12.985569582
12.824026748
14.7810040053
14.1951143957
16.0129575314
9.91837813664
12.8782477337
4.81759568711
3.10396953988
2.43144699799
2.99159549161
4.20320778027
3.94865989039
3.65185853619
3.73170765654
4.06103837906
4.55945981629
5.21120284812
6.02800123175
6.84191725449
7.54115380577
8.2082266404
8.87851863143
9.65934588713
10.4764584533
11.2834325488
12.2986567392
12.3599140521
12.0938305051
12.0633194244
12.3158426971
12.9449662224
13.9300582082
14.4906880678
14.9161538197
15.4018634747
15.9275174359
16.4737021766
17.0380024651
17.5985022886
17.7227213816
17.7328165274
17.6965361569
17.2467473544
17.2582142011
17.5413126183
17.2692342759
16.5562975412
16.4819883464
18.2406436386
19.4646658998
19.6200807491
19.5836381741
19.2961390156
18.8557901003
18.4537422874
17.8638400612
17.3065044332
17.0553572905
17.2088879592
16.6244872991
13.9275816765
13.3482440723
12.6508819318
10.8250680068
9.21091634188
7.77829588295
6.38481639316
5.19777330025
5.26488373509
3.85128973349
5.33440062009
9.23835420984
15.0991477147
18.8608178265
17.6731052463
15.532059079
13.6126164265
12.8671021394
13.2149972379
14.2300934518
13.6270664004
13.4327887791
12.8717351089
11.6391784576
9.77616379798
8.2006647752
4.28832871229
3.10831188679
2.66928465039
3.16505885501
3.31704391691
3.67410494919
4.01851032167
3.956039367
3.99164148215
4.47838826015
5.19344975534
6.00738305853
6.84070552854
7.59216474686
8.27052008472
8.7992478381
9.49722220116
12.4394678702
14.5185057118
14.7891076969
13.8895379186
11.9235596032
11.6039019727
12.4914841952
13.1813630483
13.779172734
14.4559884793
15.0420183571
15.5322167752
16.0356374623
16.5946851824
17.1029785968
17.8088430095
17.9637187559
17.5964420426
18.1420252846
17.7082786491
17.1189587991
17.7897652272
17.5092636771
16.8020269193
16.7262321902
17.3369429171
17.9781748521
18.2970064251
18.3822174728
18.3228594365
18.1567465686
17.9050865625
17.569598249
17.1764554606
16.7308714157
16.1298030377
15.2616959833
14.4991511776
13.8626163328
12.3693088966
10.7391668656
9.26737879625
7.90423155358
6.66603312685
5.68619933201
4.7752009136
4.19326170905
6.32916516929
11.3669967794
16.0090089006
18.3067443892
18.4502829723
16.8769272413
15.1990143182
14.4755633242
14.3399308013
13.6601724465
13.041217118
12.96653207
12.5716413312
11.5468548516
9.90326816654
7.47178062475
7.63519419026
2.96869515919
5.37614672998
3.34577231843
3.36427813931
4.00723947225
11.7501478368
10.0840737158
4.70782872406
4.48081286382
5.21088134573
6.03223946622
6.8764957729
7.60422212283
8.34696278926
10.2140190036
12.4481863383
14.0934635777
14.2959467594
12.7460096209
11.4004444632
11.5107428811
11.8725182127
12.3799817246
13.0976366018
13.8734382014
14.6059267247
15.2359615075
15.687737553
16.2442293979
16.6785282864
17.438276208
17.7671747203
18.4241283497
18.1479832898
17.4257930432
17.8801323174
17.4044774717
16.9170900902
16.9068741332
16.9273321066
17.0795876037
17.5105288516
17.9967712918
18.3098011272
18.433815519
18.4101180634
18.2710926247
18.0386827209
17.7229615203
17.3347169229
16.8663078107
16.2760018311
15.5408503228
14.7239791084
13.7296631573
12.3967495103
10.8883982968
9.45213038307
8.17536550919
7.10247174179
6.27840202412
5.69886929789
5.68046524324
7.21342392365
10.6719975284
16.3544320331
19.9290608068
20.1446645003
18.4969032566
16.1594823868
14.5490221835
13.7357867689
13.8599014663
15.1827079025
15.0688536219
13.7074704756
13.5179852088
16.7544384168
13.180597487
11.2179205614
5.40250891027
7.38769967165
3.91488247154
4.23316415861
6.28657679418
11.6327976564
7.85741805108
4.97276200072
4.98257741551
5.43503517724
6.18390854015
7.05200214869
8.48974818096
11.0056812304
11.9869412873
12.2155458573
11.9272515809
11.2913339239
11.0244003595
11.4608266779
11.6539901465
11.8732340062
12.4567377232
13.2063931228
14.0159477543
14.8001089664
15.369492895
16.0363567703
16.3625950039
17.1616395187
17.4433115203
18.7643298204
18.3012372188
17.5782888856
17.7239295482
17.0482834658
16.8689937987
16.9041995775
17.0117829962
17.1376103858
17.3355596392
17.6784657335
18.0693637685
18.3636634427
18.5103693471
18.5158380289
18.4024146739
18.1919636967
17.8986610128
17.528025172
17.0700595856
16.5027424144
15.8120902364
14.9833161074
13.9251951954
12.5895012372
11.1416462096
9.79875159019
8.67344845875
7.8108764138
7.23304590699
6.99425089454
7.35390117127
8.12677054827
10.703382305
15.8319557323
20.0020055571
21.4212102467
20.2580705885
17.5109783036
15.0514973368
14.6982100839
16.8572936132
17.6702610606
16.59049379
15.6333118133
18.2204859293
21.1937372315
16.5453529075
15.6661451045
9.73141977153
8.86058739597
4.85934949795
5.56836538877
11.8980445671
11.3289997734
5.89417160153
5.47834287171
5.55664721684
5.7718798935
6.47530913247
9.31605921476
12.7239890457
13.0568828835
12.5354431997
11.2521255281
10.4416819263
10.4584281618
11.329892377
11.4612357277
11.4749577727
11.9253935463
12.6076580067
13.4152941778
14.1314182494
14.9367389153
15.9156548254
16.1185696577
17.1634257843
17.1518025669
18.8437776715
18.4051473229
19.3649858431
18.0179153861
16.8232616389
16.6110811506
16.7759431584
16.9854263171
17.1725502414
17.3472000639
17.5662581047
17.8670722452
18.1989524705
18.4713138999
18.6271492702
18.6541164244
18.5638188884
18.3777559209
18.1131804041
17.7736784886
17.3476581888
16.8144143267
16.1467912453
15.2992857217
14.2126603336
12.9146508023
11.5772461349
10.3846062609
9.42905195858
8.7612546749
8.39948759308
8.51760333563
9.51361681381
8.83073543569
12.2508010967
17.5869624136
21.2415407729
22.6580271552
21.7414925809
18.4120257344
16.2541964699
17.9812185058
20.1134666005
19.5501571791
18.5091327254
18.5431638353
23.0186194017
24.5675650302
19.6073062121
19.406219162
11.808986576
8.52229606471
5.91331441562
5.57280631097
11.7826314898
7.89762292502
5.9125849055
6.00034293712
6.08309249351
6.75915604468
7.13157356203
12.6200013079
13.16019819
13.0916030636
11.4287926778
9.94551532281
9.8952060575
11.2497074574
11.3513566511
11.0777348441
11.4856126159
12.0400886601
12.7217610927
13.5266566675
14.5250882285
15.5191379622
15.9070362557
17.3508683957
17.1420437393
19.0200780156
18.3925477303
19.549736439
18.5371011164
17.7036334369
16.4959180183
16.4718492851
16.8107145896
17.118859411
17.346895094
17.5514935351
17.7885966734
18.0721527759
18.3707855724
18.6251544719
18.7841218607
18.82642979
18.7582730398
18.6016451004
18.3750511631
18.0795554202
17.6989027924
17.2048661142
16.557066722
15.7076919139
14.6379128545
13.4246259982
12.2348734262
11.2108279876
10.4011746242
9.81490150864
9.56612706989
9.74454698574
9.86773211242
10.2235889735
13.5175336786
20.0501624015
22.5769777734
22.9966267458
21.958406337
19.7289883011
19.4830854454
21.9696089731
22.3630068859
21.4766545317
20.8434204557
22.7346824671
25.405288233
26.8177760936
22.2694054291
21.1367735236
11.4273522311
7.94652653964
6.98176084224
11.8281023443
11.7871316578
6.55466554058
6.489893896
6.59056281153
6.74122651305
7.26713435435
12.4279736174
13.3124223079
13.259543902
12.6114511973
9.98447986507
9.36461422614
11.0174071111
11.4535944255
10.8738769802
10.9276377695
11.5377642281
12.2587526403
12.9503888024
13.829474288
14.6049680155
15.980821505
16.0317377775
17.3148486872
18.9007116097
19.0982006342
17.9477332443
18.8192968132
18.7370977112
16.76394279
16.4167434797
16.5909333892
16.9272800052
17.2604574652
17.5250362632
17.758227676
18.0124006552
18.2949264977
18.5781103246
18.8198132732
18.9790245369
19.033703525
18.9893103625
18.8688385542
18.6901984257
18.4503072927
18.126192657
17.6799087603
17.0636130029
16.2422504853
15.2368196346
14.1513131032
13.1230572981
12.2185683267
11.4168948145
10.775481722
10.5344713449
10.7312397732
11.1710116987
11.938654014
12.6391162249
20.0699049136
24.2661698799
24.3990785501
23.8583778074
22.9733324655
23.8267358127
25.143232551
24.4161802602
23.6713869604
23.8101827768
26.0305758169
26.6341257861
27.1623958054
24.2938695157
22.1681164218
10.5613989687
7.65802009565
7.62380777875
12.7492300686
10.5296538369
6.9718285168
7.11269906614
7.33103575535
8.78689815242
7.27214616907
13.2014964811
13.7680143792
13.2567922224
11.1414901203
9.3977028199
9.49354993557
11.1314404593
11.0694080917
10.7097877403
10.9572374532
11.5316605086
12.3724473629
13.1968495521
14.5817763677
15.7817222951
15.8668089998
18.0260951217
17.049344312
19.1936917848
18.1171493577
19.6322979592
17.8275422458
17.0643630856
16.6035014601
16.5566435289
16.7658159279
17.0755421377
17.4093014051
17.7066763241
17.9744199581
18.2482926679
18.5362557529
18.8156385953
19.0513334657
19.2100525932
19.2766171648
19.2602446992
19.183826414
19.0625503066
18.8890857005
18.6334556499
18.2488997016
17.6863063662
16.930479555
16.0345511228
15.1032514562
14.205903826
13.2915761985
12.2950011792
11.4897885918
11.3920969237
12.0606992459
12.9765644552
13.7535685661
14.2742961021
16.7946213253
24.4163218162
26.1575115698
26.2821285216
27.008545899
28.090649718
27.7223476906
26.6496648249
26.3508263241
27.2129327521
28.2800577889
28.0435378991
27.3790113341
26.3398810495
24.9631343969
9.82041926404
7.91955972568
8.80006928359
12.7598191397
8.15695791719
7.97706787062
7.73826226182
7.98720320329
11.4879724039
10.0608719984
14.0306782407
13.9836075121
13.2559976766
10.2276468151
9.33362044659
11.1179390531
11.3923832136
10.7523158233
10.6613853882
11.1339677454
11.6614781776
12.4443128753
13.1226191854
14.7628704092
17.0639045974
15.742890673
17.9429281227
19.0961330847
19.4455281118
19.8207103412
18.448118854
18.2932614126
16.6211540692
16.4646529077
16.7014430526
16.954732949
17.2435348386
17.5675576721
17.8892658925
18.1967930477
18.500126915
18.8004312817
19.0817063569
19.3164587673
19.4776341369
19.5571897412
19.5726189504
19.5483862868
19.4942692382
19.3976281535
19.2236119667
18.9196528789
18.4401478772
17.7917678926
17.0459267491
16.2700867737
15.3981156255
14.2167326204
12.8359884626
12.0579707143
12.5528778312
13.9265041032
15.2038668268
16.0920835188
16.6014955387
16.2222808872
16.9993544813
27.9681421473
30.8436129904
31.9784374727
31.8907110843
30.4571276298
29.4406492044
29.5490816939
30.4939712857
30.6626491435
30.3037627279
29.9400414582
30.2344831016
30.3946498624
9.56417185634
8.61891108284
12.4025212895
12.7636589219
8.0018143775
8.67935218609
8.34312190474
8.97480917624
10.7741316832
13.7394105533
14.7662496567
14.1646754413
13.3899746162
10.0479145404
9.43864325
11.6918465951
11.43036665
10.6713540965
10.6801511921
11.2840045871
12.0897608597
12.7931106866
13.3174086426
14.3435039802
17.220320398
18.3571078479
17.3309294222
19.2535006031
17.8036275887
19.8636191436
19.9349345038
18.1620035486
16.5214080598
16.5590096869
16.879439366
17.1537659946
17.433219865
17.7459423533
18.076284764
18.4212238022
18.7658605739
19.0881468523
19.3766135221
19.6141789256
19.7809779127
19.8776612338
19.929857253
19.9633590937
19.9834039076
19.9730541705
19.8944248481
19.6931205137
19.3326503702
18.8397477416
18.2774004226
17.6000360684
16.4767405227
14.711144736
13.2059381013
13.0105366465
14.5267221744
16.641421144
18.1833725257
19.1120259579
19.3756860256
18.8249422565
17.7708457287
19.2505313586
32.5296885023
37.7638403616
36.5330633246
34.1432395481
33.1594951494
33.3450223661
33.8034330672
33.8806603184
34.0299925068
34.4582241268
35.0095752494
35.6509733566
9.7051054593
9.38597111775
13.983354208
13.2886194521
11.1541769508
9.83125435564
9.14866312106
10.4785361231
10.0170123066
14.6762899986
15.3111208023
14.4048569101
13.3180763673
10.5045990512
10.202450183
12.186372916
11.3774651391
10.7026408985
10.7926787213
11.327033508
12.2689025959
13.2455610872
15.0626907756
14.4925363056
16.6466563317
18.7503111062
17.0791190717
19.5610859424
20.148270942
18.6801409759
18.6768717791
17.0415952196
16.8332077217
16.8853468561
17.1108356409
17.37912374
17.6541344967
17.9576452253
18.2769158548
18.6379931932
19.0341109526
19.4021488389
19.7048295515
19.944720159
20.1205206048
20.2403190054
20.334345905
20.4284063404
20.5251256868
20.6058253553
20.6321454799
20.55709809
20.3630081976
20.0799161311
19.6982428759
18.8909046407
17.0781134196
14.9312465728
13.9239742778
14.8244584162
17.6414928101
20.3509939384
22.0808079874
23.1984895288
23.41012648
22.5933207789
21.1086387138
19.2456329315
28.6770343386
38.9057673691
41.7800311644
39.1105651878
38.1240646992
38.0802577612
38.1642268721
38.1207879332
38.872282947
39.6000737995
39.5187784143
39.7100756571
10.1639467638
9.95919826051
13.6187922981
13.6427899184
13.6030417904
10.8189720093
10.0884811715
13.4959918807
10.1959581966
15.5191150621
15.722712346
14.6587716372
13.2608614837
10.9891897998
13.1893314241
13.2728003326
11.4688963866
10.8705381248
11.0362894482
11.4809209949
12.234355704
13.2064886875
16.518153318
17.47726964
15.9814001095
18.845332991
19.6472183944
19.031224743
20.1195246037
20.2000831008
19.1519219063
17.0177312824
17.0237184924
17.208921869
17.3935631919
17.6284574536
17.881635372
18.198429401
18.5345422957
18.8805250503
19.2934793692
19.7180968875
20.0632855844
20.3141742719
20.4993412438
20.6472089832
20.7880849103
20.9423726059
21.1104222729
21.2753214647
21.4066202819
21.4827058311
21.5125660362
21.4828937479
21.1775604004
19.7940443323
17.1567915478
15.3561018525
15.5332497395
18.1429287852
22.1607970364
25.451836035
27.2576374265
28.6654407371
28.2388379278
26.5623285424
24.415299141
21.6907450566
24.8716289258
36.1364468786
43.3865369152
44.8409679325
43.1263147734
42.9525312012
42.66187025
43.0252016462
44.2141703946
44.9011118082
44.8992416746
45.0884976649
10.6818165965
10.5615591196
10.2492680607
13.8859150334
14.0264865964
11.4294575491
10.9465613431
14.3709742872
10.6927726805
16.365864774
16.0791921921
14.9226423819
13.3270587329
11.201785818
14.3748456091
13.6918267241
11.769539204
11.2006059006
11.3598587901
11.8077596212
12.3258602245
13.1140614813
17.1007830368
18.5134372538
16.2734962215
18.940629069
20.1823897826
18.2229215829
19.7404655743
19.5833013296
17.4743698831
17.3724723995
17.4643409321
17.5728261151
17.7002204634
17.9350653407
18.1724382697
18.4295250959
18.7891006905
19.1777694662
19.590849643
20.037937751
20.4309987612
20.7155831688
20.921984386
21.1033990917
21.2928695729
21.4989592392
21.7239769552
21.9536035757
22.1659861239
22.4136158484
22.7308937067
22.9796068337
22.4452467868
19.8262362508
17.1885827438
17.6550384416
20.0257282103
24.0292294748
27.2595288558
27.5926436368
24.9123971927
21.4282809478
16.9972101706
14.9026729208
15.6813152715
16.6783529849
16.1896509025
16.8599217171
42.306677594
45.9901806973
46.4689302795
44.6512746166
43.7912155968
46.424069478
49.4129572872
50.4760332717
51.5270534148
52.0920194581
11.3726453895
11.4436211292
14.4792723006
14.4215064413
14.3484085567
11.931824599
11.9151832587
15.073537448
11.5950747825
17.07446395
16.4029077401
15.1978896485
13.4609893165
11.5143269689
14.5816926574
13.721559111
12.073580522
11.5768414085
11.6966842945
12.0911233213
12.5714968193
13.1819587816
16.3446439131
19.311177601
19.3969647081
18.1231199528
20.3839912092
21.0159486554
18.0423945805
17.4402718211
17.3577209104
17.5729031432
17.7659816413
17.9098764833
18.0707126555
18.2504149259
18.4796607409
18.7517477894
19.0545511407
19.4696467219
19.9285437051
20.3932112044
20.8126004265
21.1354564075
21.3850140327
21.6102173964
21.8465638911
22.1058850795
22.3650425627
22.5909244307
22.8325012616
23.2537128817
23.893481625
24.3241291502
22.8500401173
19.2290465483
18.3064723583
18.495443435
19.8116898281
17.3980510822
1.37167815376
0.00396860522904
1.12779097635e-05
1.95218483393e-10
1.5270047691e-10
3.70721643843e-10
2.49895698367e-09
1.1704974993e-08
4.32382360516e-08
2.74772233044e-07
2.15140524724e-07
1.86646102171e-05
0.0106232818777
1.06786651063
35.446905709
48.1814194958
51.0247808622
56.209003451
59.4029222977
59.4447765076
12.0027255524
12.1870841575
16.0311835014
14.9359362116
14.2453956197
12.4555900888
12.8728346274
15.6153756405
15.6012491102
17.9292782722
16.7643181728
15.5478329156
13.6515743076
11.9767172614
14.7971520958
13.7036531676
12.3840314689
11.9648867796
12.0236526839
12.3460927618
12.8101971177
13.4646280962
15.6818791988
19.5585180022
20.8000224233
17.5697046745
19.9335571404
20.9690818581
20.3486612826
18.0282313278
17.4780521482
17.7839578493
18.0989189562
18.3224074504
18.393004027
18.5859472939
18.7891475859
19.072919834
19.3842131186
19.7829580711
20.2795416626
20.7866032409
21.217078594
21.5541335501
21.8614537734
22.2003036997
22.5346736502
22.8167805479
22.9812575115
23.1241564794
23.3810585735
23.8709988001
24.8063715083
25.0720453932
21.2517371286
16.0405194355
2.17026398679
0.00878852181049
0.000254149824062
3.69995556126e-06
3.00613570603e-09
5.01602550814e-12
3.53581940088e-13
0
0
0
0
0
0
0
0
4.91772180532e-17
1.6586457564e-14
2.48098051355e-12
1.43938544276e-09
2.01046821405e-06
0.108871992158
52.637163884
53.2627603461
63.5387506266
12.5056929125
12.7140264779
18.2573436901
15.2953662107
13.8390926059
12.9264291598
13.5387041003
15.4792276876
17.1705926527
18.9190264679
17.270605516
16.01638476
14.075535237
12.7528265166
15.2222360652
13.8507294547
12.786902965
12.4108051683
12.390127861
12.6350503334
13.0347888346
13.6487604295
15.3940166846
19.418009703
21.7788100141
20.823718989
19.2994639941
20.296064417
19.8910126488
17.682763792
17.9381956427
18.2927376355
18.6756861394
18.7896684649
18.8719555459
18.9390445886
19.1659116519
19.4066688872
19.7374213896
20.1403211281
20.6324561007
21.1833169623
21.7028416577
22.0623943303
22.415942448
22.8725283679
23.3269630112
23.6060768121
23.6674577904
23.7221257145
23.8923705581
24.1811382488
24.5652547516
23.8686682604
15.2584499551
0.00314204475087
1.03045387102e-06
4.16672987242e-08
5.68121074866e-10
1.5579423862e-12
0
0
0
0
0
0
0
0
0
0
0
0
0
6.33648398444e-16
6.29667487488e-15
1.38036756189e-13
6.69321142999e-12
3.71689389156e-08
30.3442143504
0.000596381277414
12.8890709399
13.0841648026
20.3783472939
15.5434886
13.7407777998
13.3733650214
14.3253367467
14.5339274592
18.1187802873
19.6165721311
17.7683189291
16.5012658832
14.7139385865
14.7823646578
15.8165657021
14.2492281961
13.3960560975
13.0695516986
12.8651563467
13.0132537861
13.3134697119
13.8581875002
15.3243617883
19.281664225
22.1684752304
22.4950631364
18.6121170458
18.8290582251
18.0746604183
17.7854280201
18.1863031681
18.8073849456
19.1656951371
19.2769624153
19.3594722479
19.565561587
19.5913925358
19.8081058244
20.1136055422
20.4926845655
21.0616120205
21.6661946052
22.2092575841
22.5183212688
22.9101336258
24.3992584218
26.5124243161
27.133423298
25.6721288447
25.3477453721
25.3307016834
25.1303975032
24.4249350146
18.8599358544
0.0250592763257
1.12419853623e-13
1.13601654769e-10
1.85366593934e-12
0
0
0
0
0
0
0
0
0
0
0
0
0
0
0
0
0
0
9.78966909776e-15
6.6294022174e-14
1.22251673263e-11
85.7912288511
13.2442914226
13.4078630407
20.1091470308
14.6904838487
13.7842111455
13.7515414858
15.221236468
14.3216548165
18.9024658782
20.280962003
18.2545449814
16.9604214744
15.1907291415
17.1707424054
16.6767804628
14.8566905998
14.1067653139
14.1619487341
13.5672733152
13.5637762581
13.6944630154
14.0926045419
15.4091762918
19.1284142798
22.0175087335
23.613576906
21.8607760976
20.5431512471
19.5058668978
18.093251973
18.503446276
19.5533058168
19.52502813
19.7372410728
20.2299792028
20.0934004761
20.1216069302
20.3234237955
20.6258411656
20.9851284086
21.4322634534
22.0828976146
22.7964370514
23.7675571651
25.1451809158
27.1765544674
28.7349113778
28.596931402
28.5728955166
29.4733495999
30.6934239311
31.8519027792
27.3944540384
0.0690202448418
9.07148587102e-06
1.23208165617e-07
0
0
0
0
0
0
0
0
0
0
0
0
0
0
0
0
0
0
0
0
0
0
3.01226539965e-14
0.00219248828159
13.6919054898
13.8389519421
19.622605267
14.1240323597
13.9839681999
14.0485133467
15.97106593
14.6659830503
19.5461833724
20.9317172574
18.74684384
17.4388230801
15.5987520161
17.8251708396
17.4656533695
15.5402040909
14.8005353265
14.997649227
14.4223257792
14.3431071067
14.2945717388
14.3480352219
15.662032371
19.0971186696
21.7204927115
23.9618376427
23.0981828142
20.8698702768
18.3554652394
18.6279329426
19.1086815266
20.1097560271
20.5953238894
20.8923723387
21.0485003743
20.7034311329
20.7179818249
20.939716022
21.2334645328
21.6072424731
22.0324670857
22.7529660231
23.9210791563
25.8405960643
27.1103278961
27.3529293377
28.1575094243
28.9053417522
31.8752963337
35.4327155037
40.4823899679
39.4299972477
0.0914844811892
1.57760297419e-05
3.23574494252e-08
7.83436093589e-10
2.62972903732e-12
0
0
0
0
0
0
0
0
0
0
0
0
0
0
0
0
0
0
0
0
0
5.06221331527e-15
6.69777058814e-15
14.3991270131
14.5492142524
19.1080430232
14.2586566054
14.4918264939
14.4547831876
15.7760038234
15.3542165207
19.9595560982
21.5414606157
19.2797080457
17.9764637337
16.1489827189
18.4356203898
18.191571735
16.3467518175
15.5748879041
15.8220590935
15.2447827113
15.2742050925
15.2059326654
14.7774069837
16.1218680016
19.2379362589
21.5768541256
24.0591203494
23.5860076456
21.3612807106
18.6875005739
18.7988428353
19.8484718227
20.0437922214
20.3377578588
20.9187758519
21.9965345108
21.7098069662
21.6270374519
21.6311427753
21.8668909721
22.3299255445
22.8728768874
23.6951095385
25.994377739
28.1704674992
28.1894562136
28.2600760822
29.6400973877
33.9940922451
39.9479577269
45.0176841069
42.4348059856
0.00326995897108
1.35318548904e-07
4.4366511202e-11
2.7837606466e-13
5.64245723395e-13
8.66470881819e-14
0
0
0
0
0
0
0
0
0
0
0
0
0
0
0
0
0
0
0
0
0
3.74163042797e-16
1.69896443383e-15
15.499964617
15.5944275821
19.2041250535
15.1235033225
15.6545429822
15.2455794491
15.8892333483
16.744204266
19.8152854622
21.953500482
19.8854487393
18.5962989402
16.8204823392
19.1331148892
18.9496880578
17.3377156905
16.5638835907
16.8204736641
16.0705206872
16.3150683773
16.4750269889
15.4746914678
16.6203766537
19.5446506726
21.6134498114
23.8669702418
23.7882683247
21.8358512957
21.0698783744
19.6950775047
20.3002385131
21.1237431536
22.1727244672
21.4362887936
21.9541819177
22.788364114
22.5926561847
22.7445306914
22.8134470853
23.11162416
23.7857205181
25.9180523112
29.2667679639
30.0961279691
29.5590302057
30.8790526805
36.4446225104
44.201214138
50.1395562434
37.0839938001
4.95416435309e-05
4.62538793613e-10
3.16484290266e-12
0
0
0
0
0
0
0
0
0
0
0
0
0
0
0
0
0
0
0
0
0
0
0
0
0
0
0
17.0802137329
16.8863733436
19.8293857428
17.0690448614
17.6917447246
16.4624531282
16.7240583262
18.8064610579
19.8622234538
22.4814283315
20.6259084142
19.3116912082
17.5929227399
19.8666176242
19.7021815961
18.4442077649
18.1051433162
18.1614909611
16.9840851901
17.4751271513
18.0834261421
16.5426311485
16.9583910915
19.9202129483
21.8317965852
23.66319189
23.9532676353
21.8583588527
22.2568790253
21.3614723007
21.4728153619
20.5121975664
21.4590181235
22.8777482213
22.8786836304
23.3184601362
23.5657389475
23.6944436235
23.9936325174
24.2786738244
25.7354207289
29.7371920873
32.2758862554
32.3373693222
32.9234194998
37.4311439621
45.9426715289
51.4685959276
10.0436590656
4.42118209779e-07
7.72915946984e-10
3.53908357192e-12
0
0
0
0
0
0
0
0
0
0
0
0
0
0
0
0
0
0
0
0
0
0
0
0
0
0
0
0
18.779360334
18.0944380271
20.5454990445
19.7383516807
19.4016736385
17.9131623981
17.6639955184
19.9142884055
18.7247669476
22.8634188715
21.4857087411
20.1155047218
18.4589687798
20.6170924896
20.3997409697
19.3549495751
20.3763119777
19.799473033
18.0311374272
18.8016356067
19.4550478226
17.9539604605
16.9359816509
19.8467609233
21.9700786962
23.4911331034
23.9839682831
21.8821449035
22.5505928617
22.6656424817
22.7348506327
21.2283207644
21.7969795752
22.5275980109
23.8073442611
24.5391112485
24.7952949964
24.8455882636
25.0679807796
26.0488839059
29.7455890664
33.8409667137
35.4973532238
36.1579085131
38.8297205545
45.1254853532
46.9989238413
0.465653866338
1.19044157801e-06
1.72341534464e-09
6.03573301273e-12
0
0
0
0
0
0
0
0
0
0
0
0
0
0
0
0
0
0
0
0
0
0
0
0
0
0
0
0
0
19.5680332375
18.9459938053
20.9830260521
20.7373107851
20.4206831372
19.3127242101
18.8223805681
21.2901907842
19.7096506666
23.3798958172
22.3534166748
20.9709410538
19.4122586131
21.4045384876
21.1222535791
20.1232228989
21.3036708802
20.8533111993
19.0709547265
20.1414709118
20.1276874572
18.6669942257
18.0376051786
18.2161317991
21.4500286298
22.9619977177
23.7418153993
21.8332517819
22.5706547209
23.1451017499
23.7269012233
23.2508054712
21.8357469977
22.4624459739
23.9664234783
25.3731626848
26.1416880285
26.5003049546
26.7259304892
29.7268934028
34.5231121192
37.8131568461
39.0564315747
40.4887638351
44.0529438836
42.1506237292
1.65292535986
6.28892973486e-06
5.66506974802e-09
1.61344119284e-11
0
0
0
0
0
0
0
0
0
0
0
0
0
0
0
0
0
0
0
0
0
0
0
0
0
0
0
0
0
0
19.5892184724
19.5106744595
21.2675435244
20.9030792915
21.084181219
20.4161053241
19.8469857241
22.6413242143
21.4334277278
24.068191848
23.2817573825
21.8632195263
20.4461380877
22.2433929083
21.9228668561
21.0443791536
22.0620642483
21.7780471271
20.1940327512
21.1357360138
19.5751951268
19.3607328463
19.0568422768
19.372870857
20.2588553208
21.1406974524
22.8715630736
21.6826300258
21.9860304223
23.1222991604
24.1360257711
24.6107644727
23.4337845485
23.2003150661
23.9728258525
25.3136593505
26.8978984135
28.2208152501
29.6678908127
34.3401510493
38.8588926645
41.3111806534
41.9042570691
42.4969609872
38.4232433625
24.2005491582
4.26543000882e-05
1.96779353879e-08
4.40804160563e-11
0
0
0
0
0
0
0
0
0
0
0
0
0
0
0
0
0
0
0
0
0
0
0
0
0
0
0
0
0
0
0
19.8260102865
19.9286647036
21.5468605734
19.8041628401
21.3603397572
21.0217276486
20.5467548043
23.2095460438
22.250388774
24.8016006444
24.267559943
22.7690796995
21.5718967177
23.1214489172
22.7734658835
22.1081723277
22.8863016384
22.8152062149
21.4376592846
22.5159142308
20.9116800308
21.0878804115
20.2970875186
20.6300162534
22.210010649
22.8005117718
22.4959430544
21.4788173276
21.410709181
23.0646906168
24.1350431599
24.8159003563
24.9650978357
24.27594561
25.5534643417
26.0471690149
27.5284642523
29.8791862452
33.4377539924
38.8116992055
42.5813369035
43.8794213697
42.1060120755
36.9517423686
29.9306500576
0.0016141274652
1.6512271391e-07
3.7590993813e-10
0
0
0
0
0
0
0
0
0
0
0
0
0
0
0
0
0
0
0
0
0
0
0
0
0
0
0
0
0
0
0
0
20.5533039241
20.6267189841
21.8281107796
20.2218671825
21.5982824831
21.3476392801
21.0532883463
23.3666098171
22.8430006224
25.3459077515
25.2564802329
23.6352223453
22.7827355915
23.9982688768
23.5996708292
23.1482643522
23.6752788779
23.9462733921
22.7310670537
23.8892296786
22.6991925511
23.246852914
22.9122072843
21.4756986062
22.8158188868
23.8548576473
23.9156778406
21.3561597731
20.7460730838
22.9732321774
24.2862919835
24.2847437775
24.5681243918
24.5721784563
25.7096853911
26.5626813253
28.31184667
31.6345428121
37.3176811268
43.1148843723
45.8224481956
44.7848516335
37.335311874
33.8731387225
3.8799973169
1.87745723444e-06
2.61948822955e-09
1.06220830091e-11
0
0
0
0
0
0
0
0
0
0
0
0
0
0
0
0
0
0
0
0
0
0
0
0
0
0
0
0
0
0
0
0
21.4745997118
22.6591802984
22.2537351062
21.2456416781
22.1384068986
21.7367655569
21.5481121158
23.5051320269
23.3984451618
25.5308902657
26.2373607978
24.4287920075
23.864790432
24.7039322376
24.4005194634
23.9258735234
23.8534790108
24.98760696
24.1201339819
25.0842476197
24.7378043333
24.5277196617
24.2827390662
23.8250878819
22.9409124829
23.7815773723
24.887069159
20.6804301502
20.2557358983
22.1989089995
24.3238351424
24.957139135
25.5390407626
24.5945831857
25.5166085766
26.804903035
28.7417285682
33.2668202745
41.0560453853
47.1038235352
48.4718993176
41.8523311356
37.7750405207
31.2346615
0.000141613628925
1.77551288384e-08
4.5315359376e-11
0
0
0
0
0
0
0
0
0
0
0
0
0
0
0
0
0
0
0
0
0
0
0
0
0
0
0
0
0
0
0
0
0
22.1763392162
23.3928605094
22.9711603879
22.1728215694
22.8600128618
22.3255455525
22.1187112285
23.7376456359
23.9505414513
25.4444307269
27.12573806
25.2205903221
24.5110010882
25.29404405
25.303716043
24.6414381994
24.0034914536
25.7259870559
25.5895465664
26.1259310295
26.0609006241
26.1338222403
24.6256356925
24.5765332915
24.0406263496
25.5077743114
26.2543381192
22.9378794041
19.8658965761
21.1539928927
23.6854501801
25.2391618142
25.680740343
25.2348003978
25.1498704924
26.7508301683
28.697417846
34.5439226965
44.514608906
51.0397551955
48.364959479
37.9181305987
36.1980306378
4.44415773844
6.08751141146e-07
5.23517284592e-10
1.7593153863e-12
0
0
0
0
0
0
0
0
0
0
0
0
0
0
0
0
0
0
0
0
0
0
0
0
0
0
0
0
0
0
0
0
0
22.7118389464
23.7956508836
23.6122023983
22.8295943655
23.578971462
23.0689705926
22.7752554699
24.1468057233
24.5635214106
24.9823997493
27.7416002532
26.0922768967
24.9844858217
25.2383202932
26.2446342299
25.5188786861
24.5760018339
26.3449380676
26.3738368292
26.9775242484
27.0319339575
27.3598916575
27.3818377214
27.2776582915
26.8031906036
26.3028330192
27.5515645414
24.9423644607
19.9907816122
20.331820315
21.7425500843
24.0598482962
25.601986809
26.7780228728
25.8654214779
26.0746734588
27.939966961
34.7555744675
47.6588197468
53.8509490457
46.729738517
41.1495839842
34.8082574568
0.000135881618425
7.50090786595e-09
2.05089392129e-11
0
0
0
0
0
0
0
0
0
0
0
0
0
0
0
0
0
0
0
0
0
0
0
0
0
0
0
0
0
0
0
0
0
0
23.2348417305
24.172242934
24.1525565018
23.3099340114
24.2177947175
23.9202271645
23.4450804038
24.6812327856
25.3900061066
24.3981089931
28.1090305358
27.0660960061
25.6746653737
24.7723290857
27.0562193055
26.4693480684
25.5082861418
27.1435614787
26.9546578629
27.3606676416
28.079955673
27.1429120652
28.7156771647
29.1136371059
28.9680183205
28.9299295315
29.2517288713
28.0597444597
22.4219383055
20.0549886718
20.8371104967
22.0084397916
24.0436412318
25.271088051
27.1885815767
26.5235654245
27.1434925148
31.992585856
51.844029874
55.4744456583
42.1099250322
40.0219887469
32.3840453613
7.23733902138e-07
2.54492282789e-10
0
0
0
0
0
0
0
0
0
0
0
0
0
0
0
0
0
0
0
0
0
0
0
0
0
0
0
0
0
0
0
0
0
0
0
23.7395601783
24.5254818587
24.2237099003
23.6784093262
24.7527529244
24.7138560652
24.0225219721
24.7312559373
26.4599128261
25.4338209282
28.3551527979
28.1021727816
26.6365642726
25.5374161444
27.8328941952
27.4111095676
26.7595263019
28.1877398474
27.8681735338
27.2187066546
29.2032444059
28.5917164863
29.7581669752
30.1363270364
30.430850768
30.9119734747
31.4270268923
31.3429613903
28.4800103997
21.3737715597
20.8109236931
21.5841239004
23.8308346244
24.3116349319
25.7645513531
27.2386348276
27.8238796904
28.173886807
49.4814040411
53.963008133
44.8237895643
36.09224052
0.0018354566786
1.2731906309e-08
2.09514837166e-11
0
0
0
0
0
0
0
0
0
0
0
0
0
0
0
0
0
0
0
0
0
0
0
0
0
0
0
0
0
0
0
0
0
0
0
24.1902906324
24.826371113
24.1914377111
24.2129621044
25.2897187324
25.2281360031
24.5720298978
24.6504762482
26.9942236613
26.5288727452
28.2404539803
29.1450970176
27.6513766993
26.8885092978
28.6220737929
28.3065924986
28.1583494639
29.1545587395
29.1360853013
28.4466546031
30.2036477608
30.1713553088
30.9052414068
30.8560450231
31.9971245228
32.3824814072
33.4264380164
34.3551276617
34.7077543688
29.6577592423
22.5348216649
23.0892875229
22.6238877284
24.8866279724
26.0488385785
26.9216875258
27.7773451933
28.1042542429
27.7484042353
47.1691264514
47.6051179928
38.1764236034
2.72121585965e-06
5.21056774217e-10
6.38217427111e-13
0
0
0
0
0
0
0
0
0
0
0
0
0
0
0
0
0
0
0
0
0
0
0
0
0
0
0
0
0
0
0
0
0
0
0
24.6590647574
24.800124003
24.99007053
25.5206071281
25.9371929857
25.7681557347
25.2395792665
25.1332862429
26.9924279055
27.2704280174
28.0074088735
30.0352939784
28.5918999764
28.0110701336
29.1754158758
29.2074811793
28.8176132706
29.7073111537
30.3635175096
30.0655308712
31.171307099
31.3102864804
31.8315934423
32.6331047905
33.3158057227
32.9086411936
34.6316350787
35.9031447331
37.2917921779
38.3551070053
32.6178577795
24.9189754938
24.2568341693
24.0166278381
24.5378655186
25.2262639096
25.6952038406
25.8164315356
24.4481535394
27.8876930304
38.0750519614
29.9807029748
4.86466373364e-08
3.89406066859e-11
0
0
0
0
0
0
0
0
0
0
0
0
0
0
0
0
0
0
0
0
0
0
0
0
0
0
0
0
0
0
0
0
0
0
0
0
25.1499543743
25.2276802115
26.7530080434
26.6569891315
26.4949298373
26.2872358179
26.0006438294
25.840564849
27.2426253676
28.0928797839
27.4343538964
30.4060839577
29.5667845456
28.5204152184
28.9571755045
30.1665781664
29.3995591681
29.1047721602
31.2122070094
30.9338694974
31.8193101574
32.5978406363
31.7763110514
34.0222413988
34.5568276927
35.35316968
36.1533315832
37.1351231601
38.6861636587
40.3693870754
41.4062112372
36.623719452
30.6197893361
26.273308546
24.9763201509
24.78087463
25.8079964335
26.5267141704
26.988897513
31.1977515062
32.2841253875
8.5216195338e-05
1.89446581348e-09
4.92297510094e-12
0
0
0
0
0
0
0
0
0
0
0
0
0
0
0
0
0
0
0
0
0
0
0
0
0
0
0
0
0
0
0
0
0
0
0
1.49340475059e-16
25.5379050735
25.7342149667
25.9588093171
26.8154781182
26.7699010235
26.7024785121
26.7269251147
26.4293174518
27.5851773696
28.8117919151
28.0324233845
30.1860225684
30.7425201894
29.2679551467
28.5052120017
30.902328789
30.3588365393
29.8216368921
31.7993337743
31.7459245668
31.4551545325
33.9241848428
33.4675012999
34.7933071748
35.2724208706
36.9143888139
37.4833526573
38.4212480886
39.8935835377
41.4791539823
42.8006705061
44.8345170045
42.7816496912
39.2599058856
37.0910244416
36.5318059171
36.6160193756
36.8685290824
38.8506340077
47.218797957
35.1488284202
4.99160035138e-07
1.58611717466e-10
0
0
0
0
0
0
0
0
0
0
0
0
0
0
0
0
0
0
0
0
0
0
0
0
0
0
0
0
0
0
0
0
0
0
0
0
3.74163042797e-16
25.8585937646
26.0961312275
25.9567853996
26.8850759649
27.2139272119
27.1456498374
27.2262420929
26.8259743498
27.3878718126
29.131063756
28.7813948849
29.5899688158
31.8375016594
30.4017416917
29.6824961961
31.3238693281
31.4784792762
30.9776477041
32.2105044266
32.9734811159
32.7122555314
34.5979474283
34.7892415898
35.527643031
36.7923328501
37.6867003766
38.7684039114
39.9880851835
41.0656455044
42.8310886183
43.7170670536
46.3051859648
47.7649123866
49.5751437288
48.4773975221
48.2365177947
47.9538527898
49.7294882076
53.3840796259
54.6874818045
55.321921052
1.36560469477e-08
2.14332493468e-11
0
0
0
0
0
0
0
0
0
0
0
0
0
0
0
0
0
0
0
0
0
0
0
0
0
0
0
0
0
0
0
0
0
0
0
3.74163042797e-16
3.74163042797e-16
26.2278905323
26.4961043614
26.964847973
27.8761092865
27.9787367109
27.6516842131
27.5665432069
27.1643211263
27.31797095
28.9972568977
29.5751805369
28.6640207862
31.6830793719
31.6999255266
30.4854726508
30.8736888983
32.5367971549
31.8058039384
31.6824837502
33.7962564849
33.7173157441
35.0423837439
36.1109276374
35.4851446484
37.7172050278
37.7923853361
40.2194965755
40.8057090269
41.7356853312
43.7903810476
45.249989085
46.7234404924
48.1429676088
49.9555235612
50.9252412745
51.0396421698
51.6929170713
53.3740011679
54.6822704447
51.0228433202
49.6840049726
4.5085283053e-10
2.98315569942e-12
0
0
0
0
0
0
0
0
0
0
0
0
0
0
0
0
0
0
0
0
0
0
0
0
0
0
0
0
0
0
0
0
0
0
1.82614897038e-16
3.74163042797e-16
3.74163042797e-16
26.5971386733
26.8271781298
27.9377172983
29.0093054247
28.4064344244
28.0291534622
27.8647093196
27.5452840326
27.5172524236
28.9020711807
30.0865707396
29.6323201629
30.7240372938
33.0663809291
31.5206446455
30.8763357974
33.1281842714
32.9371090383
32.4863420349
34.31595343
34.7583919071
34.8053536397
37.0954548621
36.9862993947
38.3786979853
39.4670555863
40.5938293431
41.337877658
42.7263191087
43.9116502039
45.390488008
46.6663907209
47.9581051809
49.6051550571
50.9396679021
51.7881420719
52.1376649014
52.0973579867
50.4646898898
41.7335782155
0.000154041132962
7.69554052566e-11
0
0
0
0
0
0
0
0
0
0
0
0
0
0
0
0
0
0
0
0
0
0
0
0
0
0
0
0
0
0
0
0
0
0
2.27344533767e-16
3.74163042797e-16
5.99884450421e-15
6.32989409975e-15
26.9439898866
27.0846075298
27.7747084972
28.4999161085
28.4954734847
28.238485109
28.0899883222
27.9510861817
27.6965712028
28.4255057624
29.9674385676
30.4791367771
29.6508959539
32.6170742921
32.930308825
31.6640269547
32.4003999797
34.0050763576
33.384665383
33.7818933947
35.8021319317
35.6248116373
37.4072808419
38.4029146127
37.779298669
40.0602803446
41.034540071
42.4358900549
43.0945886451
43.9960195113
46.0183802776
47.0636119052
48.3677767592
49.7954973799
50.5421082817
51.9972543604
52.4786229242
52.6908097978
52.2639701927
39.8434317402
4.00561201522e-08
2.36477369764e-11
0
0
0
0
0
0
0
0
0
0
0
0
0
0
0
0
0
0
0
0
0
0
0
0
0
0
0
0
0
0
0
0
0
0
0
4.65643067986e-15
1.57175475246e-14
2.34257973332e-14
27.3152006675
27.3868136124
27.9048204708
26.9662703336
28.1950818997
28.3329640168
28.2260725031
28.2122803084
27.7455600781
28.0557005575
29.5941171387
30.9467519519
30.7871690045
31.4477106148
33.9396818249
32.9898387283
32.370674653
34.6233319264
34.8363666881
34.168950061
36.4102916665
36.9312317142
36.8639593557
38.7014822421
39.1388282564
40.252485011
41.8623985626
42.7091879775
43.8980673163
45.0898081005
46.3579070893
47.4237042297
48.9328120473
50.3913670672
51.618475422
52.4575706569
53.9749873517
55.4036742038
56.3894270954
36.7922392052
5.33791109827e-10
7.01377538407e-12
0
0
0
0
0
0
0
0
0
0
0
0
0
0
0
0
0
0
0
0
0
0
0
0
0
0
0
0
0
0
0
0
0
0
2.11998414788e-15
7.59476277949e-15
1.06775055972e-13
7.24044102842e-10
27.5383941166
27.6193404699
28.5835001335
27.6718232013
28.0896565945
28.3410408491
28.2963455005
28.2669769455
27.8773965809
27.905033511
28.847021393
30.5535935161
31.7441490038
31.5099301449
33.0349691596
34.6846423461
33.4055082111
33.0721354178
35.7485366134
35.0303161878
35.037915383
37.4870169353
37.4991744689
38.878129315
39.9015113826
40.2905829942
41.9593441717
43.0258378049
44.4616349041
45.1208294684
46.5189023944
48.4911476149
50.2098918985
51.5138009506
52.9498095757
54.7459714848
56.0177478057
56.4381516809
59.4651075955
30.4567819092
7.92293614735e-12
1.8698619454e-13
0
0
0
0
0
0
0
0
0
0
0
0
0
0
0
0
0
0
0
0
0
0
0
0
0
0
0
0
0
0
0
0
0
1.33770217449e-15
4.44667937493e-15
4.26625247873e-13
1.23666101433e-10
0.597151126876
27.4654101406
27.5463965852
28.4476738344
28.6271056802
27.603584126
28.2699973381
28.3666439649
28.3848590089
28.2847217029
27.948012555
28.2870467186
29.8532848539
31.4767632529
32.2853653077
31.9214121118
34.6363183592
35.2148030323
33.853548739
35.6554649407
36.3333542187
35.713876477
37.5939848618
38.4773019818
39.1843235413
40.3323059012
41.476688211
42.1971412722
44.0563780641
44.550233549
45.1395390985
47.6985697059
49.4100234634
51.0609443828
52.3031437281
54.6288415414
56.3459734919
58.2534848458
59.3405523301
64.7110615369
27.3887636813
1.46132169658e-11
1.28476095453e-14
0
0
0
0
0
0
0
0
0
0
0
0
0
0
0
0
0
0
0
0
0
0
0
0
0
0
0
0
0
0
0
0
0
4.29905382269e-15
5.32367124202e-13
1.22425458357e-10
4.59747484153e-06
60.0576159476
27.4433565211
27.5056245696
27.5716026531
28.9810249006
27.7646233463
28.2953991044
28.5507461501
28.6096188968
28.7083837404
28.2318802796
28.3461917525
28.7766224407
30.7625102654
32.4640063478
32.5296955587
32.6973755993
35.2896899668
35.2057002941
34.8182472637
36.6946356967
37.062725663
37.3322645966
38.9059330969
39.8212483523
40.7608134094
41.7434830959
42.9935906255
44.0463703075
44.9509777355
46.5035460765
48.0820494813
49.6937335727
51.5512836048
53.7833414033
56.6459581481
59.9294419773
61.9208436923
66.4100135342
73.746728701
28.2958668193
7.49898527227e-12
3.12518328097e-14
0
0
0
0
0
0
0
0
0
0
0
0
0
0
0
0
0
0
0
0
0
0
0
0
0
0
0
0
0
0
0
0
1.33770217449e-15
3.17344801231e-13
7.1470617264e-11
1.0579827387e-06
74.9467647662
78.2689769573
27.8520435221
27.9236086254
27.9391508197
29.6917233058
29.9990101895
29.1621160079
29.0305130723
28.9773923276
29.0221884324
28.8141565315
28.568788361
28.951076333
29.9232286847
31.8045679312
33.2750729752
32.9367653885
34.2319563348
35.8745276179
35.737667818
35.6223641764
37.5893961701
38.3025427
38.6705833144
40.1776526023
41.1718276023
41.9435491894
43.1482721173
44.2304612511
46.2254224596
47.6381075977
49.7960864918
52.3012066246
53.9690247796
56.2476509798
59.2433423107
61.8141655557
66.4912230445
75.4195001315
90.5980248476
81.7472318599
3.3702975694e-12
3.12518328097e-14
0
0
0
0
0
0
0
0
0
0
0
0
0
0
0
0
0
0
0
0
0
0
0
0
0
0
0
0
0
0
0
0
6.66684730179e-14
2.18378982419e-11
1.04425393643e-07
2.51860649656
76.6513006802
78.6597312871
28.4516850911
28.5075980741
28.9278622157
29.9183889633
30.819479497
30.4122332951
30.1266843179
29.6790024462
29.4814277272
29.5011277602
28.9657768512
29.2119621026
29.3316126032
30.8089534292
32.5386906953
33.8146402723
33.8272832995
35.5860520655
36.5109712969
36.5039348329
36.4236468221
38.5191001753
39.4155591403
40.1602515894
41.2650905044
42.7086414223
43.671336984
45.8599842179
47.2613160626
49.7534327587
51.2434877292
53.1300505274
54.9532209338
57.3367842825
59.3826677115
62.6447157234
70.1750168554
79.5634773324
98.7294725833
79.7178185212
1.62542909614e-13
8.3901480036e-17
0
0
0
0
0
0
0
0
0
0
0
0
0
0
0
0
0
0
0
0
0
0
0
0
0
0
0
0
0
0
0
3.35123850571e-15
3.10759779997e-12
8.13156805282e-09
0.00216752101512
71.6123972508
70.8261745573
70.6460559591
28.7765060846
28.7093494939
29.2834030498
29.394069961
30.549851733
31.7100727489
32.0080819308
30.8166124191
30.1137353129
29.8942428229
29.6775173227
29.1863297466
29.6777239321
29.6739884204
31.0779616263
33.167074978
34.4026626763
34.5945378915
36.2639790177
37.1808234279
37.3907239954
37.4436054332
39.5103409146
40.4437986563
41.4396805232
43.0834247591
44.8370811801
46.3331016074
48.222642036
49.5562462425
50.8132798526
53.0466983653
55.9592318052
57.8329966004
59.1457525635
63.7960992153
67.4992897604
73.5470657697
79.1779960016
2.26737615817e-10
0
0
0
0
0
0
0
0
0
0
0
0
0
0
0
0
0
0
0
0
0
0
0
0
0
0
0
0
0
0
0
0
0
6.47072134853e-14
3.41573703879e-10
1.5735486938e-05
56.947309893
61.3123925475
60.8567093627
60.1981532433
28.8801700519
28.4946687769
28.6150079038
28.8437982545
29.4176272232
31.2009697534
32.7558007624
31.6011742643
30.705637888
30.2358129895
30.1108916811
29.5986835515
29.9197040534
30.0467368328
30.5537221999
31.5689394464
34.063175138
35.2188175943
35.4417953742
36.9643784
37.8774303586
38.3526847817
38.5534071251
40.4727667637
41.9840432055
43.2949395276
44.7185995389
46.1471788201
48.0026384175
49.3925985515
52.6019160217
54.6532595899
56.2865484261
57.3665251622
59.6356187128
61.5406371145
62.5321998541
63.0059019112
51.3617799998
0.00166048569386
0
0
0
0
0
0
0
0
0
0
0
0
0
0
0
0
0
0
0
0
0
0
0
0
0
0
0
0
0
0
0
0
0
4.75914889171e-12
1.33563330378e-07
1.59855000287
52.8118556714
52.6620644114
50.2696430726
49.4445533856
29.1103181327
28.1868068369
28.105507287
28.3095244593
28.7242406899
29.8769556401
31.5764287569
31.9993338895
31.0937966374
30.5433946858
30.2797042618
30.2329754447
29.6462509005
30.2651221927
30.3035390382
31.7128045084
32.8648081804
34.9093689858
36.0689153174
36.4541268125
37.6205985038
38.7368853837
39.5928527974
40.2542801532
42.20662483
43.8867352004
44.6886388717
46.9403838106
48.5793255406
51.8037801666
53.0762057147
54.3395914439
55.6599579885
57.3987801108
59.725501219
62.1715910745
63.9548874818
63.3967966155
54.1616075551
48.637688992
0
0
0
0
0
0
0
0
0
0
0
0
0
0
0
0
0
0
0
0
0
0
0
0
0
0
0
0
0
0
0
0
3.58134859621e-15
5.2196033597e-10
0.000519075815131
47.7981300575
48.1757204115
44.1963377984
39.7682442176
39.8078316009
29.430242051
27.9924918679
27.7800383773
27.8200442397
28.1338080579
28.8411271511
30.3409850083
32.0264770005
31.5076909365
30.8359053336
30.4556580916
30.3252021929
30.2548921246
29.8781355807
30.8356394028
30.8092715956
32.4152365006
33.4286529212
35.4453493136
36.7211613267
37.7351459689
37.903065838
39.9383312484
41.0904631383
42.4592004355
44.1374685948
45.9008397415
47.7328352551
50.7654214914
51.8430460408
52.4714823669
55.1239597981
57.2378266944
59.413936993
61.6145129995
62.7741121678
62.2853241749
62.0550863583
48.0219662221
24.8094641634
0
0
0
0
0
0
0
0
0
0
0
0
0
0
0
0
0
0
0
0
0
0
0
0
0
0
0
0
0
0
0
0
4.33227900701e-14
1.16198094855e-07
44.2772446918
49.1099164715
40.4588236252
36.2035091021
32.2267135333
31.1651606912
29.0408538139
27.9075430642
27.5546803791
27.553262376
27.6800803073
28.1509522161
28.7333378791
30.9205180796
31.9036768657
31.2238560329
30.6847422036
30.4176003729
30.4045969737
30.3222278309
30.8973671885
31.1880939038
31.200936364
33.1238199969
34.2258611228
35.3201158773
37.7452230795
38.6783819413
39.6082474557
41.3378432758
42.9131610041
44.44522235
46.5708671382
49.0626058676
50.3343847481
50.896848024
54.1288069811
56.2384949977
58.3244480084
60.3475719866
61.7527981587
62.0360613206
58.9738894332
53.8661081962
15.6602710568
2.79959420439
0
0
0
0
0
0
0
0
0
0
0
0
0
0
0
0
0
0
0
0
0
0
0
0
0
0
0
0
0
0
0
0
5.11249607086e-11
0.0301459395424
52.5576592073
46.3860691744
36.6588318032
29.5897380265
26.6588254678
26.7601041844
28.3330881894
27.893330085
27.4607327429
27.4324039497
27.4795303604
27.6584733798
28.4303847611
29.2485702254
31.2397342215
31.5852096577
30.9932162131
30.5849442461
30.4291358139
30.5419091532
30.3571542974
31.1772540328
31.4807980164
32.6317401145
33.8043949071
35.2100821317
36.6711457564
38.8056900567
39.9869994329
41.4753619619
42.8698289586
45.2772673783
47.0463969732
48.8909985194
49.763532018
52.9148091312
55.0896653272
57.6502787385
59.9761869283
61.9850300325
63.3122702072
61.4367114133
59.9285445014
53.8862256052
36.0388596559
54.5494791753
0
0
0
0
0
0
0
0
0
0
0
0
0
0
0
0
0
0
0
0
0
0
0
0
0
0
0
0
0
0
0
9.70960429383e-16
3.81118022439e-08
50.8728504096
53.3492235147
43.5977418987
34.6911694035
27.4742183848
23.4441553379
23.692387187
27.9684323436
27.7270090888
27.4411435453
27.2876787793
27.2924977982
27.3279694915
27.6313159382
28.7025402089
29.4812463022
31.345080747
31.4914024654
30.9281970078
30.5904686504
30.5022346775
30.5589990201
30.5225132984
31.6994515329
32.0665859857
33.3989509834
34.2197586475
36.5839899785
38.6391655751
40.0984629435
41.3563010155
43.055840457
45.182910491
47.8897946645
49.0105347564
51.9020579729
54.0140410604
56.8691426157
58.8722963618
60.8948731576
62.5551773061
63.0100602269
62.163413185
62.0160016912
64.0423660222
43.8079622396
76.8197231819
0
0
0
0
0
0
0
0
0
0
0
0
0
0
0
0
0
0
0
0
0
0
0
0
0
0
0
0
0
0
0
3.02826566084e-14
26.7482199719
56.9404319767
49.4320473737
40.9424312366
33.3314796742
27.161437299
23.6296431329
24.6361450995
28.0727536665
27.4675442685
27.3331948787
27.029944992
26.9113288835
26.8508239052
26.8811893279
27.4694287265
28.6369379843
29.6380102827
31.631994869
31.5413704444
31.0273097863
30.7483357331
30.7101032636
30.8877332234
30.9750869413
32.1881103201
32.7404728224
34.5342932414
36.0168746687
38.3947067248
40.0299939129
41.4063394631
43.3274095898
45.9399153659
48.0056188023
50.8902115396
52.9387171365
55.6248893573
57.731293548
60.3172529047
62.4344957047
64.1256314059
64.792263063
65.8727948864
66.9784985262
69.8953443357
44.893027011
94.6851782183
0
0
0
0
0
0
0
0
0
0
0
0
0
0
0
0
0
0
0
0
0
0
0
0
0
0
0
0
0
0
0
1.28591800171e-09
50.4832241023
54.0808424249
45.7991858087
38.8311157263
32.6568346875
27.8197010061
24.905243338
23.03170339
28.2582762516
27.1983368933
26.8837358651
26.493349955
26.2070323235
26.0931754774
26.0967931185
26.3024712042
27.5422538223
28.3235620179
29.8474876579
31.5446277164
31.7173514068
31.3355390031
31.0641190318
31.1086558772
31.4327751399
31.6881378823
33.1251511075
34.1016258247
36.1706309038
38.0491341549
39.9454936202
41.9803876784
43.8629484664
46.2483195041
49.3535539985
51.6568163732
54.3826296752
56.5796589685
59.6261553653
61.5634910612
63.3942066933
65.4318588655
67.7141750177
70.04119768
69.8793947822
71.5873481069
53.7293401571
99.9986889315
0
0
0
0
0
0
0
0
0
0
0
0
0
0
0
0
0
0
0
0
0
0
0
0
0
0
0
0
0
0
2.1391655591e-15
40.5911131179
55.3346004788
50.6779264217
43.4479423234
37.8161727555
33.0904603175
29.309844429
27.0598446115
26.1563811337
27.3082059268
26.1493523218
25.5652716849
25.3232570204
25.0990573756
25.0261311736
25.1112433566
25.3224318964
26.0389236338
27.4375850432
28.2296819416
29.946797863
31.3118755022
31.7901413486
31.664856906
31.5307156299
31.7642080842
32.2567120515
32.7939316918
34.485770443
35.9662049929
38.2880486134
40.4493169903
42.4622867271
44.568503616
47.3031090369
49.6356166172
52.9014647944
55.1299092834
58.0795029122
60.2501563442
62.9733420574
65.0580087649
68.2948060891
71.1505691777
71.6772736763
74.2925873699
78.8141820266
64.630812192
99.9999878795
0
0
0
0
0
0
0
0
0
0
0
0
0
0
0
0
0
0
0
0
0
0
0
0
0
0
0
0
0
0
32.5096066881
55.6652841824
53.9106246231
48.436426615
42.6570722749
38.1410842586
36.0648759777
34.1639762951
31.6162970971
31.2639449057
25.3888552968
23.6483135674
23.6422744016
23.7238660242
23.7474657553
23.8371292079
24.0379146767
24.3568337781
24.7903357905
26.3959132826
27.5877221208
28.3631718513
28.3647697795
31.1419131208
31.8026519723
32.2201172574
32.2980902565
32.6115553929
33.3531249326
34.2762145922
36.2445590727
38.1200512045
40.679548999
42.9880121991
44.9968840403
47.6736990659
50.8664835948
53.4009200845
56.3917042157
58.7705991818
62.102640511
64.345109519
67.3823356196
72.1648958536
74.0718893921
77.0099498096
80.4039692615
83.6838243086
61.7946862675
99.9999983378
0
0
0
0
0
0
0
0
0
0
0
0
0
0
0
0
0
0
0
0
0
0
0
0
0
0
0
0
0
1.46212361257e-14
52.2727647008
53.9867419229
51.7329728773
47.4290957481
43.3911012705
40.7006479144
40.2960441651
42.4974990773
38.2254957671
41.2395659102
23.999022858
22.4886918944
22.3737964196
22.447052275
22.6295655175
22.8404486659
23.1328305523
23.5065651574
23.9616912408
24.6039970053
26.3939393538
28.0928327264
28.4540872515
28.9917130912
30.4045715165
32.1031129911
32.986933679
33.1168441272
33.9576503864
34.8801978185
36.1434554088
38.592113834
41.2312212913
43.4599030818
45.7123624464
48.5637209108
51.0647667112
54.4524716207
56.8039032453
59.8604282916
62.6426795718
66.5282521102
71.0228781197
74.2869193732
77.2636644625
80.8202324176
81.5264101
83.5235000472
54.1399722666
99.9999998701
0
0
0
0
0
0
0
0
0
0
0
0
0
0
0
0
0
0
0
0
0
0
0
0
0
0
0
0
0
49.3501657139
51.4234645955
52.4322283529
50.7567986178
47.6398354765
44.9998461547
43.3641363575
42.6703766511
46.1366629631
43.8834182403
42.6926422903
23.3526317691
22.26625008
21.8150660313
21.8492220211
22.0759352868
22.2945222225
22.5555628534
22.9008168392
23.3197533122
23.7965163043
24.6695944301
26.6631570717
29.0399756453
29.4740827614
30.0017312351
31.1359764242
32.7105500639
33.8677262924
35.1065244145
35.5205331095
36.9378453884
38.9549929861
41.5908503677
43.9189845536
45.9808376823
48.7259089555
51.9819712218
54.4383730244
57.5040810957
60.295416752
65.3461673398
69.2351108971
73.6013912601
77.0387266543
80.4864562611
81.6279554824
83.9285757681
84.1993284579
48.5449417781
99.9999999931
0
0
0
0
0
0
0
0
0
0
0
0
0
0
0
0
0
0
0
0
0
0
0
0
0
0
0
0
9.23105439549e-09
58.486386701
54.4791696508
52.7277582784
51.0159782001
48.6416457247
46.7396518397
45.4317686739
44.5421731222
46.2790797044
45.5633193058
43.237443229
21.8073581381
21.8314695496
21.4634864001
21.8148397638
22.0983070234
22.2172262991
22.3348432713
22.5393238865
22.8712087304
23.3046530619
23.8752465232
24.9408323454
27.1240209625
30.1215393333
31.0665804317
31.3121709263
32.268938932
33.5725428969
34.9892216763
36.4941047994
38.2244352415
39.4159427049
41.8753020644
44.2442458547
46.5028919269
49.3014937673
51.9332297751
55.3145484359
57.7997122206
63.1411197621
68.6458828357
72.1122249767
75.7156197348
80.2758131571
82.4552816059
84.8126673815
86.8598147108
84.9643275718
41.5350294944
99.9999999997
0
0
0
0
0
0
0
0
0
0
0
0
0
0
0
0
0
0
0
0
0
0
0
0
0
0
0
0
52.7013551849
52.4619396163
54.38407697
52.9604844402
51.8111655624
50.0565542973
48.6022570046
47.491216474
46.6771336079
48.0468983204
46.9964346046
44.9466387642
19.8623849425
20.738555191
21.2275611778
22.1200410694
22.3238295473
22.3469653576
22.3101805378
22.3658581472
22.5426890153
22.8942248041
23.3754382923
24.0277862558
25.3432881332
27.5516258661
30.4608743913
31.6369496655
32.8159396758
33.4660698606
34.7558088377
36.2547756651
38.2889861615
40.1570645556
42.0840572622
44.4849570452
46.8216116648
49.5443167845
52.8768871343
55.3654840927
60.7682657339
66.7248934794
69.7557821162
74.0995837766
78.2697368531
81.5199021219
84.3230464294
88.0997422049
86.9889391258
85.7031796891
39.187811507
100
0
0
0
0
0
0
0
0
0
0
0
0
0
0
0
0
0
0
0
0
0
0
0
0
0
0
0
36.223650836
66.3287277145
59.70744139
56.5637850522
54.413125439
53.0978615093
51.6493555342
50.4593779705
49.5280366139
48.8905538557
49.6495624817
48.362213575
47.7230237759
19.1507056285
19.7956945632
21.0712665122
21.699279129
21.8616040239
22.0154543487
22.2031126618
22.2429758284
22.3250374924
22.5415777141
22.9418584257
23.4897138791
24.2388694713
25.9598528495
27.79637876
31.0608626345
32.7936848879
33.7693818327
35.1835442877
36.511761776
38.39196588
40.2266559027
42.4168646062
44.7366159977
47.2441382312
50.6386014293
53.3816192301
58.094670232
63.3802070085
67.0189820566
70.9912949886
75.0067845864
79.8641927474
83.7559625969
87.9518274224
89.4571052523
89.2235698221
89.9528142881
39.028745992
100
0
0
0
0
0
0
0
0
0
0
0
0
0
0
0
0
0
0
0
0
0
0
0
0
0
0
0
70.5233110388
65.055803948
61.1906731225
57.6016388287
55.520962883
53.9765553172
52.6951058888
51.6562594059
50.9190025609
50.5172278042
50.2955679022
49.1714950797
49.3288016465
18.8149960092
19.1077016864
20.1330036943
20.9028400538
21.1460704697
21.3818756113
21.6450565932
21.9276220957
22.1437155781
22.2993518753
22.5953779897
23.0773032416
23.7795742034
24.7670022021
27.2946737944
30.2990184735
31.6405933016
33.7921510905
35.6141836141
36.7473858319
38.3181351669
40.3227126284
42.8662681757
45.0325254734
48.3259618025
51.3791231451
55.0089560964
59.3845340519
63.7833777264
67.7616039244
71.3150785084
77.2980285541
82.0666124002
87.9543437007
90.3451632341
90.2204329122
93.1713236017
93.1491868478
52.6235607072
100
0
0
0
0
0
0
0
0
0
0
0
0
0
0
0
0
0
0
0
0
0
0
0
0
0
0
0.77362852743
57.2035742102
62.073379626
59.7991328601
57.6253312034
55.8764384135
53.84458023
52.4896001605
51.3355829439
50.5027818802
50.6659452784
49.9590554641
48.5177241113
49.4767151202
18.2485131854
18.3174121924
18.8156738728
20.1025240602
20.4401830804
20.7203034186
21.0173421903
21.3508212757
21.7136302189
22.106082332
22.3503975188
22.7693745247
23.4232734807
24.3736400854
25.7245760635
28.0794636177
31.5784345797
33.568004506
34.6489778715
37.0808294501
39.2089880429
40.7785073969
42.6989625229
46.0356104077
49.478575795
51.8836967498
55.8462608669
60.6455275847
64.6398088196
67.8424778458
73.7636254907
79.9886847411
85.2580400471
89.7232332507
90.1283751963
93.4721286662
96.9991533457
97.1472896049
54.3336634463
99.9999999999
0
0
0
0
0
0
0
0
0
0
0
0
0
0
0
0
0
0
0
0
0
0
0
0
0
0
75.5423975665
65.0935183747
62.1877838443
58.9556690626
57.4914920558
55.1602152925
52.8735057382
51.2070754135
49.7508989648
48.5154494437
47.519766014
47.1770847707
46.6920864147
48.7253113736
17.4557559873
17.4457092188
17.6796387763
19.4038070898
19.7962378091
20.0982782556
20.4092388048
20.7477957647
21.1289648228
21.5560433545
22.0536934673
22.5330564557
23.1130778565
23.9445927702
25.0443813979
26.6410065269
29.728604033
32.8241143898
34.8497893024
37.402104522
38.3513636406
41.0006964958
44.4857366164
47.4935800637
49.2258552271
53.3303390543
57.8092499631
60.9623490012
65.0705426254
70.4939897603
76.6377584053
81.0849440296
86.6964791597
89.6058666498
93.5311614922
97.6146471844
99.8293124809
96.6886483917
24.7703686154
95.0835864516
0
0
0
0
0
0
0
0
0
0
0
0
0
0
0
0
0
0
0
0
0
0
0
0
0
3.36345022854e-13
60.9454649766
63.8315391318
61.4412792737
58.9628232957
56.9064266928
54.9460506649
51.7311800018
49.7714040571
48.2117819397
47.0126986137
46.1821472394
46.1482733089
45.2127180226
46.7650685451
16.6578842567
16.6400293523
16.7962914648
18.72974263
19.1611607025
19.4966558725
19.8180454358
20.1528962128
20.5192543021
20.943321489
21.4597636176
22.0890876106
22.8746433057
23.6712149414
24.6839689041
26.130259217
27.9921478273
31.1448755772
34.6834626782
36.7423186076
39.0537406706
42.3175824687
45.5172474118
46.7597161084
50.6136433896
54.9124005103
57.9274680737
61.9283128363
67.0587833401
71.3877608633
77.1053198589
82.9106245455
87.9751478437
92.1240243877
96.5586859474
99.9233426949
99.9814997858
92.4812082351
0.0174070841499
100
0
0
0
0
0
0
0
0
0
0
0
0
0
0
0
0
0
0
0
0
0
0
0
0
0
78.6868421128
60.3472118831
64.3922706585
61.9380722243
59.4824474903
57.0276432617
54.283038928
50.8965907392
48.7009286506
47.0767109041
45.8900089459
45.3354901187
45.539994363
44.3345673765
43.4341108801
15.772270748
16.0397454652
15.9828167817
17.6595302203
18.4976313533
18.8992003784
19.2389884417
19.5578902924
19.8931262951
20.2930779332
20.7994848329
21.4519111271
22.2577774307
23.2628073199
24.5795123859
26.1282968096
27.7282793897
29.7274903445
32.8831364378
36.3611254889
39.2394169529
42.2772826255
44.3910527032
47.2876893734
52.1409340499
55.6282660702
57.9949731807
62.2146136534
67.2417565721
73.4906934777
79.0530938614
83.5415842437
89.1697247214
94.4475707089
99.1758153668
99.9998058861
99.9974492368
91.567159016
0.0461848785556
100
0
0
0
0
0
0
0
0
0
0
0
0
0
0
0
0
0
0
0
0
0
0
0
0
0
87.6928308932
75.2060012616
68.7069174945
64.4048854905
61.3342673016
57.4045229481
53.7210266152
50.6067825615
48.2940840888
46.6040946144
45.3424467014
44.929726299
44.7820966488
43.6085831269
42.9602994657
14.6278974819
15.4528346739
14.9060853189
16.3980314359
17.8080441409
18.1239304216
18.3332614749
18.5047026948
18.730668593
19.0817511955
19.6006032809
20.3218995349
21.2750601915
22.5236015718
24.1381737601
26.0359196205
28.0198449982
30.0717807931
32.0575086535
34.2639599362
37.7295029015
41.1119859783
43.8591247638
47.7895351796
52.2597399497
55.4452717676
58.6625344941
63.6146839635
69.2240899254
73.1796540102
78.9526745327
85.9456150484
91.9557616672
95.822787979
99.9993873147
99.9999999643
99.999828417
94.3965260903
28.2225044933
100
0
0
0
0
0
0
0
0
0
0
0
0
0
0
0
0
0
0
0
0
0
0
0
0
66.5125875686
64.1794574683
74.6894521756
70.852264748
67.0882440873
62.138707081
58.8667424721
54.0517793847
51.0487297926
48.6149759011
46.8710026297
45.8133824831
46.0324121244
44.4965628803
43.266256831
42.7985339407
12.9782833788
14.3126630889
13.4291714138
15.4148055525
16.2681841209
15.9716177556
15.5720252836
15.3684791754
15.478028156
15.9392311926
16.7530369357
17.9197243611
19.4354859464
21.3651816783
23.8072452263
26.2928570359
28.163684016
29.9713333008
31.9416434284
34.3152307319
36.7854806284
39.3595338714
42.8627077026
47.8866040984
52.479782485
56.3127361367
58.5315273282
62.8495658025
67.9799333779
74.5625574618
82.2079116303
88.6168758994
92.0302592273
98.3532587928
100
100
100
99.9862605013
38.6694477442
100
0
0
0
0
0
0
0
0
0
0
0
0
0
0
0
0
0
0
0
0
0
0
0
0
99.9998536156
91.0985806411
80.9061549607
74.8482523274
69.8631624055
64.4217547132
59.2303979664
55.2219634671
51.8598950517
49.1531100556
47.2699604847
46.2422048324
45.8562640714
44.1163053599
43.2337194183
44.1871203567
11.3258908602
12.1895719789
11.7713871219
13.8925246521
13.5364955073
13.2857902154
12.8081109723
12.8517666191
13.4364262777
14.4504355636
15.8235125371
17.5092634468
19.451749812
21.6097541675
23.8519011369
25.8631808248
27.6541598198
29.5728679365
31.9924860711
34.9544920318
37.4209034579
40.0241382159
43.1904432151
47.1565131424
50.9983403946
53.8326556827
57.1219006835
63.0301833096
69.4376187906
77.4579609414
84.5487061091
88.0586884872
94.168953985
99.9999984626
100
100
100
99.9999987813
45.1332001401
99.9999999999
0
0
0
0
0
0
0
0
0
0
0
0
0
0
0
0
0
0
0
0
0
0
0
6.81441702138e-14
75.1817151221
88.3492840439
83.8427668686
77.6008760087
70.5938489626
66.1372102962
60.2063820488
55.9842034824
52.3822971202
49.3128070845
47.0932687896
45.9840248351
44.6439321665
43.2827994453
42.1854640236
44.1841228568
10.7165798146
10.2363948388
10.5384294143
14.0081094069
13.0988101679
11.6749028552
11.0872299903
11.626723239
12.787660036
14.3274199483
16.1379647314
18.1789139826
20.3329288421
22.5725724087
24.8256321173
26.5968442269
28.367770403
30.4272246881
32.7877705181
35.146523964
37.5579429722
40.3989203504
43.6164603051
47.1649292848
50.0650564342
52.8514643206
57.054649097
63.1935848999
70.8964604378
78.5513904808
84.4918709985
89.1758875607
96.9585792249
100
100
100
100
100
50.383339855
99.9999999997
0
0
0
0
0
0
0
0
0
0
0
0
0
0
0
0
0
0
0
0
0
0
0
99.9312038236
80.1183003161
88.1386851368
86.3382240006
81.0113679067
73.1618836822
66.0353955845
60.7295663159
56.1330505819
52.3482536191
49.2334584108
46.7227939537
44.9038351126
42.7847569668
41.3095931152
40.1295029845
42.5904312385
11.7401715521
9.67940226491
9.84150119566
14.0866323595
12.7796393443
9.64482667908
9.99937568674
11.4027565391
13.2896332087
15.4550152138
17.831590404
20.1069761264
21.7918894563
23.5063585078
25.2414062899
27.004323354
28.9358307866
31.0836686203
33.3693629084
35.6665821588
38.0434647056
40.6669862537
43.7401033299
47.0871996628
50.5481150396
53.4801343641
58.2670749253
64.1143979011
70.6408384633
78.083609365
84.9517051493
91.513223197
98.6003109344
100
100
100
100
100
64.9126603053
99.999999999
0
0
0
0
0
0
0
0
0
0
0
0
0
0
0
0
0
0
0
0
0
0
0
99.9999999974
99.9999900545
99.3956966552
91.0379446834
84.3455716385
76.5380700894
68.1357140093
61.280578069
55.9277076426
52.0359436003
48.8838434914
44.8436218399
42.107014946
40.0228994958
38.8103965691
37.8841537079
40.0672270938
12.1010018925
9.41582919655
8.85392998086
9.23968163781
8.40938610187
8.94225092883
10.7412769369
13.1569233915
15.9638826617
17.6128354561
19.0853721686
20.5790422992
22.1460460722
23.8601390475
25.693714167
27.6653031865
29.7944977757
32.0349722011
34.2837741322
36.4889294522
38.8150076221
41.4807027987
44.541350588
47.5189888169
50.4486417953
53.9305164456
58.7256347591
64.7218876489
71.7399101234
78.8246765482
84.2965946214
91.0104205093
98.6313655625
99.5022784907
100
100
100
100
65.637320718
99.9999999979
0
0
0
0
0
0
0
0
0
0
0
0
0
0
0
0
0
0
0
0
0
0
3.39358109409e-13
92.9692611012
99.99997997
99.997808265
95.9369672483
87.0344289121
79.0675005315
70.68285662
62.5641816419
55.8533332508
50.8818673469
47.2728863946
44.0366603037
41.2314101007
38.0870912134
35.7493865613
35.9036133138
36.7082913935
9.89462804284
8.65044458966
7.70426025914
7.65537178528
9.00054044285
11.6196060212
14.2053823475
15.4704332387
16.7236042952
18.0266130761
19.4652485043
21.0277628542
22.7342190152
24.604519199
26.6559395603
28.8740381918
31.1634612786
33.3606097475
35.2291785923
37.2029761271
39.3884593233
41.8246852049
44.4741023668
47.3243860254
50.4462729398
54.2151303161
59.1528944947
65.3263816745
72.0642289504
78.1083202502
84.3672481907
92.7579140508
96.843006582
97.6416584909
99.3640631784
100
100
100
74.6589370075
99.9999999985
0
0
0
0
0
0
0
0
0
0
0
0
0
0
0
0
0
0
0
0
0
0
100
99.9999990069
99.9999999663
99.999987126
99.9817460553
92.9168752765
82.4991047356
72.8880808018
63.9444027494
55.8033401437
49.5166760735
45.1456431371
41.3275287721
38.4999895457
36.1261622246
32.0834066285
33.2253539197
32.8944785062
7.68244080444
8.25143675785
6.99439568024
7.08018309549
11.2706835011
13.7532458852
14.8201558915
15.9663264652
17.2511836945
18.6681326846
20.2165324425
21.9016891324
23.7400427156
25.7699194574
28.0211783678
30.0806093334
31.6826093011
33.4006123254
35.2770470507
37.2981603742
39.4719714856
41.8061285817
44.3287487775
47.1551592215
50.3875123944
54.2368011976
59.1306626956
65.3106510517
71.6103768813
77.583852244
84.170070476
92.1898406434
94.3273199892
94.6018579582
96.1103461734
99.6412488384
100
100
98.7823032093
99.9999999992
0
0
0
0
0
0
0
0
0
0
0
0
0
0
0
0
0
0
0
0
0
0
100
100
100
99.999999993
99.9999767258
99.6646775677
87.3722662087
75.5792660832
65.4672021346
56.5386200467
48.7438221967
43.5688906884
38.873093353
35.136893102
32.7605397824
28.7377842635
28.9877990672
30.6406627449
6.5309642323
8.87202253926
6.49369441469
6.70221415231
13.1476325954
14.5033983628
15.6238246051
16.9146471806
18.3029612182
19.7925656912
21.3872929169
23.0882037047
24.9030765085
26.8817876229
28.681265126
30.0701016827
31.5959602914
33.4270093774
35.4332741606
37.5055102994
39.6066187444
41.7863208379
44.137631713
46.914365512
50.203992784
53.9850453858
58.7803993163
64.908528648
71.1240613763
77.031822789
83.5307257477
91.4488705107
90.8910128353
89.954159209
90.1687559478
93.5125534831
99.9994461135
100
99.9990078472
99.9999999997
0
0
0
0
0
0
0
0
0
0
0
0
0
0
0
0
0
0
0
0
0
7.87105927834e-14
100
100
100
99.9999999998
99.9999998104
99.9988585438
92.9102608274
79.137075891
67.347149447
57.5320356272
48.3028903782
41.6651135013
37.4132912229
32.6996263925
28.4467764381
24.479417486
26.0993137866
32.0132469274
3.77769241578
4.56762259096
5.76558382578
8.51084449865
14.6445971965
16.0083849303
17.3121023891
18.7235697916
20.2135586017
21.7202302252
23.2188265784
24.6971443294
26.2268883036
27.5323209117
28.8099357406
30.062328496
31.5943451042
33.5399171914
35.6637659398
37.700783788
39.732906158
41.7096017573
43.7101071296
46.2802419503
49.6196447959
53.2760370987
57.4345327605
63.525378539
71.2671692321
76.5069874787
82.7427905161
89.3523126891
86.5177179655
83.0151777213
79.5421567745
78.338155045
88.918932024
99.9829514342
99.9999997543
99.9999999999
0
0
0
0
0
0
0
0
0
0
0
0
0
0
0
0
0
0
0
0
0
100
100
100
100
100
99.999999995
99.9999844945
97.768010822
81.5448366352
68.7222767013
57.6411207589
47.9513996754
40.4500325568
35.2506410563
31.4225925516
28.1811235709
25.6839758248
27.4732705012
26.4387217843
2.64110623027
3.59629628945
7.08690398523
6.95705862068
15.6822968237
17.8970701817
19.708641469
21.1369409302
22.5642015538
23.4568820487
24.5029784856
25.6942592434
26.9556327752
28.2522095343
29.4649720685
30.4420841524
32.0245435559
34.0073704954
35.7261980815
37.5691747181
39.4479399297
40.2981693921
40.6692204097
43.9415786635
48.6980638786
52.5819922761
56.2166917483
61.3565217006
68.6255789591
76.1721746273
81.7328563634
86.391281501
81.2932795156
73.3494198401
58.6932333004
63.2722313939
21.9548854332
82.753946234
99.9650732624
99.9999999999
0
0
0
0
0
0
0
0
0
0
0
0
0
0
0
0
0
0
0
0
1.27433733465e-15
100
100
100
100
100
99.9999999997
99.9999983533
99.9070034439
84.0822173472
68.249041323
57.4099584559
48.9277592675
41.3890900863
35.6059394924
31.7860805132
28.4999002534
25.2444118317
23.6201504559
17.1515051776
1.63020639538
7.20788736527
7.16595902657
6.45734122697
7.15583499253
9.83341259733
14.8544763892
16.7853795216
18.4720997956
20.4587401686
22.7050004121
24.966107544
26.7042366072
27.5571777643
27.272448929
26.387689025
27.533483748
30.633356001
33.261942473
35.3710340154
37.4460585495
38.9166926095
40.2899486406
43.2712816065
48.2361597555
52.6226814716
56.1375491246
60.9907422144
68.3328374333
75.6912172254
80.0389599241
84.0505793012
76.9870081823
58.5568157924
58.6421650641
0.277177018705
67.1486866564
6.0298881406e-07
3.81196327024e-06
99.9999999999
0
0
0
0
0
0
0
0
0
0
0
0
0
0
0
0
0
0
0
0
2.11998414788e-15
100
1.50406488963
100
100
100
99.9999999999
99.9999996605
99.9941903269
85.268584451
65.9883392883
54.4947322335
47.0733216864
40.1696043619
33.8982263835
29.0633219343
25.3963258367
22.6209377868
21.2610287114
12.2595932526
)
;

boundaryField
{
    frontAndBack
    {
        type            empty;
    }
    upperWall
    {
        type            calculated;
        value           uniform 0;
    }
    lowerWall
    {
        type            calculated;
        value           uniform 0;
    }
    inlet
    {
        type            calculated;
        value           uniform 7.57680161665e-13;
    }
    outlet
    {
        type            calculated;
        value           nonuniform List<scalar> 
20
(
4.36328723134e-15
0
0
0
0
0
0
0
0
0
0
0
0
0
0
0
0
0
3.74163042797e-16
8.48104992306e-15
)
;
    }
}


// ************************************************************************* //
