/*--------------------------------*- C++ -*----------------------------------*\
| =========                 |                                                 |
| \\      /  F ield         | OpenFOAM: The Open Source CFD Toolbox           |
|  \\    /   O peration     | Version:  v1806                                 |
|   \\  /    A nd           | Web:      www.OpenFOAM.com                      |
|    \\/     M anipulation  |                                                 |
\*---------------------------------------------------------------------------*/
FoamFile
{
    version     2.0;
    format      ascii;
    class       volScalarField;
    location    "561";
    object      alpha;
}
// * * * * * * * * * * * * * * * * * * * * * * * * * * * * * * * * * * * * * //

dimensions      [0 0 -1 0 0 0 0];


internalField   nonuniform List<scalar> 
6400
(
0.879920859626
1.3937331309
2.19818218857
2.70809389256
3.19703337388
3.69316167351
4.34572940584
5.08100996171
5.46681834104
6.0832241617
7.30402566706
8.11608949926
8.78650185455
9.5526257116
10.5187197673
11.5293298164
12.4133452125
13.2437958993
13.9426386313
14.3306216755
14.4823315126
14.7482727366
15.3427530922
16.2585668719
17.2705231104
18.1718438866
18.896894303
19.5630578346
20.2772740471
21.0543188866
21.8391577652
22.4277093167
22.7435266745
22.9161690852
22.9817769774
22.9213785526
23.0365118037
23.4074712271
23.4370441137
23.2272886644
23.4125756084
24.1315411735
24.8627671588
25.245384561
25.3364873292
25.2275626085
24.9872936947
24.6645237549
24.2721756616
23.8305347941
23.2426910992
22.2630423721
20.9837115913
19.4604341027
18.1768573987
17.2172052116
15.8070469759
13.5915833534
11.242963225
9.49108569393
7.67249392475
5.78316225119
3.8349052356
4.6276441339
8.54032264316
13.4532748194
16.4416993288
16.1578852194
14.1911778145
12.6179484232
11.7996958053
12.0517374639
12.6360809926
12.5462979712
14.6229025547
14.0752775208
15.9609390764
9.86321213596
12.8677025726
4.81010144624
3.14160822989
2.50376858422
3.11060461681
4.35939532723
4.25165373196
4.13019864398
4.33616617249
4.77130580631
5.39439936514
6.19028418879
7.15539828239
8.11763743497
8.96349144279
9.77226240468
10.5946472757
11.5371551748
12.5266429226
13.4754140868
14.4942808162
14.7041175807
14.6523947647
14.8805188384
15.4348542578
16.3311594047
17.4887010998
18.3230739237
19.0133625569
19.7231337148
20.4557392572
21.2007151302
21.9514512041
22.6450426419
22.9566850051
23.1266165322
23.2322004497
23.0644047263
23.2381346204
23.6324334233
23.5992419314
23.2244030932
23.3740628176
24.7728710248
25.8770676223
26.1515310445
26.1733443753
25.9613561356
25.5881430598
25.1723486342
24.5761354757
23.934692321
23.4337157541
23.1011365235
22.0837565704
19.6853034748
18.5500598432
17.31209293
15.182302516
13.029416041
10.9759966469
8.95476229884
7.12511519095
6.15992241117
4.24292884982
5.04362396847
8.6711201779
14.4985139934
18.2500978029
16.981449906
14.835570081
12.9472294062
12.2970226611
12.7652133634
13.9088427075
13.3581404761
13.2323379546
12.7264045783
11.5426455153
9.71243952556
8.16871843175
4.25351453034
3.21987148166
2.82226474515
3.33587022088
3.60560653535
4.12213100676
4.55159196668
4.53695453878
4.67917212218
5.30046750269
6.16818562813
7.13955128552
8.12156130321
9.0148691052
9.82890414171
10.5062959083
11.3572901289
14.0163557508
16.0270370976
16.4296866645
15.810219741
14.4608198274
14.525184304
15.5685516029
16.5191856702
17.4000371611
18.3117406824
19.120431274
19.8330564967
20.5445891451
21.2890745405
22.0007113538
22.7973406358
23.1121865798
23.0179979186
23.498060853
23.3450185035
23.1390465581
23.7645258839
23.7683653593
23.4472912801
23.6098370052
24.3207743381
25.0392139444
25.4271322612
25.5431652421
25.4773371266
25.2707530473
24.9442060023
24.5004355368
23.9631033516
23.3347514511
22.5034709619
21.3418348197
20.1398266246
18.9692012896
17.1584215724
15.0875332
13.0287906901
11.0158993747
9.10418857835
7.43884210439
5.8769059082
4.83378089596
6.38182374339
11.050467254
15.4970543591
17.6819715026
17.8068113293
16.2480732669
14.6171306848
13.9775105515
13.9289298859
13.3037756272
12.7395764958
12.7374447244
12.4117431388
11.44176372
9.82477921706
7.39288354646
7.57623803372
3.21276364324
5.49148425015
3.6400235529
3.75146246163
4.44145726068
11.8617757897
10.2449087724
5.26132250392
5.27716936643
6.16979011301
7.16417230407
8.16463439898
9.03351579469
9.87284379185
11.5905685163
13.7023232699
15.3720450948
15.7779855415
14.7035154666
13.8891208579
14.2078098794
14.777414833
15.533854354
16.4885006217
17.4894111283
18.43895527
19.2788214129
19.9669415436
20.7047249917
21.3675320803
22.2320604579
22.786267487
23.4315502465
23.3487381512
23.0024780079
23.4449620632
23.3363838889
23.247159244
23.4448402679
23.6301330163
23.9366787526
24.4909611295
25.0744702513
25.4575701865
25.6131227428
25.5841503737
25.4059988607
25.1006180612
24.6776350146
24.1453414558
23.48975919
22.654450053
21.6028780422
20.3974869817
18.9781376649
17.1992373001
15.1765925253
13.1293722402
11.1715249177
9.39420828115
7.90711287686
6.81715395441
6.56183630878
7.65155188606
10.4773112411
15.903109314
19.3897675373
19.568617753
17.9210322894
15.5888721709
14.0223377823
13.27868909
13.4848798011
14.9108212893
14.8594433002
13.5460591642
13.4083820306
16.6945337694
13.0994763301
11.1193572465
5.64268800367
7.55204164026
4.38390583356
4.70167168677
6.55787750727
11.7532749592
8.19619356619
5.70211993058
5.79893670889
6.3930605907
7.31052418832
8.32619878371
9.744890551
12.0529443093
13.0809907516
13.4694004679
13.4861012502
13.2864263018
13.3780314352
13.94148369
14.3426012314
14.8211670022
15.6266617085
16.5950592238
17.6153774392
18.5996200394
19.4043879625
20.2331799756
20.8229764957
21.7047408495
22.2721620345
23.4769606089
23.3568651014
22.9567268237
23.1450764313
22.9127667532
23.022971065
23.2879383203
23.5778951167
23.8580627021
24.2029449593
24.6763305741
25.1717399738
25.5379566977
25.7184682658
25.721508596
25.5715734039
25.2903757705
24.8903945478
24.3734936632
23.7225782781
22.9036746588
21.8940191537
20.6823752105
19.1935196457
17.3792212662
15.3776147344
13.3946173678
11.5754069805
10.0388183264
8.90546582138
8.31109192652
8.48053807151
8.8576619595
10.6920018649
15.4133732038
19.4666920044
20.8734994299
19.7224555119
16.9759787078
14.5246521872
14.2342229738
16.511347973
17.3915526895
16.3603079031
15.4477081159
18.0999471922
21.1100881897
16.4270457935
15.5433174485
9.94073008207
9.1031176516
5.4592046616
6.02950788448
12.0345794958
11.5042721722
6.55907715226
6.28970302512
6.42078249868
6.74365739031
7.56387226259
10.202174023
13.4271072263
13.8675354096
13.5210997204
12.6096158824
12.253499515
12.607133728
13.5446853999
13.9196219826
14.228178398
14.8918761599
15.7753051156
16.7801040533
17.7281056804
18.7249219129
19.8057846713
20.3393159836
21.3912512262
21.7516955129
23.2150101068
23.2434407208
24.0599675712
23.2172975116
22.525312109
22.6173398055
23.0032073988
23.4046215456
23.7620384984
24.0927265912
24.4578749714
24.8904969306
25.3302044003
25.6771962957
25.8707855405
25.8994370479
25.7764918426
25.5224683803
25.1515624248
24.6631651273
24.0393671219
23.2507873064
22.2644843263
21.0360819925
19.5095674388
17.706372082
15.7875735207
13.9529120689
12.3530680046
11.1120493027
10.3192598558
10.1218701846
10.7323011393
9.87491612226
12.4865208336
17.3116686741
20.7674416387
22.1404899498
21.2359164101
17.8817129919
15.7088504989
17.5298102339
19.7475927698
19.2325159479
18.2415013503
18.3204391225
22.880109108
24.460831803
19.4619385896
19.2630602067
12.0556406016
8.93936065304
6.6386872749
6.22560513287
11.9722719081
8.3642774473
6.76321811403
6.8756345545
6.99791721086
7.68746095454
8.17076186279
13.1778979271
13.8587484842
13.8973870227
12.5521418026
11.557372274
11.8388764546
13.1635156625
13.5214110631
13.6187863554
14.2444502351
15.0085209072
15.894183769
16.8968713159
18.0448690425
19.1477913678
19.831686729
21.215383887
21.4634766172
23.0558618355
22.9330239996
23.9905466739
23.4792381191
22.9711410567
22.33108427
22.5538379166
23.0778234102
23.5643753208
23.9654540674
24.3308424886
24.7146429104
25.1303816424
25.5384386479
25.8703658452
26.0714226452
26.1205702682
26.024465282
25.8028711678
25.4705092869
25.0246488714
24.4442531409
23.6948877133
22.7313639142
21.5033554265
19.9891417965
18.2626666945
16.5004227103
14.8849089611
13.5282299173
12.486736782
11.8584591448
11.6832292414
11.4871665725
11.4920344816
13.9712921638
19.9233604506
22.1717343808
22.4844246787
21.4270810061
19.1680882473
18.9161389481
21.4823208475
21.9272271961
21.1001986283
20.5209538435
22.4933744145
25.2335147329
26.6887535125
22.108473734
20.9710332609
11.7616084417
8.57170181945
7.77297915132
12.1243407608
12.0654260761
7.35937042988
7.40704889602
7.54763815227
7.65185009571
8.21523074097
12.9395344911
13.8758933474
13.9557531082
13.4684969476
11.3656475328
11.1306370899
12.6994166587
13.3130341513
13.1476044206
13.4944627886
14.2902559344
15.1935259598
16.1065881953
17.1672941658
18.1466155725
19.5205763193
19.9347167928
21.230959448
22.7738311857
23.1910332616
22.6175252409
23.4454634441
23.5706310834
22.3817767265
22.3105900711
22.6972068547
23.2240168857
23.7374244175
24.1787455575
24.5781303405
24.9818499876
25.3968505237
25.7907986357
26.1135792623
26.3199425463
26.3873095124
26.3201481456
26.1381077487
25.8552835508
25.4659724225
24.9441520849
24.2476397603
23.3244811151
22.1354762816
20.698988877
19.1264404824
17.584355292
16.1882180091
14.9554516814
13.9267383987
13.2704869656
13.0137975436
12.9956746343
13.3324078289
13.4002037653
20.0289676323
23.9638071166
23.9353895886
23.3333856921
22.3801220675
23.2012718375
24.5577971287
23.8801169665
23.2103979709
23.4342623398
25.7647061677
26.4323620025
27.0061747692
24.1275418984
21.9908027451
11.0245747584
8.47632634758
8.4365928576
13.0959469143
11.0193080498
7.958305956
8.10453699154
8.37432469725
9.58901025033
8.31465810204
13.713200121
14.390791851
13.9915918045
12.2169434101
10.9790829519
11.2704928388
12.7851766563
13.0217396221
13.0328186283
13.5221229801
14.2953413816
15.2822440249
16.3014233928
17.7783391803
19.0260970541
19.4814203953
21.4164064757
21.1170175176
22.9854885586
22.5866294133
23.8302601692
22.7542334448
22.3838216086
22.2892673884
22.4809318204
22.8959288076
23.4046980705
23.9251967281
24.4023184503
24.8399473632
25.2677582569
25.690925617
26.0832094071
26.40398426
26.6160998981
26.7020304202
26.6684046156
26.5345903275
26.3128465868
25.9945881919
25.5488754265
24.9272186187
24.0784416538
22.9850175533
21.7027246129
20.3556142097
19.0505152432
17.7707494121
16.4544834618
15.3018846513
14.7031177261
14.7449172076
15.0478521826
15.2362642197
15.0581630149
16.7090545018
24.1191032723
25.7574290568
25.7147748754
26.3200505669
27.3453264502
26.9744981902
25.9619025803
25.778976897
26.7883909538
27.9846088617
27.8245048069
27.2017820746
26.1783158372
24.8053411221
10.4708148891
8.89870871699
9.59231392811
13.158970049
9.02561004197
8.97357856795
8.80821404246
9.07115992963
12.1924887831
10.9092118022
14.5476339138
14.655556355
14.0556365004
11.5110076825
11.0058792778
12.609488629
13.022923112
12.7726294621
13.0011155202
13.6808329573
14.4292608904
15.3611154754
16.2405574053
17.9425808306
20.0879331967
19.425194668
21.3672515417
22.6282792291
23.233173211
23.8108686327
23.0439286667
23.0323271111
22.0806436015
22.1998530883
22.6477288368
23.1154408986
23.6117554622
24.1303631933
24.6356319946
25.1151451802
25.5759933574
26.0159516063
26.414447759
26.7394554699
26.9610215647
27.0680483278
27.0732174994
26.9971975576
26.8490681835
26.6174066014
26.268886642
25.7531204242
25.0270999611
24.0998909284
23.0525691737
21.9780163275
20.8414824984
19.4527698429
17.9029144315
16.8048856718
16.6323477827
17.1716115639
17.6709843481
17.7796860703
17.4587010691
16.1186879615
16.078407091
27.4599868177
30.244843925
31.1595103776
30.9352636912
29.4546204362
28.5217527548
28.825479084
30.0038033416
30.3447718824
30.0871202075
29.7764997466
30.1063940692
30.2854948825
10.4277602837
9.72524652435
13.0191730523
13.3089486524
9.11093350287
9.72616188064
9.50646341463
10.0014100485
11.6808060145
14.4157406814
15.3668500912
14.9158407885
14.2850645319
11.5080702709
11.1598678485
13.1328636242
13.121371234
12.7462175285
13.0294588814
13.8203405422
14.8000386241
15.7223916639
16.4287209243
17.5736527439
20.2618333664
21.4502570203
20.9765294775
22.7597647057
22.0643747998
23.8430856826
24.1382463252
22.9771556045
22.046492234
22.3119796826
22.8457337321
23.3460171257
23.8429748888
24.3599001668
24.8818858189
25.4015527157
25.9056922412
26.3729400403
26.7849721326
27.1195985441
27.3552126649
27.4888466398
27.5397551146
27.5301003478
27.4669915952
27.3380596284
27.1111152497
26.7400884909
26.1979101884
25.5197696804
24.782056674
23.961697021
22.7776348279
21.0832738933
19.5851554846
19.0181215893
19.6070800406
20.6716618298
21.2901238426
21.3105208598
20.6732669983
19.0769401006
16.5806464354
17.3172426077
31.5710035626
36.7397521689
35.2783384278
32.7391912577
31.8705301324
32.3839909637
33.2126279702
33.5691585803
33.864712766
34.3493983841
34.9411324393
35.6020213633
10.7623493821
10.5859238439
14.6553733842
14.0016184624
12.0819937749
10.9416881237
10.4278443866
11.4631849094
11.1345841463
15.3771551787
16.0076980481
15.2491844035
14.3578243412
12.1138257548
11.9225176179
13.6002641071
13.1400467036
12.8279926088
13.149129094
13.8666596489
14.9518347942
16.1826280142
17.8932612192
17.7152374378
19.7604782943
21.8322265613
20.8605469023
23.0305807857
23.8308754808
23.0007815065
23.1997288731
22.2975806512
22.3422634979
22.6421191781
23.1010434023
23.6011294505
24.1041489285
24.6234323124
25.149315201
25.6945131716
26.2497019227
26.7633232236
27.1977660064
27.5449595979
27.799867294
27.9678204653
28.0723336061
28.1362798573
28.1667970728
28.154299689
28.0727192219
27.8909771318
27.6078608222
27.2679181864
26.8701813317
26.1297432392
24.6344988938
22.9541253755
22.1383359954
22.5192610854
24.0536153169
25.5251096324
26.2171029476
26.3033822879
25.6590697526
23.8486137077
20.6459237252
15.9459737326
26.3421265027
37.2637461854
40.1379826548
37.1947035966
36.3729424353
36.8190309724
37.4917429238
37.9111154834
38.8527287416
39.5899272168
39.5414957803
39.7470175511
11.3521435621
11.2297875401
14.3913101629
14.4788890697
14.4860496751
12.0656827796
11.4815418467
14.3340953821
11.4903991388
16.2354982824
16.4963352437
15.5931292053
14.4325496515
12.7153889778
14.5591143901
14.6593470252
13.3225545708
13.0458308673
13.4018763272
14.0133069287
14.9155006008
16.1721488808
19.1931637477
20.1375432289
19.2407574381
21.9061648987
22.8304317639
22.5976844092
23.8011573097
24.1397380888
23.5612155097
22.3286385189
22.5483817514
22.9761268705
23.4117378226
23.888752054
24.3825820211
24.9184582843
25.4669714857
26.0181380067
26.6020429007
27.1712767433
27.6503096955
28.0195811105
28.2977590304
28.5078234232
28.6744902741
28.8170267831
28.943824609
29.053211623
29.1354017841
29.1917401417
29.2525173745
29.3224483176
29.1810959719
28.1850681976
26.5805427097
26.1882965503
26.8749907154
28.5082373025
30.8524438148
32.298906793
32.283647464
31.9667489898
30.3524890373
27.7246755251
24.3801665282
17.8099346666
17.6535869437
32.0129064163
39.224705896
40.31874273
38.9144477027
40.2019591024
41.4840952272
43.1037167262
44.5400519829
45.0843270634
45.0597540944
45.2428762789
12.0013440228
11.9226601434
11.5777929382
14.7978342241
15.0103879276
12.8230480823
12.4317607241
15.3102755154
12.1341555588
17.1189113975
16.9354257452
15.9510741286
14.6190660377
13.0210925927
15.7207628781
15.2168571146
13.7463570864
13.437623949
13.752184578
14.3296135182
15.0043681986
16.0692988902
19.7149991471
21.2095518237
19.5866722315
21.9548318717
23.3576690149
22.0689274292
23.4344220179
23.6827473398
22.5182058741
22.6823285818
22.9992648193
23.3608833137
23.7544605706
24.2300864295
24.7174094989
25.2231804851
25.7977199063
26.3924727797
26.9956253479
27.5989615855
28.1282811115
28.5379588188
28.8516694455
29.1131232716
29.3487271876
29.5684941297
29.7853225383
30.0106454962
30.2594538664
30.6014638811
31.0921662975
31.6013854485
31.4161051932
29.9006325939
29.3727325575
27.5240688928
25.5475126439
25.0040392743
23.9973279626
19.3929947077
7.48783306102
0.83305215947
0.0661076217308
0.0186211832713
0.219185338034
2.23953291584
15.9877907401
19.5393130728
44.4446836102
49.0719372068
48.5129673087
43.9474098938
40.7747946785
43.7929987177
48.9649792937
50.5149136598
51.8677824951
52.3658336185
12.8302105624
12.9193564796
15.4332681364
15.4311501274
15.448645495
13.4673294549
13.4672842617
16.1450191645
13.1396838574
17.8819096827
17.3533201835
16.331563803
14.8864525184
13.4081350719
15.9973623782
15.3997658453
14.1690419725
13.8865238797
14.1357936858
14.6467187505
15.2612010148
16.099668654
19.1109041322
22.0255295356
22.1651274684
21.318496396
23.5752900712
24.3439291797
22.2476145709
22.1204823538
22.4567820997
22.9205276114
23.3540753074
23.7469223098
24.1563514941
24.596448136
25.0824996524
25.6033336078
26.1535067625
26.780397299
27.4334405638
28.0693530539
28.6352874165
29.0897318524
29.457259189
29.7838759519
30.0940122304
30.3919593235
30.6790466218
30.9776849304
31.3782275269
32.0425425132
33.0216439811
33.8590246594
33.231235302
29.9737153638
21.4152671814
0.00276883225776
3.04542835527e-06
5.70908946935e-08
9.67729788641e-10
2.79988238419e-12
7.95665455615e-15
1.37728184381e-19
1.07731394453e-19
2.6154705246e-19
1.76303392089e-18
8.25795245403e-18
3.05049175863e-17
1.93853984099e-16
1.5178334214e-16
1.31680301614e-14
7.49480940404e-12
7.53388270997e-10
5.71694431119e-08
1.31647413043e-05
0.221604022529
53.6215649109
58.0384177065
59.7820117158
13.608262193
13.7985405342
17.0445723509
16.0873860325
15.5437963564
14.1199488628
14.4732626895
16.8453358366
16.8185102319
18.8276330022
17.8304818675
16.8032820656
15.2361143236
13.9411007631
16.2911365096
15.5239486888
14.5783557274
14.344673961
14.5236556367
14.9546515413
15.5393760329
16.3506150719
18.584913506
22.2891914586
23.5435178791
21.024823659
23.1105765792
24.4024486209
24.0989372975
22.5835813251
22.5556223501
23.1490317347
23.7175952578
24.1842959105
24.54503322
24.9919590683
25.4677000299
26.0045210473
26.5706078128
27.2019839288
27.8994591057
28.5865977707
29.1806650119
29.6616984289
30.0922948255
30.5354742468
30.9600572655
31.3082126317
31.5650650713
31.8799104018
32.4370760079
33.3924896566
34.8200182234
35.8885607121
28.9343660472
0.00409784258325
1.53113841134e-09
6.20037166212e-12
1.79304711421e-13
2.61034791832e-15
2.12085252174e-18
3.5388456771e-21
2.49454855871e-22
0
0
0
0
0
0
0
0
3.46949163709e-26
1.17018770247e-23
1.75035137901e-21
1.01549781665e-18
1.41840122956e-15
7.68100517391e-11
1.16645336052e-06
9.09411719089
61.9887253324
14.2442981289
14.4566614287
19.2038989814
16.592512767
15.3858943014
14.7004861039
15.194453326
16.8838095199
18.4082687916
19.9180629599
18.4643250722
17.4083741475
15.835098817
14.7695157659
16.7917880716
15.8030398917
15.0682960779
14.8536845598
14.9515954069
15.2993752485
15.8148398224
16.5672972761
18.3720640411
22.1664140473
24.5388679716
23.7390669797
22.5898104219
23.7712628419
23.8281529639
22.5448732215
23.0123522822
23.6376179599
24.2549717397
24.6758911215
25.0530270093
25.4230333667
25.9111253176
26.4342538573
27.0246058176
27.6744573874
28.389905831
29.129789498
29.799841864
30.3086567091
30.7903267414
31.3571225735
31.9091216136
32.2702726949
32.4520209699
32.7481723269
33.3986755003
34.4489587701
35.9976663412
29.3768444622
1.01393683449e-05
2.21673742803e-12
7.2699335779e-16
2.93966088743e-17
4.00813912648e-19
1.09914067814e-21
0
0
0
0
0
0
0
0
0
0
0
0
0
4.4704395781e-25
4.44235393638e-24
9.73860234817e-23
4.72211361295e-21
2.62229804435e-17
2.18270545976e-08
4.20751709108e-13
14.7412142473
14.9425988826
21.2704250383
16.9789086455
15.4906339105
15.2424707996
16.0000309195
16.2189969535
19.3605835651
20.6988329122
19.0815407812
18.0296899353
16.6360235355
16.6726368543
17.4915885046
16.3250091629
15.7552262358
15.5610452177
15.4881681107
15.7316733494
16.1436039622
16.8199794188
18.3526747607
22.0322226496
24.9550161986
25.3931193641
22.3284549624
22.6569242638
22.522609043
22.6688635764
23.3201084931
24.1426404025
24.7596014764
25.208198539
25.6010464105
26.0507722382
26.4195030081
26.9319990997
27.5200156868
28.1692597536
28.9503849128
29.7549293551
30.4689139495
30.9446422454
31.4289742096
32.6427631278
34.2935092661
34.8238972765
33.9229019742
33.9346691244
34.520651581
35.5540899235
27.8460606967
1.1730577998e-06
1.76795176883e-11
7.93130960696e-23
8.01468661268e-20
1.3077759843e-21
0
0
0
0
0
0
0
0
0
0
0
0
0
0
0
0
0
0
6.90668899322e-24
4.67709570868e-23
8.62495226039e-21
94.0165671751
15.1799694234
15.3474011256
21.0966180458
16.3911522819
15.6868316223
15.7123557072
16.9163866295
16.203961421
20.1646657325
21.4292223591
19.6724279207
18.6094276014
17.2567708059
18.9158781849
18.4715812515
17.0519961491
16.5475057625
16.63741888
16.2480726809
16.3337187636
16.5722780346
17.1123922167
18.476576671
21.884740138
24.8284297594
26.5024157632
25.1008923098
24.0631308065
23.5563276081
22.9421442196
23.6325980263
24.801533579
25.2084493108
25.7410686516
26.4099441023
26.657242121
27.0250050119
27.537493435
28.1370176041
28.7849919073
29.5082057809
30.3616637417
31.2120848715
32.106413838
33.1995213059
34.7854694529
36.0477186357
35.9634632704
35.8239929536
36.3530921792
37.3451742094
31.9901737846
5.33460915609e-06
4.86943287458e-11
6.40000504531e-15
8.6924335526e-17
0
0
0
0
0
0
0
0
0
0
0
0
0
0
0
0
0
0
0
0
0
0
2.12517706908e-23
1.54681782714e-12
15.691394359
15.8365364962
20.7247202779
16.0498634572
15.9823874744
16.0961766827
17.7035038642
16.6659622777
20.860562209
22.1472102056
20.2634782829
19.1964166047
17.7815665622
19.6632213156
19.3809326102
17.8530453649
17.3282979806
17.5300068478
17.1595687357
17.158447827
17.2043144743
17.4510308272
18.7616445988
21.8673748338
24.5562017836
26.8401419429
26.3142055448
24.5701551393
22.9283043045
23.4638689682
24.1758392865
25.3043207753
26.1064834994
26.7555492805
27.2577552515
27.3684011487
27.7136513059
28.2395393175
28.8486539948
29.5241844982
30.24879337
31.1770674709
32.3698864574
33.9227369524
34.9619616577
35.3048042591
35.9453589859
36.3925738006
38.064192234
40.2094013325
38.3318574589
4.86086634267e-05
6.45430252004e-11
1.1130113785e-14
2.28284365449e-17
5.52720361684e-19
1.85529463926e-21
0
0
0
0
0
0
0
0
0
0
0
0
0
0
0
0
0
0
0
0
0
3.57143154041e-24
4.7253301351e-24
16.4504518051
16.5960873252
20.3849186964
16.3343503966
16.5496225305
16.5819751354
17.6998451049
17.3991914968
21.3589570208
22.8308195908
20.8919812991
19.8367973456
18.4310572819
20.3483182303
20.2052535437
18.7508038814
18.1735609471
18.4030225294
18.0484073728
18.1308006458
18.1161736226
17.951984724
19.2417345996
22.0388299724
24.4327176059
26.9404488133
26.863445737
25.2765562841
23.41239786
23.6996373779
24.8297657194
25.4508869917
26.1153172691
26.9834658097
28.2048569616
28.4169489165
28.6728721069
29.0470884006
29.6134146293
30.3655820287
31.201111998
32.2601841346
34.2113363096
35.977658093
36.1531478025
36.2977582316
37.3953961447
40.4214959823
44.4064330837
42.725536367
1.38876465269e-05
2.3069819223e-12
9.54683067385e-17
3.13009246305e-20
1.96396515813e-22
3.98079821527e-22
6.11302061658e-23
0
0
0
0
0
0
0
0
0
0
0
0
0
0
0
0
0
0
0
0
0
2.63974986647e-25
1.19863284834e-24
17.5952472971
17.6992201558
20.666616568
17.2849560383
17.7267308644
17.4444661776
18.0025263714
18.7389385735
21.3937418318
23.3422476566
21.5874172661
20.5521849892
19.1913645667
21.1276234919
21.0588369485
19.8153335001
19.2092668452
19.4273956567
18.9454613885
19.2036204653
19.3486990726
18.6870195971
19.7891791539
22.3993328277
24.4998412789
26.804018692
27.1144165258
25.9120998972
25.4812307833
24.5856036774
25.263365933
26.3245741288
27.59586944
27.586392896
28.4316159661
29.4781761948
29.7389285805
30.1942132809
30.6470811639
31.2954016222
32.2732504826
34.2143499217
36.9293950451
37.79693394
37.5309498994
38.6590598976
43.1464584088
49.7589757716
48.7144099018
4.99541016264e-07
3.49520214283e-14
3.26324777976e-19
2.23282170447e-21
0
0
0
0
0
0
0
0
0
0
0
0
0
0
0
0
0
0
0
0
0
0
0
0
0
0
0
19.1956107591
19.0619896381
21.4785162488
19.2006815943
19.7104885848
18.7225607993
18.9494681621
20.6804363105
21.6070868136
23.9638680562
22.4040759382
21.3532630292
20.0386872798
21.9450804746
21.9081957763
20.9902833152
20.7335139461
20.7691707254
19.9353882096
20.3766101335
20.8887502573
19.7466202164
20.2177112878
22.8456830964
24.7643160563
26.6811383635
27.3026619222
26.0691126558
26.6823284821
26.2018653257
26.3673492827
26.0314982992
27.2872658457
28.8753279485
29.4111126586
30.2024917202
30.8079803839
31.2855239848
31.8979970911
32.565778715
34.0636893079
37.2990696233
39.5725078499
39.8754410367
40.5257262782
44.3977566119
52.6040243162
51.4808188202
7.08588092478e-09
3.11917894537e-16
5.45298315031e-19
2.49685145721e-21
0
0
0
0
0
0
0
0
0
0
0
0
0
0
0
0
0
0
0
0
0
0
0
0
0
0
0
0
20.8937588795
20.3470397161
22.3649758215
21.7437227179
21.4471201266
20.2108288781
20.0005283454
21.8359286873
20.8352157416
24.4500672043
23.3243852761
22.2325260059
20.9642200175
22.7772965841
22.6991535507
21.973776405
22.8553009511
22.3899493938
21.0529309205
21.6787778486
22.2570570375
21.1140983941
20.3819593755
22.8539248649
24.9595253552
26.5982583204
27.3838818995
26.1696728209
27.0814611892
27.5119284753
27.7360091124
26.8297808362
27.5780229386
28.7996934262
30.3674963946
31.4530886479
32.1143846541
32.5537919766
33.1391712939
34.2922130875
37.2863051693
40.7603399762
42.4391014726
43.270258665
45.8069230721
51.6452659159
48.9444014823
19.4334141634
8.39865950712e-16
1.21588315935e-18
4.25825738835e-21
0
0
0
0
0
0
0
0
0
0
0
0
0
0
0
0
0
0
0
0
0
0
0
0
0
0
0
0
0
21.7493358949
21.2603375816
22.9423909076
22.8193309005
22.54145952
21.627168939
21.2211206377
23.2413202321
21.9008598018
25.0716402188
24.2561755916
23.1588867165
21.9631832673
23.6426025383
23.5054314029
22.8035969025
23.8450793194
23.5188162649
22.1498958526
22.9706071076
23.0208700472
21.9521597476
21.445034793
21.6679724417
24.4880367307
26.1328476509
27.1991343944
26.1704884331
27.1781132703
28.0807955072
28.8612287876
28.700823833
27.9284041377
28.8858741361
30.637687122
32.3612425158
33.5394750767
34.249405984
34.8461513479
37.3220472524
41.2718993739
44.2843973268
45.6933318593
47.3644395764
51.2213003597
45.0207348385
19.4499461387
4.43688967882e-15
3.99675152283e-18
1.13829552526e-20
0
0
0
0
0
0
0
0
0
0
0
0
0
0
0
0
0
0
0
0
0
0
0
0
0
0
0
0
0
0
21.8779778227
21.8521505452
23.3131815717
23.0737726326
23.2545424199
22.7384866078
22.2940697142
24.6252712423
23.6186128075
25.8749645788
25.2494444875
24.1193868722
23.0308017748
24.5561951157
24.3845903115
23.7681687638
24.6748929947
24.5104606491
23.3054443402
24.0238611472
22.8436880232
22.7366156882
22.5171964741
22.7906351736
23.6335160987
24.6351338741
26.4014960689
26.0131269053
26.7738619214
28.1489227735
29.3556585452
30.0942181059
29.5039561447
29.7145004499
30.862853583
32.5556258052
34.4622184476
36.0239098197
37.4892204263
41.2252608788
45.1624335877
47.5793360982
48.5781095278
50.0975608383
44.541832907
23.3525769495
5.87430014738
1.38829390857e-17
3.1099082242e-20
0
0
0
0
0
0
0
0
0
0
0
0
0
0
0
0
0
0
0
0
0
0
0
0
0
0
0
0
0
0
0
22.1745580832
22.2882973802
23.647291107
22.2425735449
23.5855078093
23.3734700747
23.0334104994
25.2774368702
24.5114536355
26.7036972936
26.2851844416
25.0859123008
24.1742209324
25.5054233987
25.3094617973
24.8685839577
25.5937382417
25.6122219568
24.5832895041
25.4560566463
24.2191501345
24.4014790103
23.7999458995
24.1043680927
25.467162209
26.0940218829
26.0804800548
25.7922329421
26.3461553015
28.1331578128
29.4030296993
30.3910932904
30.9057257098
30.855954348
32.2705917408
33.3462641806
35.2358920357
37.6998412196
40.804453513
45.2656392235
48.7166763204
50.1915638488
49.0959480141
44.463183288
36.7646238092
23.9770531367
1.16495380927e-16
2.65207435124e-19
0
0
0
0
0
0
0
0
0
0
0
0
0
0
0
0
0
0
0
0
0
0
0
0
0
0
0
0
0
0
0
0
22.9267309653
23.0048547119
24.0066894203
22.7015142306
23.883714157
23.7481858694
23.570805076
25.5298288215
25.150911147
27.3326101293
27.3028983761
25.99996691
25.3801071262
26.44603082
26.2005378469
25.9380624833
26.4821564822
26.7995905548
25.9069642242
26.8987567869
26.0146756241
26.4873741689
26.2511133812
25.1136098758
26.2377377483
27.217176233
27.3461364401
25.6823749474
25.8561396011
28.0785997221
29.5933158876
30.0971049296
30.7652746169
31.2518960812
32.6681840791
34.0357774501
36.1418857573
39.4289034961
44.3068850659
49.3314688993
51.9932715313
51.7409263702
47.986384554
40.7297302919
25.0721554866
1.32456093121e-15
1.84806966837e-18
7.49396359281e-21
0
0
0
0
0
0
0
0
0
0
0
0
0
0
0
0
0
0
0
0
0
0
0
0
0
0
0
0
0
0
0
0
23.8691383071
24.8796022682
24.5213252619
23.713322562
24.4648697454
24.183662159
24.0913342265
25.7546794045
25.7366373968
27.6216832323
28.2900877588
26.8229344133
26.4548404813
27.2273436286
27.0471300022
26.7598624516
26.8291838674
27.8840520243
27.2949570502
28.1639969086
27.9820226275
27.8491171438
27.6970588226
27.314698921
26.6234456923
27.3965074325
28.3353435585
25.2686369422
25.4257636695
27.4565422437
29.6860758476
30.7062502878
31.5531684414
31.3522776508
32.6093938505
34.3576472018
36.7210754331
41.0483406687
47.7658026437
53.1744057624
54.6252105895
49.764198248
46.3524588044
40.7355398224
26.5996166742
1.25263838539e-17
3.19703445235e-20
0
0
0
0
0
0
0
0
0
0
0
0
0
0
0
0
0
0
0
0
0
0
0
0
0
0
0
0
0
0
0
0
0
24.5961302327
25.641718887
25.2712392127
24.6335046244
25.2042074888
24.7941104751
24.6795172601
26.0599720742
26.3052152548
27.6526755194
29.1725635989
27.6134529633
27.1258267824
27.8805835242
27.9595548649
27.5100237581
27.1182425131
28.6676820025
28.7143903617
29.2724534225
29.3442030249
29.4934827956
28.3248991298
28.3134859597
27.8642223649
29.0425628618
29.7114956798
27.0984028314
25.0892416699
26.540923418
29.0750532063
30.9458147958
31.8641957359
31.9955656004
32.373559099
34.258773484
36.7688451193
42.322188379
51.0396409975
57.0328789393
55.4970936858
49.0405495889
41.9840059256
27.6093149772
2.29421458089
3.69345585754e-19
1.24121092274e-21
0
0
0
0
0
0
0
0
0
0
0
0
0
0
0
0
0
0
0
0
0
0
0
0
0
0
0
0
0
0
0
0
0
25.1380068356
26.0677670194
25.9247586203
25.2934130245
25.9238065
25.5300382793
25.340596567
26.519557877
26.915891526
27.3326619251
29.7935259524
28.4505808035
27.6186938478
27.9413708237
28.8820406725
28.3884733084
27.7462332067
29.3255291509
29.5279167294
30.189129224
30.3648350469
30.7942514414
30.9258686924
30.9008585069
30.5357223793
30.1272707888
31.1485233162
29.02465538
25.2755124517
25.7920597522
27.3975542847
29.8335657752
31.7017226194
33.1810607185
32.9941651044
33.6688706135
35.9753821844
42.5516492319
54.0062579338
59.7775036861
54.9675053096
53.6267029563
45.8116807333
29.3746854297
5.2919498381e-18
1.44692188582e-20
0
0
0
0
0
0
0
0
0
0
0
0
0
0
0
0
0
0
0
0
0
0
0
0
0
0
0
0
0
0
0
0
0
0
25.6456449758
26.4544382425
26.4573729659
25.7685369967
26.5487816271
26.3426025195
26.0021782083
27.0801067908
27.7165742181
26.9231288133
30.194466325
29.3747483434
28.2956458899
27.6500069293
29.6826857082
29.3281835992
28.6782432809
30.1454483903
30.1501145537
30.6682954497
31.4230491962
30.8470043177
32.3292096209
32.8100337196
32.7976632799
32.7941167854
33.0755486294
32.0945254619
27.4582613129
25.6200517165
26.555576441
28.0231328448
30.2395374988
31.8967864403
33.8906261585
33.9201155526
34.9281365037
40.0175919447
57.6481453837
61.6359005926
50.9741971193
47.2034594711
41.7048799322
26.1630293831
1.79546318762e-19
0
0
0
0
0
0
0
0
0
0
0
0
0
0
0
0
0
0
0
0
0
0
0
0
0
0
0
0
0
0
0
0
0
0
0
26.1198107435
26.8036147143
26.5519535638
26.1147589166
27.0591005527
27.0830379183
26.5609874104
27.2050114931
28.732336492
27.9114957376
30.5035922182
30.3669099616
29.2241588444
28.4168882164
30.4712804941
30.2665320972
29.8914350337
31.2014162755
31.0801908452
30.7275916278
32.5539275125
32.2477741894
33.4192194295
33.943008499
34.3902816945
34.9607279866
35.5016137247
35.5517683008
33.057347079
27.2440078746
26.702752778
27.6170937534
29.763526669
30.8835799335
32.6355509432
34.2391595765
34.9770326243
35.8839694872
54.928967491
61.6960291823
55.9589974195
41.1956651963
28.8160370851
8.98246062143e-18
1.47814375064e-20
0
0
0
0
0
0
0
0
0
0
0
0
0
0
0
0
0
0
0
0
0
0
0
0
0
0
0
0
0
0
0
0
0
0
0
26.5330136963
27.0896357182
26.543129176
26.6000216233
27.5631752006
27.5677833025
27.0729357192
27.1942562508
29.2626570401
28.9438268606
30.4917310215
31.3654374
30.1964721237
29.6960905822
31.2839348883
31.156630673
31.2176464369
32.2040784329
32.3353116916
31.9489993625
33.6031407763
33.8000504199
34.6389278975
34.8199732296
36.0013223283
36.5771577734
37.7071901038
38.7537909734
39.2131883205
34.8212237896
28.9523332232
29.046400294
29.0050053788
31.0799355911
32.4672227808
33.6686169347
34.6320871095
34.7963485775
36.4172310876
55.0994448364
61.215481383
50.1365878278
33.6570146291
3.6760967622e-19
4.50267443679e-22
0
0
0
0
0
0
0
0
0
0
0
0
0
0
0
0
0
0
0
0
0
0
0
0
0
0
0
0
0
0
0
0
0
0
0
26.9563568591
27.0968568816
27.2837740787
27.7756874062
28.168102209
28.0685274544
27.6778914307
27.6523087351
29.3018212734
29.630181307
30.3388358809
32.2074204188
31.0699655564
30.7370475264
31.8544746893
32.011827959
31.8699896436
32.7888645781
33.5210477911
33.488765117
34.619599566
34.9530482703
35.6379894448
36.5619351261
37.4108617968
37.3880888163
39.1368170499
40.5822272254
42.161695107
43.2453992632
38.2678089707
31.9831356156
31.01016741
30.8042494288
31.4737712332
32.3797669589
33.1258615514
33.4068834885
32.3974878613
36.1039134973
47.4393102733
45.1905404988
27.2711036933
2.74729060708e-20
0
0
0
0
0
0
0
0
0
0
0
0
0
0
0
0
0
0
0
0
0
0
0
0
0
0
0
0
0
0
0
0
0
0
0
0
27.389150747
27.4843363467
28.8479276336
28.7913994227
28.671930002
28.5366127504
28.3565134566
28.2958618365
29.554142196
30.3693300922
29.8735481435
32.5661755089
31.937364153
31.1948140816
31.6932814682
32.8729722357
32.4005425663
32.3455487131
34.3283549591
34.328221227
35.2930811276
36.1878019024
35.7941222063
37.9654686575
38.7239718817
39.7356051026
40.7649587371
42.0179237171
43.8067869596
45.773980812
46.9846024868
42.9322078398
37.9734247075
34.5510054366
33.588058849
33.6451586589
34.6689190788
35.548000965
35.6639050347
37.1720525309
34.1806381873
31.5528802337
1.33656061828e-18
3.47319787871e-21
0
0
0
0
0
0
0
0
0
0
0
0
0
0
0
0
0
0
0
0
0
0
0
0
0
0
0
0
0
0
0
0
0
0
0
1.05360886567e-25
27.7047452151
27.9027554176
28.1172802889
28.887223878
28.8853759875
28.8865310445
28.9847283691
28.8119850992
29.8696813003
31.0078783873
30.4092265155
32.387353358
32.9763359152
31.8295981676
31.3242404753
33.5445835007
33.2488417781
33.0071659131
34.9032518169
35.0838770209
35.0963514597
37.4402911512
37.3576826764
38.8186236026
39.5641558472
41.3375877415
42.2005894402
43.4507112907
45.1997218548
47.120860556
48.974270325
51.2147098113
49.7750042496
47.0285455053
45.3514819021
45.0474164562
45.4685558392
46.3092307594
48.2649506636
55.8851053887
37.4183155688
34.6829233843
1.11901821428e-19
0
0
0
0
0
0
0
0
0
0
0
0
0
0
0
0
0
0
0
0
0
0
0
0
0
0
0
0
0
0
0
0
0
0
0
0
2.63974986647e-25
27.9382764522
28.1689876121
28.0447831224
28.8909777929
29.2379358412
29.2442612881
29.3897727579
29.1242198281
29.6771211116
31.2672268813
31.0564786737
31.8439612672
33.940303253
32.7990420821
32.3526607959
33.9349017032
34.2400139689
34.0460372137
35.3043723293
36.1860537022
36.2398729815
38.1323706143
38.6153963588
39.5767173589
41.0084851567
42.16942387
43.5223373353
45.0383815715
46.4835794546
48.5707845855
50.0508832794
53.0290452462
55.0327318802
57.0510391915
56.5715030463
56.7282017445
56.985986867
59.0545517205
62.9006282027
67.5362800837
65.6208183474
42.325542474
1.51213269697e-20
0
0
0
0
0
0
0
0
0
0
0
0
0
0
0
0
0
0
0
0
0
0
0
0
0
0
0
0
0
0
0
0
0
0
0
2.63974986647e-25
2.63974986647e-25
28.2040303915
28.4682645017
28.9010519315
29.7460136091
29.8828613481
29.6442595155
29.6307228061
29.354849651
29.5630814972
31.102827189
31.7059561833
30.9949177352
33.7715047468
33.9112785988
33.0343131209
33.5275544291
35.1571927155
34.7514130981
34.8749542241
36.9368632492
37.1563409342
38.5667304475
39.8036921959
39.6481361351
41.9333412827
42.4098375368
44.9017972259
45.9122045037
47.2663061599
49.5824813356
51.4688098887
53.4517892243
55.4720199578
57.770158783
59.2484094412
59.8882318326
60.8665203184
62.6760231577
64.4885421948
65.2491694272
62.7872840574
27.0652113148
2.10463994529e-21
0
0
0
0
0
0
0
0
0
0
0
0
0
0
0
0
0
0
0
0
0
0
0
0
0
0
0
0
0
0
0
0
0
0
1.28836254502e-25
2.63974986647e-25
2.63974986647e-25
28.4509033966
28.6880096662
29.7124774855
30.7174040259
30.1978087954
29.8996783087
29.8084352687
29.6032647007
29.6666790526
30.9551519048
32.0860968575
31.7881561898
32.8525928117
35.0690754886
33.8584355502
33.4837652255
35.6374162173
35.6763646961
35.5467991778
37.3816672853
38.0414966459
38.3904479528
40.6855316586
40.9763159271
42.560171073
43.8994099301
45.3224573072
46.4731983141
48.200678409
49.7918068258
51.6788004103
53.4228812054
55.2193795457
57.2764211671
59.0533165095
60.2888417218
60.9243056318
61.0603470106
59.9161688986
58.2829830068
47.9194133785
5.42926471924e-20
0
0
0
0
0
0
0
0
0
0
0
0
0
0
0
0
0
0
0
0
0
0
0
0
0
0
0
0
0
0
0
0
0
0
1.60393367064e-25
2.63974986647e-25
4.23223225377e-24
4.46579036231e-24
28.6513742746
28.8043037377
29.4463314949
30.1272801163
30.1491980267
29.9648918763
29.8925500659
29.8506491545
29.7204384842
30.4403376782
31.8863672386
32.4515331048
31.8175465797
34.5799070761
35.0095742715
34.0943766304
34.9320161169
36.5566167791
36.2804737764
36.8914798601
38.9204722081
39.0857750049
40.9546593632
42.1837993306
42.0837930976
44.458004511
45.73750097
47.4513773088
48.5922539478
49.961574194
52.2570308497
53.7870279419
55.5536098337
57.4039211652
58.6773007737
60.3874329981
61.1738407185
61.5291246051
61.8330992802
57.0899725223
44.0832838741
1.66836655109e-20
0
0
0
0
0
0
0
0
0
0
0
0
0
0
0
0
0
0
0
0
0
0
0
0
0
0
0
0
0
0
0
0
0
0
0
3.28514868104e-24
1.1088854118e-23
1.65270853369e-23
28.8548487053
28.9373577671
29.4114647141
28.5691578011
29.7277045856
29.9030169608
29.8711923897
29.9406056154
29.6184106845
29.9869217596
31.4402699097
32.7457064501
32.7250479966
33.4386029329
35.8183355765
35.1476143396
34.8231096449
37.0150940178
37.4376439297
37.1615511986
39.3829756646
40.1355296595
40.429329328
42.3753369099
43.185013096
44.6055921739
46.4478541584
47.7097260167
49.3157882429
50.9534076912
52.6414630055
54.2296283172
56.2120851827
58.1382213685
59.8320783412
61.1767534079
62.9568998504
64.5127407449
66.7922327888
56.5683281362
42.063798
4.9482740185e-21
0
0
0
0
0
0
0
0
0
0
0
0
0
0
0
0
0
0
0
0
0
0
0
0
0
0
0
0
0
0
0
0
0
0
1.49566558724e-24
5.35816522208e-24
7.53306466712e-23
5.1081884237e-19
28.9050139047
28.9953562854
29.8856609718
29.0527677841
29.476942047
29.74786285
29.7698531639
29.8210846573
29.5678550741
29.7054595028
30.6407136871
32.2648049377
33.4594889036
33.380115334
34.8812842693
36.5284630296
35.6041690406
35.5263681261
38.1200773614
37.7813726644
38.0768193362
40.5013316234
40.8655057201
42.4534878304
43.7768023741
44.5958774639
46.511836362
47.9775760847
49.8290395462
51.0474970793
52.917893137
55.3419741903
57.600294635
59.5265007743
61.5542386915
63.8125199447
65.6960583083
66.8292994644
71.8038601661
56.6474993797
40.6509515654
1.31920239471e-22
0
0
0
0
0
0
0
0
0
0
0
0
0
0
0
0
0
0
0
0
0
0
0
0
0
0
0
0
0
0
0
0
0
9.43759466487e-25
3.1371674761e-24
3.0098748735e-22
8.72474128668e-20
4.21294843993e-10
28.6583739782
28.7508593599
29.5917768556
29.7715790916
28.8445678231
29.5038412929
29.6558651984
29.7500018757
29.7596460614
29.5702514237
29.9858581534
31.4884155393
33.0534993173
33.9213571156
33.7358213346
36.3353657576
37.0279473799
36.0547931004
37.9009683969
38.7485790376
38.5188977666
40.4859767262
41.6035693534
42.6203554232
44.0514687643
45.524817253
46.6742588747
48.8286183403
49.8888184174
51.1352800165
54.0698271052
56.3893600179
58.7406588702
60.8354959383
63.8327056395
66.3918093124
69.0556794785
70.8021378377
77.5623020174
52.9611542214
38.7978227934
9.06409016991e-24
0
0
0
0
0
0
0
0
0
0
0
0
0
0
0
0
0
0
0
0
0
0
0
0
0
0
0
0
0
0
0
0
0
3.03301648115e-24
3.75589217609e-22
8.63721293623e-20
3.2435548707e-15
6.57652403087e-05
28.4479825587
28.521283266
28.5829449435
29.9228952061
28.8065853308
29.3552899297
29.6502278881
29.7801327406
29.9639922372
29.6351166744
29.8607866049
30.3523596681
32.2460841217
33.8979214075
34.1051627903
34.4015770247
36.9046728406
37.0558527881
36.9742311754
38.8935329993
39.5271298888
40.1076340889
41.8360513564
43.026140544
44.3032648537
45.6456379897
47.2620637463
48.7496764703
50.2106813361
52.3759354847
54.6575066093
57.0589177225
59.7982821244
62.9771311685
66.7894172419
70.9632371496
74.2225067426
78.4135020862
88.3373888847
55.9296845025
54.8924035101
2.20484152763e-23
0
0
0
0
0
0
0
0
0
0
0
0
0
0
0
0
0
0
0
0
0
0
0
0
0
0
0
0
0
0
0
0
9.43759466487e-25
2.2388926774e-22
5.04230858742e-20
7.4641519171e-16
1.86849185631e-06
70.1752958049
28.6509763597
28.731732281
28.7523748675
30.4365567964
30.7535606209
29.9932759688
29.9199388112
29.9428340791
30.0641059258
29.9719577794
29.8619280007
30.3336908814
31.3209343782
33.1176709504
34.5743426944
34.4081450628
35.7492671678
37.430222108
37.5601589639
37.7454884393
39.7864054958
40.7371055387
41.4399286459
43.1633494919
44.4679796009
45.6501252012
47.2675293374
48.8596418416
51.3699544913
53.5529485859
56.4320864798
59.6979643889
62.4923501674
66.0452292226
70.3848568449
74.7461298886
81.4559214613
92.2899228113
99.999732532
99.9096951446
76.6784501475
2.20484152763e-23
0
0
0
0
0
0
0
0
0
0
0
0
0
0
0
0
0
0
0
0
0
0
0
0
0
0
0
0
0
0
0
0
4.70351351195e-23
1.54068099664e-20
7.36729413107e-17
1.77689680768e-09
70.528164479
77.7280422263
29.0401272466
29.1069338193
29.5260557027
30.4895845551
31.3638575342
30.9857380208
30.7669329125
30.4138215037
30.2966199477
30.4004162482
30.007211149
30.3564235095
30.57518822
32.0256230829
33.6784170829
34.9781472413
35.1535930522
36.9476777517
37.9906410192
38.2725508432
38.5254052725
40.7006866167
41.8468240461
42.926616107
44.3380251925
46.1383574889
47.6300659651
50.281055431
52.379487397
55.5060976858
57.89418361
60.7673691027
63.891357243
67.797921584
71.7358402
77.2774684278
86.9650771704
99.2791150586
99.9999999991
99.9999773814
58.3908032676
5.91931578987e-26
0
0
0
0
0
0
0
0
0
0
0
0
0
0
0
0
0
0
0
0
0
0
0
0
0
0
0
0
0
0
0
2.36432527697e-24
2.19243483166e-21
5.73688558901e-18
1.52920322314e-12
34.0866984761
68.1577558438
70.3187292277
29.1544072251
29.1008357169
29.6718625807
29.7812323626
30.9020622055
32.0391335477
32.3733693481
31.2794489069
30.6687344297
30.5297295207
30.4192609058
30.0609301221
30.6413523711
30.7430662568
32.1247103648
34.1370912589
35.4188393979
35.7826095288
37.5145360242
38.5839764727
39.0987452916
39.4980531394
41.68603237
42.898868363
44.2853620588
46.3278585161
48.5564312528
50.6299017373
53.1439688575
55.2886818172
57.5764463467
60.9358812032
65.053080935
68.5811355967
72.1105666847
78.6104636208
84.7084554256
90.9061493846
99.9994303936
23.2200750495
18.5953467644
0
0
0
0
0
0
0
0
0
0
0
0
0
0
0
0
0
0
0
0
0
0
0
0
0
0
0
0
0
0
0
0
4.56514510039e-23
2.40982950231e-19
1.11015105161e-14
5.86331625211e-05
60.1324841489
60.3580107535
60.1689235154
29.0428826063
28.6698544446
28.7930012569
29.020259037
29.583510835
31.3371846773
32.8787794538
31.7769668995
30.9706055813
30.5857967773
30.5464690609
30.1617313896
30.5800785102
30.805838311
31.3931258452
32.4239511152
34.8634341643
36.0874818096
36.489866891
38.1174325098
39.2125839577
39.9947980825
40.5555323566
42.6851928102
44.5375553398
46.3309031879
48.2538573304
50.2609908627
52.7629657248
55.0740929851
59.1297422996
62.348548527
65.3832395742
68.2374362985
72.4265431373
76.3840150875
78.4867948229
73.2189976241
67.3652524162
1.1714857929e-12
0
0
0
0
0
0
0
0
0
0
0
0
0
0
0
0
0
0
0
0
0
0
0
0
0
0
0
0
0
0
0
0
0
3.35761719209e-21
9.42299861833e-17
1.12778967294e-09
51.5831003586
53.0682303496
51.3462857781
49.9521127954
29.0561664122
28.1341836309
28.0548943009
28.2603505103
28.6743851987
29.8131874681
31.4781150737
31.9053134745
31.0661276898
30.5966538431
30.4132957944
30.4654477383
30.0051607564
30.7077377197
30.8618456271
32.341557521
33.515485094
35.5349325949
36.7773755578
37.3418049574
38.6867353603
40.0112095285
41.1683303063
42.2434531015
44.5100196029
46.5870999253
47.9722684798
50.7562562631
53.2000079301
57.1651242651
59.4697831799
61.9019372371
64.7400895384
68.3628077636
72.9559550292
77.930079852
82.6282404843
89.0523503357
86.8281539034
75.4821494355
0
0
0
0
0
0
0
0
0
0
0
0
0
0
0
0
0
0
0
0
0
0
0
0
0
0
0
0
0
0
0
0
2.52666976619e-24
3.68247146185e-19
3.66212093914e-13
25.7315410317
51.2597232696
47.8520622255
42.320548967
41.4642103323
29.1662761507
27.7057652525
27.4925075783
27.5339779708
27.8504112595
28.5542692205
30.0273480996
31.6923946436
31.192591264
30.5886897043
30.2845213199
30.233051889
30.2671887869
30.0047285001
31.0773183641
31.1926434716
32.8290760296
33.8694578703
35.9205112468
37.270317942
38.4589089781
38.92854399
41.2054531319
42.7185081139
44.4955625999
46.5618282582
48.8418656343
51.3723336849
55.0442659629
56.9348371967
58.5751506357
62.300987729
65.9376846653
70.1545049054
75.1051065563
80.464362238
87.5880443979
99.9671342094
31.3953106585
4.08777368991e-07
0
0
0
0
0
0
0
0
0
0
0
0
0
0
0
0
0
0
0
0
0
0
0
0
0
0
0
0
0
0
0
0
3.05645711152e-23
8.19786751478e-17
0.000237877775295
52.2680984056
47.4759284262
41.6982563761
36.6308460606
34.7804957679
28.5629909681
27.389430405
27.0270531837
27.0247921776
27.1516285551
27.6215023198
28.1807785118
30.3602989005
31.3274759322
30.673464913
30.2009667944
30.010021904
30.0813287435
30.119172963
30.80679029
31.2050488613
31.3306220462
33.3172883268
34.4889029663
35.6481854448
38.1644050435
39.3643963502
40.6507779537
42.6955336415
44.6367516839
46.6203499474
49.2952501647
52.3908149302
54.3101499966
55.6833615648
59.7273177684
63.0749972395
66.6561731813
70.6755543431
74.9269576485
79.4334063344
84.3548346032
81.5240636382
1.47005304995e-08
8.16223904208e-08
0
0
0
0
0
0
0
0
0
0
0
0
0
0
0
0
0
0
0
0
0
0
0
0
0
0
0
0
0
0
0
0
3.60690642226e-20
2.12681988277e-11
54.3073041522
53.9838207319
44.4523776161
37.0626866588
33.2967654166
32.4570507822
27.6325533002
27.1559087365
26.6990891265
26.6641640339
26.7048995524
26.8733697993
27.647026748
28.4361248532
30.422707601
30.7451873697
30.1918442092
29.8574724954
29.7841465674
30.0042168282
29.9222241526
30.8323631474
31.2656454058
32.5466955926
33.7892714323
35.3000027891
36.8839160566
39.2310390476
40.7547643808
42.5832937588
44.3448928849
47.1550344239
49.5058061361
51.8889283456
53.4204381636
57.2308941846
60.373593763
63.9132550618
67.4417209147
70.9763320091
74.1110457262
74.9975946831
74.4152276192
60.0851832685
2.0629266564e-07
0.036303347778
0
0
0
0
0
0
0
0
0
0
0
0
0
0
0
0
0
0
0
0
0
0
0
0
0
0
0
0
0
0
0
6.85020264067e-25
2.68881779804e-17
48.0773734893
60.4867794127
51.3726462213
42.7663610245
36.1143955517
32.3986555562
31.8704822673
27.0548403329
26.7724152652
26.4567790435
26.2838584068
26.2747653773
26.2928960649
26.5758744177
27.6529163934
28.3834078387
30.2540272071
30.388245071
29.8741318158
29.613833028
29.6133145513
29.7792102691
29.8492083158
31.1613233142
31.6485066038
33.0940645051
34.0355640956
36.5924151867
38.8693400419
40.6194444948
42.2118606243
44.2836521029
46.8543620956
49.9885636052
51.700809755
55.1562073157
58.0292704222
61.5731075053
64.4295411906
67.3397690271
69.9211843913
71.1700481656
70.9000796305
69.7744802251
50.6744234506
2.73296121573e-07
40.6990236737
0
0
0
0
0
0
0
0
0
0
0
0
0
0
0
0
0
0
0
0
0
0
0
0
0
0
0
0
0
0
0
2.13646537993e-23
3.2511298302e-05
63.1024756489
57.2107084728
49.0043818632
41.9979326009
36.7803714844
33.9147523168
33.94680446
26.9712040085
26.293162467
26.1332452348
25.7952996566
25.6511961766
25.5616455852
25.559602174
26.1256092055
27.3003732838
28.264544625
30.2938733518
30.1836757153
29.7086832782
29.5130549523
29.5729730303
29.8820556854
30.0896106079
31.4472219225
32.1194769853
34.1113914909
35.8160689203
38.4240733376
40.3146788064
42.0261401984
44.3455683055
47.3680679329
49.8965307174
53.2591061107
55.9222577507
59.1688226836
61.913075627
65.0400991782
67.6348224733
69.6072193776
70.2932636301
70.759432293
70.7749873916
57.0324620258
9.98782196908e-07
86.1584792365
0
0
0
0
0
0
0
0
0
0
0
0
0
0
0
0
0
0
0
0
0
0
0
0
0
0
0
0
0
0
0
9.07225322933e-19
55.7113941628
61.6468878824
54.0222725175
47.5420076347
42.1466583714
38.2756134242
36.0960073805
34.6666465759
27.0066232793
25.8248073015
25.4730712928
25.0356936661
24.7051126836
24.5511713255
24.5149692343
24.6799060347
25.946016768
26.7014283426
28.2339567766
29.956296671
30.104637959
29.7624866236
29.575882366
29.7382966199
30.21858774
30.6100588981
32.236976891
33.399360081
35.7240447985
37.8513570103
40.023454553
42.4010230361
44.6823541813
47.4963269336
51.0226156417
53.8174149482
57.0190844639
59.7413359173
63.1983400109
65.5326903594
67.5526073518
69.5048793253
71.3146013793
72.3950167959
70.5185553859
58.9646084889
1.69421757834e-05
99.5397258883
0
0
0
0
0
0
0
0
0
0
0
0
0
0
0
0
0
0
0
0
0
0
0
0
0
0
0
0
0
0
1.5091982246e-24
48.098389577
64.5417270685
59.3762508775
52.6087059186
47.5176440377
43.5459935072
40.6017731864
39.0136642054
38.1111656171
25.8956332502
24.5867306507
23.9238820359
23.6363139603
23.3606020046
23.2398441463
23.2811887352
23.4519528022
24.1490342913
25.5875170514
26.3657297912
28.1448138598
29.4885964791
29.9336204095
29.8556967651
29.8207637331
30.2086024148
30.8800451012
31.5964572609
33.5329985681
35.2601258994
37.8670332974
40.339486019
42.7032216518
45.1963392606
48.3465321226
51.1421470223
54.8211514112
57.5183658846
60.8491785011
63.4019993539
66.2892852555
68.3997075876
71.3446155368
73.4306960699
72.4858774682
73.3389727039
69.3267531095
0.000252474548245
100
0
0
0
0
0
0
0
0
0
0
0
0
0
0
0
0
0
0
0
0
0
0
0
0
0
0
0
0
0
0
1.08424655157
66.3889241741
63.6679721363
58.0530170431
52.7876641281
48.9594835843
47.1256524821
45.560113541
43.9125084243
43.6079636349
23.7705197434
21.7614923885
21.7354040702
21.7995421106
21.7839632408
21.8291353201
21.9848068813
22.261846793
22.6509796456
24.331262526
25.5239687814
26.2832984181
26.1487935342
29.1369476728
29.7743555734
30.2481181504
30.4437656533
30.9142523665
31.8830003338
33.0420034962
35.2996229075
37.4734397474
40.3831501296
43.0538295175
45.4416644074
48.5424422852
52.1689124384
55.1471145823
58.5193783888
61.2859072012
64.8604909235
67.2575585664
70.2469384726
74.5606177232
75.6298409221
77.2060170805
79.372506876
78.0568947669
0.000546764424768
100
0
0
0
0
0
0
0
0
0
0
0
0
0
0
0
0
0
0
0
0
0
0
0
0
0
0
0
0
0
1.03153977533e-23
61.8695621599
63.9060949141
61.6536742972
57.66778085
54.2272052217
52.0698079699
51.6808803389
53.0858060399
50.3299395795
52.285257073
22.1674628067
20.391036747
20.2458969439
20.3071469128
20.4706425537
20.643800799
20.8921138381
21.2185013139
21.630978984
22.2158159798
24.0761787442
25.8168099125
26.1208999492
26.6692333495
28.1399617381
29.9559527291
30.9233054524
31.1308924436
32.1944493056
33.3808457313
34.9245343674
37.7321911352
40.7495664828
43.3359596694
45.9712454171
49.2473463782
52.2122390268
56.0106633423
58.7810982228
62.187431979
65.2900155676
69.2972960864
73.6843944386
76.5439508952
78.6948414261
81.0650054623
80.787402817
80.5238001705
0.00148082209181
100
0
0
0
0
0
0
0
0
0
0
0
0
0
0
0
0
0
0
0
0
0
0
0
0
0
0
0
0
0
56.9889869554
61.0202877906
62.5530793482
60.9680470057
58.3463605129
56.2517975427
55.0356137714
54.5811881763
56.9681653211
55.5314749546
54.7625005161
21.3444712384
20.0353888025
19.5083672785
19.5433636969
19.7677839286
19.9504967918
20.1584876821
20.446037141
20.8038273748
21.2180358341
22.0334392306
24.097864101
26.5999109285
26.9892522922
27.5533561858
28.7714010858
30.4593319172
31.7219485673
33.1416070836
33.7058631369
35.4564446371
37.8601591799
40.8795042386
43.5801159087
46.0355707007
49.23384064
52.9538559347
55.8730721369
59.3478756476
62.6031402812
67.9558363471
72.0814690796
76.353560641
79.4607473463
82.1602862725
82.2675290033
83.6659507177
83.2842258179
0.00255909096417
100
0
0
0
0
0
0
0
0
0
0
0
0
0
0
0
0
0
0
0
0
0
0
0
0
0
0
0
0
6.51258190165e-18
70.2395473656
64.9950407456
63.3290222763
61.6863206292
59.7368837659
58.2596945968
57.2835587824
56.6337682413
57.7447158274
57.3464499549
55.6648379438
19.5084729967
19.464661631
19.0060311256
19.411093088
19.7012770092
19.7677565042
19.8127423112
19.9369989248
20.1912998933
20.5478309162
21.0480145028
22.0735769689
24.3465288446
27.5899780107
28.5349937022
28.7826808579
29.8226999693
31.2348790932
32.7906421353
34.4962704196
36.5241381846
38.032442712
40.898907252
43.6576661274
46.337929222
49.6143569235
52.7424227828
56.5810636781
59.6053922104
65.437856421
71.3292442482
75.0983059981
78.8365211351
83.163929551
84.8115375146
86.246148878
87.2157961357
84.6953610849
0.00180958757842
100
0
0
0
0
0
0
0
0
0
0
0
0
0
0
0
0
0
0
0
0
0
0
0
0
0
0
0
0
63.0839546837
62.1778423789
65.0704959008
63.9335276897
62.8631516299
61.419930712
60.2603029077
59.379679488
58.7213221837
59.5137063207
58.8010659993
57.3231140521
17.18168041
18.1577809753
18.6888306368
19.7269822648
19.9002529466
19.8415518005
19.6966408091
19.6469489319
19.719067194
19.9777405834
20.3743185339
20.9581600996
22.2979412588
24.6243065279
27.7828839795
28.9941232032
30.2677522774
30.9500707279
32.3660857707
34.0284314721
36.3334192437
38.5201739037
40.8230833532
43.627394485
46.4031722251
49.6261874246
53.4636331098
56.5169626368
62.5166707125
69.031589572
72.6624056533
77.4429341921
82.0022868525
85.4459530401
88.1569953231
91.4335062157
90.1764577055
88.6124319175
2.14201424996
100
0
0
0
0
0
0
0
0
0
0
0
0
0
0
0
0
0
0
0
0
0
0
0
0
0
0
0
0.0137222966269
80.4420979713
71.7060827094
68.1973291937
65.862918769
64.4768885363
63.1773238256
62.1588131493
61.366827134
60.7888737745
61.1647102915
60.2348304875
59.7154045541
16.3313690526
17.0352564617
18.5371542674
19.2466727459
19.3552056181
19.4352136278
19.5432687288
19.4545035923
19.4007522087
19.4920142356
19.7852546232
20.2446599233
20.9361412817
22.7905717269
24.6747927937
28.283729662
30.1316917257
31.1126396035
32.6286846825
34.1033231576
36.2157751349
38.3044410849
40.8503038863
43.5766684716
46.5398845142
50.4386401694
53.738146702
59.1018215194
65.0798585431
69.4627537879
74.1628752044
78.9747078398
84.5461502341
89.2054927445
94.0686118132
96.5679824003
98.7728102682
99.94513929
70.0759666435
100
0
0
0
0
0
0
0
0
0
0
0
0
0
0
0
0
0
0
0
0
0
0
0
0
0
0
0
82.0462503675
76.1021562674
72.8044944212
69.2130321856
67.0332236391
65.4719955488
64.2588635076
63.3124966365
62.6333051188
62.2112256008
61.8810276898
61.0296429883
61.0512881087
15.9548249975
16.2463918095
17.482735406
18.4009226791
18.5987922106
18.754753031
18.9203821799
19.0959708724
19.1769991616
19.1666284258
19.3161207465
19.6788579041
20.3018013933
21.25281825
24.1024655045
27.3916230941
28.6974364095
30.9922154792
32.9243436228
34.102603328
35.8081637339
38.0825706745
40.992481675
43.5257772555
47.2850952528
50.8727811923
55.1249641777
60.2234323212
65.4461541909
70.2964233837
74.8709374736
81.8332263032
87.8700955844
95.0197051776
99.3439573119
99.9462528262
99.9987781106
99.9981006599
99.0925397546
90.2844942187
0
0
0
0
0
0
0
0
0
0
0
0
0
0
0
0
0
0
0
0
0
0
0
0
0
0
5.45801046173e-10
67.1057720758
72.2087006393
70.7904588436
68.8645458621
67.1558829872
65.3122088451
64.0258778907
62.9474995336
62.1488521971
62.0781898431
61.3998964823
60.3524028039
60.9410280735
15.3755983961
15.3947612847
16.0002691375
17.6005620557
17.8995799575
18.0893717604
18.2722317272
18.475910324
18.7018307652
18.9568717894
19.0057887507
19.2618059022
19.8025554359
20.7056929381
22.0726487016
24.6893229318
28.5727581402
30.6001333224
31.60243645
34.191706462
36.4839476325
38.1992920767
40.3644719435
44.1194828482
48.0645337755
50.9914903942
55.6165916051
61.2394781223
66.1482015557
70.4214414605
77.4797668554
85.0329116758
91.9684259139
98.4689061802
99.944313792
99.9996339506
99.9999999044
99.9999996414
0.0626483528222
0.00322024615992
0
0
0
0
0
0
0
0
0
0
0
0
0
0
0
0
0
0
0
0
0
0
0
0
0
0
85.0302769711
73.1336216728
72.1524559484
69.7860545135
68.4463736765
66.3391136028
64.2763124784
62.7032716502
61.3333212685
60.1744115363
59.241524813
58.8253189708
58.469269324
59.8494877276
14.5876288152
14.5085215236
14.7604919988
16.9435049947
17.3007145458
17.4972752249
17.6743695538
17.8621752641
18.083526361
18.3465796747
18.6885652246
18.9870894272
19.3932475083
20.1109051627
21.1735817482
22.821764787
26.2478986241
29.585314741
31.6030637082
34.2429542116
35.0750712726
37.9395097606
41.7766700146
45.1395558676
47.2551407703
51.9686385243
57.1472578617
61.1493829214
66.2804240826
72.8866121834
80.3546104215
86.5587908519
94.1169242486
99.5751581672
99.9995204301
99.9999999783
99.9999999999
99.9999989072
5.21951474516e-07
4.14572363227
0
0
0
0
0
0
0
0
0
0
0
0
0
0
0
0
0
0
0
0
0
0
0
0
0
2.37294074404e-22
81.088933782
76.0846902401
72.8205767424
70.095879587
67.9335431151
65.9147859848
63.0531892837
61.1670197558
59.6431845136
58.4466862808
57.5674764351
57.3541295524
56.6609671331
57.6478720707
13.8398839117
13.7541641347
13.86637195
16.3455032058
16.7427386227
16.9519172139
17.1137650514
17.2751329342
17.4617282855
17.7038192266
18.0383990014
18.4965171831
19.1345635792
19.7543387867
20.622522217
22.0021212393
23.8680986859
27.3202143086
31.1040972713
33.071112089
35.3828397214
38.8428059081
42.2979438359
43.7066689292
48.1067639454
52.9740985639
56.6472676197
61.6006726903
67.851593086
73.5042598902
80.7754080861
88.4369445566
95.7570993578
99.9822305566
99.9999994708
99.9999999999
100
99.9808670572
1.22808355729e-11
100
0
0
0
0
0
0
0
0
0
0
0
0
0
0
0
0
0
0
0
0
0
0
0
0
0
91.5290534744
71.3251385252
76.26065408
73.4677798312
70.7062915624
67.9880023276
65.2203052885
62.0913357091
59.9240201317
58.2773318702
57.0396503985
56.323253565
56.2544906764
55.2802442134
54.4840906378
13.0238957101
13.3281173886
13.1275820031
15.3153578552
16.1878063145
16.4320294845
16.5852468443
16.714522442
16.8610899735
17.0710912682
17.3829738117
17.8367158057
18.4414423674
19.2586313033
20.4231189998
21.8064901813
23.1847222238
25.0468515804
28.4131079923
32.1533526802
35.0417367061
38.1707520967
40.3736375293
43.5947985824
49.0097202302
52.9959611532
55.9676073889
61.1705894805
67.4326318689
75.1224146961
82.377191592
88.930689072
96.8692646024
99.9992689868
99.9999999992
100
100
99.8701197193
3.25837971834e-11
100
0
0
0
0
0
0
0
0
0
0
0
0
0
0
0
0
0
0
0
0
0
0
0
0
0
99.9998481711
89.8440101543
81.6243105616
76.3458671706
72.5507803287
68.4192525427
64.689474967
61.6004287058
59.2321178973
57.4570673474
56.1108739184
55.4571229123
55.0975685306
54.0962540629
53.4026975429
11.9937893931
13.018649804
12.1621290233
14.130469159
15.6716859494
15.8073208419
15.8302152025
15.8275846946
15.8793527266
16.038673788
16.3361762572
16.8027728176
17.4728603747
18.4265203099
19.7539545397
21.359896955
23.0608577218
24.9021704783
26.6951503652
28.7823560924
32.4916400638
36.1255915993
39.0115476491
43.2630574018
48.2063775439
51.8156410496
55.6904179071
61.7586407765
68.6914717787
74.1790516378
81.7244319246
90.6731190121
98.9964088534
99.9999226154
100
100
100
99.9972690887
4.22501684376e-05
100
0
0
0
0
0
0
0
0
0
0
0
0
0
0
0
0
0
0
0
0
0
0
0
0
50.4111825985
75.0354776223
88.5466596855
83.7469085077
79.0097803521
73.5768795016
69.6898487757
64.9056839259
61.6955977144
59.1075761931
57.2051602032
55.9416071684
55.7100948738
54.3219599447
53.2666396584
52.7218555456
10.4758212485
12.145637039
10.8381893548
13.450428109
14.2909214611
13.6930503275
12.9800815231
12.5122053703
12.3669907233
12.5550313117
13.0686602939
13.9114690839
15.0890123657
16.7156691554
18.9627119593
21.2169413196
22.6430042726
24.0691313585
25.7670017708
27.9312843732
30.2087844664
32.7689391448
36.5457034848
42.185818918
47.3247386002
51.6987172658
54.4547251148
59.8692148369
66.4023442484
74.5685212879
83.8807161937
92.3085933932
98.3770576214
99.9999999406
100
100
100
100
0.000536785372295
100
0
0
0
0
0
0
0
0
0
0
0
0
0
0
0
0
0
0
0
0
0
0
0
0
100
99.9999418472
94.7618385806
87.7256756004
81.7862815503
75.7377442325
70.1481838192
65.737207281
62.0399606035
59.0767641135
56.9549947855
55.642838491
54.9578084862
53.4013637095
52.5917117535
53.0889510898
9.05670651908
10.0775725543
9.3613262471
12.1416199984
11.4470555205
10.9189011728
10.1408643787
9.96246335338
10.3149633311
11.030463444
12.0457374046
13.3178508518
14.7992406867
16.4915144556
18.263649315
19.7707609243
21.0332423307
22.4619012578
24.5736584297
27.47456753
29.7049417002
32.1562627285
35.3404466792
39.6999373111
44.0913159463
47.4171159127
51.4749918097
58.669998866
66.4395574123
75.9925148874
84.8082319089
90.6447062006
99.2584573202
100
100
100
100
100
0.00795343762901
100
0
0
0
0
0
0
0
0
0
0
0
0
0
0
0
0
0
0
0
0
0
0
0
4.80762511652e-23
82.2649542722
99.9618166501
97.4192543605
90.6046143088
82.9565184835
77.430758549
71.0147970238
66.1740359495
62.0673964758
58.6223808035
56.0986824834
54.6238109447
53.1672214255
51.8724917991
50.9007633938
52.2179084239
8.91035064861
8.04731892858
8.31376088841
12.6802951746
11.4054668849
9.50371437716
8.56018709398
8.84881793229
9.68566030093
10.7901966551
12.1003045455
13.601608674
15.2207421533
16.9888031636
18.8284607382
19.9591048726
21.0354021709
22.4243784179
24.195046112
26.0309168951
28.0557205956
30.7664647323
34.0461922769
37.9417011272
41.0933894969
44.2806712803
49.3002726786
56.6959554015
65.9474977899
75.2334953892
83.0308735097
90.0557326794
99.8700737993
100
100
100
100
100
0.0318259326741
100
0
0
0
0
0
0
0
0
0
0
0
0
0
0
0
0
0
0
0
0
0
0
0
99.8451110729
93.4199879585
99.9972757849
99.9304532184
94.6034517027
85.8920761388
77.8469481974
71.5210282058
66.0693295569
61.5663371207
57.8366215875
54.8618543446
52.7148967779
50.5981484483
49.1916738775
48.104269439
49.7884604949
10.5536316484
7.81478790287
7.85220844906
13.1000415813
11.649865462
7.61241101566
7.59999222151
8.64845073111
10.100007476
11.8124738329
13.8236840128
15.6667918019
16.6051899053
17.5642076777
18.5407651373
19.5079241799
20.5851615358
21.8605226395
23.3241468521
24.8910756353
26.6320840193
28.8162691066
31.8133160484
35.4247607604
39.389913278
42.5017897802
48.1686207885
55.1507732558
63.0115807455
72.1666330592
81.0578700155
90.033146542
99.7395682372
100
100
100
100
100
1.35866670859
100
0
0
0
0
0
0
0
0
0
0
0
0
0
0
0
0
0
0
0
0
0
0
0
100
100
99.9999999996
99.9999875566
99.3716273605
90.0890442551
80.3614908013
72.20815462
65.7034284281
60.7851443304
56.79060279
52.4243910385
49.3666990588
47.1272269205
45.8674974943
44.9115409219
46.3841077049
11.2714343619
8.04887929888
7.19665652019
7.87125113229
6.9179159556
7.15819596901
8.58733987485
10.6757113029
13.2821396278
14.291835267
15.0414970787
15.7778911904
16.5424322342
17.407357515
18.3508235768
19.3650203309
20.4643411458
21.622935676
22.7983825059
23.9626465109
25.3617600418
27.4214135713
30.3338802554
33.2518322509
36.193673519
39.9231129072
45.5321156816
52.7302983457
61.1198381682
69.7604122068
77.0007468942
86.1548524459
97.0450125712
99.9923090226
100
100
100
100
5.37969518714
100
0
0
0
0
0
0
0
0
0
0
0
0
0
0
0
0
0
0
0
0
0
0
2.39419830804e-22
99.9999051027
100
100
99.9999999817
99.998442522
94.0142750256
83.6403106935
73.8118333352
65.6162552185
59.3902013116
54.7396156305
50.7632056338
47.4530999353
44.1931994004
41.9507123805
41.7667739338
42.1238409691
9.15951163579
7.68934744699
6.45070953414
6.51452956893
7.98935358473
10.4067341936
12.685159894
13.345101197
13.9784984704
14.6224458868
15.3243297402
16.0715155751
16.8833158092
17.7917567451
18.8195861213
19.9642803399
21.1742763489
22.2051218455
22.5059796326
22.8910538842
23.5822120848
24.8486949754
26.8769858568
29.5507217108
32.562282904
36.4370772432
42.2215170032
49.6466783964
57.5694430572
64.7196103875
72.6619033187
83.6209543686
90.8691393259
97.1101102292
99.9999273134
100
100
100
72.7132364565
100
0
0
0
0
0
0
0
0
0
0
0
0
0
0
0
0
0
0
0
0
0
0
100
100
100
100
100
99.9999995597
99.072223983
87.03562985
75.8625099363
65.8943447898
58.0541071774
52.3513862255
47.5939918327
44.0599023281
41.2237303658
37.4557778604
37.9578479711
37.3657886107
7.0120663648
7.6212457863
6.08361371992
6.09349312522
10.5566233714
12.7009073392
13.3004394108
13.9386111979
14.630553638
15.3628992155
16.1271831051
16.9279600522
17.784150027
18.7402258161
19.9092278215
20.7368705315
20.6871489761
20.6437001226
20.546513025
20.3913072812
20.3946435812
20.9526077312
22.6364189027
25.1703447525
27.8974928743
31.4659539186
37.1764402379
44.9089408635
52.1295774206
58.516317304
66.2296293788
76.7499878625
81.7023633091
88.4402328612
99.4872497977
99.999999996
100
100
95.7194122216
100
0
0
0
0
0
0
0
0
0
0
0
0
0
0
0
0
0
0
0
0
0
0
100
100
100
100
100
99.9999999998
99.9996760974
91.2172898699
78.3430214849
67.1052256374
57.5056138559
50.6858867244
44.8236066849
40.1709707831
37.0792261888
33.1158287904
32.8629614171
33.983515263
6.08410599304
8.59508802175
5.93098545202
5.80754814087
12.5738440421
13.5306245545
14.2730067235
15.0822586952
15.891748333
16.6944856811
17.4759481494
18.2171747523
18.9032368902
19.6584806623
20.0703155792
19.7548693897
19.4792836209
19.2375498562
18.7053472563
17.8216491812
16.5570328597
15.6064021302
15.8217219214
18.6747800641
21.2328148087
23.809886414
29.6420363211
38.2110672386
45.1674720045
50.1519604542
56.386575279
67.3820155491
66.8002146261
74.3881968162
87.417426944
99.9963144044
100
100
100
100
0
0
0
0
0
0
0
0
0
0
0
0
0
0
0
0
0
0
0
0
0
5.55309458776e-23
100
100
100
100
100
100
99.9999997021
96.1453588823
81.2859332537
68.7357863552
57.520082867
49.0927800119
43.2013437249
37.4272200807
32.4421391811
28.2033668067
28.8859461423
33.9241786679
3.3548993796
4.20970647579
5.32852655182
7.97286523499
14.1795282717
15.2295734327
16.2016111173
17.181063466
18.160769079
19.0384824568
19.7433959021
20.1905001562
20.4544808582
20.1288483811
19.6136103297
18.9423113326
18.4045755085
17.8250141165
16.7987668308
14.9494732993
11.8788010846
7.76331670147
13.6990415183
18.0240942313
17.9126569082
16.9403661789
21.1394271617
30.8208267992
40.3893991068
39.3343488632
44.0808967862
50.6921377456
50.9274366835
45.1633901274
68.4918881223
85.9531744707
99.9999398744
100
100
100
0
0
0
0
0
0
0
0
0
0
0
0
0
0
0
0
0
0
0
0
0
100
100
100
100
100
100
100
99.9999999979
99.7076175505
83.8100003179
69.7680810778
57.8069098292
48.2825957488
41.270402067
35.8970356385
31.4006173665
27.9602637942
28.807610028
27.6769050101
2.46397909718
3.30977401548
6.77594294247
6.12954543001
15.2972278214
17.2909637487
18.8307047955
19.873522936
20.8723895435
21.1168213809
21.3118384161
21.3782827677
21.1996806026
20.7562258251
20.0791222768
19.1812846019
19.2380601828
18.6145642283
15.7420469684
12.2923612443
6.94768256415
1.43414524892
0.32805749175
0.249572483529
0.253136796112
0.12920963587
0.0603422341216
0.0421824359224
1.45156834226
23.5763581712
0.0313223659954
41.7447386943
12.0859999487
41.6416424852
16.8405643308
56.6457623448
47.0022232007
99.9399829891
100
100
0
0
0
0
0
0
0
0
0
0
0
0
0
0
0
0
0
0
0
0
8.99055070706e-25
100
100
100
100
100
100
100
99.9999999999
99.9947223267
84.6792374939
70.2702260201
58.9541580969
49.1634579507
41.4112092291
35.8253128945
31.1514297928
26.8835018142
24.4404034081
17.9231085382
1.55383592594
7.11838545825
6.83459721995
5.58180137652
5.52495839987
7.89276332375
13.1349526865
14.5336357203
15.7672015283
17.1924896954
18.7297080348
20.0229607744
20.2382883402
18.5426893973
14.096682374
5.14116729652
2.57278836084
2.41155310693
1.75620138444
1.10374202148
0.725607358745
0.432104850666
0.215092142371
0.116310132663
0.0940582045836
0.0598193855641
0.0289113618457
0.0120670578478
0.00854728127911
0.00310064505223
0.00280040347564
0.000150741823766
0.0377120921042
2.75142632548e-07
0.0406774000988
1.95550579407e-10
0.331073933409
4.25413378483e-16
2.68937024308e-15
100
0
0
0
0
0
0
0
0
0
0
0
0
0
0
0
0
0
0
0
0
1.49566558724e-24
100
0.000660525316235
100
100
100
100
100
100
99.9992127208
83.8587651043
68.5839680284
57.8704342959
48.4490534743
40.1475442471
33.5285327773
28.3078109509
24.2657138033
21.8627279402
12.5111517491
)
;

boundaryField
{
    frontAndBack
    {
        type            empty;
    }
    upperWall
    {
        type            calculated;
        value           uniform 0;
    }
    lowerWall
    {
        type            calculated;
        value           uniform 0;
    }
    inlet
    {
        type            calculated;
        value           uniform 5.3454934796e-22;
    }
    outlet
    {
        type            calculated;
        value           nonuniform List<scalar> 
20
(
3.07833365909e-24
0
0
0
0
0
0
0
0
0
0
0
0
0
0
0
0
0
2.63974986647e-25
5.98344781316e-24
)
;
    }
}


// ************************************************************************* //
