/*--------------------------------*- C++ -*----------------------------------*\
| =========                 |                                                 |
| \\      /  F ield         | OpenFOAM: The Open Source CFD Toolbox           |
|  \\    /   O peration     | Version:  v1806                                 |
|   \\  /    A nd           | Web:      www.OpenFOAM.com                      |
|    \\/     M anipulation  |                                                 |
\*---------------------------------------------------------------------------*/
FoamFile
{
    version     2.0;
    format      ascii;
    class       volScalarField;
    location    "551";
    object      alphak;
}
// * * * * * * * * * * * * * * * * * * * * * * * * * * * * * * * * * * * * * //

dimensions      [0 0 -1 0 0 0 0];


internalField   nonuniform List<scalar> 
6400
(
0.878501677185
1.38946803862
2.18987882099
2.69349263207
3.17669485351
3.66793873487
4.31749819534
5.05007088983
5.42826986991
6.03615231947
7.25260522691
8.05559346161
8.7169780203
9.47499488184
10.4343254351
11.4374242943
12.3118677886
13.1333448251
13.8247482619
14.2052659538
14.3473028708
14.601119594
15.1822011961
16.0850065553
17.0840477748
17.9723606115
18.6838764172
19.3367391521
20.0385842803
20.8041255695
21.5783500997
22.1556523933
22.4597043658
22.6212431052
22.6756698366
22.6019031996
22.7042507033
23.0664911546
23.0837935048
22.859253905
23.032351062
23.7430013084
24.4671202684
24.8436129713
24.9307749733
24.8196533346
24.579163104
24.2586657638
23.8710248819
23.4364780008
22.8565273974
21.882165953
20.6137706432
19.1045855526
17.8422893592
16.9160316124
15.5396356833
13.3490073877
11.0226291758
9.30773884225
7.52078857864
5.66630521657
3.73740626328
4.5961724365
8.54145472047
13.4662816099
16.4616063531
16.1829295914
14.2198493092
12.6470774248
11.8271970762
12.075003206
12.6543286578
12.5612746962
14.631572863
14.0819567863
15.9638553886
9.86633307958
12.8682987915
4.8105258802
3.13975462538
2.50019742499
3.10469410772
4.35152296398
4.23660163243
4.1069200755
4.30694881837
4.73692448089
5.35390197416
6.14272774095
7.10055623569
8.05543975489
8.89391137425
9.69544315103
10.5100693707
11.4442922869
12.4248906116
13.3658926392
14.3824496639
14.5836931611
14.5201778891
14.734669322
15.2737297937
16.1561715814
17.3034708343
18.1235455735
18.7996917088
19.4968669073
20.2175057309
20.9507603631
21.690272199
22.3746202046
22.6746727724
22.8339089942
22.9292607763
22.7455124242
22.9079522183
23.2933597191
23.2459684421
22.8527322557
22.989442548
24.3983410305
25.5047578182
25.7714099271
25.7881187403
25.5708731923
25.1932100562
24.7766395937
24.1797706643
23.5411558599
23.0503630645
22.7388541934
21.7399527969
19.329597357
18.2194132493
17.0074331126
14.8922305402
12.763855774
10.7395578515
8.74785236599
6.9480818603
6.04801819434
4.14508722769
5.00315081271
8.66621081416
14.508297412
18.2667557853
17.0052636532
14.8632102754
12.9765313933
12.3241751934
12.7879469242
13.9257787423
13.3728137164
13.2434985359
12.7345976106
11.5481241541
9.71606922712
8.170534717
4.25549455539
3.21439535151
2.81484057914
3.32756763524
3.59179046802
4.10095055188
4.52615029508
4.50880353721
4.64583135453
5.2605847605
6.12089761146
7.08460317764
8.05925100257
8.94541850138
9.75249939952
10.4221632973
11.2651396738
13.9345412424
15.9471426387
16.3420490632
15.7076165931
14.3290552357
14.375042728
15.4091211686
16.3462667729
17.2125719754
18.1115069615
18.9077649526
19.6078577379
20.3073540173
21.0405829912
21.7403209828
22.5294135354
22.8336065902
22.7242008545
23.2020519905
23.0328850194
22.8070049438
23.4293842507
23.4175403404
23.0766778121
23.2259811536
23.9298571395
24.6423486005
25.0245468675
25.1366131911
25.0687018975
24.8618121062
24.5367854407
24.0963240882
23.5642805297
22.9434276209
22.1220480034
20.9728655046
19.7900640796
18.643953317
16.8484096866
14.7975172928
12.7657818845
10.7834133558
8.90418285085
7.27518929173
5.7499036119
4.73020078697
6.32776487996
11.037670861
15.5029284681
17.6988711692
17.829406449
16.273467364
14.6430570148
14.0015561654
13.950163776
13.3232023906
12.7565597769
12.7505350106
12.4209414676
11.4478206904
9.82929324096
7.39741282849
7.57960219027
3.20102482234
5.48571945739
3.62611040634
3.73343107398
4.42082521801
11.8559844313
10.2364396071
5.23364956568
5.23853918344
6.12328970827
7.10938556427
8.10219419583
8.96394663922
9.79790167465
11.5204865
13.6366627135
15.3042058024
15.6992221911
14.6013113092
13.7623371855
14.0698714287
14.6282509434
15.3717508593
16.3138190169
17.3024762182
18.2399720442
19.0679100443
19.7429781078
20.4696993446
21.1196627186
21.9759946128
22.5174959625
23.1589570257
23.0635720303
22.6976660449
23.1354738512
23.0075850611
22.8982465779
23.0833229172
23.2577028243
23.554139855
24.1001179414
24.6766425469
25.053987401
25.2056175875
25.1745932649
24.9961741794
24.6923375744
24.2727471574
23.7458379968
23.0979300107
22.2731505235
21.2354891245
20.0476887626
18.6479080116
16.8893508026
14.8902185103
12.8714687066
10.9464064138
9.20518233948
7.75596580441
6.69882382759
6.45980541377
7.57422238162
10.447633712
15.9053312432
19.4038688602
19.5890740337
17.9448514754
15.6150632946
14.0487968296
13.303517159
13.5062928751
14.9266665566
14.8717699739
13.5555819891
13.4148100593
16.6980016722
13.1041404452
11.1250067184
5.63092213114
7.54387983944
4.36223781784
4.67984533538
6.54439795277
11.7470195919
8.17903505455
5.66729621617
5.75971088496
6.34685289249
7.25617315372
8.26447316303
9.68263488365
11.9990121721
13.0241660882
13.4040329434
13.4053674162
13.1849102664
13.2595584674
13.8152304936
14.205243477
14.6705968748
15.4642455425
16.4208164391
17.429501384
18.4023892638
19.1943024021
20.0128582867
20.5885229962
21.4629399718
22.0154082504
23.2209002225
23.0826959487
22.6647179705
22.8459715355
22.5914502629
22.6854273331
22.9368514763
23.2152163456
23.4850018153
23.8200917168
24.2847183414
24.7726950413
25.1330485875
25.3095760744
25.3105074112
25.1602832724
24.8806502887
24.4841819762
23.9729209504
23.330091914
22.522228487
21.5269584359
20.3329327576
18.8640329979
17.0718719762
15.0962124101
13.1442169316
11.3605139253
9.86149878903
8.76265421807
8.19172178325
8.37192461925
8.76343173456
10.6448630884
15.4077409591
19.4782818652
20.8925930276
19.7451669263
17.001589489
14.5525694307
14.2607924408
16.5319509139
17.4085092621
16.3744174768
15.4590294208
18.1071715344
21.1149956344
16.4338903543
15.5503653679
9.93038640412
9.09117082573
5.43155345039
6.00747860936
12.0276324345
11.4952869785
6.52729543696
6.25151203197
6.37960762655
6.69697862754
7.51115841799
10.1571832611
13.3903465143
13.8251091268
13.4694080211
12.5394212638
12.1619466364
12.4996848932
13.4319721178
13.7944465608
14.0885111019
14.7408717036
15.6133669124
16.6072384556
17.5428361857
18.5287145085
19.601871872
20.118750918
21.1663579359
21.5085241627
22.9769779354
22.9828444771
23.8005819086
22.9321527829
22.2148134621
22.2900981272
22.6627166077
23.0520930681
23.3983903701
23.7186664452
24.0740325258
24.497735652
24.9297768941
25.2707547473
25.4602070111
25.4866235285
25.3633132517
25.1108690594
24.7436464749
24.2612437142
23.646046362
22.8690631946
21.8976073731
20.6872100075
19.1816102869
17.4026523079
15.5125364058
13.7111834624
12.1471553275
10.940345644
10.1741633838
9.99318004285
10.6233075859
9.76003346013
12.4251437798
17.2956215419
20.7729489063
22.1570534058
21.2576823345
17.9083981998
15.739433742
17.5569444711
19.7705482088
19.2529289443
18.2587687158
18.3346140684
22.8886615233
24.4672041374
19.4703936558
19.2712629489
12.0434605631
8.91922334359
6.6053788589
6.19501222256
11.9625852538
8.34135124567
6.72365893558
6.83461225129
6.95453869644
7.64254247578
8.12019613988
13.1487621517
13.822644643
13.8553216222
12.4939534667
11.4762458649
11.7423525687
13.0659280896
13.4108216055
13.4906253985
14.1048993736
14.8578612543
15.7324864763
16.7242831118
17.8632426988
18.9583963106
19.6271444001
21.0094920776
21.2359194999
22.8361200532
22.6889303597
23.7463140273
23.2098662174
22.6827840631
22.0153421342
22.2235244836
22.7357479181
23.2107901872
23.600619642
23.9553792288
24.3293190487
24.7360412893
25.1362894051
25.4620387042
25.6587720451
25.7055044119
25.6089256522
25.3889416811
25.060481005
24.621017846
24.0497578265
23.3125575935
22.364435382
21.1551500317
19.6631607164
17.9629156674
16.231192751
14.6491498532
13.3252088391
12.3108874027
11.7018476883
11.5393593334
11.3506352267
11.3589955482
13.8872076764
19.8960484554
22.1696305741
22.498043333
21.4496764066
19.1974366445
18.9495745029
21.5132915378
21.9563674761
21.1260252262
20.5431600286
22.5096094922
25.2445760244
26.6966325043
22.1178703041
20.980472092
11.7451888317
8.54221084685
7.73654722277
12.1095612882
12.051350798
7.32158622188
7.36447545508
7.50300555077
7.60834073672
8.16938162935
12.913136387
13.8468101234
13.9198700155
13.4239679462
11.2960073582
11.0435525405
12.6139950351
13.2181179496
13.0331863114
13.3656710492
14.1514076238
15.0446947223
15.9461317869
16.9966435285
17.964878689
19.3355715496
19.7317281155
21.0239268592
22.5656273813
22.9698820506
22.3686255012
23.1939265652
23.3054342188
22.0798993722
21.9925007886
22.366127466
22.8808659735
23.3826150094
23.8124795007
24.2009557018
24.5946245549
25.0005092342
25.3865157878
25.702919658
25.9047261122
25.96945665
25.9016953758
25.721306615
25.4426182424
25.0601049493
24.5479290899
23.8641287073
22.9569518002
21.7874296654
20.3742514702
18.8289717869
17.3172356271
15.9519297517
14.7466281747
13.7393118024
13.0991978127
12.8543283417
12.8435967303
13.1843483075
13.2624848259
19.9809300383
23.9496239945
23.9423666963
23.3541649724
22.4118820929
23.2401076841
24.5974471512
23.9185271659
23.2445310036
23.462386449
25.784078378
26.4461855695
27.0160220396
24.1372821446
22.0007557813
11.0020681729
8.43847907681
8.39883025118
13.0786905406
10.9952552907
7.91281236434
8.05849388772
8.32582269614
9.54996206534
8.26479757381
13.6869046921
14.3591560203
13.9539417729
12.1623312024
10.901405296
11.1833392741
12.7012875068
12.9233926608
12.9169043559
13.3938671239
14.1565387236
15.1348799547
16.1435287839
17.6141140032
18.8569338709
19.2944025429
21.2353160356
20.9051901465
22.7812148652
22.3512284831
23.6014337405
22.4909566883
22.0990814488
21.9848449035
22.1620239878
22.5641790752
23.0604340974
23.568911452
24.0343564348
24.4608290966
24.8783122979
25.2921509829
25.6763104018
25.9904668695
26.1977207565
26.2807405726
26.2463698502
26.1142351423
25.8968240185
25.5856964909
25.1500349215
24.5414901336
23.709045273
22.6354168246
21.3765414649
20.0559475997
18.778627335
17.5253383536
16.2316984509
15.0972545212
14.514857597
14.5713830817
14.8834347469
15.0760355884
14.9013771956
16.6076112731
24.0908395623
25.7524626457
25.7341962227
26.3580619645
27.3943629999
27.028478484
26.0146928627
25.8250789611
26.8237017959
28.0088598674
27.8410627547
27.2134993545
26.1878065325
24.813986619
10.4397678999
8.85403913285
9.55505201688
13.1390421498
8.98466717298
8.92724804111
8.75862406912
9.02049825615
12.1577709535
10.8676858099
14.5211617883
14.6216323469
14.0148848202
11.4472532007
10.924823443
12.5344532771
12.9403910925
12.6717925537
12.8849854283
13.5538334779
14.2908643447
15.2140694394
16.0828108932
17.779906542
19.9290975453
19.2363692932
21.1856670385
22.439438249
23.0301785403
23.5955406557
22.799347429
22.7762363986
21.7906414062
21.8935613184
22.3283214396
22.78283133
23.2661817107
23.7723354509
24.2656433424
24.7337798818
25.1840229407
25.6143421143
26.0044120883
26.322475491
26.5388056297
26.6425573965
26.6467555796
26.5723814729
26.4286882545
26.2043305795
25.8660253979
25.3633908411
24.6534312496
23.7452906141
22.7198624476
21.6689422801
20.5554154667
19.1876006765
17.6566872582
16.5768407223
16.4251099389
16.9836647251
17.4935957183
17.6059507439
17.2895117673
15.9651325273
15.9882444716
27.4484730179
30.2625379866
31.2064991886
31.001677531
29.5309655188
28.5966850116
28.8891117412
30.0503970127
30.3760602774
30.1064698837
29.7881624043
30.1140744759
30.29143224
10.3873096271
9.67507564393
12.9894488998
13.2822594683
9.05984426174
9.67732558102
9.45277560821
9.95261837098
11.6368767984
14.3821801644
15.3365621191
14.8781996465
14.2398590258
11.4369098796
11.0769859016
13.0602844608
13.036669335
12.6435447255
12.9134182489
13.6943563296
14.6644749811
15.5756461731
16.2721143325
17.4096673446
20.1034088086
21.2869080158
20.7870830025
22.5727833944
21.8427919825
23.6289089844
23.9103663775
22.7181495012
21.754154959
22.0053910555
22.5260489557
23.0125969625
23.4960653089
24.0000117918
24.5095596318
25.0175677026
25.5108489337
25.9680765623
26.371254802
26.6984909917
26.9283793913
27.058261377
27.1078434475
27.099636056
27.0408600244
26.9191145673
26.7021075891
26.3435401826
25.8160803848
25.1547430387
24.4354787389
23.6338628948
22.4643589162
20.7816774234
19.303812533
18.7605326707
19.3796203166
20.4699853732
21.099976009
21.1158885189
20.4729995573
18.8886589313
16.4344945078
17.2860983319
31.6006346268
36.8024083898
35.3699604869
32.8502113968
31.9800987341
32.475219785
33.2787729649
33.6106744507
33.88578897
34.3587069621
34.9461117633
35.6053823696
10.7135703439
10.5315467165
14.623137621
13.9674616226
12.0381244964
10.8898941531
10.3691801621
11.4158794181
11.0813835704
15.3424365637
15.9730093708
15.2071903228
14.3059925324
12.0366205874
11.8397231655
13.5289659016
13.0525352191
12.7236021344
13.0332494539
13.7410992688
14.817850646
16.0363492944
17.7489090161
17.5527300918
19.5999115136
21.6705243692
20.6667182055
22.8463956682
23.6342911612
22.7733102239
22.9585577151
22.0220000677
22.0510931121
22.3362603422
22.7810949936
23.26706632
23.7560413194
24.2617236785
24.774401368
25.3073641687
25.8514823549
26.3548283208
26.7798594055
27.1190088161
27.3675415652
27.5311077361
27.6337314311
27.6986533593
27.7330450164
27.7271367403
27.6544984349
27.4834979684
27.2123501226
26.8851451072
26.5006658272
25.7717571033
24.2729308116
22.5890532194
21.8044777334
22.2205696045
23.8003765663
25.3062798638
26.0101035366
26.0597561893
25.3675428126
23.5440898417
20.3598982472
15.8713223226
26.4382565182
37.3748882612
40.2644745512
37.3480174896
36.5219413537
36.9444526478
37.5842420432
37.9659734285
38.8733148916
39.5947290348
39.5436498899
39.748283946
11.2977550561
11.1721379943
14.3542562633
14.4391835677
14.4441126457
12.008180321
11.4180239954
14.2931616199
11.4296824303
16.1999868219
16.4580806
15.5469247288
14.3746831403
12.6333574514
14.4909715193
14.5894060361
13.2312798672
12.9396592877
13.2860308159
13.8885470194
14.7821087885
16.0251773449
19.0562809971
19.9993857734
19.0751624039
21.7463597085
22.6626607452
22.4102285209
23.6052341389
23.9285265745
23.3249353371
22.0513388703
22.2572050937
22.670715651
23.0914875734
23.5538472366
24.0329845711
24.5549220732
25.089774984
25.627656784
26.1997549444
26.7584501843
27.2276684487
27.5881123637
27.8590076603
28.0638008919
28.2277260879
28.3703735996
28.5000574304
28.614688912
28.7037794001
28.7678020405
28.8361554346
28.9129581662
28.7784718891
27.784232452
26.1320215785
25.6768016302
26.4712937472
28.1723228665
30.591931166
32.1172109074
32.1900927626
31.8995157698
30.2963976382
27.6860555946
24.3394975865
17.7586794879
18.0019331708
32.3516192988
39.5681247543
40.6809151568
39.2586677937
40.4657752155
41.6659277186
43.199117643
44.5530199178
45.0814914998
45.0588746474
45.2430519034
11.9414953206
11.8611696155
11.517145393
14.7545121689
14.9639329457
12.7594716068
12.3642862265
15.2648741
12.0673118165
17.0816310485
16.893351985
15.9005342283
14.5558187401
12.9351244451
15.6537414081
15.141089727
13.6500803776
13.3291167021
13.6355652314
14.2056960763
14.8716838874
15.9233568622
19.581358241
21.0711347888
19.4202730605
21.7982269641
23.1915268205
21.8711900841
23.2389003798
23.4653903663
22.2577737501
22.405893383
22.708960018
23.0557135841
23.4337451454
23.8946019466
24.366697764
24.8572096998
25.4177181222
25.9988500132
26.5891370929
27.1811078685
27.7000948171
28.100204461
28.4055494745
28.6605134707
28.8920943144
29.110552145
29.3285985546
29.5568500048
29.8090096916
30.1540317263
30.6462681826
31.1551091794
30.9703533446
29.4436852172
28.8066104619
27.2055831958
25.4489223746
25.0592909549
24.3173487252
20.2598155935
10.7424988111
2.38917026023
0.189594807502
0.0534050320574
0.628617410273
6.42291767507
19.3116955302
21.1392318906
44.4665923234
48.9090952585
48.3271420731
43.8064032327
40.7459253526
43.9019820628
49.0848869206
50.5064104332
51.8574102936
52.3643685678
12.764759658
12.8532353469
15.3880696465
15.3834552531
15.3971297453
13.3980167424
13.3969627888
16.0940585655
13.0686573628
17.84200855
17.3069133086
16.276268879
14.8174456192
13.3191361424
15.927305877
15.3175456717
14.0679844261
13.7751767975
14.0174849895
14.5217970209
15.1286421427
15.9558071251
18.971395483
21.8874253833
22.0226012967
21.1554043251
23.4097972251
24.1692109644
22.0320323701
21.8806658011
22.195150992
22.6437911149
23.062960121
23.4410189917
23.8354420982
24.2599199489
24.7303128203
25.2356379511
25.7703064163
26.3830046076
27.0226266255
27.6461376981
28.2007979052
28.6447772251
29.0027832485
29.3212891472
29.6255382983
29.9203577377
30.206278806
30.5038580979
30.902214132
31.5630568091
32.5358523907
33.3613537285
32.7111577665
29.5946806843
21.3517971295
0.00794093336247
8.73420322289e-06
1.6373508691e-07
2.77542192848e-09
8.02998425537e-12
2.28194624075e-14
3.95000575147e-19
3.0897062182e-19
7.5010962073e-19
5.05633190393e-18
2.36835763395e-17
8.74872492188e-17
5.55967796699e-16
4.35310373927e-16
3.77655416768e-14
2.14949034471e-11
2.16069645941e-09
1.63960361574e-07
3.77561093267e-05
0.635554129659
53.7794601649
58.0221900516
59.7672248649
13.536898125
13.7269562732
16.9969419421
16.0336709647
15.4839636888
14.0454973206
14.4007902216
16.7877871953
16.7611265807
18.7837058521
17.7788423561
16.7426192771
15.1604766004
13.8493077139
16.2177502875
15.4358777792
14.473422224
14.2306279353
14.4030821404
14.8278798337
15.4056975382
16.208561339
18.4405714772
22.1512801961
23.4033637559
20.8526100116
22.9466103719
24.2243813396
23.9025412521
22.349155093
22.2956551023
22.8728235287
23.4265763303
23.8786092584
24.2227710814
24.654184752
25.1135539379
25.6344811902
26.1844904688
26.8005229063
27.4838449871
28.1576824528
28.7391434662
29.2083812798
29.6282126566
30.0620462458
30.4789154815
30.8213662619
31.072560789
31.3804362218
31.9285309259
32.8714263223
34.2829988425
35.3021740798
28.6814088379
0.0117524977515
4.39126207776e-09
1.77824922595e-11
5.14240890172e-13
7.48640471597e-15
6.08254562894e-18
1.01493102817e-20
7.15429539606e-22
0
0
0
0
0
0
0
0
9.95040483747e-26
3.35606555464e-23
5.01995872906e-21
2.91241929488e-18
4.06793499808e-15
2.20289076999e-10
3.34535556653e-06
18.9570461592
62.0111341729
14.1677158128
14.3799008956
19.1591806803
16.5327349031
15.3159991492
14.6217000304
15.1195801765
16.8188853493
18.3503109005
19.8699763827
18.4071751698
17.3418776472
15.7524570655
14.6756942373
16.7151825909
15.709596856
14.9600135784
14.7372701177
14.828759777
15.170635803
15.6794966464
16.424451424
18.2253916474
22.028344058
24.399172373
23.5902436848
22.4222674327
23.5922449162
23.6248676736
22.2998887676
22.7537715002
23.3637451213
23.9668012397
24.3706288694
24.7309192989
25.0835706465
25.555508602
26.0615216985
26.6353254974
27.2689148517
27.9688324521
28.6943949148
29.3514796488
29.8472183736
30.3164987343
30.8720219349
31.4142013134
31.7667323667
31.938084208
32.2202498
32.8524437076
33.8796944648
35.39614019
29.1091958935
2.90794244175e-05
6.35754085454e-12
2.08499658763e-15
8.43086508758e-17
1.14952307499e-18
3.15230467884e-21
0
0
0
0
0
0
0
0
0
0
0
0
0
1.28210954965e-24
1.27405466627e-23
2.7930038764e-22
1.35428895793e-20
7.52067734269e-17
6.25993812274e-08
1.2067041168e-12
14.660364411
14.8614402439
21.2282424748
16.9136211766
15.412907778
15.1600655423
15.9243518232
16.1427404797
19.3025766921
20.647345745
19.0193656915
17.9574672611
16.5470374161
16.5839035322
17.4105923995
16.2265257229
15.6439705551
15.4428473141
15.3630750209
15.6010287771
16.0065878639
16.6758400562
18.2046225155
21.8948198259
24.8152895522
25.2462367488
22.1449234166
22.4646148141
22.3007025981
22.4242822895
23.0607529196
23.870583683
24.4723590932
24.9027476871
25.2781953912
25.7125806611
26.0621456616
26.5568412192
27.1272551225
27.7590088133
28.5244104868
29.3134677817
30.0126814585
30.4731554656
30.9444562541
32.1599558826
33.8220371364
34.3469720599
33.4087945384
33.3924627268
33.9441654666
34.9461179087
27.5843816055
3.3642969134e-06
5.07043615408e-11
2.27467738031e-22
2.29858967202e-19
3.75066489322e-21
0
0
0
0
0
0
0
0
0
0
0
0
0
0
0
0
0
0
1.98081905817e-23
1.34137794908e-22
2.47361215047e-20
93.8716987232
15.0962296299
15.2634070241
21.0504004955
16.3156212338
15.6035120028
15.6266227389
16.8401081961
16.120145291
20.1059149606
21.3751367349
19.6060030037
18.5322573841
17.1621359112
18.8333511255
18.3859128823
16.9487185272
16.4331141748
16.5199310633
16.1209187121
16.2012699205
16.4336368435
16.9663226186
18.3274941938
21.7477500179
24.6884036429
26.356885761
24.9372570355
23.8838515594
23.3505935863
22.7001759852
23.3748842934
24.5343145737
24.9194919862
25.4344577225
26.0908339948
26.3178003004
26.6664339013
27.1605589658
27.7417958925
28.3712510006
29.0758652394
29.9127812635
30.748684779
31.6359738911
32.7299421098
34.323704247
35.5866663694
35.4840923603
35.3260136087
35.8341028692
36.791021075
31.796110909
1.52995096415e-05
1.39653970953e-10
1.83550352109e-14
2.49296559607e-16
0
0
0
0
0
0
0
0
0
0
0
0
0
0
0
0
0
0
0
0
0
0
6.0949483096e-23
4.4362302031e-12
15.6057613501
15.7508529032
20.6738953894
15.9662279807
15.8957738354
16.0073964346
17.6260969238
16.5779417914
20.7997922004
22.0905497108
20.1932286291
19.1150320677
17.6824941626
19.5771763564
19.2907729786
17.7453533345
17.2106507476
17.4104879615
17.0304794567
17.0245206572
17.0646622817
17.3020136573
18.6116672219
21.7303985719
24.4159922962
26.6960625298
26.1524806183
24.3839283925
22.7034475301
23.2239836713
23.922174556
25.0407138687
25.8256012754
26.4558118208
26.9393099512
27.027051443
27.3536106781
27.8614465964
28.4515741372
29.1078923048
29.8126439596
30.7237752239
31.9061769343
33.4633671341
34.4997087249
34.8219143815
35.4504085174
35.8944705691
37.5926110888
39.7279645858
38.1594397037
0.000139408285218
1.85107588476e-10
3.19208545896e-14
6.54713166044e-17
1.58518651605e-18
5.32093306006e-21
0
0
0
0
0
0
0
0
0
0
0
0
0
0
0
0
0
0
0
0
0
1.02427656249e-23
1.35521144747e-23
16.3635884242
16.509276155
20.3273443028
16.2458731195
16.4612587683
16.4905920073
17.6155133843
17.309806189
21.294887809
22.7714256438
20.818234974
19.7516644716
18.3284962204
20.2596258871
20.1116001175
18.6399855184
18.0535024273
18.2818691918
17.9170450103
17.9956508224
17.9768124571
17.800430496
19.091149185
21.9010455607
24.2924483671
26.7972968176
26.7001040294
25.082522507
23.1826300399
23.4587347986
24.5812117842
25.181354229
25.8263141101
26.6781627083
27.8885581937
28.0762988923
28.3132234027
28.6672639248
29.2141846215
29.9476830507
30.7636336849
31.8051324919
33.7607061491
35.5329225488
35.6846875701
35.8031104238
36.8902388164
39.9804935005
44.0335893604
42.5395645378
3.98293812573e-05
6.61635953643e-12
2.73800429734e-16
8.97701751262e-20
5.63259706441e-22
1.14168177824e-21
1.75319719075e-22
0
0
0
0
0
0
0
0
0
0
0
0
0
0
0
0
0
0
0
0
0
7.57072867974e-25
3.43764543629e-24
17.5076423022
17.6111864571
20.6023775869
17.1942708274
17.6385230139
17.3510634662
17.9117474501
18.6518496933
21.3227138439
23.2791651575
21.5106009221
20.4637781511
19.0858640284
21.0360704582
20.961885687
19.7022665081
19.0879333309
19.3055851672
18.8116831449
19.0676745893
19.2112307735
18.5342600804
19.6368040509
22.2596420863
24.3588912159
26.6593826704
26.9498498755
25.7125381691
25.2639597041
24.346246843
25.0169997436
26.0645925588
27.3220490641
27.2798587093
28.1073428108
29.1403521089
29.3783775132
29.8160451362
30.2480701747
30.8759899778
31.8349991274
33.7760313765
36.5088993177
37.3624213472
37.0629942733
38.1729178428
42.6815674673
49.3971218293
48.5985032096
1.4326696429e-06
1.00241418478e-13
9.35890323137e-19
6.40367010886e-21
0
0
0
0
0
0
0
0
0
0
0
0
0
0
0
0
0
0
0
0
0
0
0
0
0
0
0
19.1083182773
18.9724628278
21.4080484043
19.112142207
19.6252087832
18.6278427093
18.8553616884
20.5985359969
21.5300055286
23.8975545261
22.3249150303
21.2621501866
19.9309136859
21.850647616
21.8078914307
20.8752602013
20.613494746
20.6477904437
19.7990396089
20.2406130824
20.7546331338
19.5946003181
20.0620821694
22.7034041527
24.6219159643
26.5338739976
27.13802212
25.8651211835
26.4654571008
25.9656610812
26.125181989
25.7617028102
27.0006952734
28.5767718421
29.0872883631
29.8601065451
30.4468181819
30.9057398014
31.5005084914
32.1481027973
33.6391309861
36.9000643425
39.1791945572
39.4589673043
40.0852607967
43.9507425918
52.0602188356
51.3138480766
2.03221080224e-08
8.94571784959e-16
1.56390029414e-18
7.16090004444e-21
0
0
0
0
0
0
0
0
0
0
0
0
0
0
0
0
0
0
0
0
0
0
0
0
0
0
0
0
20.8076851098
20.2559735007
22.2891771014
21.660943467
21.3621468343
20.1160212616
19.9035558522
21.7531875269
20.7449684093
24.3801401909
23.2436567318
22.1393027979
20.8549315616
22.6802130826
22.595655954
21.8565464435
22.7418654002
22.2700772061
20.9145100793
21.544305316
22.1239731438
20.9646926013
20.2199438048
22.7088855216
24.8155993969
26.4482162049
27.2182232586
25.9639076475
26.861699922
27.2766805742
27.4913182168
26.5588477234
27.2951388919
28.4936638827
30.0452322623
31.1123518447
31.7535273644
32.1735174502
32.7406472724
33.8835034464
36.9023304488
40.4022900867
42.0784431795
42.8987468149
45.4445558242
51.3166522347
48.6422521977
16.6776583803
2.40871202266e-15
3.4871188451e-18
1.22125629194e-20
0
0
0
0
0
0
0
0
0
0
0
0
0
0
0
0
0
0
0
0
0
0
0
0
0
0
0
0
0
21.6622123802
21.1684737368
22.8626351729
22.7351090594
22.4552425132
21.5332994598
21.1234546072
23.1588972265
21.8088032078
24.9981922525
24.173812779
23.0639152872
21.8531111876
23.5432511694
23.3993749111
22.6846668835
23.7300898504
23.3971835835
22.0104122807
22.8389482261
22.8853540278
21.7996528552
21.2858175163
21.5068247034
24.3432827347
25.9819152252
27.0328153611
25.9645291145
26.9570923484
27.8438108359
28.61319438
28.4369068017
27.6365722131
28.5769959752
30.3142675804
32.0208135232
33.1790618504
33.8715226561
34.4517117467
36.9459984802
40.932628642
43.9612408505
45.3666584589
47.0340319303
50.9116858086
44.6220661106
18.5903018174
1.27248753251e-14
1.14625714216e-17
3.2645996837e-20
0
0
0
0
0
0
0
0
0
0
0
0
0
0
0
0
0
0
0
0
0
0
0
0
0
0
0
0
0
0
21.7887103213
21.7609446883
23.2317203842
22.9878101307
23.1681615652
22.6460036924
22.1963899054
24.5431573714
23.5283332036
25.7981962614
25.1656994806
24.0230258473
22.9206303296
24.4549376308
24.2764528679
23.6485075085
24.5581738315
24.3875364279
23.1662042391
23.8912783788
22.6952794176
22.5821774711
22.3577719619
22.6321898779
23.476954842
24.4733867697
26.2346391843
25.8098850054
26.5484558177
27.9108832588
29.1066857062
29.8312777245
29.2149520805
29.4048751036
30.5347775259
32.2094620001
34.0993372788
35.6484773827
37.1119664789
40.88672968
44.8544686227
47.279484913
48.2674380682
49.7645605652
44.0695766125
22.2201012237
2.38998865243
3.98158804476e-17
8.91912968093e-20
0
0
0
0
0
0
0
0
0
0
0
0
0
0
0
0
0
0
0
0
0
0
0
0
0
0
0
0
0
0
0
22.0852566794
22.1983829914
23.5656556072
22.1493066422
23.4988894969
23.2817741182
22.9362035892
25.1938684398
24.4202458049
26.6248708848
26.2010138611
24.9887651101
24.0648064408
25.4026433548
25.1996252613
24.7485935545
25.4744897886
25.4880843666
24.4441369289
25.3229100469
24.0705878365
24.2504990082
23.6398657902
23.9444058242
25.3159499865
25.9413450997
25.9136568713
25.5920617079
26.118050309
27.8963581234
29.1552450943
30.1277423961
30.6240823414
30.5467987581
31.9513761199
33.001413424
34.8715825237
37.3284627512
40.4510491089
44.9541259512
48.4264496243
49.9007510491
48.7913291982
44.1322187208
36.5490225704
22.3300078628
3.34105489556e-16
7.60607495685e-19
0
0
0
0
0
0
0
0
0
0
0
0
0
0
0
0
0
0
0
0
0
0
0
0
0
0
0
0
0
0
0
0
22.8390667218
22.9167243299
23.9246051295
22.6091780301
23.79697342
23.6568705632
23.4746520978
25.4447367539
25.0599963966
27.252420276
27.2194297987
25.9028224718
25.2725431606
26.3423412548
26.089634582
25.8181451411
26.3603387868
26.674638934
25.7679357094
26.764143601
25.8667744585
26.3403515099
26.0984996461
24.9483261919
26.0806716637
27.0631520014
27.1874199898
25.4844787054
25.6247337266
27.8434524225
29.3476122813
29.8292739858
30.4787927934
30.9433657087
32.3444562631
33.6887373436
35.7773277957
39.0634833257
43.9748793693
49.0378039845
51.7087975362
51.4252822014
47.5785750398
40.0623053145
24.4245972272
3.7988036508e-15
5.30021204591e-18
2.14924776842e-20
0
0
0
0
0
0
0
0
0
0
0
0
0
0
0
0
0
0
0
0
0
0
0
0
0
0
0
0
0
0
0
0
23.7836352197
24.7992755777
24.4390094416
23.6241471336
24.3792474979
24.0932640751
23.9967743394
25.6687789643
25.6467805019
27.539738711
28.20844787
26.7267849147
26.3494967312
27.1227935701
26.9363542654
26.6398118744
26.7024862946
27.7589454664
27.1573575343
28.0279849123
27.8380228948
27.7002054147
27.5432653973
27.1568116064
26.4581835846
27.2348113132
28.1786248526
25.0652198062
25.1959146723
27.2196076101
29.4420928366
30.4449051641
31.2778959428
31.0466988541
32.2867153003
34.0131104657
36.3561877837
40.6885543517
47.4510623549
52.8925367769
54.340341241
49.4097669869
45.9422421744
40.3756231339
24.7285082955
3.5925318039e-17
9.16900526293e-20
0
0
0
0
0
0
0
0
0
0
0
0
0
0
0
0
0
0
0
0
0
0
0
0
0
0
0
0
0
0
0
0
0
24.513030155
25.5635397068
25.1910212925
24.5477561692
25.1210454501
24.7059822445
24.587284358
25.9742168835
26.2171561474
27.5689125517
29.0935150224
27.5198086039
27.0218400644
27.7761011847
27.8508702941
27.3908131662
26.9881696791
28.542352495
28.5802084332
29.1353836725
29.2003621478
29.3448932689
28.1621973774
28.1478841305
27.6952276303
28.8855354753
29.5574226163
26.9140796492
24.8625796234
26.3043139927
28.8350602814
30.6911240956
31.5888467191
31.6963852771
32.0543532837
33.9236560397
36.4080702713
41.9686101335
50.7387983901
56.758969916
55.1668304582
48.577709087
41.308831716
27.4935486777
0.792312582622
1.05927279487e-18
3.55975816109e-21
0
0
0
0
0
0
0
0
0
0
0
0
0
0
0
0
0
0
0
0
0
0
0
0
0
0
0
0
0
0
0
0
0
25.0583773772
25.9923319573
25.8476980445
25.2112480402
25.8441465217
25.4456276017
25.2516359663
26.4353219267
26.8307289442
27.2467970264
29.7169828569
28.3611378679
27.5166404635
27.8354149837
28.7768225839
28.2719179459
27.6163346275
29.2003654673
29.3942996862
30.0512957767
30.2205577299
30.6443608366
30.770392445
30.7407514407
30.3706249857
29.9599598605
30.9910216942
28.8469588088
25.0529089478
25.559561119
27.1559591899
29.584062095
31.4370620949
32.9018277023
32.6874989927
33.3424294519
35.6275624578
42.2062553459
53.7200276938
59.5134101762
54.6034121652
53.123590447
44.7939516143
27.6782748703
1.51771639123e-17
4.14973144139e-20
0
0
0
0
0
0
0
0
0
0
0
0
0
0
0
0
0
0
0
0
0
0
0
0
0
0
0
0
0
0
0
0
0
0
25.5706736214
26.3827064549
26.3845609669
25.690729389
26.4735012119
26.2632942297
25.917357126
26.9988434306
27.6359476564
26.8349502717
30.1195317326
29.290439281
28.1973644038
27.5410779696
29.5804557883
29.2149489066
28.5509595014
30.0215485388
30.0167751089
30.5288628106
31.2801901869
30.688479913
32.1719624864
32.6480799686
32.6294691022
32.6249461623
32.9096824363
31.9203106684
27.2470955363
25.3906433188
26.3199752854
27.7762812556
29.9829044769
31.6224378802
33.6097725333
33.6150668386
34.6069923286
39.6818439722
57.3916476825
61.3672206083
50.6173524357
46.8005467225
41.6204181602
22.9749360093
5.14933813259e-19
0
0
0
0
0
0
0
0
0
0
0
0
0
0
0
0
0
0
0
0
0
0
0
0
0
0
0
0
0
0
0
0
0
0
0
26.0504994297
26.7366217839
26.4831584469
26.042324524
26.9889021283
27.0096420545
26.4811016657
27.1257530482
28.6575996538
27.8285802049
30.4296527249
30.2877262509
29.1309101121
28.3111212274
30.3710822165
30.1563046808
29.7682230276
31.0795736937
30.9484941158
30.5827580946
32.4124998293
32.0924675948
33.2609586806
33.7775946517
34.217386642
34.7836272952
35.3244328667
35.3703095852
32.8608422199
27.0056202404
26.4657953579
27.3781313464
29.5267501964
30.6255626167
32.3660976577
33.9650990955
34.6992244384
35.5935204156
54.7005589191
61.370573311
55.5431295832
40.3753208388
29.4117477068
2.57614454707e-17
4.23927487521e-20
0
0
0
0
0
0
0
0
0
0
0
0
0
0
0
0
0
0
0
0
0
0
0
0
0
0
0
0
0
0
0
0
0
0
0
26.4701792756
27.0284143099
26.4792534469
26.5341868412
27.4987223761
27.5001625119
26.9991777089
27.1176789699
29.1922505802
28.8670532708
30.4184209136
31.2916007546
30.1087685126
29.5961657968
31.1858903042
31.0496002437
31.0997195294
32.0837612957
32.206860151
31.8062522918
33.461190763
33.6469965844
34.478963946
34.6493482886
35.8265806775
36.393541962
37.5195514381
38.5618222003
39.016529364
34.5993226802
28.6938588813
28.8084472438
28.7613742309
30.8446255307
32.2279990202
33.4229473551
34.3901200662
34.5747935235
36.1452427067
54.7987292407
60.764984464
49.0716827473
31.6925227006
1.05429425494e-18
1.29135441684e-21
0
0
0
0
0
0
0
0
0
0
0
0
0
0
0
0
0
0
0
0
0
0
0
0
0
0
0
0
0
0
0
0
0
0
0
26.9008983098
27.0411787413
27.2275537267
27.718879782
28.1103283316
28.007634875
27.6116132703
27.5817793083
29.2350257746
29.5596619818
30.2675683669
32.139371378
30.9889595904
30.6437191314
31.7598329631
31.9101432948
31.7555089618
32.6705919737
33.3972307627
33.3512563015
34.4778041589
34.8009645575
35.4766729843
36.393449382
37.2329060643
37.1930221762
38.9383925822
40.3758275226
41.9470559777
43.0286179806
38.0223118613
31.6975912426
30.7454270547
30.551082645
31.2263481746
32.136445468
32.8883884231
33.188284129
32.2171770005
35.9543491418
47.2528051751
45.2622028237
23.7285448371
7.87915251166e-20
0
0
0
0
0
0
0
0
0
0
0
0
0
0
0
0
0
0
0
0
0
0
0
0
0
0
0
0
0
0
0
0
0
0
0
0
27.3420495029
27.4365152557
28.8025028642
28.7439561655
28.6220417756
28.4835111664
28.2987608617
28.2332172447
29.4930484966
30.3066130519
29.8044584789
32.5032118439
31.8651284915
31.1080551173
31.6017765879
32.7794091677
32.2923160061
32.2256479617
34.2091599153
34.19487806
35.1533544645
36.0401696855
35.6266979497
37.7969538583
38.5439977392
39.5437316259
40.561023119
41.8009858279
43.5783664565
45.5325278254
46.7344716642
42.6545662962
37.6653641099
34.2277976544
33.2718736576
33.3399407479
34.3802672163
35.2724478677
35.4201118914
37.0642005692
34.0572322756
32.7825105977
3.83321841722e-18
9.96103423462e-21
0
0
0
0
0
0
0
0
0
0
0
0
0
0
0
0
0
0
0
0
0
0
0
0
0
0
0
0
0
0
0
0
0
0
0
3.02172071599e-25
27.6670908117
27.8645030402
28.0783611181
28.8486592343
28.8443227607
28.8421356313
28.9362707482
28.7580419606
29.815841154
30.953889953
30.3477691492
32.3287334733
32.9144861766
31.752800721
31.2357394228
33.4578579161
33.1497938086
32.8932102854
34.7879696799
34.9563037006
34.9538283566
37.2979697285
37.1969855789
38.6480075021
39.380043514
41.1441467634
41.9921977223
43.2265087876
44.9615479401
46.8663945089
48.695990408
50.9259964564
49.4628863692
46.6928214264
45.0094277545
44.7116522487
45.1376048922
45.9699714685
47.9090666732
55.536037203
35.9856392385
35.3256907735
3.20931289574e-19
0
0
0
0
0
0
0
0
0
0
0
0
0
0
0
0
0
0
0
0
0
0
0
0
0
0
0
0
0
0
0
0
0
0
0
0
7.57072867974e-25
27.9113200426
28.1416211562
28.0162995576
28.8620244831
29.2067083955
29.209501164
29.3511547321
29.0800522152
29.6307720613
31.2220417215
31.004477842
31.7903228645
33.8887716985
32.7347218619
32.2741244659
33.8542430453
34.1507694324
33.940393469
35.1936543682
36.0672897871
36.1045726397
37.99193453
38.4593758251
39.4072794105
40.8282993409
41.9746238541
43.3127439308
44.8126944326
46.239709132
48.3105112805
49.76386203
52.7233426743
54.7048715108
56.7172058501
56.2223785142
56.3785960859
56.6383459472
58.7208477834
62.5726974621
67.1115388008
64.7889606554
38.8854660389
4.33675422127e-20
0
0
0
0
0
0
0
0
0
0
0
0
0
0
0
0
0
0
0
0
0
0
0
0
0
0
0
0
0
0
0
0
0
0
0
7.57072867974e-25
7.57072867974e-25
28.188976218
28.4527889683
28.8848015162
29.7283703176
29.8625949725
29.6205208489
29.6031500661
29.3220632244
29.5263891831
31.0665690252
31.6657274925
30.9469737106
33.7271499396
33.8601953767
32.9664045724
33.4522302637
35.0785834591
34.6560471828
34.7662330719
36.8248929846
37.0282565802
38.4304539082
39.6560947318
39.4775145131
41.7549110337
42.2117370121
44.6957587117
45.6849302773
47.0177537299
49.3195202023
51.1855276147
53.1454701064
55.1409443913
57.4221948973
58.8887534254
59.5266254601
60.5262728491
62.3888167343
64.2854499087
65.164069405
62.7207797067
22.7098877906
6.03604841378e-21
0
0
0
0
0
0
0
0
0
0
0
0
0
0
0
0
0
0
0
0
0
0
0
0
0
0
0
0
0
0
0
0
0
0
3.69498769311e-25
7.57072867974e-25
7.57072867974e-25
28.4488658259
28.6852732045
29.7085347406
30.7119473084
30.1899765544
29.8885997427
29.7934784296
29.5831848188
29.6414568314
30.9289049006
32.0583326766
31.7523700033
32.8146477429
35.0314837639
33.8059469232
33.416937532
35.5686441841
35.5953432561
35.4480063777
37.277159068
37.9241357107
38.2565285305
40.545665035
40.8153604715
42.3858060973
43.7105356415
45.1165605892
46.2462278931
47.9549850322
49.5256361511
51.3924557752
53.1147966049
54.8896115064
56.9314073732
58.6970943092
59.9341359195
60.5961310079
60.8041897634
59.8278640807
58.5336666882
48.7269167471
1.55709791454e-19
0
0
0
0
0
0
0
0
0
0
0
0
0
0
0
0
0
0
0
0
0
0
0
0
0
0
0
0
0
0
0
0
0
0
4.6000368425e-25
7.57072867974e-25
1.21379235623e-23
1.28077616759e-23
28.6635645562
28.8155961629
29.4554219582
30.1347974917
30.1553817551
29.9678408753
29.8914447325
29.8443549138
29.7082471098
30.4252180208
31.8705877685
32.430271662
31.788270195
34.5516806175
34.9743227842
34.0412525454
34.8703519986
36.4891561932
36.1942726485
36.7918761047
38.8146766185
38.9612579227
40.820684477
42.0351764934
41.90918785
44.2733642373
45.5356393286
47.2310130628
48.3469246797
49.6921456068
51.97142862
53.4774226097
55.2213500485
57.0518724819
58.3043376861
60.0099390566
60.8038390433
61.198627592
61.6176183811
56.8235950414
45.6057435033
4.78482853891e-20
0
0
0
0
0
0
0
0
0
0
0
0
0
0
0
0
0
0
0
0
0
0
0
0
0
0
0
0
0
0
0
0
0
0
0
9.42171440281e-24
3.18025230205e-23
4.73992178356e-23
28.8824518248
28.9642636023
29.4357815403
28.5926344497
29.7482922379
29.9206675447
29.8848719084
29.9491929997
29.6210948833
29.9847265963
31.4364152708
32.7397183282
32.7108580741
33.4187724267
35.7973147696
35.1131476989
34.7717626469
36.9597907538
37.3698671298
37.0725565954
39.2883034671
40.0269469441
40.3010189836
42.2364931413
43.0249758803
44.4266226091
46.2535476886
47.4925171211
49.074875863
50.687655509
52.3519702187
53.9116126482
55.8665155066
57.7641108387
59.4280427096
60.7403590427
62.5001660942
64.0409032851
66.3540956256
55.5880356959
43.3778898074
1.41915112878e-20
0
0
0
0
0
0
0
0
0
0
0
0
0
0
0
0
0
0
0
0
0
0
0
0
0
0
0
0
0
0
0
0
0
0
4.2895270118e-24
1.53670677789e-23
2.16046184701e-22
1.46501413229e-18
28.9491911035
29.0391031766
29.9261164005
29.0921315687
29.5128679229
29.7812802642
29.7994842774
29.8459476069
29.586784282
29.7177013432
30.6492446057
32.2718934437
33.4615554976
33.3733033584
34.8712294092
36.5135981477
35.5711632402
35.4796038027
38.0685768462
37.7097834406
37.9888015782
40.4072296634
40.7518757306
42.3242311209
43.6288626359
44.4238601867
46.3226487236
47.7652666558
49.5915698646
50.7792890365
52.6211961147
55.0158709289
57.2386517316
59.1216995063
61.101519503
63.3094280056
65.1279578223
66.1737800641
71.1572939802
54.9848303339
41.7613176089
3.78343551821e-22
0
0
0
0
0
0
0
0
0
0
0
0
0
0
0
0
0
0
0
0
0
0
0
0
0
0
0
0
0
0
0
0
0
2.70667571593e-24
8.99730845188e-24
8.63223683298e-22
2.50223136371e-19
1.20826181244e-09
28.7206626885
28.8128323159
29.6503564453
29.8272854181
28.8995325056
29.5544504205
29.7025939958
29.7921085868
29.7956169964
29.5992458122
30.0086769503
31.5080637501
33.0712760356
33.9317934012
33.7377376911
36.3345090575
37.0188161879
36.0261792732
37.8625261442
38.6988507461
38.4478854431
40.4034521806
41.5059833854
42.5031728635
43.9156807587
45.3679058887
46.4925725848
48.6263839645
49.6549851205
50.8646515694
53.7716202972
56.0520836352
58.3558121492
60.3899742362
63.3238570227
65.795858564
68.3541107435
69.9531757034
76.684870509
50.2843944844
40.0383545565
2.59955567293e-23
0
0
0
0
0
0
0
0
0
0
0
0
0
0
0
0
0
0
0
0
0
0
0
0
0
0
0
0
0
0
0
0
0
8.69860631554e-24
1.07717935615e-21
2.47712847796e-19
9.30242451977e-15
0.000188612867173
28.5298611665
28.6031767831
28.6643573333
29.9978382022
28.8824781119
29.4243678407
29.7146708408
29.8399991534
30.0180762242
29.6830261379
29.9008448476
30.3873487044
32.2778411054
33.9264994167
34.1248867144
34.4140185777
36.9132177279
37.0503410144
36.9508115924
38.8609516349
39.4781098007
40.0389366121
41.7535665151
42.9255992313
44.1810182478
45.5008667992
47.0937539502
48.5548229559
49.9829274991
52.1103161079
54.3486783778
56.7002398319
59.3806678034
62.4897058685
66.2186347712
70.2877449977
73.3794715692
77.3446093826
87.0826190832
51.5407356514
54.2356740486
6.32342374538e-23
0
0
0
0
0
0
0
0
0
0
0
0
0
0
0
0
0
0
0
0
0
0
0
0
0
0
0
0
0
0
0
0
2.70667571593e-24
6.42108148918e-22
1.44611997977e-19
2.14069786333e-15
5.35878230892e-06
70.5497363774
28.7527087144
28.8341013695
28.8545969096
30.5302412642
30.8439637134
30.0820673445
30.0037042131
30.0216506465
30.1379015368
30.0396195723
29.9222433887
30.3857200849
31.3675145879
33.1625162974
34.6147920813
34.4399537215
35.7732519236
37.4465335915
37.5597309447
37.727370915
39.7567146911
40.6913047882
41.3734316719
43.0794951345
44.3637491847
45.5205768067
47.1113174922
48.6720407106
51.1479458616
53.284763433
56.1180283857
59.3340194856
62.0586891964
65.5282529064
69.7696092736
73.9919778253
80.5233157707
91.1350427032
99.9992329091
99.7410082041
71.3857827154
6.32342374538e-23
0
0
0
0
0
0
0
0
0
0
0
0
0
0
0
0
0
0
0
0
0
0
0
0
0
0
0
0
0
0
0
0
1.34895450106e-22
4.4186299451e-20
2.11291932158e-16
5.09609027496e-09
71.3765259883
77.6902526533
29.1612445594
29.2295556515
29.6463848904
30.6045043025
31.4754342878
31.0964662606
30.8713318332
30.5131349506
30.3913125242
30.4889628878
30.0895519063
30.429512557
30.6413501452
32.0859741186
33.7382693752
35.0319629124
35.1975971818
36.9823134633
38.0155050009
38.2786022894
38.5118116713
40.674496108
41.8034740075
42.8610757503
44.25146906
46.0266506577
47.4852981113
50.1033538685
52.1591671349
55.2440388556
57.5792047157
60.3933192151
63.4421288743
67.260337029
71.0883637097
76.4957473593
86.0442674802
98.2540455907
99.9999999974
99.9999351305
51.1775130089
1.697643189e-25
0
0
0
0
0
0
0
0
0
0
0
0
0
0
0
0
0
0
0
0
0
0
0
0
0
0
0
0
0
0
0
6.78081867148e-24
6.28784168885e-21
1.64532271836e-17
4.38571201218e-12
40.8322687571
68.1846337382
70.3303059437
29.29481895
29.2442452555
29.8117208525
29.9212305518
31.0370278697
32.1679639073
32.4951413914
31.4000979262
30.7863822937
30.6424428936
30.525103985
30.1606001767
30.7304917698
30.8260839812
32.2027304659
34.2117463465
35.4860198796
35.8390381462
37.5602467213
38.6173311066
39.1113025372
39.4895508043
41.6625189547
42.8563108737
44.2161302558
46.2295633819
48.4249132238
50.4609797897
52.9346205964
55.0307558428
57.2591938339
60.5540791267
64.6039278621
68.0475851372
71.4743446951
77.8918634201
83.8942272587
90.0776766201
99.9983663847
17.6284301293
0.545461291247
0
0
0
0
0
0
0
0
0
0
0
0
0
0
0
0
0
0
0
0
0
0
0
0
0
0
0
0
0
0
0
0
1.30927082818e-22
6.9113235152e-19
3.18388212155e-14
0.000168158267842
60.1380473613
60.3969259217
60.1679015011
29.2020480544
28.8352381507
28.9581662294
29.1843912795
29.7454946933
31.4890081856
33.0203452187
31.9216055518
31.1131582397
30.7242775602
30.6787635146
30.2878298459
30.6957881483
30.9139752806
31.4929683614
32.5201839553
34.9514285581
36.1671858034
36.5584803607
38.1731146619
39.2536956214
40.0141083214
40.5521191281
42.661569773
44.4881074533
46.2477122976
48.1364671
50.1056708088
52.5648726399
54.8204471775
58.822090815
61.9766783633
64.9407190767
67.7167131654
71.8374486999
75.7541265502
77.9106535028
73.1434700451
67.1664037146
3.35978844164e-12
0
0
0
0
0
0
0
0
0
0
0
0
0
0
0
0
0
0
0
0
0
0
0
0
0
0
0
0
0
0
0
0
0
9.62955206272e-21
2.70248961066e-16
3.23446919349e-09
51.6743421112
53.1885838807
51.3051985528
49.9252907739
29.2325756958
28.3225276264
28.244352085
28.4487815405
28.8604692248
29.9921996935
31.6485839607
32.0729157767
31.2341460088
30.7613905713
30.5733125475
30.6174920008
30.152270178
30.8434669104
30.9899148774
32.4550818489
33.6246803062
35.6374200398
36.8706874292
37.4234846409
38.7517384643
40.0585266967
41.1926895734
42.2389599144
44.4784935921
46.5251986995
47.8724032082
50.6166320318
53.0081223646
56.9216538484
59.1665863472
61.534942349
64.2979055484
67.8399045059
72.3576218346
77.2802416041
81.9658961474
88.2153829645
86.8845589411
76.2394447841
0
0
0
0
0
0
0
0
0
0
0
0
0
0
0
0
0
0
0
0
0
0
0
0
0
0
0
0
0
0
0
0
7.24641811942e-24
1.05612250095e-18
1.05028602803e-12
29.7611079659
51.1749269308
47.7040788461
42.2039615342
41.382582467
29.3583387287
27.9167686934
27.7060361267
27.7477679291
28.0620733144
28.7608637416
30.2251274588
31.8816086911
31.3852193473
30.7800266774
30.4720548356
30.4153200296
30.4411109051
30.1738667139
31.2295216986
31.3361643543
32.9605634562
33.9974482478
36.0371495151
37.3784502331
38.5517454702
39.0016427424
41.2526750824
42.7374666587
44.4827055926
46.5183922814
48.7595077931
51.2403255379
54.863818052
56.7026884872
58.2823977403
61.9422622394
65.4963120079
69.6171831277
74.4645258815
79.7056848488
86.7163294473
99.9057418331
30.9264179481
1.17236204474e-06
0
0
0
0
0
0
0
0
0
0
0
0
0
0
0
0
0
0
0
0
0
0
0
0
0
0
0
0
0
0
0
0
8.7658333869e-23
2.35112544166e-16
0.000682226796778
52.2176133336
47.1420019731
41.4534627475
36.4300827309
34.6094402071
28.7766616386
27.6215728233
27.2644666557
27.2630413715
27.3897164381
27.8561271653
28.414615561
30.5778350047
31.5419259415
30.8913969227
30.4166301335
30.221224184
30.2859897398
30.3146872286
30.9890139925
31.3777763313
31.4973702957
33.4673512343
34.6310331342
35.7841581402
38.282370754
39.4604304996
40.7178700258
42.7338323475
44.6445494825
46.5927771274
49.2239502686
52.2720304631
54.1455303028
55.4649131197
59.4480130391
62.7142705513
66.2022031868
70.1098705534
74.227625074
78.5814819833
83.451364973
79.5588384972
4.21607097223e-08
2.34090729548e-07
0
0
0
0
0
0
0
0
0
0
0
0
0
0
0
0
0
0
0
0
0
0
0
0
0
0
0
0
0
0
0
0
1.03445065924e-19
6.09965985323e-11
54.265116106
53.6710125966
44.1042952173
36.7371540512
33.0011505892
32.1930183381
27.8711634014
27.4071682751
26.9589406471
26.9260986934
26.9680931389
27.1371109326
27.9039820837
28.6912583935
30.6639255346
30.988896652
30.4363342425
30.0979955941
30.0189107019
30.2289797423
30.1410587112
31.0381665234
31.4606339389
32.7245129316
33.9577188129
35.4551395373
37.0258868453
39.3475838584
40.841485288
42.6394245004
44.3706917102
47.1439341343
49.4490792156
51.7888438126
53.2721397178
57.0261964481
60.0953402486
63.557690397
66.9932360118
70.4137722776
73.4163932651
74.1337396055
73.6357316492
58.1493640367
5.91641586962e-07
0.104116984599
0
0
0
0
0
0
0
0
0
0
0
0
0
0
0
0
0
0
0
0
0
0
0
0
0
0
0
0
0
0
0
1.96461893047e-24
7.71145413312e-17
48.6739966917
60.1964810862
51.0315245876
42.4055943632
35.7370021463
32.0131747878
31.5078165621
27.3155009185
27.045004446
26.7376270068
26.5697036268
26.5629557201
26.583500274
26.8669860007
27.9334967831
28.6654316525
30.5226026288
30.6593462414
30.1446333709
29.8794945009
29.872076565
30.0280461036
30.0912143559
31.383094973
31.8609888724
33.29014003
34.2217119575
36.7506873301
39.0023540728
40.7248746783
42.2876261186
44.3257240447
46.8570017842
49.9508994515
51.6170405897
55.020580019
57.8303279689
61.3110317009
64.0898518532
66.9102177624
69.3841737555
70.5053405389
70.0711314883
68.990525886
51.5572441807
7.83805621863e-07
55.2134416658
0
0
0
0
0
0
0
0
0
0
0
0
0
0
0
0
0
0
0
0
0
0
0
0
0
0
0
0
0
0
0
6.12732286893e-23
9.32414929144e-05
62.8973172819
56.8724679813
48.6405133968
41.6076915452
36.3585390933
33.4742947878
33.5326490246
27.248520328
26.589486005
26.4353131286
26.1050249054
25.9651757116
25.8798024267
25.8817281007
26.4454931395
27.6095030419
28.572859007
30.5851717619
30.4805462523
30.0063263108
29.8045303075
29.8560229396
30.1518114942
30.3503581982
31.686849831
32.3493413349
34.3139348003
35.9952313415
38.5739408073
40.4389458483
42.1191265772
44.4005425423
47.3826693625
49.8701108602
53.1863849729
55.7953181988
58.9875987521
61.6693159716
64.7310123297
67.2509530155
69.1370979135
69.7123028177
70.0477485417
70.028818678
58.0549038332
2.86447936563e-06
89.3712499064
0
0
0
0
0
0
0
0
0
0
0
0
0
0
0
0
0
0
0
0
0
0
0
0
0
0
0
0
0
0
0
2.60189681551e-18
55.5118663735
61.314718887
53.6474239228
47.1446079587
41.7185407687
37.815587193
35.6153066144
34.173449188
27.2937778076
26.1410810756
25.7968364027
25.3684714974
25.0455466926
24.8973379051
24.8661935358
25.0350846469
26.2870883597
27.041254454
28.5638427943
30.2741623068
30.4280994291
30.0850940857
29.8923860734
30.0433498685
30.5064109719
30.8861236345
32.4863464621
33.6298996098
35.921730999
38.0214352554
40.1638468649
42.5051829241
44.7477510367
47.520142323
51.0035494136
53.7526573819
56.9067192295
59.5770469761
62.9836922267
65.2604314393
67.2196320743
69.1015301119
70.8224341535
71.8010555062
69.7688195865
59.63129775
4.85896856099e-05
99.9295437121
0
0
0
0
0
0
0
0
0
0
0
0
0
0
0
0
0
0
0
0
0
0
0
0
0
0
0
0
0
0
4.32833823671e-24
47.9559047812
64.071485775
58.9627571188
52.1844699945
47.075153191
43.0773966156
40.1065375303
38.5001465468
37.5958587367
26.197529558
24.9220897788
24.2750582923
23.9949991056
23.7276484316
23.6138211879
23.6606305082
23.8358644015
24.5304625066
25.9534305398
26.730068079
28.4910209854
29.8324232399
30.2825403832
30.20207844
30.1582501005
30.5288626236
31.179659781
31.8775701323
33.7812336261
35.4808454965
38.0526248326
40.4905114493
42.8170352031
45.2707927925
48.3782456481
51.1303376072
54.7660051454
57.4177398597
60.7052508919
63.2117496844
66.0583659497
68.1231194973
71.0201018371
73.051302525
72.0184651048
72.6958310115
69.4626741307
0.000724089932754
100
0
0
0
0
0
0
0
0
0
0
0
0
0
0
0
0
0
0
0
0
0
0
0
0
0
0
0
0
0
0
3.10958874102
65.9832685616
63.2410041772
57.6172382378
52.3292581483
48.4759430317
46.6332517625
45.0559444408
43.3822194525
43.0764113821
24.0975664274
22.1466149666
22.1227148786
22.1877435923
22.1773433128
22.2285036857
22.3898489093
22.6714973309
23.0651808118
24.7229521754
25.9096969882
26.6682973869
26.5574412993
29.4999468854
30.1413192989
30.6083236679
30.7915541013
31.2442337107
32.1851333637
33.3172049341
35.5374534556
37.6776597805
40.5459835841
43.1765730942
45.5254100117
48.5825278139
52.1643973053
55.0995879804
58.4313548425
61.1572925633
64.6973251942
67.0607845474
70.0205994035
74.3200748184
75.3673227874
76.9136563221
78.9374330333
77.9881535621
0.0015681050558
100
0
0
0
0
0
0
0
0
0
0
0
0
0
0
0
0
0
0
0
0
0
0
0
0
0
0
0
0
0
2.95842718305e-23
61.6004228511
63.5466317518
61.2350396202
57.2152220774
53.7443596277
51.5656287561
51.1752755444
52.6059630451
49.8020192484
51.7910231374
22.5220268276
20.8014864826
20.661012551
20.721999455
20.8864180771
21.0642304189
21.3180596603
21.6501275787
22.0670197799
22.6577140826
24.496220602
26.2223413971
26.5361516861
27.0824601814
28.539959954
30.3335890596
31.2881703104
31.4885072202
32.5222985193
33.6759095168
35.1864518311
37.9489934374
40.9216488127
43.4684616941
46.062971928
49.2943145106
52.2144479443
55.9703657182
58.7007287933
62.0705747274
65.1381091985
69.1212574775
73.4985927176
76.364762883
78.5378175821
80.9291073455
80.564043346
80.4162221467
0.00424695628266
100
0
0
0
0
0
0
0
0
0
0
0
0
0
0
0
0
0
0
0
0
0
0
0
0
0
0
0
0
0
56.9757834262
60.3866037708
62.0711709583
60.499509638
57.8624191233
55.7477727007
54.516699597
54.0544153863
56.4774942663
55.0145251766
54.2325764191
21.7211347723
20.4574089141
19.9442765488
19.9763019276
20.1984921495
20.3856889942
20.6011123474
20.8963317978
21.2618299176
21.6833958607
22.5037619273
24.5467793511
27.0199435042
27.4171392858
27.9751165738
29.1777358232
30.8444664072
32.0900961341
33.4822325205
34.0293245361
35.736290487
38.0923383087
41.0658185033
43.724575508
46.138181842
49.2891656506
52.9617824374
55.8373447034
59.2724139251
62.485708939
67.8051665134
71.9076993501
76.1853659338
79.322212036
82.0836638906
82.2709489261
83.6988211266
83.2357073603
0.00733940120713
100
0
0
0
0
0
0
0
0
0
0
0
0
0
0
0
0
0
0
0
0
0
0
0
0
0
0
0
0
1.86779024817e-17
69.7316167311
64.4770330052
62.8264085516
61.1917332465
59.2313721582
57.7407670962
56.7538994316
56.096401719
57.2279949602
56.8204516744
55.1173802775
19.9322989717
19.9016210835
19.4595502707
19.8508297882
20.1371286192
20.2113717939
20.2675929923
20.4039238704
20.6689984596
21.0355198537
21.5438066603
22.570653729
24.8202212044
28.0145285022
28.9588137436
29.2062465886
30.2308786351
31.6234611607
33.1558972488
34.8310544149
36.8166466495
38.2866437278
41.1029191971
43.8171608012
46.4514217957
49.6770606033
52.7561202026
56.549257221
59.5250977804
65.308537096
71.1645492101
74.9137576255
78.6542563751
83.0231983263
84.7562593644
86.3223979177
87.4422645122
84.8401197577
0.0051898464898
100
0
0
0
0
0
0
0
0
0
0
0
0
0
0
0
0
0
0
0
0
0
0
0
0
0
0
0
0
62.7175871712
61.7374009319
64.5607996021
63.421531451
62.3526825986
60.9010330651
59.7326540433
58.8450779382
58.1820451009
58.9937163015
58.2706218536
56.7738617994
17.6738990461
18.6283704136
19.1488035323
20.1547715217
20.3315886791
20.2861447996
20.1592695155
20.1264777273
20.2146592979
20.4862893376
20.8935722879
21.4846150309
22.8138891606
25.1139308712
28.2248753595
29.4292181976
30.6834272868
31.3582390301
32.750882128
34.3857880324
36.6493631242
38.7923194789
41.04799222
43.8038156765
46.5301110363
49.6988842414
53.4828147718
56.4821287672
62.4213281902
68.8829534839
72.4678390986
77.2211304941
81.7667191791
85.2265314961
87.997503125
91.3770249955
90.2174399861
88.5289758441
6.14323687276
100
0
0
0
0
0
0
0
0
0
0
0
0
0
0
0
0
0
0
0
0
0
0
0
0
0
0
0
0.0393551623752
79.9044028015
71.2170356927
67.6822319184
65.3421426762
63.9553819689
62.6505868853
61.6270124415
60.8312243582
60.2519263855
60.6410533137
59.6998777191
59.1766645028
16.8443165469
17.5353496219
18.9888819872
19.679376316
19.7959162957
19.8874427082
20.0076477921
19.9402269366
19.9085197285
20.0189009274
20.3268576516
20.7966400908
21.4927944857
23.3166891864
25.190417734
28.7344685324
30.5595466143
31.5350569967
33.0279680434
34.4750309154
36.5491666678
38.6003219583
41.0973414379
43.7720812069
46.6807660333
50.5198639707
53.7606501723
59.0565547301
64.9664099342
69.2853625634
73.9286455748
78.6817434247
84.2044675346
88.8148828565
93.630298524
96.0330644138
97.9443811123
99.8426610202
69.0995961381
100
0
0
0
0
0
0
0
0
0
0
0
0
0
0
0
0
0
0
0
0
0
0
0
0
0
0
0
81.6998654718
75.7150686284
72.3173972771
68.6959684035
66.5078409107
64.9437556424
63.7281745756
62.7796642893
62.0997889883
61.6794734667
61.3533445679
60.4934656004
60.5200698297
16.4710659256
16.7623707505
17.9531150341
18.8383312884
19.0427382512
19.2116794697
19.3932385387
19.585895682
19.6887216183
19.7052907989
19.8766786066
20.2548505433
20.8843636247
21.8345050949
24.6190654098
27.8558479975
29.1658396224
31.4278547702
33.3341781864
34.4978775697
36.1741134017
38.4036334269
41.2594334269
43.7425787998
47.4389653302
50.962833347
55.1464875834
60.1693632294
65.3147518974
70.0899022404
74.5791140307
81.4568466036
87.3834168067
94.4054527602
98.5277616568
99.8458546109
99.9964956555
99.9945527458
97.3974294336
93.8648198152
0
0
0
0
0
0
0
0
0
0
0
0
0
0
0
0
0
0
0
0
0
0
0
0
0
0
1.56534211297e-09
66.115001823
71.6504408985
70.252721676
68.3335858467
66.6273881517
64.7791308297
63.4924422714
62.4133992595
61.6153444642
61.554175071
60.8755190321
59.8155905038
60.4173277614
15.8915518971
15.9207099515
16.5018025767
18.0349278081
18.3396158002
18.5448944253
18.747326754
18.9728975597
19.2211503871
19.4973629384
19.5776124727
19.8566316059
20.4086692734
21.3086373611
22.6618196498
25.2266277496
29.0400575132
31.0528937153
32.0574689641
34.6077718819
36.862906243
38.5476313149
40.6679959126
44.3564355617
48.2331523834
51.0959286557
55.6430450629
61.1814806808
66.0052495267
70.1821005411
77.137849107
84.5711522488
91.3495854311
97.636394253
99.8402935152
99.9989501806
99.9999997258
99.9999989716
0.179673721163
0.00923557579012
0
0
0
0
0
0
0
0
0
0
0
0
0
0
0
0
0
0
0
0
0
0
0
0
0
0
84.5785949162
72.6745958042
71.616104945
69.2436786789
67.9148255954
65.8069939176
63.7408832098
62.1681062522
60.797914728
59.6385080504
58.7050899017
58.2925335959
57.9335088147
59.3370318867
15.101888945
15.0368424293
15.2835711156
17.3686552679
17.7313225732
17.9469143354
18.1479720441
18.3621924685
18.6107137506
18.9005422821
19.2658599145
19.5904989837
20.0184314756
20.7428602024
21.795503662
23.4188869633
26.7767342095
30.0682165727
32.0734346278
34.6803314027
35.5139053712
38.328903247
42.096661864
45.3982429083
47.4574204115
52.088708599
57.1830892255
61.0973771246
66.1305154762
72.6276095282
79.9754822562
86.0213337045
93.3949205688
98.8174679125
99.9986246071
99.9999999379
99.9999999997
99.9999968658
1.49694220947e-06
2.59169278989
0
0
0
0
0
0
0
0
0
0
0
0
0
0
0
0
0
0
0
0
0
0
0
0
0
6.80552758971e-22
80.1499025289
75.4316575851
72.2304162353
69.5378836813
67.3942020951
65.3867192664
62.5181091627
60.6337784654
59.1121067532
57.9181224752
57.0423761001
56.8366566859
56.1366254405
57.1436049435
14.3452817733
14.2732744962
14.3943064904
16.7565587282
17.1594493196
17.3923961687
17.5839025255
17.7767530961
17.9949665435
18.2677260868
18.6311116843
19.1131095482
19.7664630485
20.4031435992
21.2768135941
22.6424157764
24.4840354661
27.8702755969
31.6009583858
33.5639546334
35.8506343384
39.2533835004
42.6508027513
44.0198597438
48.3335908093
53.1137487976
56.7047777754
61.5601701977
67.701892721
73.2279949807
80.3604743627
87.8591894399
94.9814859904
99.9490377342
99.9999984823
99.9999999998
100
99.9451272559
3.52210924465e-11
100
0
0
0
0
0
0
0
0
0
0
0
0
0
0
0
0
0
0
0
0
0
0
0
0
0
91.0984648215
70.8207606626
75.6534883295
72.8856178943
70.1492879946
67.4517319045
64.6931446548
61.5607864496
59.3971545022
57.7550093785
56.5220433005
55.8133989361
55.7558833128
54.7747201362
53.9750184415
13.5187950339
13.813965877
13.6445424559
15.7210910434
16.5861065268
16.8611155593
17.0503543532
17.2153409826
17.3962791538
17.6392745604
17.9825988526
18.4650708337
19.0943560948
19.9272204419
21.0926676854
22.4730893247
23.8545676906
25.7049553361
29.0091215636
32.6870111728
35.5467158482
38.6312643348
40.7945459664
43.9447121805
49.2610501004
53.1652731746
56.0537527857
61.1485201515
67.286354462
74.845684637
81.952898155
88.3252266257
96.0779997978
99.9979034746
99.9999999977
100
100
99.6275069927
9.34494176755e-11
100
0
0
0
0
0
0
0
0
0
0
0
0
0
0
0
0
0
0
0
0
0
0
0
0
0
99.9995645588
89.1549733851
80.9938993283
75.7592816711
72.000380384
67.8843946567
64.1632124793
61.0791614248
58.7175224564
56.9493218328
55.6091442982
54.9660855748
54.6157153759
53.6094707796
52.9172155186
12.470382021
13.4515703984
12.662436354
14.5252286639
16.0403330227
16.2115808255
16.2705924925
16.3004794163
16.383546242
16.5758638841
16.9093831865
17.4144582048
18.1229701486
19.1098231348
20.4596393513
22.0801402988
23.7872275185
25.6166198734
27.3941366225
29.456022118
33.0891714154
36.6539536879
39.4873365045
43.65627733
48.5040830341
52.0323099833
55.8120892938
61.7579040358
68.5601465932
73.8998782866
81.2912099499
90.0770791999
98.2310624896
99.999778063
100
100
100
99.9921678229
0.000121172299685
100
0
0
0
0
0
0
0
0
0
0
0
0
0
0
0
0
0
0
0
0
0
0
0
0
53.2665721495
74.5446459844
87.8939876311
83.1281536872
78.4322933232
73.0236757081
69.1667693794
64.3875196909
61.1906045261
58.6127663861
56.7198409947
55.4666402312
55.2535945217
53.8615992501
52.8012097093
52.2591410427
10.9316454757
12.5292489046
11.3142265364
13.7893618796
14.6325349046
14.0947468438
13.4452163581
13.0302009609
12.9342198887
13.171922369
13.7354477934
14.6261317211
15.8461988026
17.4976584274
19.7378353826
21.9885627696
23.4468111506
24.885803215
26.5689423783
28.700304985
30.9409143627
33.4436074306
37.1265255668
42.6384913178
47.6707291522
51.95296758
54.6146407618
59.89765347
66.2851247141
74.3052520366
83.4744118548
91.7407003088
97.620596376
99.9999998297
100
100
100
100
0.00153948541281
100
0
0
0
0
0
0
0
0
0
0
0
0
0
0
0
0
0
0
0
0
0
0
0
0
100
99.9998332195
94.1311107849
87.117664956
81.2148415445
75.194032166
69.6256762854
65.2361722652
61.5568412568
58.6075946188
56.4982325932
55.199314046
54.5274572465
52.9657698151
52.1546368555
52.6686020547
9.4706364365
10.4570460304
9.80772758227
12.4430881893
11.8172609752
11.3471335809
10.6326303498
10.4982416646
10.8922828704
11.6583322669
12.7303749951
14.0644615954
15.610349836
17.3572521846
19.1741877523
20.7243702104
22.0252336107
23.4718206445
25.5538515205
28.3778194191
30.5588108667
32.9442886056
36.0331318041
40.2609038826
44.5273195628
47.7515198011
51.6853296965
58.729372777
66.3505164319
75.7635307954
84.4360779798
90.0832502179
98.5400489719
100
100
100
100
100
0.0228102363505
100
0
0
0
0
0
0
0
0
0
0
0
0
0
0
0
0
0
0
0
0
0
0
0
1.37881341764e-22
81.8858400567
99.8904912221
96.7876980671
89.9881678313
82.3675539338
76.8894913794
70.4993874856
65.6892220149
61.6076943054
58.1815168309
55.6728697351
54.2143272942
52.7639675047
51.4683354846
50.4931077892
51.8359152499
9.23280887989
8.4560690928
8.73065064298
12.9056598515
11.7023618714
9.89976734441
9.03297336637
9.36950447144
10.2651134365
11.4495751189
12.8491674042
14.442403107
16.1420531247
17.9620504809
19.8275647731
21.0222087549
22.1592052061
23.5840528672
25.3555951871
27.1676457273
29.1361576949
31.7411882128
34.883976966
38.6227511987
41.6491328722
44.7100805698
49.575158987
56.8020773758
65.8963972872
75.0373087401
82.6814053327
89.5244027897
99.6273752956
100
100
100
100
100
0.0912758834902
100
0
0
0
0
0
0
0
0
0
0
0
0
0
0
0
0
0
0
0
0
0
0
0
99.9239593012
92.7768564586
99.9921870274
99.8005417784
93.9500977973
85.2827813105
77.2834841462
71.0069708972
65.5969718258
61.1288081555
57.4279965506
54.4747670505
52.3430142957
50.2280021313
48.8205216102
47.7305184639
49.4442912006
10.7584323738
8.16246856488
8.22927319419
13.2671614708
11.8416746763
7.98966818129
8.05568957073
9.17360472622
10.7104487695
12.5091089333
14.5787606296
16.4889471974
17.5587341502
18.6362716556
19.7130799576
20.7693241139
21.9268057558
23.2604793256
24.7470768057
26.2962248772
27.9835345987
30.0610835474
32.8868505042
36.2987789881
40.0749706141
43.03920881
48.5143810404
55.3099645692
63.0032449562
72.0058449764
80.7440404393
89.551837291
99.2749988537
100
100
100
100
100
3.89661806504
100
0
0
0
0
0
0
0
0
0
0
0
0
0
0
0
0
0
0
0
0
0
0
0
100
100
99.9999999988
99.9999643128
98.6583819747
89.4375107931
79.7768559013
71.6869734121
65.2382290744
60.3689711927
56.413981407
52.0650626538
49.0227242921
46.7911026296
45.5348041279
44.5806491455
46.0806180525
11.4142335456
8.29889081911
7.51217221021
8.11984169795
7.18889048278
7.48987253354
8.99478042684
11.1471356161
13.7864637828
14.9272305019
15.8241148
16.7078683662
17.6193290994
18.626723145
19.7010076079
20.8382366605
22.049051898
23.2973917773
24.5246932747
25.698675526
27.049967853
28.9659673697
31.6423784477
34.3321859458
37.0738436818
40.5964345235
45.9702302367
52.9475691257
61.1553102262
69.6426913094
76.7199365084
85.7064482642
96.4288308056
99.9779424923
100
100
100
100
15.4288151157
100
0
0
0
0
0
0
0
0
0
0
0
0
0
0
0
0
0
0
0
0
0
0
6.86649368786e-22
99.9997278372
100
100
99.9999999474
99.9955331968
93.2989658196
83.0185767582
73.273702053
65.1502117386
58.9848997631
54.3841504339
50.4430284951
47.1565396911
43.9031249361
41.6585359882
41.4883042714
41.8627793345
9.28849046961
7.86339327899
6.68796097823
6.72498762747
8.16845520721
10.6249559711
12.9637606881
13.7479825021
14.5103015994
15.2911441676
16.1465253354
17.0615391621
18.0527106774
19.1421206899
20.3436928587
21.6428938234
22.9614673253
24.0725736558
24.5071603959
24.9804012349
25.6846412943
26.8344351532
28.5859539031
30.9267347027
33.6589839613
37.2684719918
42.7545417458
49.9167210666
57.6440941829
64.63820694
72.4180005285
83.2312910281
90.2705067753
96.2247751064
99.9997915368
100
100
100
77.6111982399
100
0
0
0
0
0
0
0
0
0
0
0
0
0
0
0
0
0
0
0
0
0
0
100
100
100
100
100
99.9999987372
98.2973592674
86.3541457709
75.2907131609
65.4117010628
57.6469708026
52.0081832159
47.2963079835
43.795782367
40.9808461712
37.2036592425
37.7313497763
37.1495222209
7.13309320622
7.73483481262
6.25546396704
6.27967696278
10.6836520704
12.8929184203
13.5844554119
14.3257185656
15.1411392284
16.0202186426
16.9565287667
17.953743318
19.0263966058
20.2098374343
21.5788498722
22.5963213801
22.7822583204
22.9281624538
23.0115987502
23.028244333
23.134360018
23.5992007323
24.8063246695
26.8390387908
29.2277814089
32.4806380909
37.8156471154
45.2197469504
52.2223501731
58.4654618153
66.0184081715
76.3961550399
81.1242887987
87.5271622406
98.5738171576
99.9999999886
100
100
97.7670486346
100
0
0
0
0
0
0
0
0
0
0
0
0
0
0
0
0
0
0
0
0
0
0
100
100
100
100
100
99.9999999993
99.9990710565
90.4704553982
77.7229550068
66.5980020532
57.0867524537
50.3461126639
44.5409329915
39.9321851142
36.8735360394
32.9099907545
32.6777852469
33.8202731756
6.16498095324
8.64425978686
6.03561996788
5.97915375156
12.6767760808
13.7089477342
14.5248910855
15.4320605243
16.3637301281
17.3176191526
18.2856599929
19.2550550622
20.2160711587
21.261616344
21.9737900267
21.9769329145
21.9311059128
21.8930207627
21.6247403365
21.0426943378
20.143498688
19.3318188435
19.2526798408
21.1732966731
23.1265446548
25.2483814309
30.510652657
38.6053167021
45.2663572737
50.1292946145
56.1871695245
67.0604227595
66.2127303134
73.5308453675
85.9838614214
99.9894298151
100
100
100
100
0
0
0
0
0
0
0
0
0
0
0
0
0
0
0
0
0
0
0
0
0
1.59261197399e-22
100
100
100
100
100
100
99.9999991457
95.3492479201
80.6140996806
68.1970972366
57.0793370908
48.739010354
42.9257401746
37.2037259253
32.2544052308
28.0301161068
28.7515362703
33.8286383308
3.43455864487
4.2761449297
5.41033040144
8.0723870182
14.2629238802
15.3712219644
16.4076975937
17.4747754642
18.562205067
19.5793212677
20.4695850174
21.1716040107
21.764345645
21.878381269
21.8304948867
21.5697038046
21.2920467997
20.9414693041
20.2291479328
18.7538769443
16.4219413703
13.4318065934
15.8230921801
18.816575372
18.4328717012
17.3489404205
21.3253307296
30.8577990649
40.3110297187
39.3196614647
43.9191086069
50.3374157944
50.5311453717
44.3374089854
67.5312899028
84.3584360928
99.9998275614
100
100
100
0
0
0
0
0
0
0
0
0
0
0
0
0
0
0
0
0
0
0
0
0
100
100
100
100
100
100
100
99.9999999939
99.1614553242
83.0853634675
69.1875408435
57.3374830747
47.9105146326
40.9846362345
35.6844916861
31.24711732
27.8505900478
28.7411465145
27.6151536793
2.49681691878
3.36406263145
6.83406989003
6.2911110167
15.3659537957
17.4001500533
18.9931250336
20.1141192646
21.2027073823
21.5905542054
21.9876065339
22.3439214161
22.5711136287
22.6628526684
22.5727558734
22.0112665157
21.8486667113
21.2225567429
18.8787191859
15.8987120405
11.8077692688
4.11308840462
0.940859697707
0.715766892432
0.725989241087
0.370569616617
0.173059837323
0.120978044729
0.934678813019
23.6377150322
0.08983166836
41.634426582
8.66859327131
41.2231870032
12.0435469086
55.5104568977
43.6173208723
99.8278728938
99.9999999999
100
0
0
0
0
0
0
0
0
0
0
0
0
0
0
0
0
0
0
0
0
2.57846476097e-24
100
100
100
100
100
100
100
99.9999999998
99.9848637809
83.900442022
69.6537588616
58.4737567273
48.7906916602
41.1318255697
35.6294261104
31.0220947191
26.8032177218
24.3996301659
17.8849409487
1.56805412645
7.13501752333
6.89704992204
5.75372716637
5.86405212477
8.29325583913
13.4783467524
14.9975529571
16.3351008354
17.8990612793
19.6253247575
21.2013058918
21.9126080833
21.1736877132
18.3858094106
12.6277051026
7.37868495713
6.91626676499
5.03673638075
3.16550120268
2.08102158119
1.2392646088
0.616878239761
0.333574202723
0.26975629625
0.171560322304
0.082916975989
0.0346079839187
0.0245133633059
0.00889256316319
0.00803147873105
0.000432323328401
0.108157223869
7.89101363621e-07
0.116661644142
5.60833584522e-10
0.949510767898
1.220073654e-15
7.71303853003e-15
100
0
0
0
0
0
0
0
0
0
0
0
0
0
0
0
0
0
0
0
0
4.2895270118e-24
100
0.00189436810617
100
100
100
100
100
100
99.9977421053
83.0290876813
67.9180883266
57.3591893138
48.0559923461
39.8500274828
33.3146363854
28.1669550221
24.1851337347
21.8326810093
12.4986057593
)
;

boundaryField
{
    frontAndBack
    {
        type            empty;
    }
    upperWall
    {
        type            calculated;
        value           uniform 0;
    }
    lowerWall
    {
        type            calculated;
        value           uniform 0;
    }
    inlet
    {
        type            calculated;
        value           uniform 1.53307255765e-21;
    }
    outlet
    {
        type            calculated;
        value           nonuniform List<scalar> 
20
(
8.82857471257e-24
0
0
0
0
0
0
0
0
0
0
0
0
0
0
0
0
0
7.57072867974e-25
1.71603607365e-23
)
;
    }
}


// ************************************************************************* //
