/*--------------------------------*- C++ -*----------------------------------*\
| =========                 |                                                 |
| \\      /  F ield         | OpenFOAM: The Open Source CFD Toolbox           |
|  \\    /   O peration     | Version:  v1806                                 |
|   \\  /    A nd           | Web:      www.OpenFOAM.com                      |
|    \\/     M anipulation  |                                                 |
\*---------------------------------------------------------------------------*/
FoamFile
{
    version     2.0;
    format      ascii;
    class       volScalarField;
    location    "803";
    object      p;
}
// * * * * * * * * * * * * * * * * * * * * * * * * * * * * * * * * * * * * * //

dimensions      [0 2 -2 0 0 0 0];


internalField   nonuniform List<scalar> 
6400
(
0.144096902696
0.144100224766
0.144109748822
0.144128475467
0.144156536691
0.144193957008
0.144240700299
0.144297867646
0.144366661462
0.144449036804
0.144551364565
0.144677064042
0.144823618621
0.144990936749
0.145180969393
0.145396401022
0.145639141691
0.145909324007
0.146204771748
0.146520030146
0.146849721263
0.147195685065
0.147565771182
0.147968056447
0.148407457651
0.14888386632
0.149393847335
0.149934714649
0.150505915646
0.151107936207
0.151741039067
0.152403130601
0.15308818035
0.15379001656
0.154505659185
0.155232506702
0.155970985973
0.156726423758
0.157497239659
0.158274820525
0.159059680995
0.15986291328
0.16068989031
0.161532496864
0.162379393436
0.163222314524
0.164054899463
0.164872051538
0.165669074438
0.166441781162
0.167186536584
0.167897551256
0.168565524817
0.169179551991
0.169736824462
0.170240390472
0.170685706686
0.171063647845
0.171372001452
0.171617591295
0.171807101752
0.171944989908
0.172036545691
0.172098264177
0.172150186537
0.172205379409
0.172260000386
0.172301037101
0.172323525393
0.172331073758
0.172327885488
0.172316590844
0.17229873491
0.17227719385
0.17225312885
0.17222878861
0.172205985841
0.172189825445
0.17217880106
0.172174033012
0.14409211476
0.144095661972
0.144104368389
0.144122651849
0.144152198057
0.144191059886
0.144238271977
0.144293686932
0.144360434479
0.14444255073
0.14454452153
0.144669223035
0.144816068365
0.144984311276
0.145174484811
0.145388552464
0.145630498623
0.145901314846
0.146198003815
0.146513712525
0.146841501009
0.147185440846
0.147554995916
0.147957377995
0.148397280938
0.148874436847
0.149384793765
0.149926293203
0.15049844532
0.151101223822
0.151734507535
0.152397085882
0.153083103762
0.153785108257
0.154500885552
0.155228053377
0.155966588941
0.156722627754
0.157494697363
0.158273368287
0.159058141101
0.159862218757
0.160692255496
0.161537225874
0.162385449479
0.163229828929
0.164063989688
0.164883019716
0.165681862376
0.166455260686
0.167199538538
0.167911683962
0.168583736899
0.169199878098
0.169758780023
0.170264733835
0.170708803932
0.171084161205
0.171391897265
0.171636437434
0.171823307536
0.171960117834
0.172051963778
0.172114915192
0.172168443725
0.172224286658
0.172278715225
0.172317140094
0.172336519188
0.172341481367
0.172336032628
0.172322588938
0.172302286061
0.172277758657
0.172251719353
0.17222614001
0.172203523192
0.172186637616
0.172175276239
0.172171332115
0.14407855706
0.14408437185
0.144092367406
0.144109235084
0.144137805427
0.14418081071
0.144231573777
0.144285423471
0.14434912974
0.144429535605
0.144530656359
0.144654821074
0.144801974034
0.144971043549
0.145161261916
0.145372003525
0.145611542911
0.145886710302
0.146186268606
0.146500528675
0.146824267523
0.147163345676
0.147532075736
0.147936721284
0.148377632692
0.14885482823
0.149366420014
0.14990972992
0.150483492997
0.15108761006
0.151721800179
0.152385524001
0.153073571102
0.153775484069
0.154490325264
0.155219084936
0.15595819883
0.156714017214
0.157487622322
0.158269695297
0.159060407177
0.159869146186
0.160699951903
0.161545481425
0.162395569298
0.163242437113
0.164079797707
0.164902276918
0.165704731329
0.166482298305
0.167230782762
0.16794508541
0.168616520755
0.169236049018
0.169801583316
0.17030941708
0.170751783021
0.171125386797
0.171431449965
0.171673908783
0.17185881478
0.171992765345
0.172084210974
0.17215116996
0.172210853866
0.172268466976
0.172317629111
0.172349589643
0.172363621087
0.172363662173
0.172353453415
0.172334791661
0.172309454518
0.17228049345
0.172250699977
0.172222487482
0.172198497964
0.172180333376
0.172168624778
0.172164179524
0.144058911578
0.144064932594
0.14407194642
0.144087567649
0.14411284444
0.144155809359
0.144219087136
0.14427320492
0.144332361894
0.14440978968
0.144509479066
0.1446333487
0.14478120012
0.144950375126
0.145140462985
0.145355066054
0.145598376252
0.145870716039
0.146162032809
0.146465609217
0.146785612499
0.147128254482
0.147499525662
0.147905011371
0.148347136775
0.148825848963
0.149339345959
0.14988489547
0.150460979576
0.151067000976
0.151703247397
0.152368627532
0.153058376336
0.153763113169
0.154476080561
0.155202717616
0.155945238828
0.156702340878
0.157475561337
0.158262149828
0.159060946353
0.15987633895
0.16071056826
0.161558528395
0.162411779721
0.163262631586
0.164104599371
0.164932042243
0.165739727713
0.166522707049
0.167276149458
0.167994254047
0.168669426243
0.169294470061
0.169864635689
0.170374015624
0.170816147663
0.171188450294
0.171492367452
0.17173205492
0.171913865716
0.172046111834
0.172141438031
0.172216767654
0.172281350538
0.172335434094
0.172378216308
0.172402303761
0.172407517055
0.172399008535
0.172380769164
0.172354322448
0.172321625044
0.172285093442
0.172248071954
0.172215647911
0.172189663735
0.172168030775
0.172152859735
0.172146553516
0.14402798328
0.144029580956
0.144038183609
0.144054331312
0.144082432273
0.144123242476
0.144181772925
0.14424055389
0.144303269026
0.144381255604
0.144479829254
0.144603631604
0.144752783693
0.1449273424
0.145124682064
0.145339844767
0.145576122216
0.145835522293
0.146116262068
0.146417106558
0.146738465253
0.147082739312
0.147455784367
0.14786306495
0.148306893834
0.148787537839
0.149303159293
0.149851528729
0.150430622943
0.151039710667
0.151678163566
0.152346979497
0.153040575462
0.153743791271
0.154456068397
0.155182070874
0.155923741706
0.156683720216
0.157461395999
0.158254242238
0.159061209309
0.159884163226
0.160723802588
0.161576147995
0.162434151841
0.163290484469
0.164138544888
0.16497248435
0.165786948014
0.166576822783
0.167336857525
0.168060994547
0.168742209476
0.169373604011
0.169948778446
0.170460704048
0.170903458019
0.171275013453
0.171577168296
0.171814694276
0.171995194743
0.172129355362
0.172231442852
0.172313671116
0.172377494761
0.172428136749
0.172464361561
0.172478369446
0.172470952908
0.172449224286
0.172418635113
0.172380912001
0.17233685514
0.172288379805
0.172242070928
0.172203163157
0.172170552388
0.172140634925
0.172121427072
0.172114348713
0.14397219529
0.143972714529
0.143986446763
0.14400347876
0.144034799704
0.144078183827
0.144133392822
0.144193110364
0.14426098962
0.144341491015
0.144438798175
0.144563269705
0.144721359049
0.144904763337
0.145101429953
0.145310370805
0.145536749904
0.145787085866
0.146062890567
0.146361579719
0.14668134753
0.147026075799
0.147401127433
0.147810812832
0.14825697091
0.148739467894
0.149257929259
0.149809371978
0.150392563423
0.151005528898
0.151648359403
0.152319405672
0.153013229704
0.153719973566
0.154429985936
0.155153023949
0.155896608141
0.156661358728
0.157445144608
0.158245472924
0.159061159178
0.159892634422
0.160739498725
0.161598245247
0.162462784556
0.163326218591
0.164181942346
0.165023967088
0.165846820234
0.166645235713
0.167413714687
0.168146080388
0.168835414472
0.169474438773
0.170055595816
0.170571347371
0.171016240092
0.17138877146
0.17169128868
0.171929541171
0.172112532286
0.172252282962
0.172362251523
0.172445953549
0.172507553416
0.172553046484
0.172581088283
0.172582250921
0.172557647846
0.172517084753
0.172469251718
0.172415439601
0.172354402386
0.172290032897
0.17223079206
0.172180549988
0.172135699488
0.172096538845
0.172073361645
0.172063554022
0.143887429381
0.143894225991
0.143916192461
0.143941016681
0.143968872177
0.144013195401
0.144070494833
0.144132976465
0.144204857267
0.144288566773
0.144390310063
0.144519037283
0.144685158667
0.144867927009
0.1450600485
0.145261033729
0.145481136511
0.145728907507
0.146002534882
0.146296375319
0.146613570991
0.146959115698
0.147335994083
0.147747683537
0.148196558996
0.148683072642
0.149203150431
0.149758225897
0.150346352326
0.150966357347
0.151613450283
0.152285109306
0.152979947571
0.153683348282
0.154393366804
0.155117805491
0.155865233949
0.156635875759
0.157426893399
0.158235657173
0.159060796434
0.159901856315
0.160757646292
0.161624779377
0.162497753088
0.163370048204
0.164235131312
0.165086951519
0.16591995695
0.166728771982
0.167507740585
0.168250541748
0.168950041849
0.169598382632
0.170187284868
0.170709149474
0.171159089413
0.171536200293
0.171843376806
0.172086967017
0.172276616484
0.172423970464
0.172538192912
0.172621390228
0.172685331477
0.172724730767
0.172736384411
0.172716768092
0.172668979181
0.17260461387
0.172534182147
0.172458377477
0.172374604573
0.172289425659
0.172210839106
0.172141757869
0.172080105084
0.17203264268
0.172006184007
0.171993933993
0.143786799825
0.143799631466
0.1438246498
0.143859624169
0.143890540678
0.14393714496
0.143993251908
0.144059170915
0.144136139828
0.144218349999
0.144329127081
0.144471155734
0.144635903138
0.144815348698
0.145000866848
0.14519490876
0.145414121407
0.145662324378
0.145931246494
0.146220289194
0.146535505162
0.146881385687
0.14725989931
0.147674635664
0.148127162738
0.148617036223
0.149141355368
0.149697117292
0.150292551304
0.15092202614
0.15157145551
0.152241144371
0.152934607957
0.153636735165
0.15434684199
0.155076465019
0.155830028007
0.156607487457
0.157406528255
0.158224610019
0.15906009965
0.159911919912
0.160778299976
0.161655781424
0.162539168415
0.163422225365
0.164298532307
0.165162045697
0.166007178303
0.166828479253
0.167620167977
0.168375732902
0.169087700913
0.169747723922
0.170347260672
0.170879088495
0.171339019834
0.171726455492
0.172043850455
0.172296945849
0.172495053656
0.172648135398
0.172763955167
0.172849171551
0.172910914785
0.172948164202
0.172937759379
0.172887907012
0.172809510355
0.172714951324
0.172615555422
0.172511040744
0.172399057015
0.172285108945
0.172176449576
0.17207964232
0.172000834897
0.171946719094
0.171919280297
0.171907663945
0.143675389864
0.143691743481
0.143717310556
0.143748229063
0.1437868988
0.143842477084
0.143899610721
0.143967851946
0.144053573058
0.144141927851
0.14425134229
0.144402702093
0.144570669669
0.144744810875
0.14492461666
0.145118583399
0.14533743022
0.145582808062
0.145847360193
0.146133741273
0.146447619875
0.146793048397
0.147171723305
0.147588607721
0.148048722229
0.148540943714
0.149069985064
0.149633635492
0.150231308573
0.150862817927
0.151518301124
0.152193682356
0.152878481793
0.153577349117
0.154292799979
0.155029653923
0.155790672482
0.156575964028
0.157383872604
0.158212166839
0.159059029843
0.159922896256
0.160801535452
0.161691328197
0.162587189592
0.163483068062
0.164372676843
0.165250030994
0.16610953489
0.166945676273
0.167752566795
0.168523513213
0.169250777626
0.169925838041
0.170540430586
0.171088108836
0.171565192093
0.171970130142
0.172302803307
0.172567765704
0.172775564897
0.172934969483
0.173053090657
0.173134958881
0.173184280112
0.17321189251
0.173193818282
0.17310530787
0.172986267359
0.172852719071
0.172715674856
0.172576425572
0.17243094313
0.172275944071
0.172119511823
0.17198573778
0.171891583381
0.171835763416
0.171810423735
0.171802250268
0.143551312102
0.143569842877
0.143599587921
0.143629697023
0.143671582454
0.143727911897
0.143787934394
0.143856900757
0.143943717743
0.144049740889
0.144165013447
0.144317199585
0.144486548119
0.144657496797
0.144832027256
0.145029061082
0.145251329161
0.145491993607
0.145751302673
0.146035447445
0.146349173997
0.146695355033
0.147074659071
0.147490743193
0.147957477214
0.148458491646
0.148985527304
0.149556175365
0.150159570917
0.150795846549
0.15145511619
0.152129449078
0.152814135301
0.153511670508
0.154232110779
0.154977114256
0.155746784498
0.156541012633
0.157358730675
0.158198166684
0.159057501814
0.159934803641
0.160827424404
0.161731525128
0.162642021772
0.163552975461
0.164458230511
0.165351886997
0.166228346723
0.167082031286
0.167906971574
0.168696397801
0.169442576314
0.17013732243
0.17077325286
0.171344897335
0.171848140396
0.17227794478
0.172629302963
0.172908675772
0.173133053023
0.173304683614
0.173424884288
0.173494153864
0.173517767029
0.173508002294
0.173470513702
0.173378324874
0.17320649821
0.173018225498
0.172834698362
0.172659739335
0.17247808165
0.172262963455
0.172026223517
0.171842462393
0.171737509785
0.171689282664
0.171670682358
0.171668424702
0.143409142767
0.143426804281
0.143459309135
0.143494860103
0.143545673709
0.143597191579
0.143658518694
0.143730576526
0.143810440001
0.143926486066
0.14405690682
0.144210455156
0.144380668045
0.144552885064
0.144727194675
0.144925473349
0.145149586953
0.145387545002
0.145643066527
0.145924160146
0.146237114103
0.146585575756
0.146970341517
0.147386881322
0.147849735134
0.148363555062
0.148899481898
0.14947063634
0.150076405713
0.150709114514
0.151375589244
0.15205375084
0.152737837621
0.153438477784
0.154165384776
0.154918928804
0.155698062174
0.156502316864
0.157330898425
0.158182468049
0.159055412907
0.159947605811
0.160856004389
0.161776487126
0.162703906127
0.163632414018
0.164555992769
0.165468817345
0.166365254334
0.167239642985
0.168085992786
0.16889766867
0.169667397665
0.170388013169
0.171053562239
0.171659211873
0.172198383277
0.172660270597
0.173034221941
0.173335155968
0.173596809003
0.173793119971
0.17391441724
0.17395815979
0.173934355149
0.173859889541
0.173758263046
0.173651715387
0.173468543951
0.173213948691
0.17297218261
0.172769525728
0.172562879759
0.17225779081
0.171868405149
0.171609774747
0.171509395194
0.171490728041
0.171490153638
0.171502313407
0.143244658369
0.143258822035
0.143285290224
0.143330265471
0.143392270311
0.143445036202
0.143508334646
0.14358762273
0.143666656843
0.143780076716
0.143922346256
0.144080282103
0.144250892361
0.14442614541
0.144608243252
0.144809921234
0.145033313003
0.145268816753
0.145522317421
0.145800652822
0.146110161486
0.146457063191
0.146851650176
0.147280281024
0.147738789392
0.14825324294
0.148798339672
0.149368695594
0.14998403838
0.150622806251
0.151283206692
0.151959136895
0.152646876742
0.153356503271
0.154092080941
0.154854804469
0.155644150526
0.156459499295
0.157300122168
0.158164936695
0.159052653251
0.159961220913
0.160887273756
0.161826314721
0.162773094981
0.163721899607
0.164666878725
0.165602243475
0.166522244475
0.167421100197
0.168292885881
0.169131428495
0.16993056136
0.170684888855
0.171389975197
0.172040115005
0.172624893818
0.173131473787
0.173535858673
0.173867441438
0.174220272789
0.17446731669
0.174591360904
0.174593223295
0.174495858472
0.174325381986
0.174113491107
0.173929063139
0.173722510241
0.173415997428
0.173118695609
0.172923146007
0.17275436104
0.172315979422
0.171565208265
0.171191326506
0.171158944379
0.171233224084
0.171270627675
0.171321199365
0.143057411093
0.1430686432
0.143086091813
0.143136283429
0.143199963172
0.143261461658
0.143329620806
0.143417083002
0.143504691522
0.143617943079
0.143765820548
0.143927158413
0.144097992398
0.144272583342
0.144465065602
0.144677657815
0.144901255214
0.145135014581
0.145387905307
0.145665215273
0.145971257403
0.146312111837
0.14670819134
0.147158107645
0.147624161675
0.148128688175
0.14868546815
0.149262980824
0.149871746733
0.150515186596
0.151178814425
0.151854636409
0.152546490278
0.153265034057
0.154010825455
0.154784027879
0.155584549771
0.156412002149
0.157265931817
0.158145380107
0.159049189567
0.159975587668
0.160921166009
0.16188105079
0.162849814399
0.163821949633
0.164791868077
0.165753767328
0.166701630844
0.167629466304
0.168531535022
0.169402590148
0.170238359857
0.171035690086
0.171790260702
0.172492842255
0.173136764275
0.173731246343
0.174179819714
0.174550187701
0.175199207154
0.175508186339
0.1755911803
0.175489190747
0.175246846181
0.174910554097
0.17451509323
0.174168740859
0.173888272517
0.173542586076
0.17316428199
0.173069967459
0.173204543577
0.172538135756
0.171002397689
0.170445102276
0.170649436207
0.170959319818
0.171017986009
0.171162957243
0.142848515824
0.142861453182
0.142884285298
0.142923596761
0.142981939488
0.143049399274
0.143123776211
0.143216094316
0.143317267425
0.143434351556
0.14358697959
0.143751611433
0.143924290645
0.144099137432
0.144295482249
0.14451847417
0.144747148536
0.144983378859
0.145237683085
0.145515761758
0.145820724574
0.146156428089
0.146548333341
0.147011081721
0.147494101219
0.147997393081
0.148558122597
0.149145289108
0.1497515232
0.150392945455
0.151053678605
0.151731686509
0.152434490947
0.153164006938
0.153920895659
0.154705699401
0.155518693357
0.156359453839
0.157227767659
0.158123237659
0.15904480232
0.15999070898
0.160957675573
0.161940685126
0.16293418946
0.163932992034
0.16493191198
0.165925070186
0.166905934983
0.167868149215
0.168806306206
0.16971674706
0.170597897949
0.171448445757
0.172259154744
0.173018492282
0.173771141491
0.174579802834
0.174933387324
0.174855285173
0.175045307729
0.175270779398
0.175349356335
0.175260450019
0.175046666954
0.174749548366
0.17440767749
0.174069478948
0.173760098868
0.173470332641
0.173314721572
0.173522296749
0.174281343361
0.174118694943
0.169020403212
0.168417798019
0.169762023981
0.170767349209
0.17071953494
0.171117543641
0.142613037997
0.142627759495
0.142661282494
0.142690795803
0.142742730806
0.142812217702
0.142891775487
0.142990463607
0.143107823202
0.14322848349
0.143384881116
0.14355332197
0.143729611506
0.143908277157
0.144107888612
0.144336478425
0.144570795581
0.14481221334
0.145070061291
0.1453502169
0.145656261136
0.145990814489
0.146374682614
0.146836523624
0.147345234213
0.147858335768
0.148408907232
0.149011512501
0.149628329028
0.150256958449
0.150913159627
0.151597366372
0.15231040056
0.153051812301
0.153821236057
0.154619001883
0.155445579511
0.156301085735
0.157185298279
0.15809807919
0.159038985278
0.160006346791
0.160996791293
0.162005232596
0.163026238109
0.164055234055
0.165087722058
0.166117711476
0.167137708741
0.16814058716
0.169121629204
0.170079817639
0.171016728035
0.171929989947
0.172793973175
0.173596123715
0.17426733665
0.174470756359
0.174692020117
0.174869287861
0.174985203953
0.175138467361
0.175198127889
0.17511071049
0.174898878217
0.174597853267
0.174242414059
0.173870786076
0.173514892479
0.173187212026
0.172924182539
0.172756229238
0.17249625495
0.170846465479
0.169272492832
0.169647095237
0.1711781542
0.172197823963
0.169827821597
0.171314562754
0.142346292058
0.142360697232
0.142393786652
0.142425911324
0.142475924658
0.142547642748
0.142630479472
0.142730837289
0.142863846545
0.142997150626
0.143157279134
0.143330581151
0.14351246838
0.14369803826
0.143902878432
0.14413507479
0.14437414555
0.144621670071
0.144884418926
0.145167785226
0.14547577015
0.145811672713
0.146190458838
0.14664581631
0.147172039845
0.147705246581
0.14825030015
0.148847624489
0.149475742285
0.150111231483
0.150764990309
0.151452575494
0.152174703014
0.152928314458
0.153711207128
0.154523012874
0.155364478723
0.15623598779
0.157137674594
0.158069462686
0.159031319202
0.160022083421
0.161038342886
0.162074681422
0.163125809677
0.16418845901
0.165259639982
0.166333068412
0.167399085855
0.168449504673
0.169481341725
0.170497469387
0.171502900998
0.172497518068
0.173377346025
0.173810241197
0.174069659209
0.174324707903
0.174540353262
0.174703487872
0.17479636084
0.174865824577
0.17485573196
0.174723980144
0.17447797613
0.174144066706
0.173751368002
0.173329384875
0.1729024152
0.17248475472
0.172064134938
0.171615355778
0.171049583672
0.170141643082
0.169474572441
0.169590943268
0.170354798735
0.170606116853
0.171637718657
0.173228639652
0.142050100962
0.142063903214
0.142098835362
0.142132300221
0.142183685653
0.142256827203
0.142342611064
0.142441432729
0.142578916753
0.142730345454
0.142899508213
0.143079620362
0.143269256652
0.143466081091
0.143677434454
0.143913522496
0.14415744341
0.144411811518
0.14468039764
0.144968063628
0.145278806883
0.145616481884
0.145992731521
0.146439755634
0.146968938696
0.147531825398
0.148089099323
0.148675161032
0.149299830901
0.149939541247
0.150598649666
0.151294407662
0.15202666099
0.152792616605
0.153589773104
0.154417013542
0.155274589468
0.15616347293
0.157084097342
0.15803667246
0.159021313786
0.160037365525
0.161081856044
0.162148936806
0.163232958927
0.164332430538
0.165447192032
0.16657091675
0.167690635132
0.16879656549
0.169887815805
0.170972845215
0.17206905256
0.173105583314
0.173356916789
0.173608008996
0.17388073531
0.174117999133
0.174300127694
0.174421636736
0.174474302306
0.17446557877
0.174373917997
0.174175557454
0.173871129026
0.173477858267
0.173017945506
0.172513759751
0.171983719647
0.171440383633
0.170853920145
0.170205532559
0.169500990447
0.168726423479
0.168089386765
0.168004982934
0.168622432782
0.169759176299
0.171838750183
0.174138947112
0.141727286575
0.141739523175
0.141770297035
0.141808545175
0.141866271068
0.141941341848
0.142031934369
0.142131318373
0.142269668397
0.142432948266
0.142610746033
0.142797502757
0.142993736284
0.143205579043
0.14342757835
0.143668210992
0.143917993331
0.144180967192
0.144456876331
0.144750107115
0.145064665683
0.145404571633
0.145779938561
0.146220239269
0.14674562713
0.147328854107
0.147910258956
0.148495275126
0.149111053386
0.149749422063
0.150415629882
0.15112056613
0.151863857185
0.152642546263
0.153454940161
0.154299321539
0.155174872253
0.156082530621
0.157023785014
0.157998849803
0.15900816701
0.160051807916
0.16112723635
0.162228038818
0.163346994553
0.164485175977
0.165649640284
0.166833717071
0.168014541005
0.169183206906
0.170339875293
0.171506028901
0.172605852093
0.172882805495
0.173145191615
0.173394152784
0.17363046491
0.173822236639
0.173951322572
0.174008720171
0.173987209287
0.173884478707
0.173691022727
0.173395096731
0.172996236496
0.172505309148
0.171938031593
0.171310241821
0.170634324486
0.16991707724
0.169139083828
0.168265944199
0.167312524222
0.166331766922
0.165484524577
0.165075191897
0.165328183835
0.166335180645
0.168599622683
0.170609261727
0.141381699976
0.141392641409
0.141417661428
0.141461276568
0.141524585759
0.141601480577
0.14169625119
0.141800789174
0.141937644149
0.142108128316
0.142292446521
0.142484746151
0.142684865449
0.142907168698
0.143145953374
0.143394447887
0.143651407892
0.143924396166
0.144210689549
0.144511837237
0.144832138572
0.145175008438
0.145551036544
0.145986667422
0.146503179018
0.14708854856
0.147695621808
0.148296980882
0.148912671159
0.149550495037
0.150218726734
0.150931149745
0.151685533993
0.152476334951
0.153305271619
0.154168500114
0.155063084375
0.155991444924
0.15695532836
0.157955288526
0.158991532291
0.160064560255
0.161172878273
0.16231108324
0.163472691509
0.164658903632
0.165875550299
0.167114003647
0.168359812601
0.169609357993
0.17084135272
0.172023650793
0.172340159248
0.172619955728
0.172878340262
0.173105030553
0.173289808528
0.173415033748
0.173465666005
0.173432607671
0.173309830911
0.173093526636
0.172778427222
0.172358895492
0.171834684054
0.171212134305
0.170500897822
0.169710243389
0.168845932834
0.167906980606
0.166885532655
0.165716879618
0.164391415659
0.162977712203
0.161566276775
0.160287557311
0.159208956917
0.158164562313
0.156653515097
0.153615354889
0.141015055851
0.141025907202
0.141049552556
0.141098082489
0.141162267272
0.141238620048
0.141332796381
0.141444269789
0.141579569594
0.141754903264
0.141944976894
0.142142829863
0.142347937035
0.142575205094
0.142828876212
0.143089430959
0.143356067821
0.143639053897
0.143937077492
0.14424942118
0.144578926989
0.144926434774
0.145304520706
0.145738377093
0.14624699668
0.146827837792
0.147448715957
0.148069750433
0.14868951332
0.149329228344
0.150005775266
0.15072440582
0.151487907527
0.152292579215
0.153139003537
0.15402200795
0.154937558175
0.155888519223
0.156876935532
0.157903882151
0.158969752494
0.160075325938
0.161221303161
0.162405460944
0.163618504499
0.164851427433
0.166109941431
0.167400069166
0.168725955203
0.170097407259
0.171384661007
0.171731310511
0.172026532941
0.172306752782
0.172540987031
0.172718798819
0.172831753238
0.172867791252
0.172815875027
0.172668646089
0.172421214925
0.172070059759
0.171611725032
0.171043078655
0.170363465301
0.16957536692
0.168682603097
0.167687636554
0.166588987499
0.165378613875
0.164045105399
0.16250136164
0.160673212031
0.158579933937
0.15620872113
0.153479373437
0.150192603071
0.146012575889
0.140806461691
0.139436085722
0.140624022938
0.140635468117
0.140660402936
0.140714103892
0.140778564191
0.140853554437
0.140944503028
0.141060779264
0.141192787319
0.141371290626
0.141567293577
0.141771015652
0.141982418821
0.142216023087
0.142479913997
0.142753004903
0.143031480663
0.143325364553
0.143634445357
0.143959274514
0.144301594178
0.144656605417
0.145037944775
0.145472466225
0.145975671363
0.146549857592
0.147175005925
0.147810729939
0.14844603932
0.149092234101
0.149776248727
0.15050354583
0.151274287401
0.15208794903
0.15294951006
0.153855442568
0.154795812777
0.155772141401
0.156786985105
0.157842814029
0.158941386301
0.160084304623
0.161276339242
0.162514567734
0.163776162612
0.165048085557
0.166345870091
0.167698905066
0.169147695669
0.17072057631
0.171091871301
0.171382105927
0.17167584403
0.171926428186
0.172107928684
0.172212035386
0.172231283131
0.172156810758
0.171981017545
0.171698611353
0.171305908416
0.17080001707
0.170178170596
0.169437641875
0.168576327646
0.167592737092
0.166484635714
0.165246770577
0.163868121939
0.162328528002
0.160594302182
0.158607525018
0.156195184731
0.153226468654
0.149575258851
0.144874333598
0.138315793911
0.128091528244
0.109017158442
0.0628820320875
0.14020061991
0.140212605617
0.140241055766
0.140300645453
0.140366337064
0.140440690154
0.140530732403
0.140648927286
0.140777016779
0.140956120606
0.141157784616
0.141367457333
0.141585367652
0.141825622465
0.142097861108
0.142383018044
0.142675878931
0.142982094591
0.143301873258
0.143638922563
0.143996567623
0.144362987291
0.144748478296
0.145185190131
0.145686400022
0.146253720008
0.146876327291
0.147516470808
0.148170945393
0.148837597138
0.149529076804
0.15026068382
0.151041812983
0.15186999396
0.152741927377
0.153665726664
0.154632927419
0.155637936065
0.156683325987
0.157770989959
0.158904749032
0.160092512788
0.161342634928
0.162637989484
0.163943507537
0.165254782895
0.166604425858
0.168047656395
0.169498365305
0.170522568467
0.170791054337
0.171026175051
0.171271940904
0.171461287831
0.1715623562
0.171567540055
0.171470782693
0.171265646424
0.170947060007
0.170511480288
0.169956214859
0.169278730165
0.16847610622
0.167544716945
0.16648007984
0.165276336742
0.163924899944
0.162412265522
0.160717088566
0.158806366072
0.156629773366
0.154118740145
0.151063667801
0.147161790236
0.142145587559
0.135446345858
0.12585127543
0.110946573395
0.0858321375937
0.044046535994
0.139733581848
0.139746043841
0.139777976153
0.139843940272
0.139910838915
0.13998835451
0.140079668314
0.140198230278
0.140326098517
0.140506989929
0.140714493798
0.140930111641
0.141154437209
0.141400935773
0.141679880453
0.141974843048
0.142284510703
0.142605552418
0.142936917563
0.143285978053
0.143659509463
0.144042615133
0.144434459451
0.144872787076
0.14537518121
0.145938195797
0.146556839626
0.147196472172
0.147859292019
0.148550388884
0.149264338982
0.150004801466
0.150784581209
0.151622674555
0.15251414449
0.153456009431
0.154447575221
0.155482597764
0.156560909776
0.15768483119
0.158860858252
0.160105711823
0.161420946518
0.162771837048
0.164130285631
0.165511114217
0.166970175729
0.168477972609
0.169711560429
0.170141946479
0.170388121105
0.170602206158
0.170783597907
0.170884868557
0.170882135451
0.170767340469
0.170535651532
0.170182993514
0.169706368578
0.169103594292
0.168372615545
0.167510827344
0.166514500445
0.165378278489
0.164094635424
0.162653001216
0.161038243554
0.159228337974
0.157191063459
0.15487930582
0.152224048889
0.149123014361
0.145428555445
0.140747895897
0.134567897902
0.126328104556
0.114932074169
0.0984943852241
0.0736849507693
0.0394504513595
0.139213936977
0.139228882776
0.139262608889
0.139329133109
0.139401136867
0.139487983483
0.139585400737
0.139708145484
0.139843581993
0.140022234573
0.140235060328
0.140456798288
0.140687714743
0.140940354948
0.141224982727
0.141525971263
0.141849003246
0.142188920788
0.142535268269
0.142898406307
0.14328684916
0.143690848285
0.144097841507
0.144535667361
0.145039169639
0.145600988543
0.146216703264
0.146856124046
0.147520626921
0.148227006665
0.14896636017
0.149728818111
0.150516555188
0.151355767301
0.152257127559
0.15321996243
0.154238108929
0.155304927365
0.156417794653
0.157581801859
0.158812881472
0.160126869097
0.16150805663
0.162921572094
0.16436244251
0.165868019579
0.167396092415
0.168649667775
0.169257169271
0.169597424357
0.169879268277
0.17007440638
0.170176574056
0.170173085761
0.170049362879
0.169798261578
0.169417026982
0.168904131813
0.168258463955
0.167478893145
0.166563636069
0.165509592066
0.164311724276
0.162962427969
0.161450761702
0.159761337587
0.157872631326
0.155754489831
0.153364565621
0.15064320497
0.147505943984
0.143832098538
0.139448638489
0.134079142657
0.127139729429
0.11789274109
0.105497283464
0.0886055239527
0.0647764660359
0.0346171463251
0.138647395808
0.138666441837
0.138700801462
0.138761282188
0.138841696727
0.138938671755
0.139045510806
0.13917720414
0.13932705064
0.139503119979
0.13971832738
0.139945576212
0.14018340399
0.140442682763
0.140733613944
0.141041362307
0.141372203468
0.141729241198
0.142094140109
0.1424752676
0.142879137059
0.14330381159
0.143737169703
0.14418620797
0.144684567997
0.145244142772
0.145857125647
0.14649725372
0.147161766381
0.147874392368
0.148630498067
0.149421264369
0.150230326394
0.151074692916
0.151980172333
0.152955361285
0.153997677999
0.155098949799
0.156251169989
0.157465297841
0.158765511807
0.160155246218
0.161606408564
0.163099118351
0.164663826148
0.166283354204
0.167548819934
0.168522184471
0.168784499034
0.169073018264
0.169314055641
0.169439848786
0.16944203085
0.169316707939
0.169055596701
0.168654403552
0.168112645498
0.167430913039
0.166609578169
0.165648184377
0.164544835376
0.163295555228
0.161893647027
0.160328984624
0.158587116734
0.156648017917
0.154484285873
0.152058558394
0.149319857821
0.146198418547
0.142598299375
0.138386727818
0.133378748956
0.127316537842
0.119806350213
0.110125007498
0.0973524309036
0.0804549554631
0.0577566643675
0.0303638150497
0.138051525831
0.138071283191
0.13810489538
0.138157692296
0.138243124848
0.138345264348
0.138459120498
0.138596722117
0.138758128789
0.138940931784
0.139160765787
0.1393940278
0.13963940221
0.139905832453
0.140203767101
0.140520245469
0.140860074964
0.141231286279
0.141615101564
0.142018359529
0.142440855184
0.142883685229
0.143341295557
0.143817086636
0.1443270783
0.14488296337
0.145486914916
0.146125417383
0.146788477138
0.147501860141
0.148265916373
0.149074729032
0.149911993151
0.150774909904
0.151689198747
0.152670531718
0.153727344732
0.154859613893
0.156058969898
0.157338105133
0.158718279458
0.160187930318
0.161717124268
0.163308806944
0.164956567806
0.166350804803
0.167464075236
0.168049726096
0.168284053165
0.16849563064
0.168654210673
0.168683770602
0.168568464232
0.168306570904
0.167895460941
0.167334545375
0.166625584311
0.165770828041
0.16477168602
0.163627984672
0.162337364934
0.16089468272
0.159291377351
0.15751473607
0.155546943854
0.153363777177
0.150932770561
0.148210650414
0.145139771542
0.141643185703
0.13761781327
0.132924988262
0.127377457696
0.120721631865
0.112614771563
0.102595091626
0.0898966713183
0.0736015423158
0.0524255100153
0.0272542769644
0.137433828484
0.137451999056
0.137483577058
0.137534316155
0.137615587055
0.137716976355
0.137833783577
0.137972971248
0.138140726037
0.138332630244
0.13856018871
0.138800257969
0.139053701288
0.139327440974
0.139632347065
0.139957784198
0.140307131656
0.14069150449
0.141092673196
0.141517159036
0.141964265269
0.142428153455
0.142909705675
0.143404404233
0.143935204953
0.144509681576
0.145117608565
0.145748058777
0.14640578355
0.147117137311
0.147886075713
0.148701745501
0.149557532565
0.150442403256
0.151372954675
0.152367025814
0.153434297493
0.154590335665
0.155841126144
0.157197575816
0.158664071498
0.160215036589
0.161818740215
0.163438622769
0.165057987267
0.166574234256
0.167039996618
0.167327465085
0.167637146708
0.167824631507
0.167882959836
0.167794976339
0.167547289251
0.16713787949
0.166568612298
0.165842699446
0.164964099767
0.163936350365
0.1627614553
0.161439138809
0.159966278003
0.158336361676
0.156538898106
0.154558694379
0.152374908265
0.149959752692
0.147276710226
0.144278086197
0.140901685916
0.137066336455
0.132665888776
0.127561247938
0.121569922754
0.114452604636
0.10589644427
0.0954951242841
0.0827546657481
0.0669984496156
0.04721145746
0.0241669659186
0.136787505218
0.13680815316
0.136835984681
0.136890839481
0.136964394877
0.13706136203
0.137177653035
0.137316554817
0.137487077611
0.137682410692
0.137917564123
0.138164143872
0.138424806846
0.138705858339
0.139017933748
0.139351018994
0.139708001799
0.140104933618
0.140522520899
0.14096421786
0.141434267425
0.14192003575
0.142431475757
0.142954043758
0.14349930226
0.144092566249
0.144725177018
0.145362228365
0.146013896692
0.146720021641
0.147494625543
0.148319131975
0.149184690246
0.150084642969
0.151028719848
0.152035210698
0.15311508002
0.154293345571
0.155596825465
0.157037114888
0.158591665227
0.160211568601
0.161859090043
0.16351404597
0.164872792108
0.165928335193
0.166498830902
0.166718891135
0.166933237637
0.167041987606
0.166989840642
0.16676943195
0.166376195975
0.16581112343
0.165079417082
0.164187308636
0.163140609832
0.161943739898
0.160598862219
0.159105241744
0.157458753387
0.155651416348
0.15367086345
0.151499666801
0.149114433323
0.146484571378
0.143570614894
0.140321972146
0.136673940831
0.132543799293
0.127825753518
0.122384509357
0.116047282817
0.108594217182
0.0997474813912
0.0891602258254
0.0764060117132
0.0609801130194
0.0421741007519
0.0211128794603
0.136100750233
0.136122904533
0.13615349441
0.136210516192
0.136283118756
0.136377834029
0.13649259714
0.136630480046
0.13680074237
0.136994645112
0.137235066729
0.137487855564
0.137753141785
0.138041374545
0.138361962461
0.138702651897
0.13906485007
0.139470081948
0.139903500533
0.140359536438
0.14084991665
0.141359977672
0.14189418749
0.142454283919
0.143029830816
0.143642047886
0.144302498976
0.144963427001
0.145614142148
0.146312661187
0.147084660077
0.147919630435
0.148801654791
0.149717994954
0.150670461328
0.151683707557
0.152771724017
0.153968262778
0.155323850826
0.156850341003
0.158491660304
0.160152694875
0.161790438091
0.163402685489
0.164985811654
0.165451576901
0.165692600124
0.165980000441
0.166145061872
0.166144888203
0.16596559089
0.165602239502
0.16505535078
0.164330462856
0.163435925386
0.162380255853
0.161170593502
0.159811800106
0.158305803865
0.156651115976
0.154842451628
0.152870356458
0.15072075272
0.148374332055
0.145805722158
0.142982349537
0.139862912475
0.13639536824
0.132514327553
0.128137742015
0.123162776678
0.117460800825
0.110871536332
0.103196644748
0.0941933967477
0.0835703877955
0.0709847664104
0.0560737981678
0.0382702850214
0.0189281376429
0.135373003938
0.135392607852
0.135431306501
0.135489856469
0.135566261477
0.135662594101
0.135776828891
0.13591405434
0.136083054054
0.136272586612
0.136515093096
0.136774883937
0.137042804582
0.137334790542
0.137665636722
0.138015794425
0.138384051893
0.138791735148
0.139235648938
0.139705533762
0.140211248816
0.140747836774
0.141311386973
0.14189957594
0.142511191652
0.143151809635
0.143843557704
0.144545834029
0.14521400066
0.145905169035
0.146665574338
0.147502004619
0.148398781615
0.149339111763
0.150308797012
0.151325656309
0.15241378755
0.153617867157
0.155018608286
0.156629329871
0.158338141361
0.160051162772
0.161766968526
0.16311028941
0.164033808715
0.164792779742
0.165005347605
0.165179671088
0.165246295256
0.165126260344
0.164807965068
0.164293282463
0.163588543047
0.162703536769
0.161649308632
0.160436005197
0.159071503666
0.157560645463
0.155904775308
0.154101433418
0.152144108295
0.15002196521
0.147719476824
0.145215893663
0.142484496783
0.139491574383
0.136195060904
0.132542773047
0.128470175716
0.123897618217
0.118727008967
0.112837965065
0.106083608345
0.0982864523482
0.0892351494831
0.0786843479219
0.0663554743207
0.0519797269074
0.035087202584
0.0171576419979
0.134613027963
0.134631873597
0.134673318627
0.134733374288
0.134813892839
0.134913609694
0.135028199398
0.135165621424
0.135335247636
0.135520392872
0.13576081185
0.136027971719
0.136300113242
0.136590856085
0.136928983941
0.137289661456
0.137666101596
0.138075915675
0.138523661366
0.139002441423
0.139521300841
0.140070433514
0.140663479879
0.14128469974
0.141935369593
0.142611146526
0.143335177261
0.144090717696
0.144803150309
0.145503369853
0.146255485627
0.147079338186
0.147978554273
0.148940254392
0.149944264068
0.150977001735
0.152060121349
0.153252113229
0.154681881386
0.156363004236
0.158085648122
0.159790139953
0.161560009839
0.163313729634
0.163612583201
0.163815498858
0.164149231934
0.164294413113
0.164239275329
0.163981963659
0.163515752481
0.162845326009
0.16198234644
0.160940453298
0.159732808606
0.158370529915
0.156861648001
0.15521054861
0.153417712248
0.151479581513
0.149388448297
0.147132284944
0.144694459477
0.142053286367
0.139181370318
0.136044702087
0.132601463644
0.128800498031
0.124579401017
0.119862205025
0.114556661896
0.108551209804
0.101711852217
0.093879457483
0.0848682509754
0.0744679109967
0.0624456596294
0.0485954004572
0.0325071230469
0.015695068877
0.133824946867
0.133843253361
0.13388370374
0.133946299116
0.134028973797
0.134130844242
0.134245560746
0.134381928394
0.134556577278
0.134744783026
0.134975346476
0.135247564688
0.135526577194
0.135818936742
0.136154807617
0.136522663011
0.136907719552
0.137322121407
0.137774139873
0.138255040369
0.1387862296
0.139345164309
0.139946611537
0.140592052822
0.141275133122
0.141994615896
0.142758473749
0.143571699785
0.144363068441
0.145100357283
0.145859387151
0.146677488775
0.147570141579
0.148534258275
0.14956439633
0.150638744628
0.151738559139
0.152900328825
0.154316412747
0.156069925296
0.157818521951
0.159448413095
0.160841627291
0.1621442758
0.162993706273
0.16308280144
0.163245086004
0.163296908179
0.163117469957
0.162712727901
0.162091293127
0.161263718755
0.160245512425
0.159053044597
0.157700850173
0.156200359183
0.154559215091
0.152780979425
0.15086507627
0.148806823203
0.146597443087
0.144223990052
0.141669143807
0.138910838181
0.135921695828
0.132668241582
0.129109863537
0.125197485947
0.120871917123
0.116061846263
0.110681497744
0.104628028803
0.0977788956074
0.0899896971005
0.0810932214698
0.0709022669646
0.0592114559855
0.0458503298254
0.0304402635695
0.0144729488148
0.133010690553
0.133028837394
0.133068817669
0.13313448575
0.133215979967
0.133316303138
0.133431111647
0.133563973914
0.133739590841
0.133936059288
0.134155920597
0.134429906638
0.134714935063
0.135013779212
0.135343548988
0.135712838459
0.136104264199
0.136523894531
0.136984371065
0.137468815065
0.138001748865
0.138575090609
0.139181596521
0.139836700023
0.140538725116
0.141285287601
0.142085342032
0.142945082976
0.143837147822
0.144666267846
0.145455910807
0.146285439655
0.147179955035
0.148151802147
0.149192889182
0.150303756252
0.15145982112
0.152624274979
0.153956210515
0.155683023637
0.157520326159
0.159408756031
0.160570084248
0.161447638103
0.162036320861
0.16224140111
0.162301809015
0.162201396319
0.161875332989
0.161316659971
0.16053773416
0.159555272718
0.158388022044
0.157053960066
0.155568148795
0.15394171034
0.152181455044
0.150289857385
0.148265200416
0.146101752951
0.143789888829
0.141316094875
0.138662836119
0.13580825863
0.132725714533
0.129383090928
0.125741914784
0.121756193324
0.117370939032
0.112520329794
0.107125478415
0.101091853091
0.0943065184007
0.0866356599709
0.0779230631177
0.0679923347348
0.0566474268635
0.0437286303876
0.0288637535651
0.0134814882036
0.132172885829
0.132190985908
0.132236939474
0.132303232094
0.132378865029
0.132474913891
0.132589419988
0.132719720733
0.13288565783
0.133084444622
0.133298345357
0.133571168958
0.133859949543
0.134162242145
0.13448866403
0.134857708856
0.135250426121
0.135673678051
0.136142433563
0.136636800105
0.137167880294
0.137747632855
0.138361969294
0.139025122805
0.139735122165
0.140493203157
0.14131020015
0.142193522035
0.143147125432
0.144116004283
0.145004614234
0.14587428267
0.146788091408
0.147768616509
0.148834615327
0.149981447635
0.151205075805
0.152466550553
0.153751993819
0.155249053553
0.156892941053
0.158692300949
0.16057266833
0.160937954323
0.161010208019
0.161224356437
0.161230302365
0.160986173133
0.160505408707
0.159791354027
0.158858351412
0.157727577511
0.156420511777
0.154956035168
0.153349041624
0.151609838972
0.149744091969
0.147753055196
0.145633902088
0.143380028032
0.140981257827
0.138423921736
0.135690784601
0.132760822552
0.129608842826
0.126204932285
0.122513700659
0.118493258476
0.114093845028
0.109256006259
0.10390822745
0.0979639707065
0.091318168658
0.0838435225752
0.0753871696239
0.0657706962446
0.0547882616743
0.0422637176125
0.0278034325114
0.0127394531961
0.131312976532
0.131332350917
0.131383918964
0.131445042303
0.13151509563
0.131607820289
0.131721408735
0.131850242795
0.132005308526
0.132199864324
0.132407057478
0.132673120726
0.132964836122
0.133265220586
0.133588615928
0.133960290964
0.134351814022
0.134771915002
0.135245471955
0.135747211993
0.136280870832
0.136864644868
0.137480635893
0.138153043776
0.138870214655
0.139635326808
0.140452419948
0.141338549922
0.142299025377
0.143341601232
0.144394334767
0.145375953371
0.146350900322
0.147368569215
0.148459296353
0.149644283218
0.150936343414
0.15233275071
0.153744200665
0.155207935909
0.156335556288
0.157458637415
0.159131345152
0.160074558202
0.16005672524
0.160102499046
0.160007765121
0.159635321183
0.159004740604
0.158138711494
0.157058759783
0.155789476339
0.154354141166
0.152771930826
0.151057044494
0.149218607718
0.147260962168
0.145184135873
0.142984330391
0.140654325888
0.138183757588
0.135559248214
0.132764398177
0.129779642718
0.126581980343
0.123144556936
0.119436055041
0.115419794792
0.111052408861
0.106281917653
0.101045007252
0.0952633205771
0.0888386169089
0.0816469230825
0.0735319285102
0.0643005036392
0.0537160185532
0.0415500153768
0.0273473393433
0.0122986386855
0.130429412648
0.130448859279
0.130489231548
0.130549640331
0.130621548115
0.130713477154
0.130825459108
0.130951055854
0.131099646718
0.131288550607
0.131492745592
0.131742029615
0.132037212531
0.132336382148
0.132653959237
0.133026072958
0.133422182185
0.133838234172
0.134304886413
0.134809233277
0.135341862813
0.135932503025
0.136551032435
0.137217716022
0.137937620625
0.138709798643
0.13952824131
0.14040771669
0.14135764864
0.142389642188
0.143506983535
0.144646333116
0.145749645991
0.146850981539
0.147992358854
0.149214308105
0.150553777645
0.152062326641
0.153756814852
0.155990448881
0.156332398176
0.156563211175
0.157636662935
0.158718489263
0.158920006146
0.158880434799
0.158650973573
0.158147199748
0.157374273273
0.156364026347
0.155146906754
0.153750917776
0.15220026309
0.150513767773
0.148704516256
0.146780218622
0.144743840455
0.142594283928
0.140327000318
0.13793447048
0.135406532736
0.132730564043
0.129891535025
0.126871963348
0.123651777246
0.120208066077
0.116514641275
0.112541267498
0.108252360465
0.103604886703
0.0985451393682
0.093004007599
0.0868903029696
0.080081892484
0.0724142828177
0.063669242505
0.0535596003819
0.0417601419384
0.0276980511626
0.0122934726617
0.129525913466
0.129543932049
0.129573993708
0.129634031841
0.129708394802
0.129797183247
0.129903635968
0.130023551062
0.130164148429
0.130347060394
0.130553845976
0.130784044578
0.13107873647
0.131383300189
0.131699587468
0.132058888374
0.132459172289
0.132877069333
0.133331407938
0.133836837553
0.134366323897
0.13494921287
0.135575698103
0.136234257077
0.136949615475
0.137714625527
0.138534919878
0.139408777358
0.140345271676
0.14135700395
0.142445657023
0.143619385206
0.144831393242
0.146047143141
0.147270036563
0.14853914534
0.149886245373
0.151347827632
0.152946773159
0.154774814797
0.156470020141
0.156554695607
0.156880404512
0.157195047693
0.1575882488
0.157543600304
0.157177792149
0.156532819467
0.155620977919
0.154475451547
0.153132411935
0.151622501318
0.149970022497
0.14819279174
0.146302421883
0.144305084416
0.142202420094
0.139992387336
0.13766996331
0.135227673388
0.132655955741
0.129943388713
0.127076821693
0.12404145083
0.120820856662
0.117396966702
0.113749830555
0.109857014314
0.105692342903
0.101223636984
0.0964089779287
0.0911908664025
0.0854873713662
0.0791792814477
0.072091597281
0.0639719387189
0.0544609348214
0.0430921796722
0.0291460925228
0.0129579628501
0.128610282702
0.12862848195
0.12866485784
0.128717965412
0.128785111305
0.128865315192
0.128962424855
0.129075912058
0.129207137702
0.129379197194
0.129585474867
0.129801169364
0.130083974321
0.130397292224
0.130715158271
0.131058058104
0.131457602433
0.131875264131
0.132318882337
0.132822510345
0.133354596599
0.133924397056
0.134549234608
0.135201469113
0.135912395702
0.136667086826
0.137481972673
0.138347788741
0.139271210297
0.140264021975
0.141325598429
0.142459801921
0.143669469132
0.144932728258
0.146224289028
0.147537672715
0.148886112526
0.150278653366
0.151717774702
0.153212101223
0.154727499521
0.156178045548
0.156301518401
0.156115667036
0.156240665831
0.156092727332
0.155591306909
0.154801097709
0.153753054959
0.152481827927
0.151025178402
0.149414656462
0.147673860384
0.145819072166
0.143860185132
0.141801813816
0.139644410664
0.137385227537
0.135019068572
0.13253884562
0.129935969179
0.127200624434
0.124321995811
0.12128849963
0.118088043913
0.114708255611
0.111136519825
0.107359587773
0.103362437884
0.099125991278
0.0946231306986
0.0898121563706
0.0846261892322
0.0789561169422
0.0726222314988
0.0653333138995
0.0566153515783
0.0457654343557
0.031829160459
0.0141430677805
0.127683813546
0.127701020711
0.127740541598
0.127788095037
0.127844667767
0.127917952357
0.128007811134
0.128115771333
0.128239544985
0.128396309035
0.128596384303
0.128809553512
0.129062010705
0.1293786338
0.129696786355
0.13002938247
0.130420099932
0.130840191953
0.131278118502
0.131768519801
0.132300426749
0.132860611384
0.133482264246
0.134132936957
0.134830397405
0.135579572431
0.136379927301
0.137236877029
0.138146965196
0.139119378158
0.140163561594
0.141272342197
0.142453923216
0.143703584635
0.145014097492
0.146358409374
0.147719837899
0.149075253244
0.150375324828
0.15156557741
0.152504752617
0.15390158113
0.154961624753
0.154818680388
0.154755440591
0.154491956742
0.153872816523
0.152950979626
0.151776924997
0.15039195587
0.148834935419
0.147137251378
0.145321244231
0.143401359688
0.141385669225
0.139277305421
0.137075727072
0.134777742177
0.132378278899
0.129870948867
0.127248458187
0.124502938648
0.121626288533
0.118610601574
0.115448697282
0.112134656765
0.108664158223
0.105034333445
0.101242834916
0.0972857687962
0.093154027275
0.0888272062724
0.0842634789671
0.0793820781923
0.0740302428559
0.0679233006106
0.0604979048412
0.0507236828364
0.0367379410954
0.0154897933284
0.126747905305
0.126760806151
0.126790080243
0.126828557469
0.126885259286
0.126957577518
0.127043863348
0.127146607506
0.127261439981
0.127401014456
0.127587087148
0.127803147733
0.128028043634
0.128327522318
0.128654264056
0.128983273073
0.129351797688
0.129774547745
0.130213227378
0.130684896803
0.13121521167
0.131769264646
0.132375840487
0.133029648554
0.133710699773
0.13445494488
0.135242617528
0.136087934002
0.136985424989
0.137941847276
0.138969040427
0.140064422877
0.141232268222
0.142474460666
0.143790311867
0.145169200164
0.146585761029
0.148004143278
0.149324379784
0.150429765092
0.150475368085
0.151333238318
0.153003172565
0.153248122579
0.153134465354
0.152761407787
0.152033504131
0.150992695941
0.149703542337
0.148216423828
0.14657163552
0.144799516173
0.142920534889
0.140947038279
0.138885240012
0.136736911649
0.134500733256
0.132173326575
0.129750011968
0.127225364706
0.124593642291
0.121849179394
0.118986869987
0.116002831544
0.112895242977
0.109665202261
0.106317337198
0.102859873431
0.099303912026
0.0956617345784
0.0919439526661
0.0881551453473
0.084287157539
0.0803080066169
0.0761409568471
0.0716244522801
0.0663872807257
0.0596601894991
0.0488007586694
0.025148576853
0.125809714175
0.125818803163
0.125837524171
0.125860392061
0.12592219607
0.125994811071
0.126077029478
0.126172565176
0.12627681085
0.126399893887
0.126566162033
0.126774858232
0.126996242054
0.127256854057
0.127584651086
0.12791825965
0.128267244132
0.128678708671
0.129121082342
0.129580295308
0.130098591544
0.130654592
0.131241250311
0.131889933474
0.132567127496
0.133292498799
0.134073276687
0.134905508011
0.135791705964
0.136733905257
0.137744044359
0.138828091431
0.139987589609
0.141229170571
0.142555059008
0.143967462914
0.145466351818
0.147045119912
0.14862331343
0.150434269565
0.150352187287
0.150653224928
0.151014678629
0.151573663497
0.15147917587
0.150969604056
0.15010796675
0.148944421938
0.147545634231
0.145965669358
0.144244312068
0.142409408592
0.140478686687
0.138462059469
0.136363860764
0.134184640615
0.131922513924
0.129574150492
0.12713548778
0.124602268121
0.1219704796
0.11923682431
0.11639936808
0.113458474301
0.110417964368
0.107286259931
0.104077165676
0.100809995526
0.0975088994244
0.0942014254193
0.0909164795852
0.0876818875543
0.084521796628
0.0814538954056
0.0784868182247
0.0756202138826
0.0728338791511
0.0702074884146
0.0675103404497
0.0675229729196
0.124875319668
0.124884523272
0.124906223242
0.124929193908
0.124976314243
0.125041494252
0.125116068481
0.125201231629
0.125295724988
0.1254035084
0.125543499021
0.125732208032
0.125956133009
0.126189831476
0.126486910903
0.126829208982
0.127173050938
0.127554283412
0.128000995053
0.128459908039
0.128954427356
0.129512799349
0.130093131348
0.130724344389
0.131401915517
0.132110869271
0.132876578258
0.133692314172
0.13456258752
0.135488559053
0.136480100232
0.137547430397
0.138692787178
0.139924908452
0.141253075486
0.142679550186
0.144215582981
0.145877019597
0.147697642147
0.150063204565
0.150061706328
0.150141159854
0.15004050202
0.150154069874
0.149839585269
0.149138109072
0.148111448634
0.14681520089
0.145310348551
0.143646551501
0.141859513678
0.13997294723
0.138001027574
0.135950966683
0.133825257396
0.131623402545
0.12934316726
0.126981478638
0.124535070687
0.122000995122
0.119377074014
0.116662452625
0.113858445163
0.110969766355
0.108006000112
0.104982929065
0.101923297424
0.0988567287614
0.0958187867157
0.0928494258422
0.0899912570267
0.0872881740774
0.084785069175
0.0825292108284
0.0805756126798
0.0789978415018
0.0779013915247
0.0775107085673
0.0778889314729
0.0807312512396
0.123947939468
0.123957455871
0.123981118284
0.124020068143
0.124047281864
0.124102913938
0.124168375475
0.12424217891
0.124326692347
0.124416884132
0.124528682131
0.124685566605
0.124890652441
0.125120597782
0.125377247453
0.125708918843
0.126065278325
0.126428584396
0.126856505122
0.127324847918
0.127807353955
0.128350367545
0.128934471043
0.129550305744
0.13021522888
0.130915797632
0.131659355216
0.132457443842
0.133303324124
0.134204561292
0.135170908469
0.136209510277
0.137327975557
0.138533906793
0.139840153555
0.141254280138
0.142782369288
0.144417724361
0.14619170062
0.148156910348
0.149551553375
0.149343715672
0.148943094741
0.148704969264
0.14812035838
0.147214374918
0.146022385143
0.144598231147
0.142997148133
0.141261558042
0.139421021822
0.137494206547
0.135491404162
0.13341712357
0.131272193629
0.12905530867
0.126764114402
0.124395986869
0.121948596777
0.119420393776
0.116811070704
0.114122216428
0.111358391586
0.108528680305
0.105648421111
0.102740567365
0.0998361681825
0.0969737453701
0.0941977137578
0.0915562793316
0.0890993835999
0.0868773532825
0.084940959496
0.0833431152616
0.0821450501494
0.0814228412593
0.0812778974062
0.0818726556367
0.083265491202
0.0860622065603
0.123039321441
0.123045976355
0.123059945583
0.123108490793
0.123137179366
0.12318369695
0.123239196732
0.12330023203
0.123370738136
0.12344359205
0.123531337227
0.12364923256
0.123821572152
0.124040298051
0.124280044708
0.124565753212
0.124926805865
0.12530297159
0.125703058012
0.126170561154
0.126661729122
0.127183523047
0.127760924104
0.128368376734
0.129016195073
0.129704646648
0.130430022095
0.131202191776
0.132022132792
0.132891511278
0.133817941902
0.134813220564
0.135884359936
0.137042571614
0.13830227028
0.139677738646
0.141176636032
0.142791254508
0.144492957888
0.146105324937
0.146078927412
0.147599369903
0.147385596702
0.14701005115
0.146225199876
0.145148062842
0.143815282279
0.142282463176
0.140602398215
0.138810888265
0.136930915918
0.134975983266
0.132952683899
0.130863134528
0.128706842324
0.126482008584
0.124186413033
0.12181806295
0.119375675824
0.116859145617
0.114270020521
0.111612279499
0.108893682198
0.106127658934
0.103335225301
0.1005461672
0.0977989407335
0.0951391784514
0.0926171505298
0.0902847757264
0.0881928059031
0.0863888154238
0.0849164021545
0.0838155445847
0.0831275542314
0.0828930693391
0.0831614708577
0.0840006343858
0.0853961861307
0.0872561518937
0.122161705846
0.122165404845
0.122174808525
0.12221672634
0.122261379137
0.122290911967
0.122331023402
0.122375325655
0.122426634028
0.122484874978
0.122550562804
0.122638336672
0.122767645254
0.122954656664
0.123189595632
0.1234448678
0.123771658581
0.124157561647
0.124555139926
0.125000231573
0.125498737329
0.126017658746
0.126577859306
0.127179270836
0.127812945921
0.128481277874
0.129187743687
0.129931483084
0.130720613265
0.131551209064
0.132427699324
0.133363654195
0.134364013076
0.13544454873
0.136619731407
0.137915521941
0.139356939905
0.140963805492
0.142862236154
0.145421346018
0.145504557447
0.145705380663
0.145558123664
0.145126648743
0.144149191092
0.142916294222
0.141471314279
0.139857764759
0.138122248408
0.136294312947
0.134390836426
0.132420694947
0.130387427316
0.128291366467
0.126131202919
0.12390503547
0.121611054902
0.119248077365
0.116815955212
0.114316043153
0.111751693267
0.109129192453
0.106459445798
0.103760217834
0.101058117575
0.0983893625218
0.0957987982724
0.0933372727294
0.091057967914
0.0890124288712
0.0872468892327
0.0857994239864
0.0846977773992
0.0839580489586
0.0835879480314
0.0835773915324
0.0839309935576
0.0846560162004
0.0856763701851
0.0866988995945
0.121308644635
0.121308286428
0.121317246001
0.121334696895
0.121379572255
0.121407978078
0.121439084632
0.121466484105
0.121497029858
0.121538549558
0.121582070751
0.12164578892
0.121733167255
0.121877006797
0.122086013291
0.122342771914
0.122634848206
0.12300396938
0.123414238721
0.123848258938
0.124326965942
0.12485389518
0.125406061602
0.125992359372
0.126612991493
0.127264497777
0.127943965549
0.128657231421
0.129401789555
0.130180445098
0.13099259075
0.131851654943
0.132761739009
0.133732211856
0.134779376898
0.135929923944
0.137218103155
0.138663127986
0.140369704492
0.142627617205
0.144998966323
0.144226655374
0.143450839195
0.142914144788
0.141821862017
0.140483808312
0.138970938065
0.137315405706
0.135554611046
0.133713077909
0.131803455425
0.129831439571
0.127798646766
0.125704500603
0.123547512406
0.121326123021
0.119039222984
0.116686607192
0.114269332221
0.11179020976
0.109254322783
0.106670180916
0.104051814601
0.101421370194
0.0988110101635
0.0962629787907
0.0938274706531
0.091558720489
0.0895102371516
0.0877300474537
0.0862565157345
0.0851151331091
0.084315329324
0.0838476639601
0.083681071493
0.0837439767787
0.0840002156343
0.0843789040279
0.0849083962045
0.0859629650486
0.12046787356
0.120458692143
0.120456595235
0.120446941904
0.120474314583
0.12052023358
0.120556073168
0.120570642022
0.120582104803
0.120601654578
0.120628192098
0.120661068097
0.120723734689
0.120818807636
0.12098493268
0.121227909694
0.121516779876
0.12185681481
0.122267205005
0.122715103424
0.123185267659
0.123694538458
0.124249042972
0.124824056504
0.125426971095
0.126057308137
0.126707516505
0.12737816178
0.128069364685
0.12878238397
0.12951987918
0.130286504834
0.131088911128
0.131926890243
0.132812887918
0.133772810665
0.134819919711
0.13598663178
0.137357913925
0.139105738232
0.141037561601
0.141791286963
0.140769951101
0.140217273176
0.139163906798
0.137823403833
0.136307099896
0.134656152271
0.132903761945
0.131072616671
0.129174156795
0.127213066783
0.125190509026
0.12310600844
0.120958578687
0.118747448775
0.116472479927
0.114134594822
0.111736101603
0.109281250678
0.10677677235
0.104233334274
0.101668141803
0.0991078670132
0.0965902547451
0.0941631838542
0.0918811564347
0.0898000608075
0.0879715069901
0.0864376951504
0.0852274377069
0.0843537680374
0.0838115489087
0.0835761345869
0.0835951307879
0.0837658244833
0.0839861092245
0.0838975746355
0.0842102741377
0.0847769888496
0.11964757713
0.119625102147
0.119601818991
0.11958085799
0.119583878871
0.119624376593
0.119665364839
0.11967888465
0.119680665092
0.119681579779
0.119691588986
0.119702726171
0.119740332605
0.119803804676
0.119923491788
0.120119303897
0.120407081736
0.120741593853
0.121133170816
0.121586490227
0.122073130326
0.12257681835
0.123112601942
0.123682621895
0.124268397003
0.124868231566
0.125482356237
0.12610488082
0.126741544768
0.127386930919
0.128047056048
0.128714242873
0.129393943112
0.130085275088
0.130793566035
0.131523238984
0.132287071138
0.13310472176
0.134010210251
0.135217051536
0.136913721943
0.138445431571
0.137549101073
0.137075435059
0.136190079206
0.134954471098
0.133500744717
0.131897776638
0.130184082447
0.128384471924
0.126512109057
0.124572821958
0.122568740307
0.12050041568
0.118367958467
0.116171759187
0.113912862171
0.111593426395
0.109217028811
0.106789328158
0.104318614778
0.101817691462
0.0993070887142
0.0968182675927
0.0943946540974
0.0920893668996
0.0899601496323
0.0880628526427
0.0864451335014
0.0851413337746
0.0841693271553
0.0835299198609
0.0832066421555
0.08317007588
0.0833818008568
0.0838262785037
0.084402145214
0.0838483280108
0.0840697587541
0.0841312929876
0.118868734841
0.118833689558
0.118795083592
0.118765562221
0.118744594175
0.118748206108
0.118773500903
0.118800628911
0.118802182444
0.118792413375
0.118781986719
0.118778823419
0.118776716931
0.118820525911
0.118903750361
0.119064379415
0.11930844179
0.119650007557
0.120043175701
0.120485887335
0.120980127116
0.121499461977
0.122029800298
0.122579343549
0.123147331946
0.123718905132
0.124291326374
0.124869798394
0.125447898567
0.12602682424
0.126596962853
0.127160322768
0.127714464215
0.128259601001
0.128787665277
0.1292804834
0.129726275916
0.130110311584
0.130340399202
0.130728275757
0.129717951466
0.133869009997
0.134018365839
0.133701140837
0.133016597479
0.131947731963
0.130601360735
0.129074920012
0.127419846147
0.125666058319
0.123830087307
0.121920240497
0.119940566899
0.117893266808
0.115779933352
0.113602352168
0.11136286722
0.109064923889
0.106713346246
0.104315160072
0.101880127964
0.0994232259591
0.096968585559
0.0945528474364
0.0922252700514
0.0900437891695
0.0880682935738
0.0863529515012
0.0849395760373
0.0838526979616
0.0830974080243
0.0826600253482
0.0825091287946
0.082607331205
0.0829221189545
0.083448788928
0.0840163371949
0.0852397208568
0.083941104471
0.083650314697
0.118140351799
0.118099963674
0.118054895988
0.118011626787
0.117973395845
0.117942546627
0.117937393105
0.117964438509
0.117965922508
0.117947196649
0.117917903626
0.117889241594
0.117861697981
0.117856863993
0.117918914718
0.118033106259
0.118249320169
0.118568685571
0.118985070979
0.11943873374
0.119934778375
0.120454412686
0.120996911031
0.121534186531
0.122074779799
0.122617571527
0.123154117278
0.123682294873
0.124200384436
0.124699519133
0.125178117125
0.125642233971
0.126081207734
0.126486673201
0.126839043924
0.127114082201
0.12725093345
0.127239031955
0.126665958461
0.127736428327
0.1283560393
0.128808212283
0.130215561321
0.130342560568
0.129830086406
0.128908733719
0.127673964787
0.126230936507
0.124640727095
0.122938177459
0.121143049699
0.119266311322
0.117314207759
0.115290802811
0.113199294271
0.111042925207
0.108825341125
0.10655125725
0.104226679046
0.101859949833
0.0994622161198
0.0970507433853
0.0946536795135
0.0923133473872
0.0900849972595
0.088030896342
0.0862119661007
0.0846792218293
0.0834672133729
0.0825895464682
0.0820376180637
0.0817801768855
0.0817639135852
0.0819386917935
0.0822699012716
0.0827548222601
0.083345223517
0.0833991741637
0.0830290199012
0.082876279127
0.11745623946
0.117423934833
0.117375936486
0.117323864724
0.117269181422
0.11721510587
0.117172394067
0.117177981913
0.117183007487
0.117158085823
0.117113971478
0.117056959395
0.117001912011
0.116958143047
0.116968199642
0.117037893698
0.117223226582
0.117557383273
0.117966675711
0.118439881936
0.118958157696
0.119483689187
0.1200126334
0.12054479623
0.121061108893
0.121568215156
0.122064935691
0.122538865009
0.122988966307
0.123411020112
0.123813448266
0.124181032503
0.124505285409
0.12477083853
0.12495757692
0.125038914624
0.124955926877
0.124730650469
0.1231214214
0.12483426109
0.126574594908
0.126120985715
0.126936316576
0.127179974419
0.126758731962
0.12592690366
0.124777211642
0.123406414574
0.121875623451
0.120221631893
0.118466174647
0.116622277888
0.114698111701
0.112699457066
0.110630994422
0.108497326092
0.106303290203
0.104054793723
0.101758914505
0.0994252623093
0.0970662767417
0.094701723699
0.0923643209186
0.0901026347325
0.0879779742633
0.0860562785678
0.0843983118144
0.0830506606124
0.0820399214677
0.0813692212101
0.0810185889186
0.0809426352062
0.0810718467255
0.0813271613375
0.0815986167486
0.082062583737
0.0822193722338
0.082240715759
0.0821238294513
0.0820574084871
0.116824892435
0.116805358701
0.116758182664
0.116702871397
0.116638256966
0.116565281863
0.116501858478
0.116454649295
0.116452781089
0.116432727237
0.116382190639
0.116304127745
0.116205859049
0.116124817069
0.116045311182
0.116100948252
0.116294692234
0.116633711311
0.117058164367
0.117536007346
0.118050244916
0.118594277059
0.119112016973
0.119619840047
0.120108792326
0.12058000941
0.12102638184
0.121445065048
0.121830447857
0.122190461141
0.122511413009
0.122780498952
0.122988706449
0.123121117884
0.123160415115
0.123092157964
0.122918533329
0.122811938699
0.121107062137
0.121729945244
0.123541058267
0.123608481132
0.124018582505
0.12421652086
0.123830674947
0.123047570805
0.121952184754
0.120633600163
0.119149001324
0.117534748837
0.115813182349
0.113998486915
0.112100159713
0.110125295219
0.108079747387
0.105969254966
0.103799649606
0.101577906949
0.0993120317698
0.097012859925
0.0946940300062
0.09237813901
0.0901031589356
0.0879244430109
0.0859091801906
0.0841259214374
0.082633676076
0.0814730950753
0.0806622509537
0.0801946971223
0.0800430049605
0.0801596353143
0.0804964515959
0.0809457112282
0.0810514726083
0.0812317106383
0.0812722201427
0.0812752059421
0.0812422751591
0.0812211815862
0.116262052208
0.1162412447
0.116197792913
0.116142355719
0.116076168817
0.115993326812
0.115905044596
0.115829039636
0.115783246389
0.115779224876
0.11573706371
0.115646451471
0.115509707225
0.115376072798
0.115259426564
0.115195255884
0.115496474817
0.115806802431
0.116258748771
0.116744316928
0.117260411453
0.117786427544
0.118295470135
0.11877441788
0.119227707662
0.119655575675
0.120054566291
0.120415966814
0.120746573984
0.12103570254
0.121270360837
0.121444054363
0.121545817743
0.121559453752
0.121466875195
0.121256919962
0.120930346077
0.120605534503
0.119190844328
0.118764679693
0.119862085492
0.12082344472
0.121278628892
0.121459718521
0.12107611211
0.12030464194
0.119229423857
0.117936914278
0.116479687358
0.114891919518
0.113195088983
0.111403430098
0.109526953072
0.107573490919
0.105549636604
0.10346196511
0.101317042284
0.0991227699626
0.0968879084634
0.0946245081063
0.0923473088975
0.0900822292638
0.0878733155612
0.0857831921649
0.0838844371558
0.0822466307236
0.0809246742817
0.0799505788373
0.0793316211108
0.0790510237385
0.079076715535
0.0793570505594
0.0798343650981
0.0803553064691
0.0811284554426
0.0805175149917
0.0804011994803
0.0803717388139
0.0803599182162
0.080354521298
0.115763599414
0.115728511484
0.115687549991
0.115639315155
0.115579267688
0.115494433095
0.115383048895
0.11527550908
0.115223322471
0.115202260295
0.115191470677
0.115105754655
0.114947928714
0.114803381586
0.114679770083
0.114715783459
0.114817997335
0.115196072411
0.11559446922
0.116090454531
0.116584021954
0.117090234673
0.117569738367
0.118013184949
0.118424719995
0.118802654112
0.119148163255
0.119457004666
0.119722859028
0.11993556554
0.120091294245
0.120182109424
0.120195208285
0.12011460107
0.119918276861
0.119576969961
0.119011338285
0.118149574321
0.11757142535
0.116942988832
0.117031027627
0.118405608538
0.118910116651
0.119004524173
0.118542927874
0.117725628071
0.116628439417
0.115331285285
0.113879339224
0.112302357933
0.110619243269
0.108843012728
0.106983261726
0.105047907558
0.103043792469
0.100978004535
0.0988575600144
0.0966911562742
0.0944881237977
0.0922617650434
0.0900278133504
0.0878162003577
0.0856779891921
0.0836834796261
0.0819099453463
0.0804263086585
0.0792809397059
0.0784936049817
0.078055581594
0.0779344934734
0.0780930207487
0.0784694206435
0.0790100013844
0.0796970137333
0.0796272657638
0.0794722399893
0.0794265491956
0.0794258822884
0.0794338429195
0.0794353728173
0.115317677774
0.115268125735
0.115222935052
0.11519668496
0.115154545891
0.115078873939
0.114962650133
0.114811392309
0.114776245739
0.114753395432
0.114738693203
0.114680338764
0.114488548551
0.11446947914
0.114481729038
0.114528965724
0.11458969177
0.114745483403
0.115151847806
0.115579497092
0.116051554969
0.116505811268
0.11694020189
0.117337636278
0.117696189166
0.118019145412
0.11830519257
0.118551443802
0.118747650396
0.118891381349
0.118978464536
0.119001338486
0.118950601578
0.118813553841
0.118566342708
0.118160899614
0.117482433023
0.116757348479
0.116727661789
0.116609636836
0.116069783858
0.116861192855
0.117025200619
0.116874932862
0.116237632047
0.115312404873
0.114151234109
0.112819563513
0.111351221608
0.10976938105
0.10808881932
0.106320164322
0.104471714333
0.102550846291
0.100564181266
0.0985190314294
0.0964225912053
0.0942842694933
0.0921137782325
0.0899257832924
0.0877368758406
0.0855819263928
0.0835199838254
0.0816291703488
0.0799904454614
0.0786705828418
0.0777103744543
0.0771169122943
0.0768652287317
0.0769011666293
0.0771535121795
0.0775257907935
0.0781954418061
0.0783566600584
0.0783993430567
0.0783881108326
0.078403309029
0.0784311296612
0.0784542891704
0.0784632584055
0.114917741907
0.114860112358
0.114803095666
0.114817998074
0.114812139604
0.114759868776
0.114648051063
0.114524470161
0.114405360472
0.114441407043
0.114416994474
0.114422466954
0.11441083998
0.114402425701
0.114425170196
0.11445577713
0.114503911672
0.114597760089
0.114826229132
0.115242695663
0.115638850413
0.116031149344
0.116400010973
0.116736783016
0.117034942544
0.117294032361
0.117514908658
0.117692755907
0.117822162845
0.117901341983
0.117927537167
0.117897840015
0.117808353396
0.117652798802
0.117408021777
0.117036446059
0.116464966343
0.116123416495
0.116023062003
0.116611817952
0.115568212799
0.115745171365
0.115429412106
0.11497199422
0.114112790823
0.11304011073
0.111783476671
0.110393418906
0.10889068924
0.107290642503
0.105602910519
0.10383485449
0.101992770144
0.100082990689
0.0981115305349
0.096085722393
0.0940127101708
0.0919026119255
0.0897653374967
0.0876171329643
0.0854752708812
0.0833807809698
0.0814015787024
0.0796232352384
0.0781284900389
0.0769792830699
0.076206844642
0.0758086791426
0.0757595580796
0.0760017562218
0.0764115408152
0.0767047435323
0.0770676725681
0.0771670988118
0.0772348558788
0.077283140705
0.0773370606088
0.0773871630398
0.0774214020425
0.0774411029706
0.114579779504
0.11448588472
0.114409290866
0.114516915003
0.114561096664
0.114543152018
0.114457861258
0.114383499502
0.114327335431
0.114340561113
0.114315361829
0.114267710905
0.114342035726
0.114381986022
0.114398866338
0.114418762931
0.114452544502
0.11451873817
0.114736092176
0.115020821107
0.115330547566
0.115637316671
0.115932363414
0.116197989925
0.116427718227
0.116619630177
0.116770958898
0.116879234011
0.116941610901
0.116957481213
0.116928229507
0.116855969895
0.116745246603
0.116595033975
0.116394113801
0.116142704758
0.115820234457
0.115473144576
0.115366108656
0.113654037801
0.114243805961
0.114624067415
0.113976103477
0.11321446668
0.112116907577
0.110874684135
0.109501448395
0.108036397096
0.106486702082
0.104859002379
0.103157082152
0.101384456368
0.0995449525906
0.097643544682
0.0956853934299
0.0936777782415
0.0916276318638
0.089545893815
0.0874424942688
0.0853356193104
0.0832429921983
0.0812134315577
0.0793245051482
0.0776684815725
0.0763272950872
0.0753534944038
0.0747618477964
0.0745341730285
0.0746438391133
0.0750267701909
0.0755729672227
0.0764000437038
0.0760408269118
0.0760302823607
0.0760776055111
0.0761414565502
0.0762108664578
0.0762753071218
0.0763135552646
0.0763387100396
0.114372966038
0.114318465578
0.114322054814
0.114356815936
0.114411454092
0.114414267252
0.114368054197
0.114308692486
0.114282596399
0.114261791136
0.114240827025
0.114229327464
0.114247328809
0.114319222344
0.114361572449
0.114390885899
0.114408058336
0.114496095868
0.114650897296
0.114852013238
0.115074328678
0.115300868699
0.115516605142
0.115708905123
0.11586747055
0.115987876834
0.116068111703
0.11610466537
0.116097234304
0.116047971904
0.1159622585
0.115847396453
0.115715536251
0.115573334842
0.115442296174
0.115330577655
0.115197796595
0.114741591999
0.115558008682
0.113861483102
0.113417364009
0.113753276608
0.112725202545
0.111580963371
0.110205559013
0.108775539047
0.107273547041
0.105725355866
0.104123114594
0.102463605945
0.100744228291
0.09896439402
0.0971253147722
0.0952305472261
0.0932843430371
0.0912940225722
0.089266231624
0.0872129859111
0.0851440518324
0.0830800899935
0.081038943055
0.0790793484238
0.0772891319708
0.0757663571031
0.0745899562893
0.0738005914315
0.0733950597863
0.0733295032672
0.0735158974369
0.0738637207397
0.0746962995846
0.074813202552
0.0747798122869
0.074808549198
0.0748658971526
0.0749325968061
0.0749972291869
0.0750590470948
0.0750973933772
0.0751145427213
0.114304069247
0.114296345765
0.114298647752
0.114306944026
0.114336625435
0.114338003144
0.114305748559
0.114246902248
0.114257447044
0.114237254281
0.114231851172
0.114226724801
0.11422861197
0.114262872292
0.114300672174
0.114344779071
0.11437399684
0.114448032222
0.11455681072
0.114696611731
0.114847426649
0.114999507269
0.115141006017
0.115259633247
0.115345940314
0.115394046037
0.115400148998
0.115361709581
0.115279972917
0.11515959482
0.115007540038
0.114834440221
0.114661933352
0.114523488201
0.114475401814
0.114554514893
0.114795639106
0.114998925649
0.11629600447
0.11484950212
0.113310739984
0.113131199228
0.111594830375
0.109991975383
0.108305523246
0.106684826283
0.105058082079
0.103431250752
0.10178022017
0.100091388588
0.0983558104991
0.0965690859237
0.0947301214972
0.0928413414828
0.09090627565
0.0889325778875
0.0869266223358
0.0849019199375
0.08286785337
0.0808482921567
0.0788606763779
0.0769763418602
0.0752934603653
0.0739142389517
0.0729115702643
0.072313772745
0.0721110311768
0.07225563787
0.0726018191635
0.0728466132604
0.0733414513195
0.0734655135513
0.0734991665747
0.0735431175226
0.0735980230449
0.0736544385739
0.0737037056412
0.0737455680524
0.0737793114672
0.0737853472262
0.114292174733
0.114291851693
0.114292718689
0.114287946865
0.114299850939
0.114292419504
0.114267402765
0.114231126552
0.114249875701
0.114228008391
0.114228703398
0.114220588961
0.114216214379
0.114270038057
0.114294628004
0.114248650981
0.114310419326
0.114372326622
0.114449556376
0.114540635761
0.114633970543
0.114719995657
0.114792633921
0.114841788101
0.114857591994
0.114833081267
0.114763618961
0.114646320425
0.114483717226
0.114280366254
0.114037944568
0.11377146982
0.113523890722
0.113360116695
0.113363846472
0.11365463071
0.114371642913
0.115801696329
0.117154465168
0.116013745293
0.113569408017
0.112417622793
0.110322727522
0.108280942929
0.106305592024
0.10452741806
0.102806092191
0.101122548054
0.0994378042899
0.0977294712109
0.0959836220731
0.0941931986095
0.0923557167538
0.0904731565914
0.088548785105
0.086591088703
0.0846062681739
0.0826099282169
0.0806107692921
0.0786368320711
0.076704330786
0.0749005325433
0.0733331958886
0.0721059138469
0.0712814198522
0.0708737046686
0.0708542310407
0.0711132953721
0.0715472219809
0.0725763949842
0.0722126575559
0.0721906234536
0.0722002551769
0.0722354201726
0.0722804457894
0.072325207697
0.072363137109
0.0723907149748
0.0724147249918
0.0724237267055
0.114269078098
0.114285647659
0.114289602535
0.11427909691
0.114274854627
0.114259132353
0.114235358586
0.114210556075
0.11421197284
0.114191016507
0.114197337694
0.114176355116
0.114136502387
0.1141671677
0.114320283166
0.114237940489
0.11425592272
0.114287660356
0.11433083876
0.114380429892
0.114424921631
0.114456411553
0.114467570849
0.114451939796
0.114400288998
0.114303637777
0.114156325978
0.113955477087
0.113702425698
0.113390685773
0.113016301296
0.112618732251
0.112242649066
0.111964292612
0.111913739002
0.112308904407
0.113441573199
0.116531866149
0.117894676819
0.116860968238
0.113533085777
0.111003808316
0.108483467102
0.106212293609
0.104075988412
0.102226592612
0.100472256323
0.0987726596747
0.0970801825039
0.0953685189207
0.0936219999259
0.0918330959778
0.0899994691164
0.0881237158441
0.0862095428216
0.084266942487
0.082302094972
0.0803334854423
0.0783687028056
0.0764412002047
0.0745647433105
0.0728466572031
0.07140213038
0.0703324692463
0.0696887449806
0.0694735211506
0.0696233765028
0.0699657613228
0.0704795829192
0.0708487863555
0.0708275563514
0.070831845146
0.0708485525569
0.0708802967538
0.0709186179958
0.0709564703107
0.0709889649208
0.0710121513218
0.0710304331064
0.0710434433625
0.114271784814
0.114279417389
0.114291730985
0.114278048921
0.114254248345
0.114230137362
0.114202341377
0.114172618867
0.11414265161
0.114144184476
0.114152484026
0.114130091927
0.114089402544
0.114084092748
0.114084465462
0.114142530387
0.114170635229
0.114193415852
0.1142111681
0.114222948479
0.114223348947
0.11420679718
0.114164176247
0.114088871967
0.113972263816
0.113804743035
0.113577449679
0.113287176509
0.112923954859
0.112468057994
0.111937178707
0.111361064108
0.110768417264
0.110226246579
0.109860484231
0.109875299051
0.110603786919
0.112844538498
0.118197220842
0.112355382708
0.111499015332
0.108344108741
0.105719373242
0.103580090826
0.101519456151
0.0997353111751
0.0980333878413
0.0963705668351
0.0947023640051
0.0930063752027
0.0912699986583
0.0894881606455
0.0876605858782
0.0857917373307
0.0838865985387
0.0819574326163
0.0800105570661
0.0780683090252
0.076136535176
0.0742557091943
0.0724355003213
0.0708084452625
0.0694928371274
0.0685834372504
0.0681204409328
0.0680858988447
0.0683473232167
0.0687991861893
0.0697247341178
0.0695176146033
0.0694540064183
0.0694410937523
0.0694533731947
0.0694815193657
0.0695160593889
0.0695508260331
0.0695813793333
0.0696024745892
0.0696204028246
0.0696350096555
0.114270095838
0.114267419694
0.114288796415
0.114258881914
0.114232920083
0.114204822589
0.114173722162
0.114141045278
0.114105603021
0.114110059634
0.114115238288
0.114098103095
0.114071566303
0.114064209869
0.114072655586
0.114074762223
0.114097166556
0.114102383104
0.114094677169
0.114073387601
0.114034630213
0.1139739648
0.11388339218
0.11375303739
0.113575082669
0.113335755244
0.113026461707
0.112636376729
0.112140462945
0.111533743587
0.110826622556
0.110017196821
0.109106658442
0.108133527348
0.107193243642
0.10637240292
0.105795482002
0.105597687893
0.106394798004
0.10343387885
0.106431122944
0.104203188944
0.101963833648
0.100347766797
0.0986400368812
0.0970716161965
0.0955067343042
0.0939299348036
0.0923145932448
0.0906504106418
0.088932661778
0.0871615129559
0.085340534064
0.0834771808649
0.0815785193643
0.0796598194658
0.0777276466389
0.0758093305871
0.07390803673
0.0720733192297
0.0703085786538
0.0687779273563
0.0675963851977
0.0668505616689
0.0665687628772
0.0666811758093
0.067018187063
0.0676677553976
0.0679312077346
0.0679585825379
0.0679703893663
0.0679879043727
0.0680125359662
0.068045248072
0.0680810156862
0.068116099774
0.0681478870703
0.068170645021
0.0681898165637
0.0682044145885
0.1142596377
0.114251175311
0.114231363448
0.114235975901
0.114213477685
0.114183451871
0.11415015618
0.114116789612
0.114082494226
0.114086780303
0.11408911013
0.114076662022
0.114060851872
0.114057970107
0.114066321448
0.114048966858
0.114039033282
0.114018262128
0.113982437385
0.113932118503
0.113860184519
0.113760996465
0.113625707335
0.113445725163
0.113207966781
0.112897478934
0.112505118397
0.11200765657
0.111384265851
0.110625377009
0.109720053395
0.108632323979
0.10733057958
0.105877133726
0.104301654427
0.102539135093
0.100482163047
0.0979597978981
0.0936468933917
0.095555468714
0.097184368592
0.0983100802194
0.0975515201707
0.0967795554115
0.0955959685217
0.094333472574
0.0929534812877
0.0914894326913
0.0899418640172
0.0883170033903
0.0866206484354
0.0848597759344
0.0830428971901
0.0811811531068
0.0792843163131
0.0773712564981
0.0754488322066
0.0735506710657
0.0716759212436
0.069885876312
0.0681745150195
0.0667443113012
0.065698713197
0.0651218464026
0.0650204641794
0.0652227419178
0.0656663472716
0.0666399675819
0.0664537605168
0.0664541788205
0.0664800605672
0.0665151060133
0.0665538911097
0.0665958074517
0.0666375947567
0.0666764696568
0.0667105227403
0.066739258616
0.0667623213122
0.0667779762998
0.114250674004
0.114245878742
0.114237868014
0.114239443893
0.114203911496
0.114167544151
0.114130877377
0.114096724623
0.114065812015
0.114069388346
0.114069915561
0.114059919015
0.114049338662
0.114054369306
0.114038047163
0.11401393425
0.1139837195
0.11393845438
0.113879483671
0.113803321996
0.113699918177
0.113567244956
0.113394742291
0.113168405773
0.112872132989
0.112497630647
0.112025177065
0.11142670661
0.110681998975
0.109772726334
0.108658512215
0.107267156982
0.105616814741
0.10375939523
0.101611294605
0.0990143438812
0.0957224987445
0.090591856562
0.0885080186794
0.0890943055617
0.0898577333008
0.0927863829875
0.0933901690891
0.0933553802033
0.0926397568436
0.0916621972438
0.0904578445148
0.0891013524276
0.0876176975699
0.0860280746894
0.0843482785595
0.0825919592104
0.080772723317
0.0789055037171
0.077003163382
0.0750885487028
0.0731688407214
0.0712854625586
0.069431860394
0.0676848247689
0.0660245147229
0.0646985366166
0.0637869595504
0.0633737040339
0.0634214261137
0.0637132395093
0.064376557695
0.0647984557629
0.0648609400888
0.0649217323179
0.0649817844438
0.0650430479643
0.0651023480066
0.0651608441283
0.0652163080715
0.0652662471329
0.0653083277906
0.065344079351
0.0653691376466
0.0653823042275
0.114247388883
0.11424674754
0.114243260221
0.114245384492
0.114197221595
0.114154256552
0.114114143004
0.114079094724
0.114052737348
0.114055629119
0.114055164678
0.114046132315
0.114035454967
0.114026625656
0.114012833527
0.11397956743
0.113930985236
0.113866776556
0.11378723066
0.113684649493
0.113557252528
0.113399030757
0.113190866155
0.112918699496
0.11257726399
0.112146451003
0.111596153686
0.110908567593
0.110058078198
0.109001211793
0.107675341024
0.106031232469
0.104123080646
0.101944111697
0.099389497632
0.0962860222693
0.0924041807412
0.0865752814586
0.0854597813466
0.0847779353879
0.0864456513729
0.0890942775582
0.0901107807198
0.0904174021824
0.0899700716463
0.0891780864841
0.0880963272014
0.0868159639344
0.0853758107666
0.0838064758518
0.0821309097379
0.08036794395
0.0785356316103
0.0766522686558
0.0747339940397
0.0728077544123
0.0708811718299
0.0690051738221
0.06716564494
0.0654603474581
0.0638500180399
0.0626387734609
0.0618765650872
0.0616249060112
0.0617004869345
0.062036882807
0.0632847710292
0.0632218082592
0.0633024105111
0.063395442618
0.0634896633939
0.0635834585768
0.0636724911546
0.0637562433046
0.0638331349198
0.0639009161252
0.0639577146866
0.0640012737551
0.0640274202417
0.0640356013881
0.114245587792
0.114247198032
0.114244097924
0.114245940981
0.114190040413
0.114141763539
0.114098699279
0.114062298445
0.114035528323
0.114045719949
0.114044958962
0.114036943966
0.114029082615
0.114020249965
0.113994344537
0.113947599855
0.113882824455
0.113802118893
0.113702854001
0.113581632026
0.11343618365
0.113251209628
0.113010616489
0.112709599004
0.112332085583
0.111844241658
0.11123166914
0.110474180468
0.109524816996
0.10833536689
0.106839410546
0.105010128421
0.102910593708
0.100514996149
0.097730129068
0.0944228714065
0.0904653046828
0.0850031022732
0.0849394804598
0.084565012388
0.0850243072897
0.0869061609657
0.0877306825257
0.0880498629903
0.0876728202369
0.0869496279824
0.085920395434
0.084671290095
0.0832439907532
0.0816722860596
0.0799826958878
0.0781971383094
0.0763370131341
0.0744231886872
0.0724751654231
0.070523813551
0.0685774914676
0.0666984444882
0.0648631587986
0.063197699483
0.0616349399564
0.0605541161628
0.0599797127701
0.0599498944348
0.0601380761947
0.0603947712083
0.0612626034367
0.0614981814168
0.0616889632133
0.0618508363853
0.0619986569422
0.0621368253679
0.0622673735952
0.0623851758125
0.0624896814915
0.0625792015893
0.0626524796916
0.0627059410787
0.0627395288579
0.0627521046668
0.114243614461
0.11424915
0.114241598751
0.114243349247
0.114182005795
0.114129413582
0.114084443908
0.114046450381
0.114041097681
0.114043251685
0.114039819059
0.114031791296
0.11402603564
0.11401942171
0.113979939114
0.113916795296
0.113836353806
0.113741039163
0.113628371778
0.113493429225
0.11333074654
0.113126645126
0.112869198223
0.1125481459
0.112133705428
0.11160201864
0.110945267954
0.110131368703
0.109106008838
0.107814241651
0.106184314684
0.104223963308
0.102000977323
0.0994805485752
0.0965953891283
0.0932635428323
0.0894519240911
0.0845762348228
0.0849788672921
0.0840454740486
0.0843506290811
0.0856465214677
0.0860497941887
0.0861945814263
0.0857505274544
0.0849986161372
0.0839550801931
0.0826903340798
0.0812415748086
0.0796409215522
0.0779152979118
0.0760876682853
0.074181569945
0.0722194952773
0.0702244047576
0.068230558851
0.0662475740955
0.064350517044
0.0625044431696
0.0608725291541
0.0593493503507
0.058417175586
0.0580349681115
0.0581002636397
0.0584140549042
0.059944995277
0.0597276833042
0.059868826444
0.0600786186931
0.0602972735493
0.0605099600429
0.0607059909539
0.0608869802258
0.0610465588839
0.0611844875716
0.0613002701844
0.0613932299463
0.0614586586919
0.0615032998621
0.0615260801592
0.114236738101
0.11424512475
0.114229361206
0.114232246476
0.114170852657
0.114117775478
0.114077227982
0.114048961673
0.114039573513
0.11404146085
0.114037182179
0.114028076908
0.114022374046
0.114017128687
0.113965271076
0.113887806701
0.113792276021
0.113682565015
0.113558288723
0.113417082183
0.113248030362
0.113034938762
0.112767895592
0.112428723965
0.11198844257
0.111431525884
0.110745706215
0.109890813253
0.108806875237
0.107443532995
0.105731786002
0.10368850211
0.101392363434
0.0988123227352
0.0959025797907
0.0926182621282
0.088980087475
0.0844778440903
0.0851764130639
0.084234397477
0.0839975982719
0.0848998060859
0.0848722584873
0.0847576129972
0.0841660297375
0.0833169954538
0.0822052877164
0.0808830925396
0.0793797924349
0.0777229415469
0.0759376169899
0.0740462079689
0.072073279942
0.0700420152983
0.0679790496556
0.0659211676307
0.0638802872489
0.061945156622
0.0600662373336
0.0584506284563
0.0569414302173
0.0561760996805
0.0560095178733
0.0561800577876
0.0566937466094
0.0574998407547
0.0577210346238
0.0580520628791
0.0583886529178
0.0587113848331
0.059012737434
0.0592870872856
0.0595293760018
0.0597384037977
0.0599150162868
0.0600605102896
0.0601748511066
0.0602574168667
0.0603149332569
0.0603473694436
0.114223169021
0.114212282362
0.11421135469
0.114215362464
0.114153379849
0.114102318678
0.114064766958
0.114042802905
0.114037284038
0.114040766081
0.114035636312
0.114024117586
0.114016565705
0.114011581079
0.113954103435
0.11385829835
0.113746182596
0.113625367305
0.113496470705
0.113353136182
0.113182536472
0.112971529805
0.112703748754
0.112354802726
0.111901077593
0.111330101012
0.110627885939
0.109754092545
0.108646793646
0.107248623626
0.105481332591
0.103392365683
0.101068727898
0.0984732051862
0.0955781779794
0.0923641206725
0.0888834769048
0.084696008306
0.0854454808346
0.0845403559294
0.0839375894509
0.0844694453536
0.0840498634151
0.083649711319
0.0828704899109
0.0818822294295
0.0806637447211
0.0792505487226
0.0776637154791
0.0759250123914
0.0740563336828
0.0720783699538
0.0700157520398
0.0678915303278
0.0657363554647
0.063588392883
0.0614641326565
0.0594669884359
0.057530267238
0.0559092228283
0.0543695541255
0.0537334425877
0.0536587239168
0.0539393013822
0.0551663589559
0.0554766699132
0.05574324536
0.0561736487907
0.0566473524134
0.0571013077273
0.0575121984765
0.0578803430782
0.0581976003196
0.0584650563841
0.0586858062498
0.058863978816
0.0590009286896
0.0591040058957
0.05917403275
0.0592145551937
0.114215753361
0.114195896534
0.11419841036
0.114198147768
0.114139462593
0.114095692685
0.114065659617
0.114044741829
0.114041094548
0.114043422073
0.11403517597
0.114019351756
0.114007752287
0.113995238174
0.113932481529
0.113827790393
0.113703520022
0.113572957094
0.113440554159
0.113299626035
0.113136843196
0.112932865121
0.112666770518
0.112317068008
0.111864573351
0.111299571815
0.110604325013
0.109730611297
0.108618277905
0.107208107395
0.105428500987
0.10333718173
0.101015993899
0.098431918869
0.0955655516983
0.0924106231536
0.0890360378971
0.0850637083453
0.0857373234446
0.084925604097
0.084055670731
0.0842318965857
0.0834754635735
0.0827973388492
0.0818174027275
0.080668009851
0.0793178750447
0.0777888354105
0.0760947368216
0.0742514375124
0.0722769555455
0.0701895261465
0.0680129328373
0.0657693921306
0.0634938555687
0.0612243209017
0.0589856249286
0.0568969358057
0.0548767715768
0.0532464879946
0.0516860562586
0.0511934267915
0.0509933492854
0.0512762905315
0.0529304504934
0.0531393410858
0.0536091397973
0.0541918809728
0.0548468357585
0.0554642393213
0.0560175904971
0.0564975695293
0.0569050711313
0.0572422827971
0.0575140371989
0.0577285545707
0.057891819269
0.0580137500062
0.0580946747892
0.0581392406582
0.11420605667
0.114188115979
0.114190661279
0.114190173124
0.114133626383
0.114093717559
0.114066652092
0.114046824134
0.114044708263
0.114045344731
0.114034533898
0.114013167551
0.113993270814
0.113939225561
0.113922782978
0.113804907972
0.113661097431
0.113514575865
0.113377341634
0.113248615287
0.113108823002
0.1129211462
0.112663292722
0.112319582288
0.111878171127
0.111331632815
0.110654604664
0.109799285618
0.108707927471
0.107321986662
0.105578941392
0.103519334032
0.101224642726
0.0986705133557
0.0958334215318
0.0927068031965
0.0893627217862
0.0854676766628
0.0860050261924
0.0853401386166
0.0842821100583
0.084112926104
0.0830779378293
0.082147306151
0.0809696271209
0.0796505742667
0.0781544821992
0.0764924996869
0.074672833398
0.0727058096076
0.0706051632466
0.0683860354393
0.0660703009403
0.0636786531643
0.0612502010672
0.0588207678491
0.0564286300656
0.0542063613799
0.0520598058944
0.0504073359211
0.0488878911922
0.0487805163781
0.0487520317034
0.0486842851125
0.0500996900629
0.0506777841407
0.0513541625297
0.0521301749689
0.0529902174756
0.0538203647168
0.0545440471633
0.0551595188203
0.0556728952541
0.0560913583491
0.056421237617
0.0566768235062
0.0568701433199
0.0570109082677
0.0571035904884
0.0571506276238
0.114180667669
0.114183988079
0.114183018644
0.114177627238
0.114132120024
0.114096715678
0.114070619863
0.11404972787
0.114048360591
0.114045622417
0.114034052629
0.11400955663
0.113983715271
0.113954591452
0.113967232879
0.113801261401
0.113618366022
0.113446965677
0.113307214988
0.113201219052
0.11309805202
0.112933072277
0.112689421873
0.112360195461
0.11193778454
0.111415694114
0.110768069412
0.109945381282
0.108900042263
0.107580659928
0.105923502494
0.103932735284
0.101692190174
0.0991891120819
0.0963819636867
0.0932463998204
0.0898388595645
0.0858394325511
0.0862129706388
0.0857204994325
0.084566870456
0.0840755234538
0.0828165889319
0.0816649928666
0.0802999420081
0.0788104908472
0.0771618764761
0.0753565460013
0.073398358185
0.0712925946838
0.0690483496162
0.0666769277115
0.0641968753299
0.0616263930265
0.0590073931079
0.056371155945
0.0537765226011
0.0513631541737
0.0490248454281
0.0472868890347
0.0456875958273
0.0457530888359
0.0460734609672
0.0485085496449
0.0477979431324
0.0482332390404
0.0490132306668
0.0499931143564
0.051078560189
0.0521708276112
0.0531103214042
0.0538876814017
0.0545223050755
0.0550329094567
0.0554320004388
0.0557351286445
0.0559589498639
0.0561170522123
0.0562223333873
0.0562714639975
0.114171965475
0.114178463759
0.114169096549
0.114155817359
0.114140918097
0.114106915461
0.114078928327
0.114058329809
0.114048470852
0.114043473884
0.114034149102
0.114012384761
0.113991067
0.113978671149
0.113989151234
0.113800469779
0.113566081792
0.113366289718
0.113239861377
0.113163070184
0.113109391495
0.112971333874
0.112739877105
0.112424631173
0.112027062583
0.111541387136
0.110937401667
0.110167772256
0.109187214448
0.107957396051
0.10643362434
0.104568737858
0.102424105275
0.100008832663
0.0972493302707
0.094079674622
0.0905047696482
0.0861371996336
0.086345736312
0.0860184399874
0.0848933471136
0.0841114436505
0.0826627790024
0.0813210642248
0.0797856643311
0.0781320754957
0.0763311167667
0.0743780891902
0.0722736035756
0.0700185535067
0.0676170622537
0.0650756436509
0.0624076960689
0.059627398577
0.0567758590154
0.0538763674584
0.0510149172416
0.0483280030375
0.0457241400668
0.0438792122532
0.0421004282495
0.0420399746258
0.0424631831081
0.0443305261673
0.0445404430475
0.0453508868246
0.046456511466
0.0477469341773
0.0491230894238
0.0505096865066
0.0517234814762
0.0526992144928
0.0534740328873
0.0540843356337
0.0545570647689
0.0549125604269
0.0551704847671
0.0553449676032
0.0554617273995
0.0555158245239
0.114156823262
0.114152989758
0.114157514472
0.114155401544
0.114155001573
0.114116105682
0.114083614099
0.114058002532
0.114035247811
0.114051627781
0.114034709565
0.114012903386
0.113990588442
0.113977623668
0.113933259072
0.113799900624
0.113503954703
0.11327750821
0.113179892967
0.113158728452
0.113139100097
0.113016877375
0.1128041983
0.112506367857
0.112133004772
0.1116920775
0.111148099124
0.11044778201
0.109545728689
0.10842822626
0.107080256529
0.105413337567
0.103432169394
0.101171376448
0.0985181406199
0.0953377256561
0.0915120850202
0.0862874717743
0.086390436361
0.086160862533
0.0851988469751
0.0841650883517
0.0825635812578
0.0810825789379
0.0794113604187
0.0776082841375
0.0756595516653
0.0735583481506
0.0713038668041
0.0688933877048
0.0663255288448
0.0636006065502
0.0607246680617
0.057705835741
0.0545789978803
0.0513560201654
0.0481481665515
0.0450548904997
0.0420412723278
0.0400469779826
0.0382341817631
0.0385896101835
0.038959789439
0.0401428329915
0.0409151785632
0.0421672244349
0.0437137024054
0.0454112573502
0.0471469939842
0.0488578901937
0.0503919037379
0.051607194232
0.0525450578861
0.0532656225241
0.0538118187208
0.0542161925026
0.0545082878751
0.0547033488936
0.054829168523
0.0548944637578
0.114150986085
0.114148772934
0.114155079844
0.114156807831
0.114157095613
0.11411677399
0.114084758763
0.114060123727
0.114042683261
0.11405268447
0.11402174896
0.114007173262
0.113980787317
0.11396119799
0.113954080641
0.113908936909
0.113404339814
0.113168785443
0.113158433169
0.113146929328
0.113121264785
0.113081742171
0.112884939876
0.112590444634
0.11222793846
0.111844263215
0.111382730361
0.110773318664
0.109951344113
0.108936972011
0.10778404751
0.106410379663
0.104739967994
0.102727873245
0.100312678053
0.0972748936321
0.093294579498
0.0866164681603
0.0864116599305
0.0859604378595
0.0850799755201
0.084094837961
0.0825099625017
0.0809697509486
0.0791977451783
0.0772522804788
0.0751538761131
0.07290228496
0.0704961762766
0.0679285191117
0.0651907321697
0.0622744435741
0.0591751765435
0.0558916458957
0.052446571514
0.0488425847827
0.0452096977699
0.0415578225993
0.0379200900764
0.0353899352379
0.0328644354489
0.0339453408083
0.0376464914341
0.0360151166277
0.0369411601857
0.038695526055
0.040816718859
0.0430310664673
0.045200859602
0.0472677193307
0.0491382843123
0.0506243248682
0.0517425347639
0.0525820299605
0.0532080170429
0.0536616799637
0.0539818444438
0.0541961174916
0.0543312405038
0.054405995913
0.114147335928
0.114148085253
0.114153681687
0.114156275511
0.114154141515
0.114111104563
0.11407969386
0.114053344971
0.114029154091
0.11399266132
0.114024469974
0.11400494518
0.113969999395
0.113952976573
0.113904798478
0.113613010469
0.113129016553
0.113137751265
0.113148573914
0.113084950812
0.113021254152
0.112987484764
0.112894349672
0.112641766343
0.112280881438
0.111971540163
0.111622501904
0.111141010145
0.110382789925
0.109405349394
0.108444420576
0.107414112817
0.106231208585
0.104732507897
0.102756954742
0.100318257599
0.0971146631922
0.0925815228402
0.0866607665974
0.0818611240251
0.0839678145848
0.0841913981039
0.0827972963222
0.0811413420332
0.0792130800469
0.0770887217157
0.0748202270744
0.0724115767288
0.0698551526487
0.067135194666
0.0642324925928
0.0611263238659
0.0577968714386
0.0542261274295
0.050413817901
0.0463528785651
0.0421807626112
0.0378342878227
0.0335922010887
0.0304383524994
0.0261919586084
0.0268314587015
0.0300099597709
0.0297987271659
0.0319807758938
0.0348170931658
0.0378037796683
0.0406827645422
0.0433565685279
0.0458040704904
0.0480066353942
0.0497702585783
0.0510727131401
0.0520306213897
0.0527351285903
0.0532427280394
0.0535934854551
0.0538225041333
0.053960879238
0.0540253819725
0.114146647586
0.114146242607
0.114149709311
0.114147269909
0.114138497192
0.114097066934
0.114069124751
0.114046548623
0.114027537992
0.114010751712
0.114028291689
0.113996796815
0.113943143274
0.11386610332
0.113722017397
0.113348907011
0.113164625689
0.113186312519
0.113205728318
0.113002879972
0.112867213286
0.112872670454
0.112828519895
0.112678011075
0.112111271013
0.111992261542
0.111824473068
0.111623494619
0.110879184488
0.109730673761
0.108919172876
0.10822964215
0.1075849882
0.106797716214
0.105714373085
0.104120441385
0.102142051179
0.0992362175714
0.0949050723839
0.0850596393008
0.085200500279
0.0854822583247
0.0838508885883
0.081744240856
0.0794776011543
0.077101415419
0.0746401819665
0.0720760944549
0.0693822875762
0.0665280671105
0.0634805779854
0.0602041780327
0.05665956279
0.0528022517399
0.0485893848278
0.0439711338925
0.0390129341167
0.0336214908456
0.0287158749808
0.025347926115
0.0200536725858
0.0190067215443
0.0187862735697
0.0217154128091
0.0262379385428
0.0307447992774
0.0348725116658
0.038526826592
0.041735091442
0.0445551944789
0.0470582306684
0.0490745552084
0.0505444477921
0.0516129644916
0.0523848846245
0.0529365781582
0.0533165383266
0.0535601039335
0.0537000293015
0.0537527921295
0.114146338359
0.114146476121
0.114146366259
0.114135573359
0.114120811639
0.114064632825
0.114046619227
0.114032277194
0.114017217701
0.114001168171
0.113985974439
0.113968031275
0.113921657083
0.113859490116
0.113695093492
0.113441789375
0.113332167457
0.113398152794
0.113350892822
0.112807769037
0.11283251839
0.112843628458
0.112740926589
0.112467386258
0.112211547967
0.112158036264
0.111982470045
0.111772287869
0.111602717451
0.109718983686
0.109016197194
0.108753770873
0.108686919027
0.108706243516
0.108721059678
0.108718275303
0.108691838366
0.108600918973
0.108128148279
0.0940053774956
0.090672130505
0.0883356038431
0.0854589054645
0.0825490349404
0.0798278718939
0.0771917912632
0.0745635111488
0.0718784364508
0.0690842350975
0.0661347216944
0.062984935655
0.0595865262257
0.0558828259545
0.0518021076819
0.0472504007963
0.0420925078268
0.0361826895416
0.0292094987437
0.0220391823524
0.0143195752772
0.00471473945185
0.0091961818588
0.00233969026088
0.0119868114195
0.0203298067433
0.0269975175184
0.0323921526643
0.0368101537042
0.0405001220931
0.0436386372219
0.0463715425156
0.0485709384511
0.0501694997503
0.0513260419957
0.0521528336163
0.0527373045491
0.0531389366011
0.0533968460359
0.0535454298654
0.0536027123344
0.114147144647
0.114148240928
0.114141585791
0.114126005551
0.114101548511
0.114071825168
0.11405097393
0.114034284107
0.114017958473
0.114001437677
0.113984739082
0.113966395096
0.113958888268
0.11391526233
0.113784385373
0.113575736326
0.113416649506
0.113334580669
0.113195656916
0.112980754333
0.112908042314
0.112885198137
0.112759570085
0.112520450358
0.112287106006
0.112102226974
0.111847782434
0.11153689087
0.110836860149
0.10988477275
0.109321987795
0.10908755878
0.10898452581
0.108932086165
0.108908218788
0.108918677533
0.108972125668
0.109090872166
0.109388617619
0.109169356195
0.0989607109435
0.0910675285276
0.08646869884
0.0829820171414
0.0800058800837
0.0772428521042
0.074539485099
0.0718024532283
0.0689662080099
0.0659772527425
0.0627852231254
0.0593361823329
0.0555656720889
0.0513890433907
0.0466860007988
0.0412681739275
0.0348249240983
0.0267037928254
0.015834113978
-0.00360133476548
-0.0220167658892
-0.00312568801689
0.000455388295909
0.00141862040672
0.0159267500021
0.0245016537354
0.0308898863667
0.0358297397173
0.0398221041647
0.0431506685596
0.0460187426935
0.0483131989981
0.0499754875055
0.051180274534
0.0520399960135
0.0526430773416
0.053054958912
0.0533212415786
0.053480937258
0.053544669035
)
;

boundaryField
{
    frontAndBack
    {
        type            empty;
    }
    upperWall
    {
        type            zeroGradient;
    }
    lowerWall
    {
        type            zeroGradient;
    }
    inlet
    {
        type            zeroGradient;
    }
    outlet
    {
        type            fixedValue;
        value           uniform 0;
    }
}


// ************************************************************************* //
