/*--------------------------------*- C++ -*----------------------------------*\
| =========                 |                                                 |
| \\      /  F ield         | OpenFOAM: The Open Source CFD Toolbox           |
|  \\    /   O peration     | Version:  v1806                                 |
|   \\  /    A nd           | Web:      www.OpenFOAM.com                      |
|    \\/     M anipulation  |                                                 |
\*---------------------------------------------------------------------------*/
FoamFile
{
    version     2.0;
    format      ascii;
    class       volScalarField;
    location    "71";
    object      alpha;
}
// * * * * * * * * * * * * * * * * * * * * * * * * * * * * * * * * * * * * * //

dimensions      [0 0 -1 0 0 0 0];


internalField   nonuniform List<scalar> 
6400
(
0.804147391436
1.16074705408
1.7382950069
1.86015425976
2.00499463372
2.2218284642
2.76686375787
3.43317483642
3.35944434428
3.40960642256
4.50606821006
4.70718408912
4.80022037528
5.06397740288
5.69699920813
6.32134093407
6.61962886899
6.95418904052
7.34912131892
7.51597311083
7.33142327887
7.0581922796
6.96104235204
7.19904616046
7.50487813397
7.72111814499
7.70610452175
7.63867062911
7.72863883252
7.97681130729
8.35113850043
8.42241631251
8.21121064729
7.98530266581
7.73085708343
7.16343705137
6.69925398156
7.20738691521
6.82058809879
5.9507823829
5.244495998
4.94420877963
4.82679356555
4.74191237966
4.71375502625
4.63358395733
4.65909509691
4.88405229368
5.24717748521
5.49797124106
5.65424383448
3.6571934657
3.34918687746
3.00978810075
3.73184845143
6.04900095111
7.17929780832
6.5163700273
5.20624439582
5.22746070949
4.63228439087
3.89672552313
3.06061157708
5.19604967935
9.42376841586
14.4448433576
17.4855541044
17.2285018344
15.2439692685
13.5601581176
12.5877325168
12.6424097451
13.0446868058
12.8359156483
14.7647107819
14.1637308467
15.9911073424
9.88706932995
12.8711163762
4.81225542072
3.04571285758
2.31814261485
2.80433427303
3.96737656481
3.47050617856
2.83036266585
2.645712849
2.77474179721
3.04199229796
3.42262367936
3.95619728438
4.48981097366
4.92516807925
5.33959572717
5.71905482869
6.18470209492
6.67844770436
7.28219167015
8.59980538759
8.48887277123
7.93508913374
7.45059270083
7.02350937423
7.05856910703
7.90725420429
7.82425588648
7.67260005094
7.75599294644
7.93221800264
8.16064277169
8.40464434743
8.95506402886
8.79645075467
8.68878755741
8.70956436634
7.54656760181
7.59672648922
7.98065402877
7.23267960618
5.6384946301
4.77106444108
9.68888093727
11.4034360298
11.3668670824
11.2163668208
10.5940342443
9.67537359458
9.01324956505
7.93699501967
7.16217955869
7.61080898007
9.25512861301
9.96011479275
3.53457448563
4.52601877579
4.91392419316
1.87266271744
1.54437547423
1.41281239769
1.24732101123
1.16647709808
4.02610473919
2.92297783467
5.26020468605
9.40780885392
15.3376052216
19.1187159034
17.9632201794
15.812077997
13.8570406559
13.0456858152
13.3211549241
14.272701641
13.6280277589
13.4034558772
12.8264498002
11.5917888185
9.73464921765
8.17696307573
4.26129630956
2.93595853624
2.42229461141
2.88297122284
2.80421221774
2.82221332475
3.03196039255
2.93357101989
2.76646547038
2.99679405268
3.41510196823
3.91940202939
4.47395264392
4.96864343506
5.40640843331
5.69111803041
6.13909173038
10.1111543826
12.416309294
12.5594877421
11.2723993847
7.96857094906
6.62070898518
7.4071335943
7.51573505779
7.43266685569
7.64973984618
7.85910265878
7.9675240237
8.13383747335
8.48412629479
8.5942954776
9.4839596351
9.57538337042
8.48252775991
10.1801284097
9.25319421241
7.42392245235
9.22843591985
8.09387112824
5.82287416083
4.36060109555
4.3646472857
4.53235177507
4.55747353571
4.49598531061
4.38435859815
4.23889501248
4.06800530091
3.87434246049
3.66226370072
3.40884641527
3.11506926689
2.9469198026
4.16107260892
5.31241772525
3.19481949251
1.90091265264
1.62784190069
1.4957502177
1.4366981553
1.51470431097
1.6020048565
1.9575170189
5.7345920328
11.3082320478
16.1320114666
18.507200748
18.6658321238
17.0780404344
15.3643786417
14.5896747384
14.4007024591
13.6714198434
13.0120261332
12.9142267757
12.5080096798
11.4833197539
9.84396951672
7.40497372072
7.58158824715
2.57005023122
5.20767764279
2.81877075244
2.60886502905
3.21508448799
11.597150203
9.87371069846
3.85495613097
3.05327715213
3.47515897942
3.93920747428
4.48306296458
4.97175563323
5.62380154899
8.10153788448
10.6819889955
12.3501514442
12.2709085257
9.87428006618
7.17265678388
6.90444434406
6.91734876113
6.89329172022
7.12955556969
7.50427551464
7.87612256187
8.206208767
8.19501133747
8.61061063573
8.54110762457
9.5254481425
9.25239248617
10.6412382057
10.273971621
8.40786125813
9.81414513124
8.2841724208
5.98409481688
5.14311762015
4.80168883786
4.62593992076
4.60365555688
4.63715083774
4.62992933086
4.57017336294
4.46139924934
4.30877609798
4.12399550707
3.91921239458
3.70530852821
3.49378493593
3.32239775214
3.26038947529
3.22306271932
3.00909258126
2.56589098201
2.08683697672
1.82906150372
1.83438177473
1.92649178073
2.0352070147
2.15445563282
2.60093459763
5.69640624297
10.2427351216
16.3225740924
20.0072391018
20.2518965876
18.5973939282
16.2371100267
14.5868944643
13.7248317634
13.8144356564
15.1286264604
15.0046940735
13.6328697398
13.44508293
16.7039281892
13.1003643149
11.112234449
5.03367182789
7.14407998507
2.99815805366
3.33902133632
5.87377930236
11.470597406
7.36302424902
3.61072607112
3.46160724079
3.67122538466
4.09713771213
4.72967845951
6.43812340286
9.49960544538
10.4282123631
10.426915461
9.62698465698
8.06685634136
6.86518340636
7.25510411655
7.08391558897
6.70780677961
6.87361597812
7.23712999812
7.70419507469
8.20851650505
8.31696074158
8.96465392787
8.64137431495
9.80990879253
9.20204830807
11.6129918014
10.2550988353
8.76579907633
9.70703506954
7.3943131317
6.25753571893
5.46004693646
5.08362218276
4.93929533583
4.80403901593
4.72685776995
4.70681511945
4.67931236208
4.61763051556
4.500974326
4.33716081725
4.14105053758
3.9325960171
3.73435498749
3.55963026648
3.42381721046
3.3307696317
3.21479504081
2.96953368629
2.57131665818
2.15840878818
1.9369068589
2.05270974708
2.28774420653
2.49509000827
2.70745882041
3.32171481854
5.41987079969
9.70025205305
15.5308697209
19.9142460582
21.3902591554
20.2261612686
17.4513191331
14.9502911528
14.5872079735
16.7768683699
17.5935905138
16.5027690643
15.5351979243
18.1290434284
21.1088636066
16.4043047871
15.5045877811
9.41798605818
8.49310084288
3.68636163728
4.7830191558
11.7058238964
11.0868092708
4.7148494239
3.87988424654
3.91740870864
3.97833468569
4.54548310405
8.02578829235
11.7795220953
11.9554954366
11.1869126144
9.2821150428
7.48787196292
6.64458535699
7.71024184166
7.36284847496
6.62579633
6.67551257824
7.02043915382
7.53925942409
7.80422657717
8.35180577171
9.55428702006
8.82797368659
10.5881054381
9.37516937837
12.5939021775
10.6744741892
12.7922456048
10.268665555
7.54695644243
6.2106970836
5.66287352006
5.36944574692
5.22007386949
5.07623991929
4.94563721628
4.8547359283
4.79904351343
4.75526589639
4.67734410728
4.5515597342
4.3725964284
4.16466839704
3.96194444902
3.78703698732
3.64275598727
3.52286640696
3.40413580277
3.23084212029
2.95130700505
2.59034585856
2.27432849995
2.10951537395
2.07420181577
2.38202491272
2.69548435062
3.32373779269
5.88643264309
4.33758182928
10.597679248
16.9347477614
20.9044940712
22.4313681096
21.5266924695
18.1435570082
15.9695100564
17.8030051295
19.9952132134
19.4289573783
18.3812525368
18.3975518716
22.8841359268
24.4277716974
19.3829711442
19.1629673549
11.4399635555
7.85039182079
4.48266278324
4.38830384635
11.5234524997
7.17006098958
4.21862470912
4.27020571802
4.3468950036
5.14399699472
5.37977912271
11.8830653932
12.1895729169
11.9949614349
9.84811305738
7.34744361619
6.43033530819
8.24530513944
7.88225845684
6.62823113868
6.58896895845
6.7611323504
7.11508909644
7.62797474623
8.52626023284
9.67269005618
9.32620702479
11.5897848583
9.99859660303
13.4353902732
11.4148093009
13.3964486877
11.1037885051
9.92352015181
6.39188245603
5.64992627276
5.54470329279
5.49227306904
5.35686699993
5.19802698979
5.07847811342
4.97960075472
4.90625743646
4.84448873218
4.75298587376
4.61008827155
4.41440277961
4.20155545737
4.01400918718
3.86707295403
3.7489127323
3.63693557877
3.49285265173
3.27367233237
2.9686138391
2.63080402128
2.36085269051
2.2151944948
2.19562353566
2.27054367166
2.56388379155
3.2402672401
3.50480829591
4.13953962923
10.8988877459
19.0085450861
21.8743837659
22.4409219926
21.4315163365
19.1820484863
19.060922615
21.7269211896
22.16601532
21.2835039235
20.6425094078
22.5197881162
25.1743175951
26.591284931
21.9323258717
20.7510437691
10.9221912894
6.85582279804
5.45021616696
11.3977946357
11.3997848518
5.07858459743
4.66774555201
4.69356137033
5.11249307166
5.6494209893
11.7318288982
12.5452308746
12.2931933828
11.442263225
7.85857548752
6.22593214586
8.3930068073
8.59063191317
7.01695316652
6.3354070743
6.6427895505
7.09830885604
7.36045744512
8.03026202265
8.47810292594
10.4067629438
9.54102194934
11.2880399156
13.2790476792
13.2268551467
10.4788410184
12.0408509697
11.9079453377
7.04660155835
5.97467061702
5.66430957606
5.6347972444
5.61747580643
5.48700680193
5.31874909711
5.19850277033
5.10963184289
5.02929527346
4.94806692988
4.83864351361
4.67539663687
4.46632029066
4.25726323418
4.09326881096
3.97625470526
3.88059464656
3.77021119908
3.59745336327
3.33420188827
3.00336248295
2.66663859791
2.38238590678
2.17859687154
2.07510608179
2.16760460987
2.66447858839
3.06533761401
3.55618294193
4.29468212067
6.27760701127
18.2147492869
23.0226533868
23.3802830291
22.9512661915
22.176725463
23.2794007168
24.7740205999
24.0875761182
23.3643127876
23.4945465695
25.6963119173
26.2466622639
26.773193692
23.7909818929
21.5532539903
9.843159039
6.12181075229
6.1195937358
12.245164486
9.78426736734
5.02377355731
5.16501732611
5.27496219745
7.47964908921
5.4426494915
12.5047539858
12.8791548945
12.2263183841
9.57545161572
6.65962331666
6.30616493629
8.59189099392
7.90149917723
6.60951871593
6.35278658326
6.5898069329
7.33587639241
7.85145587588
9.28943068142
10.8112958102
9.92255764209
13.2332693618
10.244009988
13.8444662648
10.6612166378
13.7830774542
9.86867670273
8.25596595286
6.46296020207
5.97433081099
5.82870617016
5.75522153608
5.71802342031
5.60892860403
5.46011895435
5.33704004191
5.2459783513
5.16320240002
5.06665070306
4.93002910108
4.74592642233
4.53402926861
4.34026095327
4.2026503272
4.11465525203
4.03711705933
3.91952714977
3.70902823993
3.39449223043
3.02731806308
2.66391048127
2.32602516865
1.99872150731
1.73216034936
1.82806631089
2.44072970063
3.38861902332
4.21308362042
4.6876979208
5.04983950296
12.0795014511
22.5522225174
24.4503709199
24.8656236344
25.9399635604
27.346212125
27.1307251633
26.1238164711
25.8754929025
26.740194581
27.758068056
27.4407689691
26.7093536576
25.5556506526
24.0406855859
8.76064580682
5.98606024162
7.42347876564
12.195204124
6.64271753365
6.10457391102
5.64420814442
5.93419197617
10.3970424622
8.71829925329
13.326797317
13.0147962369
12.1277678313
8.21563808544
6.26795944254
8.80038500759
8.90616138717
7.37096191884
6.45778764278
6.56207938532
6.68517316542
7.38528901318
7.73175433415
9.49294265937
12.6162623221
9.51349484188
13.0109637035
14.0769677304
14.0125948156
14.154170281
11.1774834801
11.3993799992
7.11082634413
6.26593905853
6.1471886566
5.99501963166
5.87437873886
5.79921257932
5.71072240525
5.60268567096
5.49796254608
5.40351554773
5.31021649242
5.19752671922
5.03802711985
4.82816423351
4.6138638369
4.44931652022
4.34887399716
4.28819036371
4.2218232545
4.08459924924
3.81631266301
3.43372857434
3.01713428817
2.60862483402
2.15399411317
1.58602175203
1.05859903682
1.38058099641
2.43113351067
3.6644297665
4.69603937236
5.5047439249
6.17364151339
6.26861188724
10.7739047964
25.8575100979
29.0134201502
30.5748046185
30.8155954847
29.5341372895
28.638771498
28.8421424434
29.8054965695
29.8908549384
29.4039054386
28.8906755749
29.0491067449
29.1120860274
8.07236093149
6.40390590743
11.4326105163
11.9476191094
5.8949102188
6.76210969838
6.04784653857
7.18861613843
9.3042248362
12.7199748183
13.9093006525
13.0607380099
12.0995548919
7.57680728522
6.24872645162
9.50906047744
8.76010982904
7.08191603995
6.40864578518
6.69994952904
7.33220286171
7.59279218531
7.91945711676
8.96971970561
12.6345278998
13.9498934165
11.6134386419
14.2931395567
10.7428551325
14.2423617013
14.0624896532
11.0700509842
6.55350602489
6.43177322865
6.35346463541
6.18030028642
6.02387210612
5.91608287047
5.81357956389
5.74430240257
5.67629647318
5.57791050531
5.47215146964
5.34339696129
5.15876508504
4.92771395632
4.71766338982
4.58563830398
4.52557639444
4.49499639314
4.43710472767
4.26508226098
3.91305675029
3.44316031014
2.96402329656
2.48353228779
1.86049429038
0.941221589433
0.400379677176
0.946064010775
2.74837751245
4.28784375985
5.51400999238
6.41934400534
7.08228541725
7.40868910409
7.22469069894
12.9155547193
30.2665954781
36.0172324523
34.9948709741
32.7731329649
31.9908095223
32.3375424013
32.8325691387
32.7957720225
32.7297643038
32.9087874958
33.2459369603
33.7987401978
7.78773841119
7.00922380513
12.9208538996
12.1510486119
9.60011850581
7.82699655672
6.60040067613
8.86359082252
8.09973582232
13.626868801
14.2843025463
13.1420263777
11.7618783453
7.58752960889
7.08142001814
10.1029736942
8.52897899734
6.92836977923
6.48153141934
6.70988965945
7.61358441649
7.92226483801
10.5854572779
9.0894892761
11.8885791816
14.2720108693
10.8169881
14.6194500234
14.920802397
11.93332139
11.9919235764
7.65329051972
7.05335738313
6.75275344438
6.58313389381
6.42770904984
6.23698212907
6.08273902356
5.90813652943
5.83013902791
5.84234768963
5.80378187045
5.6725872008
5.50762880671
5.29795335325
5.05151757705
4.84986571621
4.7475938939
4.72333446581
4.72227470023
4.66494387468
4.43582213267
3.9935416689
3.42348366913
2.85659489315
2.30585616624
1.5239209705
0.333242886127
0.215110608833
1.08551096713
3.58384607631
5.36348062983
6.6843982501
7.65624086652
8.29314150195
8.56192231003
8.58043329138
7.93696324476
25.0314508326
36.4903777464
39.7266550494
37.1367285398
36.4680877078
36.7051553808
36.9105697192
36.6811964792
37.0469163254
37.3736698751
36.9059905975
36.9208409662
7.96991454574
7.49755486023
12.4221940167
12.2904585891
12.1616487916
8.49568278116
7.30034925198
12.2222827997
7.87500311042
14.465733212
14.569920439
13.2491756459
11.4634756068
7.75226012897
11.075883728
11.2507092271
8.39450828803
6.92496962849
6.69265843577
6.89482238819
7.58480414181
7.82344158274
12.4069393804
13.6800522615
10.7933930889
14.3975904135
15.1722033302
13.8922619077
14.9272369481
14.7444228082
12.9273242115
7.36153522936
7.38177896465
7.11794905261
6.84825912724
6.64057381523
6.40358476016
6.31333057055
6.1700951857
5.95714388702
5.94423265777
5.99575748879
5.91816733535
5.71803187911
5.46309152026
5.20196405549
5.01277609644
4.93276936435
4.92912179022
4.94020227272
4.86463511356
4.55097118163
4.04801395755
3.35038293672
2.6469592242
2.11015159092
1.17675160232
0
0
1.77852845687
4.76554667895
6.86105857416
8.24605411574
9.25453892767
9.80114978011
9.90457009929
9.78450569596
9.61796582659
20.1205747648
33.3034396136
40.4234300935
42.1588057647
40.671061857
41.0550048414
41.1097216896
41.2271304606
41.6926726611
41.7568750682
41.2122149426
41.1150474453
8.19448930412
7.92919035071
7.8124278234
12.4418698898
12.4178660738
8.7592997405
7.99578199056
12.9206592621
8.04412998597
15.2752066662
14.7965880375
13.3607850226
11.3045777531
7.76789661909
12.3382626163
11.349424883
8.35400209915
7.07592009667
6.95387531914
7.28899060412
7.66720499675
7.80744992351
13.1684652995
14.4743872298
10.7881843555
14.6005856662
15.625199793
12.1752710524
14.5749868496
13.7529489079
8.32318918886
7.77244205346
7.76524403788
7.4498203321
7.07564022589
6.97703581167
6.73194004844
6.41036990199
6.35415915699
6.24150017659
6.13377425937
6.17013455481
6.15003701371
5.96492398417
5.66793033656
5.37798768575
5.18391903347
5.10089891725
5.1298146756
5.18556346231
4.96970723537
4.5589183755
3.9866936734
3.13656046348
2.26891159452
1.84167292527
0.0225579236521
0
0
2.30935548378
6.02327096739
8.691523939
10.0679075413
10.3187576298
9.51428127073
8.87303798566
8.52725953876
8.38657872292
7.33272402966
12.5111520005
40.9326065005
43.6372116975
45.9677466044
44.9119384364
44.2585829777
45.8158298693
46.1254962903
46.0675982776
46.5871048667
46.8626978564
8.56550331828
8.55556283494
12.992444689
12.8189201267
12.5258906402
8.90732816455
8.87344446005
13.3523675173
8.72079868058
15.9217367703
14.9736904211
13.4606542644
11.1689096136
7.92933094901
12.4441552049
11.0441026571
8.34443492548
7.28000010456
7.20190438347
7.49663084721
7.87072251277
8.05610692112
12.0433112773
15.1505312537
15.4136553823
13.2989256044
15.6817303411
16.3061516725
11.2548123359
9.38199464378
8.00990233763
7.98271498796
7.86553046385
7.66110279369
7.52342993528
7.25362611179
6.99645765572
6.806446422
6.49436643796
6.44648978594
6.41792571553
6.42047422563
6.39309791576
6.20865985119
5.88460454447
5.53101013058
5.32288814683
5.43009054329
5.65879694347
5.58246764917
5.08139850363
4.52796485567
4.06861640216
2.68256342389
1.51342408406
0.36493754888
0
0
0
3.1029685375
7.42017954528
9.4748544184
8.32314118008
4.95553012123
1.39813068661
0.750384491052
0.422476137571
0.451797279489
0.535992945255
0.705037436481
2.53275266213
35.6603913115
49.6178699449
50.3194571757
47.7488560696
50.0985424864
51.0765467505
52.2572677852
53.6588395783
53.8838014389
8.84863431073
8.9988857318
14.4351782641
13.0607802842
12.0060537315
9.11378000011
9.81046252856
13.5536369837
13.6000021039
16.6224805165
15.1436421311
13.594229361
11.0033328042
8.25733852057
12.5311210003
10.7044909481
8.40001950566
7.52467426905
7.40760298401
7.64142883115
8.01244015348
8.49185257282
10.9636107676
15.3553199402
16.7606460845
11.8602001247
15.353144127
15.9156763146
15.0276825018
10.6871256205
8.35636266248
8.22383913065
8.20121390285
8.22513027747
7.70083630454
7.5726605611
7.20753521194
7.06413740929
6.79693036056
6.66787805417
6.70400774909
6.7081068565
6.59227759396
6.4076962294
6.1700349918
6.12398803168
6.21396519835
6.59846995272
6.63925170718
6.42790273347
6.2673804556
5.82632662416
5.29345064268
5.3714740505
0.0223651504973
0
0
0
0
3.40262149362
4.66706501396
0
0
0
0
0
0
0
0
0
0
0.00091503186829
0.308621305839
33.3316721718
54.8538058195
55.1080775461
56.1744947787
60.5798601838
61.956150331
61.9074879805
9.05149200281
9.24253147075
16.8319231178
13.1409426303
11.0217686751
9.34189100922
10.4392763734
13.0710298681
15.1278319728
17.4129794859
15.4151624811
13.7992201222
10.9825052928
8.96192734426
12.8342465571
10.5441450277
8.5834195052
7.8602891351
7.66129365658
7.82406444985
8.1343428987
8.59571641138
10.4350250786
15.2239413886
17.634218836
16.6431451373
14.4864343016
15.2536624121
14.0767562032
8.62668417492
8.83437246431
8.85003249386
9.21598508748
8.74640679544
8.31127194202
7.7665541976
7.69706243612
7.29678271742
7.12753519944
6.9661237556
6.90765650864
7.01572366087
7.27677043889
7.13926618466
6.86446472044
6.91740291574
7.60647012809
8.45095187158
8.85832804017
9.16258762565
9.45710773345
9.84454689345
9.97644807349
9.83149894477
7.73504370973
0
0
0
0
0.0222974677738
0
0
0
0
0
0
0
0
0
0
0
0
0
0.0117901845777
0.11716112466
2.56842570419
52.9497495272
63.5078965012
66.6795394103
66.2747635488
9.17761762241
9.35711877235
19.0738386833
13.1130119958
10.4118182349
9.59881040818
11.2877397603
11.4708478911
16.1128775209
17.9609155273
15.6914623011
14.015781024
11.1931004709
11.4753062956
13.2174215488
10.6527979288
9.00197685988
8.45854637015
8.02702854868
8.10832417112
8.32748158702
8.71055979402
10.2178886012
15.105283499
17.9309452368
18.2436153927
12.3662360875
12.7541135136
10.2348087618
8.82624168541
8.92844190787
9.63636438159
9.82280675431
9.12252627931
8.65185795787
8.88068985001
8.0150971779
7.6444426239
7.38711652413
7.18439067998
7.53448930457
7.70690764151
7.86530200323
7.8221763483
8.60765608464
12.6947463735
16.9222440433
18.2162621408
15.6919972724
15.5963198265
16.1217365659
17.2366640962
18.4604245483
19.505083854
20.233851665
2.09177649257
0
0
0
0
0
0
0
0
0
0
0
0
0
0
0
0
0
0
0
0
0.182154655328
1.23352123946
57.7535621608
64.2276203031
9.34972592709
9.5100636311
18.6621838022
11.6311455715
10.0598867755
9.7942564498
12.2027162495
10.7640081375
16.8999864249
18.5120400602
15.9827752619
14.2388013601
11.3259095408
14.285444975
13.793985523
10.9762931265
9.52959881672
9.73561132543
8.62104745628
8.57578203397
8.64824174724
8.81284502606
10.2196897435
14.9764482748
17.7628564562
19.3446960936
17.0841342028
15.4946418389
13.3818993446
9.34079344934
9.40344611828
10.9234642062
9.7352431157
9.37402344073
10.3434458088
9.26185777713
8.505511874
8.13321309365
7.92000110515
7.83676723615
7.72557253114
8.22331126876
9.11340513087
11.7021508109
15.0901909479
18.7156299049
20.9799744179
20.7799119856
21.2925493197
23.4769999334
26.4465822082
30.9151773116
33.6350851891
35.7015619277
37.393494256
32.2976225388
0
0
0
0
0
0
0
0
0
0
0
0
0
0
0
0
0
0
0
0
0
0
0.560486937965
97.1967125851
9.65441693352
9.81671479113
17.9829502329
10.4468773305
10.0449550542
9.92146923867
12.9075892862
10.8223805894
17.4761755317
19.0467308037
16.284941918
14.49582492
11.46856677
14.757990642
14.2943200515
11.3674746351
10.0438378255
10.4810477194
9.36983757985
9.28765048914
9.25128940331
8.85243196423
10.4449863336
14.9562454223
17.4418841722
19.749758628
18.3826618085
15.4047203721
10.1431270562
9.93603222434
10.5115251842
11.9227674854
11.8767196463
11.529950663
11.1191406949
9.54488973739
9.00129689467
8.86082469859
8.62427803395
8.60966377461
8.67169225675
9.53471733435
11.7459919324
15.9265720509
18.2232142012
18.3496405458
19.516968203
20.6918042182
25.6526453112
31.0577665443
38.6362143375
44.1045319825
45.2723263785
45.9770499405
46.3367582695
50.01593725
29.1448093903
0
0
0
0
0
0
0
0
0
0
0
0
0
0
0
0
0
0
0
0
0
0.0941917150039
0.124624242226
10.2455071798
10.4131792037
17.1288068049
10.1272902009
10.4521881201
10.1655091815
12.2185314302
11.4534197725
17.744372116
19.5208297266
16.6226352291
14.8111246171
11.7833681064
15.229369432
14.7922289657
11.9495842216
10.6885612535
11.2601110409
10.0651009984
10.1672643069
10.261917172
9.13232072607
10.9452280139
15.0664417165
17.2843919168
19.8485426911
18.7334137786
15.1896208833
9.95724190629
10.116426484
11.7583883533
10.8837129152
10.4775180655
10.7931290213
12.1829463841
10.5026363234
10.1137681342
9.39098743934
9.2494032982
9.57404755422
9.95110208683
10.9225570073
15.8299810651
19.5496477947
19.3955774276
19.4323025373
21.3483825884
27.5531763989
35.1053179482
41.5606002953
46.6386480174
42.9820926835
33.7341812015
21.0942512976
5.1796945947
10.4988211796
1.61222716777
0
0
0
0
0
0
0
0
0
0
0
0
0
0
0
0
0
0
0
0
0
0.00696198609131
0.0316123331409
11.2448850517
11.2985138585
16.8061921381
10.7239367534
11.632357183
10.7854682383
11.7748272494
13.0682568364
17.2261245069
19.7380580808
17.0347223563
15.2137284602
12.24428134
15.7594291072
15.3264991424
12.7532257173
11.6176691547
12.2740931328
10.7470492998
11.1947043792
11.7175711973
9.81980175266
11.3831105474
15.2847748499
17.2910874614
19.5524696568
18.8641230304
15.1451712738
13.8665407212
11.3194400318
12.4765308865
13.0535617428
14.0494123643
11.1486911595
11.211568972
12.1564549951
10.900229996
10.928742969
10.4180192004
10.3905896363
10.9630366814
15.4264783342
21.102958633
22.0535096495
21.1698797569
23.0396558949
30.3319013801
39.6169131615
45.8374342415
44.2424511257
34.6059837452
2.36046205354
0.412002156209
0
0
0
0
0
0
0
0
0
0
0
0
0
0
0
0
0
0
0
0
0
0
0
0
0
0
0
12.7867460651
12.3743013096
16.952992182
12.7849263676
13.8486066382
11.8354605297
12.2773659464
15.5063526949
16.8991191332
20.0686454859
17.6024386937
15.7261816478
12.8462878157
16.3170828132
15.856912985
13.6824237759
13.2876688367
13.6819352312
11.4976759953
12.4156324978
13.5682083089
11.032022016
11.531570168
15.5219456562
17.4509234914
19.2036791526
19.0241279783
14.887475796
15.0758925845
13.2788282529
14.032946163
11.2003530362
11.5739081902
13.3862343406
12.1364133685
12.1388108879
11.9491029495
11.737176059
11.8980150909
11.7737063365
14.7238533594
21.752939632
25.0398182646
24.8712936009
25.5814006035
31.1906286557
40.9763307462
46.690325391
34.9242536916
9.88669765373
6.86768030738
0.108470902066
0
0
0
0
0
0
0
0
0
0
0
0
0
0
0
0
0
0
0
0
0
0
0
0
0
0
0
0
14.5031862638
13.3431765581
17.2090733538
15.8408487504
15.4537106256
13.1810011403
12.8576072589
16.5009212572
14.8175439812
20.2414276304
18.3225526643
16.3442350794
13.5849064884
16.8913072889
16.3500118327
14.4367014139
16.0574621712
15.3880238503
12.3897267873
13.9123854243
14.9710275133
12.6542765971
10.9493905548
15.3433906625
17.4834265744
18.8672867576
18.9851394106
14.7981732121
15.1935936529
14.7438578405
14.9377982214
11.8107728528
12.7496781604
12.0264468065
13.1868004546
13.6378743937
13.3340561594
12.9927664471
12.8531955308
14.6293275915
21.5581994304
27.1890976117
28.9705828867
29.5512822084
32.5394441679
39.4509949404
42.037098199
22.0110796768
13.6820607769
12.899004146
0
0
0
0
0
0
0
0
0
0
0
0
0
0
0
0
0
0
0
0
0
0
0
0
0
0
0
0
0
0
15.0933466287
14.0096441554
17.2618526841
16.5931228782
16.2275101425
14.5292902069
13.8062793923
17.7773912078
15.5717054117
20.5434020252
19.0430576861
17.0181656729
14.4461846959
17.501183512
16.8842907903
15.1041232676
16.8498368967
16.2320732426
13.314839573
15.4781550509
15.4415913398
12.965959001
12.2911119989
12.5250443364
16.9648098403
18.2291591679
18.6427013891
14.7178191245
15.1146527941
15.0621389283
15.5665498687
14.7351573358
11.5467246327
11.7143341065
13.409985432
14.6086894418
14.8159703984
15.0332032075
15.0911586569
20.9888381177
27.9787362083
31.8786126609
33.049272917
34.322782903
37.9272221272
35.9362777455
14.7924968083
17.9764058325
16.2767396009
0
0
0
0
0
0
0
0
0
0
0
0
0
0
0
0
0
0
0
0
0
0
0
0
0
0
0
0
0
0
0
14.7711891483
14.5050957937
17.3023201955
16.515813621
16.7315178428
15.6039785633
14.6564006592
19.006602971
17.2796103713
20.9478171248
19.8060520463
17.7239490958
15.4133304217
18.1577568324
17.4963205026
15.9584894115
17.4503068842
16.9828006906
14.3920968861
16.3350275238
13.7544763746
13.4471768162
13.1730926278
13.8548896201
14.9695695939
15.6366614234
17.6558230534
14.7010102796
13.9803278995
14.8463793334
15.8628321805
16.036539871
13.5483807442
12.4256983569
12.8195182935
13.9966420064
15.5100953265
17.1492108126
19.7607010275
27.3035367172
33.0065593829
35.6838408882
35.9324829063
35.8850971794
29.6351026988
17.5483536957
18.3865819869
18.5900936672
6.55885386289
0
0
0
0
0
0
0
0
0
0
0
0
0
0
0
0
0
0
0
0
0
0
0
0
0
0
0
0
0
0
0
14.7869444715
14.8711300294
17.4079005612
14.5022185726
16.8429198187
16.1070486272
15.2092409333
19.3229545808
17.8383985974
21.4148147223
20.6440343877
18.4483942897
16.5053091325
18.8474678043
18.1578821102
16.9613660407
18.0278512667
17.8468752561
15.5740341753
17.5522932345
15.0101629141
15.4623092064
14.3907142364
15.0343767269
17.2822058567
17.8954884918
17.2149790421
14.6689994647
12.9409573785
14.7895820199
15.8994432138
16.1868928971
15.8665337679
13.5293678086
15.5978607841
15.0285424541
16.2365426357
19.4440830045
25.089454894
32.5710707491
36.9769577975
38.1942063603
35.4004107548
25.8326291386
21.5468713068
21.1761044172
21.8666154059
19.8032834979
0
0
0
0
0
0
0
0
0
0
0
0
0
0
0
0
0
0
0
0
0
0
0
0
0
0
0
0
0
0
0
0
15.3626368025
15.4558123919
17.4001385236
14.7401817964
16.87891572
16.2530450712
15.5863112963
19.1805331661
18.2620020747
21.7066050988
21.5215352616
19.1538373186
17.731677916
19.5350369148
18.8078090773
17.9561380183
18.5475423141
18.8217332897
16.8242202525
18.7326515771
16.8230210568
17.8638615152
17.5041748283
15.473523039
17.5707113305
18.8021430633
19.0441511769
14.642638264
11.6327759762
14.7538614459
16.0445353615
14.9715729107
14.7188591185
13.8449176204
15.120824387
15.2629642293
17.1661785617
21.8659837853
29.9851527268
37.2940482673
40.2947043243
38.7092364924
27.0755302171
22.8664800805
23.6885704794
22.6781163596
22.954573812
0
0
0
0
0
0
0
0
0
0
0
0
0
0
0
0
0
0
0
0
0
0
0
0
0
0
0
0
0
0
0
0
0
16.1128314477
17.9539654626
17.447173423
15.7203708984
17.2247604458
16.4368814259
15.9463059259
19.0174896368
18.6873032699
21.5704479666
22.4326502179
19.8258146476
18.8158148576
19.9852409656
19.4600448527
18.6247055649
18.2362168315
19.7445899995
18.2564713068
19.7481069669
19.1262462076
18.9737629731
18.6710463255
18.2638450647
17.0257315892
18.1132355403
19.9370710161
13.0813230049
11.0858190113
13.5920054308
15.9926419046
16.0590724806
16.6919071321
13.9208909924
14.8279979946
15.7076442104
17.6853278628
24.0260246471
34.3836686339
41.5326609316
43.0581198182
33.7903354916
25.2003639561
26.7125336014
26.0265531251
22.7709049937
17.971625261
0
0
0
0
0
0
0
0
0
0
0
0
0
0
0
0
0
0
0
0
0
0
0
0
0
0
0
0
0
0
0
0
0
16.618383612
18.4899832769
17.9449204111
16.5667515344
17.7908537046
16.8688518936
16.3789525466
18.9540140228
19.1392229027
21.1005194514
23.2679219472
20.5628663568
19.3528316218
20.3270132458
20.2775111105
19.2132496704
17.9597262224
20.38097023
19.9027256646
20.6113915735
20.3460482621
20.4504399047
18.1982915886
18.3237216642
17.7673487467
20.1245419382
21.2006559304
16.7700551795
10.6183420244
12.204422349
15.4372635082
16.5540558234
16.2294880698
14.7075905841
14.1938029526
16.1665325938
17.755331113
25.6986039913
38.267064441
45.7058033596
42.2286068623
26.3813161678
27.2956777684
29.5283809213
27.9558182375
23.1535223581
0
0
0
0
0
0
0
0
0
0
0
0
0
0
0
0
0
0
0
0
0
0
0
0
0
0
0
0
0
0
0
0
0
0
17.0061344001
18.7100966576
18.4119724504
17.0820570263
18.3831739884
17.5229131535
16.906410727
19.0903107718
19.6870892739
20.1580683229
23.7937267255
21.4447900011
19.7179344407
19.8585654053
21.1888633583
20.0152894378
18.3330500339
20.9137698963
20.6225314186
21.2714585847
21.2153118869
21.4705134731
21.4118664698
21.3833906544
20.8699549922
20.2469813572
22.1543127625
18.8005428679
10.4287161192
11.1760398536
12.5904827177
15.2689525802
16.560955012
17.6591818872
15.3484627768
15.2476520338
17.2831708956
26.1438341817
41.7067340154
48.6377847029
38.9522941238
28.4132416667
30.8318915131
31.2961231833
27.2589595226
19.059065731
0
0
0
0
0
0
0
0
0
0
0
0
0
0
0
0
0
0
0
0
0
0
0
0
0
0
0
0
0
0
0
0
0
0
17.4241482663
18.9019907426
18.8242871756
17.4230028353
18.9214208071
18.3660633008
17.4623254009
19.3867061727
20.4594481659
18.9039403032
23.9998346532
22.4438192921
20.3441797193
18.7442619596
21.9738814491
20.9047075357
19.2104395101
21.632536993
21.1010302965
21.3739303855
22.2281203512
20.5184596552
22.613245819
23.0411280738
22.7956845945
22.8586987469
23.3526212896
21.9114947706
14.1830213314
10.6067874803
11.4906972432
12.2653631953
14.6392309602
15.3335318712
18.1062215664
16.2350802872
16.9967933328
22.8370742817
46.5409858735
49.9282596235
31.5008236931
30.9043223865
33.4312221442
32.1719766053
25.4720514252
0
0
0
0
0
0
0
0
0
0
0
0
0
0
0
0
0
0
0
0
0
0
0
0
0
0
0
0
0
0
0
0
0
0
0
17.8460317385
19.0796055957
18.624047144
17.6933341781
19.3751357608
19.1809832926
17.9375628428
19.0007644259
21.5278844369
19.9560096446
23.9757760099
23.4686879367
21.2488911985
19.3993973749
22.6610769685
21.763305024
20.5086808798
22.5739781395
21.9248503188
20.6208592727
23.31836309
22.144792458
23.6171337091
23.8438559167
24.0055274076
24.4836201426
25.0570421555
24.7590469163
21.5842340624
10.8859611823
11.1339545604
11.8339217196
15.4278862263
14.4280485324
15.906201126
17.9719832104
19.0737719736
19.2391483276
44.7986679153
46.6042137012
32.3007614292
31.3021088716
34.829135344
31.2154520833
21.8354778527
0
0
0
0
0
0
0
0
0
0
0
0
0
0
0
0
0
0
0
0
0
0
0
0
0
0
0
0
0
0
0
0
0
0
0
18.2068823053
19.2089169493
18.265668862
18.2025100733
19.8336420233
19.5976485038
18.4179609783
18.4560368708
21.9133660953
21.0809446559
23.4098865815
24.4848763463
22.219632758
20.850930036
23.2741411999
22.5747174231
22.0561240007
23.3252286125
23.1216306133
21.8545197871
24.2027552999
23.8103716798
24.5810454083
24.1945948187
25.5699686357
25.7418515344
26.7719554317
27.5668499091
27.9089357679
22.1064831627
11.4752273257
14.6204088119
12.7642277013
16.3932408441
17.5895208711
18.2509499258
19.5768651406
20.9024939624
16.5848290768
39.4167563224
33.688593582
31.3689861532
35.3452399387
30.1614106414
4.7220123046
0
0
0
0
0
0
0
0
0
0
0
0
0
0
0
0
0
0
0
0
0
0
0
0
0
0
0
0
0
0
0
0
0
0
0
18.5740590578
18.7459889254
18.9846186041
19.7689780448
20.3870066945
20.0308720963
19.0651496146
18.7836507269
21.5826724983
21.8227937137
22.7562167465
25.3455135125
23.1805254064
22.0842171158
23.6063385248
23.4692082787
22.6408400046
23.6744262965
24.3446588002
23.6352406487
24.9870405727
24.9122066744
25.3142931344
26.0895188026
26.7139031831
25.6660160587
27.6700550511
28.7751743427
29.9435918822
31.3151365297
24.7972304761
13.3172868158
14.763772504
14.8552787055
15.4577419145
16.1364466646
16.4015529425
16.0892051814
12.367985705
14.0910045207
32.2773828087
32.0257850245
35.8435045295
27.7753937638
0
0
0
0
0
0
0
0
0
0
0
0
0
0
0
0
0
0
0
0
0
0
0
0
0
0
0
0
0
0
0
0
0
0
0
0
18.9665528806
18.996258889
21.243052157
21.0621133532
20.841789136
20.438797513
19.8432192147
19.4296280851
21.55916635
22.6923743208
21.5948101541
25.5682863259
24.2590068924
22.5632261973
23.006797809
24.5176216383
23.206027885
22.4411453207
25.2134574687
24.4884651851
25.4648168828
26.2581791479
24.6643747504
27.4907175408
27.7883221461
28.4563976071
29.1155852368
29.8029990799
31.1572423964
32.5460902618
33.6429664091
28.2392602552
20.5549417527
13.6868850744
11.8264050681
11.539521337
13.7647929826
14.0344882334
13.9489475418
22.0967590348
35.6753986013
34.8648483611
35.4886682399
18.6459875822
0
0
0
0
0
0
0
0
0
0
0
0
0
0
0
0
0
0
0
0
0
0
0
0
0
0
0
0
0
0
0
0
0
0
0
0.002778752018
19.2695956019
19.4965713647
19.8225366091
21.1358318381
21.0133111284
20.7699180728
20.6254984581
19.963426921
21.6833182719
23.3815602592
22.1413887378
24.9906988202
25.5730883367
23.3813714048
22.0223035013
25.2445755461
24.2470406119
23.167568308
25.7051866135
25.3113274105
24.5043130705
27.6868837408
26.6643532605
28.0670139667
28.2293972667
29.9719839224
30.2712749955
30.9267935091
32.2009316081
33.512772298
34.1465238299
36.3068247281
33.8072013792
29.5649308627
27.252872452
26.9950676756
27.0960483549
26.6776229541
28.7633337639
37.380831701
39.4086558613
37.7852560686
35.1369143831
0
0
0
0
0
0
0
0
0
0
0
0
0
0
0
0
0
0
0
0
0
0
0
0
0
0
0
0
0
0
0
0
0
0
0
0
0.00696198609131
19.5142762999
19.8181136962
19.6935090576
21.0955737075
21.4486133437
21.1811815312
21.1310163078
20.3175682448
21.0910052282
23.5775675946
22.9292401417
23.9527703242
26.7777057169
24.6773249326
23.4526659897
25.5395527758
25.4868799314
24.4870192652
25.9656218379
26.6818266399
25.970516838
28.2256101923
28.0658608004
28.6841343278
29.9424614899
30.6232504793
31.5125263543
32.5596260281
33.2843900407
34.8465950511
35.0277144649
37.4276105441
38.3971913917
40.4975914656
39.0089816583
38.8711458306
38.5139634963
40.6845148318
44.6318830393
41.2966497559
40.1631156166
37.3546732753
32.0233306408
0
0
0
0
0
0
0
0
0
0
0
0
0
0
0
0
0
0
0
0
0
0
0
0
0
0
0
0
0
0
0
0
0
0
0
0.00696198609131
0.00696198609131
19.8246950595
20.1384605016
20.8620640383
22.2014782756
22.2723929728
21.6823210392
21.4380528283
20.6511949204
20.7564908826
23.1694617531
23.8486810652
22.3884285002
26.3796866172
26.1915632457
24.3068734302
24.640501291
26.6780170942
25.3843262971
24.8885173821
27.5111968391
27.0323608375
28.538650289
29.5738040559
28.2266801529
30.8091499969
30.3565585587
33.151893135
33.2736931186
33.7855179214
35.7967170929
36.9173821966
37.9683868727
38.8296474577
40.3796916595
41.1709919484
41.2502429297
42.4202427057
45.16876922
47.1950667833
41.0270455631
38.823315414
33.1174062251
20.3280271826
0
0
0
0
0
0
0
0
0
0
0
0
0
0
0
0
0
0
0
0
0
0
0
0
0
0
0
0
0
0
0
0
0
0
0.00339788334983
0.00696198609131
0.00696198609131
20.1736664589
20.4000425335
22.0403514708
23.517094619
22.6466542205
22.0512940324
21.7256956119
21.0820565272
20.858059766
22.8417919256
24.3799334619
23.6204706834
24.9765529807
27.8608978566
25.5751899466
24.4549892672
27.3147795717
26.7530220018
25.8384640544
28.0299039039
28.2528569478
27.9325026327
30.628836669
30.0340416728
31.4612389066
32.3960055061
33.3616805161
33.7013679337
34.9190501561
35.7603129967
36.9271775149
37.8410762307
38.7474782452
40.2835431424
41.5299528469
42.5935202618
43.714838515
45.4926154931
47.1513995019
42.539571489
37.2862645693
32.6115217122
0
0
0
0
0
0
0
0
0
0
0
0
0
0
0
0
0
0
0
0
0
0
0
0
0
0
0
0
0
0
0
0
0
0
0.00423015985273
0.00696198609131
0.111619447207
0.117779228949
20.5617146927
20.6842852753
21.7679786931
22.8088808357
22.7490129141
22.3002181553
21.9812181028
21.6136381231
21.0192059797
21.9908098025
24.0680671595
24.6179101542
23.2997110204
27.1837414976
27.3244385483
25.3982820386
26.1510629045
27.9930318403
26.8536817027
27.0532283533
29.4436152093
28.8522839537
30.8709548063
31.7327852286
30.3486723417
32.9383199067
33.720542071
34.9858454895
35.1648523986
35.6352383906
37.6643693515
38.2954048
39.2817812502
40.5272609254
40.9811911733
42.8494086569
44.0744393393
46.2927791197
48.6935057469
48.7338808953
35.9019910036
35.4259472111
0
0
0
0
0
0
0
0
0
0
0
0
0
0
0
0
0
0
0
0
0
0
0
0
0
0
0
0
0
0
0
0
0
0
0
0.0866413887004
0.292453649184
0.435879700978
21.021730825
21.0755476171
21.9946932842
20.6250402976
22.3627786312
22.4645862025
22.1847527123
22.0100518664
21.0958458896
21.3818216988
23.4700674092
25.1657816036
24.7914415918
25.5140872244
28.5591112563
27.0506785003
25.9917220538
28.7612146097
28.7172430759
27.4572591747
30.1688529592
30.4843894137
29.9761205986
32.0084662853
32.111492322
33.0772267524
34.6765923218
35.1640871333
36.0560145461
36.9176364729
37.9023314232
38.5052237981
39.7083281578
40.8822768976
41.8893051415
42.5778189252
44.7291518729
47.6315013946
48.9670045277
48.399921554
32.5804715463
33.2100163586
0
0
0
0
0
0
0
0
0
0
0
0
0
0
0
0
0
0
0
0
0
0
0
0
0
0
0
0
0
0
0
0
0
0
0.0394461730934
0.141314418555
1.98674473304
81.581048147
21.3078859608
21.3607232796
22.8924861044
21.6788557012
22.2376717297
22.5226140907
22.3376950631
22.1443585332
21.3529252824
21.1599186538
22.3623593367
24.5596513405
25.9896897474
25.5098358041
27.309815639
29.2010939952
27.2770007532
26.50684298
29.8542576796
28.5308670818
28.1693612173
31.1463498915
30.7485535032
32.1559172318
32.9835519868
32.9642496886
34.6628325467
35.444483184
36.6549946468
36.7530071195
37.8340853438
39.5911150571
40.9266214525
41.6628761855
42.5832670941
44.1612109228
45.0549225868
45.3179367623
46.5364356505
44.090391323
23.7334130525
3.47921931552
0
0
0
0
0
0
0
0
0
0
0
0
0
0
0
0
0
0
0
0
0
0
0
0
0
0
0
0
0
0
0
0
0
0.0248903896641
0.08273858297
7.93814113679
87.5143724125
90.7903211139
21.2436504222
21.2752270489
22.6726029256
23.0063765122
21.5657700795
22.4905767931
22.5025724909
22.3686466897
22.0139260134
21.2674974891
21.5467147751
23.6325484667
25.6316327881
26.5402104163
25.7864994607
29.1600433779
29.6497911107
27.5620372583
29.7030810588
30.2234338897
29.0415385907
31.2285638766
31.9463722214
32.4467892984
33.4658749916
34.4625602695
34.8345249326
36.7090664092
36.6568936143
36.5908948301
39.1996118029
40.4722169424
41.5087839022
41.792560445
43.4401441309
43.8991586324
44.4008823649
43.7271625936
46.0880851879
42.584373952
23.8469570384
0.239053216726
0
0
0
0
0
0
0
0
0
0
0
0
0
0
0
0
0
0
0
0
0
0
0
0
0
0
0
0
0
0
0
0
0
0.0799917402201
9.90566167748
84.121964198
80.6087024937
86.3560870155
21.2468430399
21.2454150189
21.3771074023
23.4486465506
21.7133315856
22.4944113986
22.7793896713
22.7022747589
22.6508710575
21.7248048879
21.6693017936
22.0642087619
24.6998598679
26.793926633
26.6513263068
26.5987547454
29.7837966901
29.3638253652
28.5383203013
30.7102952845
30.7721948377
30.7714785786
32.4658096412
33.227073523
33.9585109378
34.7157754711
35.8132329979
36.5909305125
37.0511564835
38.2411865826
39.3203447344
40.306667974
41.3856740184
42.6539096845
44.3519283532
46.123025922
44.629749566
45.9891453091
46.5659331625
40.9513693896
29.7186276084
0.58149737003
0
0
0
0
0
0
0
0
0
0
0
0
0
0
0
0
0
0
0
0
0
0
0
0
0
0
0
0
0
0
0
0
0.0248903896641
5.90477903911
76.6415874889
80.0484735487
73.8126718406
78.238913353
21.7552906281
21.7400543105
21.7480632438
24.233667168
24.6434999197
23.5416572632
23.3732173686
23.17599588
23.0747770071
22.5734761402
21.9960247762
22.350162368
23.5457692696
25.9300941031
27.6712677906
26.9896258559
28.4705804986
30.3079289601
29.8420429824
29.2838258924
31.5371412217
32.0826017021
32.1207212858
33.6774204509
34.4962268078
34.9591619633
35.9475330689
36.688526019
38.5119441361
39.3475390028
41.1522148513
43.2799602791
43.9556220666
44.9588960456
46.366996817
45.9212151543
45.834575664
49.0960143829
49.2429009429
41.36502527
25.4866971436
0.58149737003
0
0
0
0
0
0
0
0
0
0
0
0
0
0
0
0
0
0
0
0
0
0
0
0
0
0
0
0
0
0
0
0
1.24048858062
70.0477546675
71.1231267693
72.5868031854
68.9826975871
70.2232610516
22.5009843921
22.4160875743
22.9454479843
24.320324554
25.4843020979
25.0067692604
24.7048752219
24.0337515268
23.6539396079
23.537390102
22.5754401947
22.7525718948
22.731476956
24.6569916762
26.7793280145
28.2239402817
27.993414982
30.0420239998
30.9205520657
30.580094849
30.0149922379
32.4397554744
33.173303043
33.6712247921
34.6297459595
35.9504442566
36.5150794157
38.6415450476
39.5750654963
41.8861448479
42.780676063
44.0358730593
44.8384596721
45.8966228669
45.8038303868
45.6268549953
48.8544450316
49.392161091
50.1432624483
40.9751131434
3.02440740141
0.00156114011871
0
0
0
0
0
0
0
0
0
0
0
0
0
0
0
0
0
0
0
0
0
0
0
0
0
0
0
0
0
0
0
0.0623559069088
48.7868185573
65.942419296
62.5891026722
64.264079866
61.6362219528
61.7780578062
22.9879049309
22.6977962394
23.4434146042
23.5673778254
25.1114216772
26.6338226709
27.0665221959
25.4895639431
24.4812052713
24.0883445074
23.6555185327
22.7847655845
23.3457090401
23.1223655632
24.9019126918
27.5207759141
28.897030655
28.8294048719
30.7233575859
31.5617972273
31.4637213104
31.059570694
33.3964339316
34.1381141594
34.8790573131
36.3987361958
37.9701820621
39.1575602093
40.7965648266
41.6313455901
42.1910805489
43.8478087099
46.2113899613
46.9000958099
46.0990459425
48.9532666531
48.4707559503
47.5514114387
48.6318115213
40.6186585198
0
0
0
0
0
0
0
0
0
0
0
0
0
0
0
0
0
0
0
0
0
0
0
0
0
0
0
0
0
0
0
0
0
1.20399576859
58.5928833839
56.0960818979
53.0131674127
54.5677237218
52.3237145091
52.4900816544
23.311545911
22.5735679218
22.6900174699
22.9821828068
23.7029293091
26.0476692185
28.067531615
26.5694370382
25.3467760298
24.6416348102
24.3620307691
23.4890736607
23.8053146307
23.809759449
24.3264702029
25.4428739954
28.5790594503
29.8108978018
29.7469818349
31.4035979298
32.2198621174
32.4163679169
32.1950030361
34.2516829497
35.651778878
36.692148262
37.8577985286
38.9888676738
40.6016653481
41.427424435
44.5193363142
46.0417521167
46.9656497073
47.0350991328
48.3321044309
48.9085594213
48.9849900927
51.4433901715
52.2552889707
43.6806514233
0
0
0
0
0
0
0
0
0
0
0
0
0
0
0
0
0
0
0
0
0
0
0
0
0
0
0
0
0
0
0
0
0
42.9913108926
50.9175020569
47.2304342473
44.5569886211
43.8552961891
42.8343047109
42.9736202884
23.8331746082
22.3851289099
22.2487601971
22.4925545758
23.0143173185
24.5339760575
26.7352097507
27.2493816639
26.0226312572
25.2164419492
24.7541069939
24.5515127884
23.542521196
24.2596855756
24.0843883753
25.8258990282
27.0774996304
29.5487918105
30.7491960498
30.8634609861
32.0168798356
33.0539691012
33.7096831726
33.9942813826
35.9694242019
37.5332245719
37.8704041398
40.0409515126
41.2256581969
44.3915671035
45.1165273324
45.8664981765
46.5836059889
47.715309058
49.5262481822
51.9096807766
54.4239907759
55.9023429654
54.2156219223
41.5751093687
0
0
0
0
0
0
0
0
0
0
0
0
0
0
0
0
0
0
0
0
0
0
0
0
0
0
0
0
0
0
0
0
0.0666375249905
41.8454671241
44.1199655223
38.1753593971
35.9565976616
35.7447848671
32.8328635277
34.4831917917
24.4755914714
22.368762601
22.0532580492
22.0747731329
22.4644581535
23.4061296704
25.399618745
27.4950885212
26.7557621851
25.8063616051
25.2014008085
24.8860072232
24.6399744057
23.8829329559
25.0059822575
24.6635817421
26.7003279386
27.7687691385
30.1080819432
31.4442660247
32.3600420629
32.0912143332
34.2343032153
35.1666971161
36.3122295208
37.8683051624
39.4090160601
40.8808593257
43.8677868603
44.4857004087
44.5414291301
47.0684314988
48.8332055595
50.6475308563
52.6411541784
53.7460400847
53.7534368454
54.4807256039
50.2052576371
38.7897619215
0
0
0
0
0
0
0
0
0
0
0
0
0
0
0
0
0
0
0
0
0
0
0
0
0
0
0
0
0
0
0
0
0.806099553953
35.7688634399
38.6852149155
31.7633001784
26.4981560663
27.3039956722
25.4348081262
26.0350506389
24.2088034308
22.5278023963
22.0022945649
21.9678919072
22.0974272426
22.7193081003
23.4570458213
26.3163629817
27.4748530449
26.5332370196
25.7464967918
25.2631348523
25.0715629178
24.7476186805
25.3102913208
25.4785671613
25.2100139444
27.5862911514
28.712057192
29.7712344487
32.5735225908
33.2823660244
33.8882105439
35.5271986413
36.9498036148
38.2423864454
40.1722333646
42.5043692247
43.4023238402
43.4030189322
46.6409218452
48.3468003431
50.1328614082
51.9814458702
53.431748724
54.5161943575
53.1098749724
52.8317463326
51.19277083
40.6485771132
0
0
0
0
0
0
0
0
0
0
0
0
0
0
0
0
0
0
0
0
0
0
0
0
0
0
0
0
0
0
0
0
28.5660767834
37.3019164854
34.2268596879
28.5369073353
21.9852506689
17.8461807896
18.7715005625
21.5472943372
23.5605756925
22.7940465458
22.1324770129
22.0463080305
22.0678448288
22.2752334279
23.3139181636
24.3516028235
26.8817124469
27.2284564584
26.4027069893
25.7575130034
25.3877423264
25.3257477317
24.8402060448
25.7372398987
25.8480020018
27.0974828062
28.361200509
29.849544645
31.3223232369
33.5614190715
34.4869438068
35.7783280663
36.9341367964
39.3215116074
40.7535488342
42.3542324432
42.7163649395
45.8186227955
47.5510803542
49.9208169843
52.0887964791
54.0894874077
55.8137543238
54.6916928992
55.8371703425
54.522664233
59.2864286839
43.3548537134
0
0
0
0
0
0
0
0
0
0
0
0
0
0
0
0
0
0
0
0
0
0
0
0
0
0
0
0
0
0
0
0.0180664903568
26.4383183104
37.3894086809
32.203541499
26.661810989
20.2988296884
14.2039893812
11.9453794715
16.0087622877
23.3388916771
22.8284976612
22.359949559
22.09661121
22.0675356201
22.0838853311
22.4662298795
23.9249275758
24.8885266266
27.1999382437
27.2894039262
26.4725160508
25.8957778879
25.5958876981
25.4523901298
25.102190059
26.4016455548
26.5575345548
28.0238258535
28.6885527604
31.3500124065
33.4510850518
34.72399326
35.7184142594
37.2160939228
39.1656038825
41.839883559
42.4459202946
45.1966235388
46.8404806077
49.5285818091
51.1581017063
52.9586853089
54.5764219788
55.2548062212
54.9961716873
56.5350973091
60.7283893625
61.264030665
43.7815893637
0
0
0
0
0
0
0
0
0
0
0
0
0
0
0
0
0
0
0
0
0
0
0
0
0
0
0
0
0
0
0
0.563464078493
28.1378569147
35.779538254
29.7574237894
24.8738966934
19.2447441165
13.1857108026
8.93849386
16.1409904408
23.6836459902
22.7158802261
22.4785622993
22.0421672202
21.8723513349
21.7813394535
21.8086657308
22.5989388931
24.137119588
25.3425488767
27.7578391468
27.523398895
26.7318042385
26.2135659775
25.9445806283
25.9138553979
25.6809506045
26.997879167
27.3291217613
29.2718626443
30.6836991163
33.2340440258
34.741033003
35.8349732153
37.532243284
40.0689737616
41.8394876086
44.5833225288
46.1614112667
48.5954767009
50.2729474465
52.6379820153
54.5433497741
56.1562058024
56.7337694929
57.9996345381
59.6792413781
63.1123638098
56.2492209859
47.1421648286
0
0
0
0
0
0
0
0
0
0
0
0
0
0
0
0
0
0
0
0
0
0
0
0
0
0
0
0
0
0
0
13.2998828874
32.1416764708
33.2865256114
27.2433315212
23.2033811441
18.5531974026
13.5339838216
8.78539796441
4.65162194993
24.1918182445
22.6607283884
22.2420486345
21.7358195727
21.3657191638
21.2179112991
21.2102381491
21.4630196673
23.094884944
24.0468440349
25.8701063841
27.8395839238
27.86842797
27.2476415761
26.6883519778
26.4848462062
26.5912224823
26.5208731657
28.0263823455
28.7976124444
30.9948077279
32.8533511632
34.6582423856
36.525920862
38.1178945513
40.2942493328
43.3275840947
45.2569276792
47.7152141595
49.464782889
52.3125951981
53.7937201398
55.2643518689
57.0639616605
59.1261475437
61.4362220318
60.7998978924
61.4387132992
58.6281354354
54.4918960649
0
0
0
0
0
0
0
0
0
0
0
0
0
0
0
0
0
0
0
0
0
0
0
0
0
0
0
0
0
0
0.0398030782467
22.4610594085
33.3865106907
31.0592090626
25.4022745446
21.9402222852
18.157734405
13.5705614919
7.73634386653
9.14718356078
23.4614423413
21.8389843348
21.0674146515
20.7637170912
20.4696727503
20.3565928225
20.4324237324
20.6534694794
21.5588245312
23.314660528
24.2126847254
26.2231913458
27.7518259676
28.1472052225
27.7498415405
27.3104325789
27.2684756213
27.5066803172
27.7283442513
29.4447122429
30.7901036222
33.1953921423
35.2673968083
37.0453327801
38.8856128399
41.4613860426
43.4390078742
46.5721321288
48.3437302905
51.0287297043
52.7017584633
55.1280881684
56.7328829222
59.6473647289
62.1301656377
61.8096728033
63.928228867
66.8781816782
65.8261787305
56.405679797
0
0
0
0
0
0
0
0
0
0
0
0
0
0
0
0
0
0
0
0
0
0
0
0
0
0
0
0
0
0
18.1715806389
28.4411991341
32.2065376749
29.3026860216
24.4057364185
20.2140053781
20.0824490862
18.6550787261
10.2008169602
9.20995265437
21.6494361943
19.1970747315
19.2037005626
19.3198437781
19.3272664114
19.392118614
19.5786242138
19.8996017566
20.363503616
22.3920513005
23.8089774021
24.6531957872
24.4648307094
27.7135427153
28.2674058512
28.4797124402
28.2067799125
28.183898379
28.6558352563
29.2633415041
31.2316289491
32.977006399
35.4956553824
37.6080550564
39.2870665769
41.7380039494
44.7732271325
46.9223915426
49.6430440512
51.5474271391
54.6350643847
56.2870142583
58.7720493297
63.392790986
64.5341406564
66.8471836902
69.4543164392
70.8789592407
63.8752763052
56.1393831329
0
0
0
0
0
0
0
0
0
0
0
0
0
0
0
0
0
0
0
0
0
0
0
0
0
0
0
0
0
0.27205477533
25.6134428508
29.6221933189
31.3314648135
28.2671346123
24.2897839525
21.2966814437
22.6480283459
28.7546322323
17.4000076649
25.7634641267
20.374246712
18.2700759103
18.1246416597
18.2377492603
18.4459636046
18.6412438788
18.9153396769
19.2766587372
19.7302390136
20.4366912808
22.663818888
24.6998008959
24.9478442524
25.3660084136
26.853268954
28.6091668712
29.3250101893
29.0479629049
29.5803237147
30.1723386007
31.1525479999
33.5626544625
36.1146306873
38.0984746602
40.054503427
42.691909621
44.7974446477
48.004184696
49.8693584692
52.5915381968
54.8039674282
58.2544182992
62.3371987794
64.9559085266
67.2304663946
70.2164097051
69.498994364
70.1712650145
60.1391999459
57.4021774194
0
0
0
0
0
0
0
0
0
0
0
0
0
0
0
0
0
0
0
0
0
0
0
0
0
0
0
0
0
24.0473120566
29.3195353476
30.4458112337
30.9008803647
27.9927184958
24.9117954366
22.6532165243
21.7745030633
30.7257174302
24.7444727923
20.7124897054
19.8898248018
18.3921593764
17.8335732067
17.9221608234
18.1851896768
18.3801036933
18.600502386
18.915475422
19.3134388765
19.7843480599
20.7548667902
23.1759351015
25.9397928055
26.25129055
26.5839836569
27.6308787297
29.1910498778
30.1578078747
31.1753822969
31.1151158753
32.2050675757
33.973661199
36.5094280872
38.595579007
40.28005788
42.7385263971
45.7722631308
47.7553110407
50.5092731848
52.6968220489
57.4713795326
60.7006639218
64.6313508633
67.3876868836
70.2124131744
70.2413362965
71.7532046698
71.0569805136
59.4576695038
60.8920292084
0
0
0
0
0
0
0
0
0
0
0
0
0
0
0
0
0
0
0
0
0
0
0
0
0
0
0
0
16.7432894195
31.5492638763
31.9647261245
31.021230945
30.8158452196
28.2708070082
25.7978444295
23.8543949033
22.4389210722
28.2191179126
25.7393116638
20.0762021142
18.2799297222
18.2235773252
17.7558275955
18.2336469353
18.5539041014
18.6257671343
18.6759382927
18.8164579258
19.1053169677
19.5064385757
20.0655553526
21.2465810622
23.8120509893
27.2562160369
28.1094844492
28.078206189
28.8295640556
29.9458172541
31.1803104527
32.4407740679
33.8835553185
34.5901778771
36.8556658116
38.96298042
40.8523395508
43.336119085
45.5245755693
48.6661323795
50.4883626565
55.532908499
60.7149171851
63.4994179666
66.3938066575
70.5157930722
71.7899019798
73.3229525457
74.638195179
72.1818057344
58.058739521
66.3188864679
0
0
0
0
0
0
0
0
0
0
0
0
0
0
0
0
0
0
0
0
0
0
0
0
0
0
0
0
32.4723008206
32.6891910717
33.2361221236
31.2759672974
31.0833924307
29.0671608039
27.1428972109
25.5791388786
24.4552962116
29.4864041425
26.8347460479
21.5571590912
16.1622873142
17.2212715079
17.8197913473
18.9489499611
19.1488235346
19.1120401451
18.9799557407
18.943709153
19.037887271
19.3313695449
19.7650877698
20.3907620202
21.8479734971
24.367702049
27.6519697515
28.7245154527
29.6924989296
30.0023141427
31.0326520226
32.2312445047
34.0429771421
35.5841525657
37.1383995131
39.2393389964
41.1852551636
43.4956675593
46.5290621332
48.3714861733
53.5249279176
59.2019730232
61.427815564
65.2951736662
68.7853019291
71.2043693099
73.0866003548
76.4330927156
73.9284623052
72.5319757588
59.201027564
72.7790492794
0
0
0
0
0
0
0
0
0
0
0
0
0
0
0
0
0
0
0
0
0
0
0
0
0
0
0
25.9310809797
35.0525518331
34.6646434578
33.020760374
31.9882149938
31.690277078
30.2118435066
28.7458195591
27.5582164711
27.0243934474
30.2575997705
27.187777192
25.9417483024
15.6431728785
16.3878529751
17.9973878832
18.7678945345
18.9178413473
19.0470439749
19.2043746743
19.1508945435
19.1239840342
19.2407348404
19.5634898263
20.0450437275
20.7496760841
22.6850064353
24.6621697002
28.2086614059
29.8512848261
30.5543915662
31.6782460401
32.6475814024
34.2496254718
35.7380948386
37.585313549
39.5353554801
41.6090923003
44.6826116774
46.8591487301
51.2501634399
56.1227962751
59.062233989
62.4884835218
65.7408307214
69.9753884092
72.9753955134
76.4623538515
77.1035442887
75.5983043963
76.3968151759
59.2879253721
78.285097972
0
0
0
0
0
0
0
0
0
0
0
0
0
0
0
0
0
0
0
0
0
0
0
0
0
0
0
38.6485801219
37.1592700288
36.4435866808
34.0867681102
33.1954841966
32.297551414
31.1290319533
29.9686918721
29.197276814
29.1465289376
29.9866336015
27.4352038317
28.3179056472
15.5756919864
15.8846967759
17.2025860224
18.1958212634
18.4408005987
18.6539269934
18.8853479096
19.1280424828
19.2664823793
19.2983789467
19.4776696557
19.8604672465
20.4801671578
21.4189159648
24.2154884758
27.4690018949
28.6649590423
30.6973342718
32.3094176989
33.0602479653
34.2398560267
35.8920357782
38.1553203273
39.846776958
42.7849178675
45.3670597919
48.5390280337
52.3847703597
56.2273881449
59.638053069
62.3336748382
67.8332825631
71.6801744771
77.033585338
78.3875061285
76.7865733787
78.9165243057
77.2322685683
64.5754732361
67.2999559294
0
0
0
0
0
0
0
0
0
0
0
0
0
0
0
0
0
0
0
0
0
0
0
0
0
0
29.2919544166
37.7138796529
38.537404437
36.6022760864
35.2875961066
34.5663421783
32.2694843124
30.9809284775
29.712859218
28.9061624331
30.4950316309
30.0402437314
26.3696532635
29.3102628937
15.26853569
15.3039045437
15.9693244043
17.6310173412
17.9786053797
18.2332928249
18.4928930047
18.7814956358
19.0915394029
19.4173229514
19.5234171456
19.8044663402
20.3296010437
21.1617272318
22.4415021644
24.9722632529
28.7233938645
30.5492284512
31.2831074558
33.5286152124
35.367261253
36.5155029691
37.9372303477
40.9350388496
44.0454541477
45.8095003107
49.2577467878
53.6218827569
57.0235236326
59.3091025863
64.6752501204
70.241152752
74.618032971
78.2600393307
76.9738639613
79.2462728519
81.6006854651
79.57256712
70.1592418561
8.68278999549
0
0
0
0
0
0
0
0
0
0
0
0
0
0
0
0
0
0
0
0
0
0
0
0
0
0
45.5113847919
42.4770344093
39.9761936895
36.5744951811
36.604974558
34.3650214544
31.6100650747
29.8080659943
28.1163574906
26.6381055864
25.4905625638
25.8079954266
24.2299109041
29.5915489582
14.7184582999
14.6628854524
14.9670761447
17.1638693062
17.5730216585
17.8444189564
18.1115912889
18.399789609
18.7245188878
19.0859254959
19.5030578632
19.8483673763
20.2561668611
20.9119429655
21.8503734431
23.3305045623
26.5953479752
29.7919473456
31.5780241353
33.9477923659
34.4107862338
36.7922562476
39.9820882766
42.6213491704
43.6812076247
47.3909059359
51.4175455499
53.8188339379
57.2658844898
62.0515058877
67.5291844658
70.7907981989
75.5994860746
77.110565353
79.8746010557
82.5615257629
83.4434422721
79.7844413349
62.9139165691
0.96718015284
0
0
0
0
0
0
0
0
0
0
0
0
0
0
0
0
0
0
0
0
0
0
0
0
0
6.25831282931
43.6962810935
44.4343494653
40.9363197597
38.4259287662
36.9060339733
35.4878584332
30.8911233011
28.6802367178
26.9806874854
25.8036544303
25.3982919259
26.3754539417
23.753780117
28.3037369877
14.1694636309
14.1115448802
14.2745985661
16.7131931245
17.1675377672
17.463141147
17.7330283862
18.014401669
18.323666872
18.6810034851
19.113502076
19.6335345794
20.2811675358
20.8716559585
21.6439639304
22.8582857149
24.5400988061
27.7970733518
31.410327666
33.216726115
35.2547401506
38.2559529051
41.1861289057
41.7735347261
45.2735469192
49.1024289867
51.437998079
54.8580653582
59.3906804088
62.670667291
67.5273194524
72.4043445954
76.3727681429
79.1363898442
82.03656981
84.2048001347
83.0030677863
76.1182905658
58.2128271073
0
0
0
0
0
0
0
0
0
0
0
0
0
0
0
0
0
0
0
0
0
0
0
0
0
0
51.7950405014
48.1695563415
46.4586028354
42.4567293983
39.916326729
38.0921099191
35.1884941382
30.5107818671
28.0637179422
26.401767593
25.3344020602
25.595758407
27.064772432
24.5258523234
23.2938320821
13.5128209579
13.8248524607
13.6917261981
15.8067915243
16.7215161048
17.0676120306
17.3519071647
17.622695334
17.909002075
18.2465186989
18.665003677
19.1963089427
19.84388313
20.6520799613
21.7384364126
23.0168771699
24.3007956666
26.0435460504
29.2110244253
32.7301663354
35.4083774246
38.2048934039
39.9095700033
42.3874303918
46.9563226184
49.8937170049
51.483963218
55.0799480359
59.3279088929
64.8926732269
69.4725355327
72.5565191823
76.9831578318
80.8868389767
83.9413050503
85.8698988267
83.3166180086
73.2627148039
56.2462728521
0
0
0
0
0
0
0
0
0
0
0
0
0
0
0
0
0
0
0
0
0
0
0
0
0
0
50.7115633997
50.2078113246
47.3096458698
44.2876855182
42.5072928796
38.5672224579
34.5222964319
30.7818025883
28.3950404002
26.8040881644
25.6971710849
26.3659706383
27.0715016563
24.8800357423
24.8107378625
12.5977729855
13.5843986671
12.8470234701
14.7099836341
16.2516489126
16.5013846627
16.6625867501
16.7992561653
16.9821791418
17.2616496018
17.6677151322
18.2316272694
18.9863546812
20.0027175126
21.362629448
22.9938205406
24.7055398317
26.490376718
28.1895007517
30.1320091884
33.5506521508
36.8247326574
39.2687580863
42.9013247552
47.0349209909
49.6801622764
52.2911952832
56.6866729286
61.6052594245
64.2723605699
68.9461115128
74.9090850786
79.6749867334
81.5418930415
85.8887569362
86.9147935993
82.6704235578
71.4839203341
57.0670957339
0
0
0
0
0
0
0
0
0
0
0
0
0
0
0
0
0
0
0
0
0
0
0
0
0
53.174803393
48.9069690094
51.5435940665
49.2205463142
47.2292615696
42.7435771351
40.7025742045
34.9791399354
32.1645344545
29.8920404325
28.4303897915
28.0014290518
29.9648445521
27.6963031916
25.4426983987
25.504967849
11.1626094484
12.7423881683
11.6039855752
14.016372487
14.886711
14.4560157997
13.9371888369
13.6446709509
13.6512161879
13.974590813
14.6165565361
15.5909296767
16.9085324506
18.6532486095
20.9560616995
23.2905043293
24.8946151572
26.4298966844
28.1145950287
30.2059988729
32.3759308184
34.6814002354
37.9931157916
42.941646177
47.2726286743
50.769528433
52.1946543042
55.8183192282
60.0646193455
65.7813490692
72.5138602876
77.7697889445
79.1405152441
83.8237063164
88.042906057
88.4576304498
86.4718309258
73.8693992616
58.8603628076
0
0
0
0
0
0
0
0
0
0
0
0
0
0
0
0
0
0
0
0
0
0
0
0
0
67.0620753249
59.8010014935
55.0227037948
52.5892092014
49.8649284678
45.4065110466
40.5454617182
37.0025475248
34.1572797229
31.8695519258
30.483176615
30.2775266181
30.8107178216
28.1781407064
26.7628660985
29.6560514717
9.77166100565
10.7514964031
10.1769838034
12.7073135925
12.1552756902
11.8032481243
11.2201250001
11.1807596403
11.6460830232
12.4969366759
13.6846867265
15.1781221796
16.926981135
18.8912537535
20.9340293728
22.7269625304
24.282624447
25.9624780316
28.177916844
31.0044062832
33.2031306805
35.5199164245
38.3670355114
42.0521690527
45.5860087496
47.9512480118
50.6521154555
56.1403829046
61.8104040283
69.1293208123
75.254765046
76.9419151421
81.427633037
87.1968897101
89.1055530276
91.2231264925
87.8136074246
73.6290628839
60.808022509
0
0
0
0
0
0
0
0
0
0
0
0
0
0
0
0
0
0
0
0
0
0
0
0
1.26794661943
56.5405507729
62.4900321957
58.950384491
55.1940065651
49.4758975778
47.3244489347
41.7720829057
38.5669538716
35.8180492051
33.4147702838
31.8008064104
31.6974364443
30.5702138403
28.7209054055
26.8990487575
31.4058491119
9.5400783238
8.84949680083
9.15492216858
13.1559041699
12.0408261158
10.3951357311
9.66827065491
10.0889824157
11.0890291707
12.4427394924
14.0665280175
15.9307606378
17.9202756721
20.007947203
22.1173308505
23.6610286742
25.1964287076
27.0223438717
29.154213924
31.2667868815
33.4275887941
36.0354946159
38.97106186
42.2267812677
44.7053987797
47.0125044305
50.7682917445
56.4564329724
63.6666361569
70.5832098422
75.4124051268
78.425075915
84.7349196821
89.7710057447
90.7585944988
89.8145771241
87.2761103621
79.7136708012
63.7826178858
0
0
0
0
0
0
0
0
0
0
0
0
0
0
0
0
0
0
0
0
0
0
0
0
74.1868915099
66.7052641147
62.7370540757
61.7880317768
58.2708014718
51.8518336046
46.1078930947
42.5340101809
39.3702658157
36.8225615786
34.9513035052
33.4394805833
32.3301579075
29.9678550333
27.9724703914
26.2923895219
31.4217470177
10.9969738953
8.55738108001
8.66124431633
13.4788790556
12.1077756743
8.53485880832
8.73352115542
9.97948736206
11.7046390462
13.7312399702
16.0133075073
18.1738804292
19.6390218932
21.1358850794
22.6501822124
24.191812776
25.9031909695
27.8303206689
29.8945843068
31.9620728493
34.0988479688
36.4664230766
39.2875031633
42.3725275507
45.5913648823
48.0725832656
52.5089282341
57.8600337806
63.7347015188
70.5107255244
76.4694285551
81.7334515061
87.1042616048
91.4825938641
91.8756091962
91.7584423412
91.6431175626
81.2998165681
66.3588401198
0
0
0
0
0
0
0
0
0
0
0
0
0
0
0
0
0
0
0
0
0
0
0
0
74.2387046201
71.5215266236
67.1808088523
62.8256827565
59.5949158426
54.285467084
47.9620557417
43.2404157237
39.7794919128
37.6775300436
36.0874465516
32.3502550182
30.183904984
28.3160308521
26.9492398664
26.0119674433
30.4567998445
11.604590346
8.62540817782
7.91836857416
8.46613381075
7.60103449688
8.0171544089
9.67173971556
11.9777829456
14.7392671055
16.1851147029
17.4471964612
18.7313103143
20.0896314497
21.5972890492
23.2283507522
25.0046949332
26.9432370882
28.9905856767
31.0397395529
33.0317809998
35.1383271496
37.5880212248
40.4432474509
43.1625323474
45.7969992926
48.9643831371
53.440796641
59.0476259627
65.612254977
72.1263648973
76.6009914074
82.1122615628
90.6938495632
95.2986646742
95.5764273956
95.160071561
92.5360241683
81.0965221046
70.0405579707
0
0
0
0
0
0
0
0
0
0
0
0
0
0
0
0
0
0
0
0
0
0
0
6.31437680219
63.9665629388
74.2436294918
71.0708263979
64.4933297728
59.1908123447
55.1077575154
49.9528111314
44.5454384315
40.1938070642
37.1979846556
35.280606482
33.2586216028
31.3531423583
28.2688369614
25.3280888863
26.4320968902
28.570213309
9.47921748274
8.12087120719
7.04006721638
7.06178424011
8.47398015312
11.0145060871
13.4875832273
14.5317963746
15.5820122578
16.6875625915
17.9269723571
19.2908853762
20.8043765647
22.4900813585
24.3690565212
26.4294265522
28.5662687314
30.5927688918
32.2301876658
33.974968756
35.9356618517
38.1542788646
40.588349222
43.22471064
46.1294309468
49.6817119655
54.4009876636
60.329319842
66.7643142094
72.3292320402
77.954109813
85.6489919825
93.1107826561
95.642147486
97.6879712645
98.6570160339
96.1149879678
80.9370086453
76.5566884939
0
0
0
0
0
0
0
0
0
0
0
0
0
0
0
0
0
0
0
0
0
0
0
95.1982374824
89.2533269736
83.7047732306
75.4473788623
69.1191903171
62.9097780763
56.751807438
50.9951995794
45.4015629802
39.968879164
36.0045862218
33.7138916309
31.2794883339
29.5761490622
28.0547014872
22.9197577615
25.860153802
26.2577769508
7.32591264737
7.91984627673
6.53802949806
6.6004520858
10.9179106892
13.2593157069
14.1482016604
15.1195508994
16.2187091967
17.4460010215
18.8043837365
20.3035875191
21.9642043425
23.8272317015
25.9346770303
27.8347170961
29.2174026527
30.7155329018
32.3697118689
34.174104041
36.1446196938
38.2920125874
40.6400494288
43.3033694744
46.3861352656
50.1059169585
54.8890315825
60.9875032831
67.1580261218
72.9629506129
79.3545815732
87.0668701631
93.9826712789
98.3977569821
99.2821803909
98.5246593889
97.4389029076
91.078017848
91.2258969306
0
0
0
0
0
0
0
0
0
0
0
0
0
0
0
0
0
0
0
0
0
0
0
96.4951527526
95.667888383
91.3794345948
82.8434050583
74.0471953287
66.9686752668
59.289002859
52.0699558248
45.9869496351
40.4794800514
35.1871696822
32.4909116627
29.3964065444
27.0725844458
25.9551486121
21.4109782936
22.9502871513
25.8617110035
6.30121017364
8.7305626106
6.22323884557
6.29117398138
12.8777898932
14.065806119
15.0479561745
16.1786660378
17.3952596916
18.7065485462
20.118920606
21.6358358083
23.2671063947
25.0779907762
26.7030974663
27.8822504374
29.2001109618
30.8213946835
32.6168537544
34.4858399173
36.3975086101
38.4161043943
40.6277115515
43.2820760369
46.4775259765
50.208682677
55.0274992015
61.252119247
67.5938137446
73.7247054977
80.578655362
88.7919205547
95.988305745
98.9090630373
99.4252259951
99.4827566386
99.2026293605
91.6699239136
89.8612661646
0
0
0
0
0
0
0
0
0
0
0
0
0
0
0
0
0
0
0
0
0
0
1.46455419033
92.1059899689
98.784321515
93.7765300013
86.7697649454
79.0311557682
70.6921953732
62.4357525281
54.1887015502
46.8900278431
40.979906531
34.2392534019
30.0594931131
28.3255299655
25.0302957336
21.8067699766
18.0160120947
21.9558374922
29.4818336765
3.57136543663
4.39635657136
5.56528740453
8.26775926496
14.4339391581
15.6685947726
16.8524837702
18.1228902571
19.4654972089
20.8125773567
22.1355727589
23.4169768575
24.7436830671
25.825203916
26.8966661375
27.9479705773
29.2748702833
31.0107545707
32.9303656955
34.762263629
36.6146227216
38.4507425163
40.326184618
42.778820787
46.0550987025
49.7360602312
54.0237160678
60.4266107935
68.6791871496
74.5189354274
81.7712890097
90.0792078331
96.7976155317
99.1888417023
99.543068881
99.5828225867
98.6510672923
88.5047075578
94.5699231899
0
0
0
0
0
0
0
0
0
0
0
0
0
0
0
0
0
0
0
0
0
0
99.8938883388
99.8938883388
99.8814650752
99.3829098695
89.2238884833
82.5643521489
74.5183928019
64.3903859374
54.0397626615
46.9753716529
39.6302308711
32.7590985355
28.1178498113
25.689396554
24.3210939412
23.1531542341
22.2876896597
25.6897242236
24.7825427602
2.55751585435
3.46737183139
6.9486960379
6.60721061233
15.5131515599
17.637805971
19.3523335494
20.6548833522
21.9584932205
22.6806027156
23.533971048
24.510933295
25.5492355264
26.6357610781
27.6682213861
28.4521344683
29.844253823
31.5973830177
33.0336805162
34.6301444186
36.3076673208
36.8978711332
36.936460482
40.2394728945
45.1489571904
49.1583781967
53.0339755344
58.6443501483
66.6769659272
75.3391226064
82.5380910667
90.4396886844
98.2038802005
99.7332895973
99.8100191334
99.8299894072
99.1127740955
85.8180319961
6.92850040591
0.741609358898
0
0
0
0
0
0
0
0
0
0
0
0
0
0
0
0
0
0
0
0
0.0237113712063
98.952433602
99.8938883388
99.9044995049
99.8809848842
96.7437135949
85.3742671633
76.0170763006
65.8467217274
54.8315629719
44.2420942544
38.4660819471
34.0382979767
29.7612500574
26.9894633317
25.9188381184
24.6981738176
22.9192428422
22.5085969566
16.0918863036
1.59601682435
7.16803074661
7.0216506195
6.09474002566
6.51982751407
9.09134718177
14.2014663325
15.9804400164
17.5619351969
19.4362760074
21.5621488954
23.6828393542
25.2289204603
25.8213217044
25.1871515487
23.8135037848
24.6467987459
27.659520896
30.1152348258
32.0348453377
33.9809698294
35.3180475104
36.5692708032
39.5627699394
44.7399156289
49.3461599833
53.1664420678
58.5893294828
66.861744774
75.561917102
82.0399332416
89.8236340748
99.0697340112
99.8537393167
99.8752238725
98.0105583192
86.1739249306
6.93916922589
99.9044995049
0.0394461730934
0
0
0
0
0
0
0
0
0
0
0
0
0
0
0
0
0
0
0
0
0.0394461730934
99.9044995049
94.5883365788
99.9140495544
99.9122786436
99.3601615631
87.9863203139
78.1440661806
68.9100025442
54.1947408574
37.7680659455
31.8401482883
29.9620393289
27.108581862
24.126757159
22.2401735613
21.0976777279
20.2898497985
20.4540975967
11.920844424
)
;

boundaryField
{
    frontAndBack
    {
        type            empty;
    }
    upperWall
    {
        type            calculated;
        value           uniform 0;
    }
    lowerWall
    {
        type            calculated;
        value           uniform 0;
    }
    inlet
    {
        type            calculated;
        value           uniform 14.0980218349;
    }
    outlet
    {
        type            calculated;
        value           nonuniform List<scalar> 
20
(
0.081186919985
0
0
0
0
0
0
0
0
0
0
0
0
0
0
0
0
0
0.00696198609131
0.157805407938
)
;
    }
}


// ************************************************************************* //
