/*--------------------------------*- C++ -*----------------------------------*\
| =========                 |                                                 |
| \\      /  F ield         | OpenFOAM: The Open Source CFD Toolbox           |
|  \\    /   O peration     | Version:  v1806                                 |
|   \\  /    A nd           | Web:      www.OpenFOAM.com                      |
|    \\/     M anipulation  |                                                 |
\*---------------------------------------------------------------------------*/
FoamFile
{
    version     2.0;
    format      ascii;
    class       volScalarField;
    location    "798";
    object      p;
}
// * * * * * * * * * * * * * * * * * * * * * * * * * * * * * * * * * * * * * //

dimensions      [0 2 -2 0 0 0 0];


internalField   nonuniform List<scalar> 
6400
(
0.144166309982
0.14416962636
0.144179134559
0.144197829367
0.144225839193
0.144263186531
0.144309835077
0.14436688628
0.144435537017
0.144517733035
0.144619841816
0.14474527961
0.144891523076
0.145058479677
0.145248099201
0.145463062518
0.145705272286
0.145974854793
0.146269632799
0.146584148085
0.146913010126
0.147258047116
0.147627101097
0.148028246205
0.148466400291
0.148941453228
0.14944996484
0.149989246875
0.150558747899
0.151158956443
0.151790138677
0.152450203464
0.153133116118
0.153832702193
0.154545985843
0.155270360277
0.15600625198
0.156759016036
0.157527082266
0.15830182251
0.159083770231
0.159884077802
0.160708162767
0.161547914731
0.162392001868
0.16323217881
0.164062105418
0.16487670977
0.165671319692
0.166441772921
0.167184460472
0.167893605213
0.168559903714
0.169172423495
0.169728369006
0.170230839429
0.170675278598
0.171052491675
0.171360220228
0.171605307536
0.171794437213
0.171932040844
0.172023336457
0.172084903958
0.172136883281
0.172192417788
0.172247548844
0.172289106087
0.172312021189
0.172319889859
0.172316936827
0.172305818274
0.172288097922
0.172266662739
0.172242684181
0.17221841829
0.172195679317
0.172179565177
0.17216857357
0.172163817911
0.144161522233
0.14416506269
0.144173752738
0.1441920049
0.144221500638
0.144260290408
0.144307407683
0.144362706078
0.144429310765
0.14451124901
0.144613001007
0.14473743929
0.144883973686
0.145051856194
0.145241617764
0.145455216306
0.145696632009
0.145966849989
0.146262873238
0.146577843246
0.146904800803
0.147247809163
0.147616328927
0.148017567509
0.148456222432
0.148932023212
0.149440909543
0.14998082269
0.150551275142
0.151152240972
0.151783600865
0.152444149518
0.153128029719
0.153827779605
0.154541194317
0.155265883551
0.156001822414
0.156755179658
0.157524492564
0.158300309872
0.159082145372
0.159883279982
0.160710425625
0.161552537492
0.162397940439
0.163239563924
0.164071053925
0.164887524878
0.165683943028
0.16645506802
0.167197250684
0.1679075163
0.168577919601
0.169192560842
0.169750142076
0.170255024293
0.170698212139
0.171072828214
0.171379955718
0.171624009202
0.171810495806
0.17194704725
0.172038675482
0.172101517633
0.172155147483
0.172211354996
0.172266319028
0.172305271661
0.172325076238
0.17233035547
0.172325136592
0.172311861543
0.172291684905
0.172267253327
0.172241292164
0.172215781526
0.172193224996
0.172176386737
0.172165057442
0.172161126335
0.144147968452
0.144153774826
0.14416175223
0.144178589426
0.144207111507
0.144250042583
0.144300708357
0.144354442458
0.144418008286
0.144498237873
0.144599140452
0.144723041552
0.144869883139
0.145038592285
0.145228399262
0.145438668445
0.145677676799
0.145952260069
0.146251161232
0.146564684906
0.14688758704
0.147225719913
0.147593407663
0.147996912461
0.148436574163
0.14891241029
0.149422531177
0.149964255622
0.150536318053
0.151138620857
0.151770883096
0.152432572701
0.153118481362
0.153818128865
0.154530592163
0.155256869538
0.15599336928
0.156746481063
0.15751731094
0.15829651482
0.159084284912
0.159890067463
0.16071794335
0.161560576546
0.162407811827
0.163251893026
0.164086555839
0.164906450913
0.165706458171
0.166481737137
0.167228117172
0.167940521237
0.168610265777
0.16922829777
0.169792555452
0.170299330313
0.170740811379
0.171113686651
0.171419166974
0.171661173866
0.171845750531
0.171979480464
0.1720707727
0.172137721637
0.17219761155
0.172255649203
0.172305354413
0.172337843384
0.172352306041
0.172352663146
0.172342674198
0.172324160802
0.172298922203
0.172270032229
0.172240300527
0.172212147513
0.172188215181
0.172170100744
0.172158425997
0.172153995079
0.144128333316
0.144134344465
0.144141336837
0.144156928666
0.144182161224
0.144225049507
0.144288218174
0.144342218496
0.144401242628
0.144478497412
0.14457797026
0.144701576398
0.144849115522
0.145017927826
0.14520760551
0.145421750261
0.145664543609
0.145936301464
0.14622695602
0.146529776338
0.146848930205
0.147190629686
0.147560858983
0.147965199977
0.148406074212
0.148883426549
0.149395452797
0.149939416311
0.150513798542
0.151118002014
0.15175231811
0.152415657957
0.153103259988
0.153805732559
0.154516296791
0.155240418078
0.155980316104
0.156734680647
0.157505077661
0.158288770045
0.159084611991
0.159897025863
0.160728285762
0.161573303752
0.162423657309
0.163271678021
0.164110905346
0.16493572348
0.165740924798
0.166521584378
0.167272894915
0.167989074895
0.168662538573
0.169286092064
0.169854993168
0.170363321854
0.170804587117
0.171176191496
0.171479568961
0.171718863645
0.171900419578
0.172032534945
0.17212784505
0.172203324005
0.17226822405
0.172322766969
0.172366130819
0.172390772564
0.17239642525
0.17238822381
0.172370177156
0.172343834452
0.172311188067
0.17227468939
0.172237704334
0.172205328267
0.172179401187
0.172157827176
0.172142700968
0.172136417272
0.144097425908
0.144099010682
0.144107589669
0.144123706434
0.14415175816
0.144192484337
0.144250905151
0.144309573643
0.144372153982
0.144449970043
0.144548329385
0.144671869036
0.144820707576
0.144994909383
0.145191851018
0.145406563303
0.145642326826
0.145901135298
0.146181198058
0.146481281127
0.146801790531
0.147145119127
0.147517118947
0.147923252423
0.148365828221
0.148845111726
0.149359261043
0.149906043822
0.150483433563
0.151090701134
0.15172721753
0.152393992472
0.153085442555
0.153786364328
0.154496214902
0.155219668712
0.155958668264
0.156715874555
0.157490692942
0.158280609949
0.159084591927
0.159904530265
0.160741151282
0.161590498395
0.162445545729
0.163298987672
0.164144248622
0.164975506348
0.165787432711
0.166574940695
0.16733280347
0.168054983671
0.168734470102
0.169364371495
0.169938288605
0.170449177673
0.170891094381
0.171261999816
0.171563684943
0.171800914107
0.171981282835
0.172115463236
0.172217716977
0.172300263891
0.172364505923
0.172415694636
0.172452567868
0.172467171954
0.172460203395
0.17243875682
0.172408305459
0.172370617457
0.172326542524
0.172278038246
0.17223172804
0.172192857772
0.17216031586
0.172130484794
0.17211134728
0.172104300718
0.144041667761
0.144042173842
0.144055881936
0.144072879312
0.144104141673
0.144147435691
0.144202540375
0.144262146785
0.14432988725
0.1444102172
0.144507309357
0.144631519953
0.144789301781
0.144972353608
0.145168625988
0.145377118637
0.145602979879
0.145852718244
0.146127845315
0.146425772775
0.146744684951
0.147088461853
0.147462464822
0.147871000857
0.148315903989
0.148797037004
0.149314026714
0.149863880335
0.150445365788
0.151056506075
0.151697400512
0.152366397476
0.153058054485
0.153762499154
0.154470041362
0.155190474819
0.155931345822
0.156693286271
0.15747417547
0.158271533006
0.159084190254
0.159912599685
0.160756385888
0.161612066398
0.162473576522
0.163334044289
0.164186892112
0.165026159946
0.165846404744
0.166642389497
0.167408642461
0.168139009655
0.168826589174
0.169464111013
0.170044015718
0.170558751859
0.17100285204
0.171374807884
0.171676964079
0.171915064094
0.172098097234
0.172238063262
0.172348418427
0.17243260498
0.172494767533
0.172540946256
0.172569747171
0.172571562153
0.172547406192
0.172507070184
0.172459290149
0.172405413779
0.172344241523
0.172279737652
0.172220440521
0.172170233751
0.172125486095
0.172086468632
0.172063405039
0.17205365491
0.143956947751
0.143963729585
0.143985671965
0.144010455096
0.144038243569
0.144082476162
0.144139677647
0.144202040988
0.144273778883
0.144357313746
0.144458843018
0.144587303268
0.1447531197
0.144935540478
0.145127268984
0.14532780295
0.145547383991
0.145794560852
0.146067515318
0.146360588097
0.146676921655
0.147021511691
0.147397337398
0.147807872468
0.148255489532
0.14874064256
0.14925924155
0.149812728235
0.150399145459
0.151017330312
0.15166248164
0.152332074646
0.1530247281
0.153725781569
0.154433289458
0.155155077649
0.155899750217
0.156667539211
0.157455614117
0.158261356404
0.159083410906
0.159921342256
0.160773982397
0.161637968996
0.162507825932
0.163377062043
0.164239173669
0.165088141663
0.165918447408
0.166724748698
0.167501420626
0.168242168936
0.168939879093
0.169586702231
0.170174357446
0.170695237006
0.171144448546
0.171521090188
0.171828057579
0.172071685124
0.17226159059
0.17240939335
0.172524230736
0.172608121889
0.172672891435
0.172713169558
0.17272571419
0.172706805911
0.172659447105
0.172595237559
0.172524749285
0.172448725112
0.172364606436
0.172279113679
0.172200390084
0.172131362902
0.172069893789
0.172022677267
0.171996413704
0.171984262127
0.143856378222
0.143869194574
0.143894189795
0.143929119747
0.143959960468
0.144006473549
0.144062482538
0.144128276741
0.144205098609
0.144287127995
0.144397686643
0.144539445444
0.144703887902
0.144882989111
0.145068110991
0.145261696275
0.14548038984
0.145728005637
0.145996251416
0.146284520983
0.146598870413
0.146943793192
0.147321250899
0.147734830728
0.14818609764
0.148674607145
0.14919745083
0.149751608241
0.150345342397
0.150973005654
0.15162047481
0.152288063836
0.152979313819
0.15367904903
0.154386593241
0.1551135292
0.155864293928
0.156638852275
0.157434896927
0.158249897828
0.159082236426
0.159930853697
0.160793999886
0.161668240744
0.162548407477
0.163428294123
0.164301513061
0.165162056173
0.166004374407
0.166823055774
0.167612356998
0.1683657983
0.169075929836
0.169734414721
0.170332712027
0.170863595257
0.171322880753
0.171709980949
0.172027351595
0.172280704256
0.172479303775
0.172633079443
0.172749776149
0.172836016621
0.172898906229
0.172937369569
0.17292802746
0.172878952512
0.172800976043
0.172706501395
0.172606909472
0.172501913604
0.172389207574
0.172274620178
0.172165702747
0.172069022976
0.171990583744
0.171936896347
0.17190978311
0.171898329934
0.143745044902
0.143761383111
0.143786925291
0.143817790076
0.143856384432
0.143911877046
0.143968904647
0.144037014876
0.144122581389
0.144210749855
0.144319932363
0.144471023573
0.144638686486
0.144812481435
0.144991889408
0.145185398896
0.145403726273
0.145648516861
0.145912389304
0.146197994588
0.146511002714
0.14685546769
0.147233080671
0.147648803535
0.14810766795
0.148598516019
0.149126085268
0.149688141859
0.150284101903
0.15091377918
0.151567294183
0.152240570962
0.152923083749
0.15361950419
0.154332357694
0.155066485796
0.155824660344
0.156606997541
0.157411849895
0.15823699604
0.159080632475
0.159941210665
0.160816519753
0.161702963785
0.162595484741
0.163488061683
0.164374442719
0.165248682619
0.166105229637
0.166938617973
0.167743004414
0.168511735973
0.169237103907
0.169910601208
0.170523964536
0.171070744778
0.171547270699
0.171952014325
0.17228486377
0.172550326621
0.172758878162
0.172919258011
0.173038600594
0.173121896529
0.173172769142
0.173202038269
0.173185424099
0.173097765184
0.172979152974
0.172845647796
0.172708235769
0.172568086062
0.172421188211
0.172264911574
0.172108036647
0.171974628251
0.171881230858
0.171826158396
0.171801356332
0.171793441413
0.143621058338
0.143639576217
0.143669293781
0.143699347629
0.14374115613
0.143797400255
0.143857308701
0.143926138596
0.144012786468
0.144118619678
0.144233652821
0.144385566495
0.144554609017
0.144725205106
0.144899332499
0.145095910068
0.145317662016
0.145557733547
0.145816358266
0.146099725537
0.146412579741
0.146757791004
0.147136026884
0.147550940302
0.148016428539
0.14851607733
0.149041614161
0.14961068055
0.150212356698
0.150846795024
0.15150407472
0.152176262536
0.152858622583
0.153553654934
0.15427145647
0.155013691692
0.155780468332
0.156571684479
0.157386280488
0.158222494198
0.159078519106
0.159952437945
0.160841620987
0.161742251057
0.162649270075
0.163556769972
0.164458632017
0.165349000255
0.166222327346
0.1670730902
0.16789537683
0.168682469573
0.169426675243
0.170119828635
0.170754543478
0.171325332769
0.171828083644
0.172257802483
0.172609534002
0.172889693067
0.173115141255
0.173288089268
0.173409956455
0.173481165325
0.173506869861
0.173499224397
0.173463637311
0.173372778257
0.173201413182
0.173013205176
0.172829177307
0.172652730914
0.172468306082
0.1722505506
0.172013106441
0.171830407822
0.171727012762
0.171680086462
0.171662358256
0.171660515983
0.143479003657
0.143496651851
0.143529124669
0.143564620573
0.143615360166
0.14366678346
0.143727989654
0.143799904231
0.143879587034
0.143995432833
0.144125608536
0.144278882084
0.144448786175
0.144620643723
0.144794544517
0.144992362097
0.145215958497
0.145453318012
0.145708151163
0.145988464853
0.146300545555
0.146648032622
0.147031727988
0.147447090199
0.147908678168
0.148421153972
0.14895558444
0.149525141013
0.150129177045
0.150760003509
0.151424486336
0.152100470796
0.152782181055
0.153480274525
0.154204501114
0.154955230979
0.155731417772
0.156532599238
0.15735798839
0.158206255626
0.159075799719
0.159964506851
0.160869350187
0.161786227631
0.162710015277
0.16363489559
0.164554888392
0.165464216444
0.166357304009
0.167228557347
0.168072058264
0.168881243772
0.169648899804
0.170367889688
0.171032246366
0.171637070798
0.172175742078
0.172637534849
0.173012041092
0.173314160251
0.173577330065
0.173775350145
0.173898891099
0.173945254156
0.173924226143
0.173852447647
0.173753224851
0.17364849406
0.173466226139
0.173212010117
0.172969918634
0.172765162454
0.172552915386
0.17224214517
0.171851713518
0.171596056203
0.171498895489
0.171482423473
0.171483194987
0.171495956113
0.143314654927
0.143328804197
0.143355234571
0.143400154689
0.143462088968
0.143514750452
0.143577921033
0.14365705843
0.143735904316
0.143849112244
0.143991133237
0.144148789334
0.144319085407
0.144493971255
0.144675655221
0.144876864236
0.145099731152
0.145334628486
0.145587435638
0.14586498777
0.146173619653
0.146519538019
0.146913055318
0.147340517206
0.147797742868
0.148310843447
0.14885444604
0.14942317418
0.150036798533
0.150673674579
0.151332027688
0.152005724327
0.152691041928
0.153398092641
0.154130949304
0.154890810424
0.155677154563
0.156489366414
0.157326723561
0.158188151378
0.159072371157
0.15997734407
0.160899716572
0.161835007158
0.162777987559
0.16372297001
0.164664141436
0.165595762351
0.166512147458
0.167407594165
0.168276271182
0.169112106392
0.169909026303
0.170661694444
0.17136565262
0.172015001137
0.17259910967
0.173105291212
0.173510372263
0.173843775564
0.174198547791
0.174447673013
0.174574744277
0.174580212361
0.17448660995
0.174319682158
0.174111005906
0.173928405466
0.173723259942
0.173418387304
0.173122336745
0.172924827142
0.172744203627
0.172292296393
0.171540351113
0.171175258282
0.171149405465
0.171226924622
0.171266058244
0.171317307232
0.143127568753
0.143138782657
0.143156186502
0.143206322846
0.143269925393
0.143331316384
0.14339934478
0.143486646833
0.143574062581
0.143687092611
0.143834716273
0.14399576799
0.144166279419
0.144340492973
0.144532553673
0.144744669363
0.144967729366
0.145200872799
0.145453063325
0.145729585867
0.146034746522
0.146374608369
0.146769601581
0.147218363853
0.147683132478
0.148186273195
0.148741572868
0.149317449239
0.149924455413
0.150565992884
0.151227541342
0.151901082239
0.152590467058
0.153306397572
0.154049425891
0.154819716309
0.155617179101
0.156441428813
0.157292018107
0.158167994014
0.159068207746
0.159990897933
0.160932665999
0.161888648544
0.162853432758
0.16382153339
0.164787394345
0.165745260474
0.166689181448
0.167613255153
0.168511859546
0.169379888644
0.170213226667
0.171008859378
0.171762498541
0.172464435058
0.173107240779
0.173700182474
0.174149528544
0.174522843373
0.17517606862
0.175487662009
0.175575036509
0.175478376972
0.175241394583
0.17490982494
0.174518788368
0.174173918524
0.173893254466
0.1735494125
0.173178442887
0.173088473698
0.173194076397
0.172498157051
0.170959960722
0.170425411135
0.17064358454
0.170957013217
0.171017281419
0.171162634002
0.142918851057
0.142931769814
0.142954559401
0.14299380775
0.143052067049
0.143119417531
0.143193659325
0.143285809057
0.143386787808
0.143503640029
0.14365600713
0.14382034553
0.143992693084
0.144167153027
0.144363060504
0.144585568885
0.144813693889
0.145049296457
0.145302890907
0.145580174771
0.145884250098
0.146218955698
0.146609761342
0.147071345467
0.147553080139
0.14805497009
0.148614216604
0.149199738747
0.149804178542
0.150443673628
0.151102272302
0.151777949639
0.152478259204
0.153205125094
0.153959206733
0.154741047568
0.155550924971
0.156388416361
0.157253313468
0.15814522537
0.1590630963
0.160005181651
0.16096820679
0.161947160201
0.162936500724
0.16393104482
0.16492563453
0.165914428671
0.16689095625
0.167848953716
0.168783148452
0.169690068554
0.170568395166
0.171417140756
0.172227452525
0.17298679859
0.173737742957
0.17454214478
0.174897852363
0.174831115811
0.175023798252
0.175251290344
0.175333600279
0.175249458447
0.175040615339
0.174747981771
0.174409823883
0.174074097144
0.173767318595
0.173483162504
0.173336751975
0.173562710686
0.174285236022
0.174029225114
0.168907231223
0.16840995846
0.169774479379
0.170773347138
0.170724719795
0.171121839596
0.14268357431
0.142698275314
0.142731756687
0.142761198344
0.142813044885
0.142882421117
0.142961840687
0.143060355202
0.143177520216
0.143297936233
0.143454064481
0.143622204388
0.14379815234
0.143976423551
0.144175586299
0.144403682509
0.144637436081
0.144878210916
0.145135335646
0.145414684317
0.145719830774
0.146053381476
0.146436137528
0.146896788013
0.147404217596
0.147915907135
0.14846496574
0.149065941362
0.149680949326
0.150307581455
0.150961601025
0.151643440725
0.152353943883
0.153092664215
0.153859234794
0.154653985723
0.155477387569
0.156329558948
0.157210279923
0.15811941743
0.159056534242
0.160019965303
0.16100634164
0.16201057736
0.163027238325
0.164051751517
0.165079625194
0.166104887025
0.167120084879
0.168118168868
0.169094551938
0.170048431641
0.170981726089
0.171892695379
0.172757405149
0.173562681745
0.174234638837
0.17443605353
0.174657003783
0.174839418508
0.174961425837
0.175118823169
0.17518279915
0.175100095713
0.174893002609
0.174596322086
0.174244575473
0.17387588313
0.173522631131
0.173197483912
0.172935632466
0.17276341553
0.172463848696
0.170782696997
0.169234847756
0.169644623931
0.171182826908
0.172204417466
0.169839088201
0.171323709076
0.142417044036
0.142431427118
0.142464468475
0.142496522564
0.142546445574
0.142618052991
0.142700747655
0.142800927051
0.142933739191
0.143066791468
0.143226643159
0.143399637239
0.143581173674
0.143766341558
0.143970723142
0.144202413565
0.144440905948
0.144687771516
0.144949781017
0.145232324798
0.145539396943
0.145874286974
0.146251952446
0.146706098627
0.147231022695
0.147762804264
0.148306314581
0.148901981487
0.14952827812
0.150161738099
0.15081326936
0.151498448098
0.152218004396
0.152968880252
0.153748870234
0.154557605815
0.155395835716
0.156263943376
0.15716206559
0.158090128541
0.159048104352
0.160034836105
0.161046911067
0.162078907417
0.163125525113
0.1641834827
0.165249775708
0.166318106184
0.167378811613
0.168423736188
0.169449984967
0.170460592037
0.171460881005
0.172451316076
0.173333682324
0.173774351731
0.17403532605
0.174290242604
0.174506274712
0.174673462254
0.174771844723
0.174846207958
0.174840687016
0.174713436324
0.174471795844
0.17414188148
0.1737525894
0.173333294627
0.172908304996
0.172491783435
0.172069961132
0.171614741891
0.171032396816
0.170111720013
0.169451203254
0.169583581218
0.170358295709
0.170616469783
0.171649268447
0.173240550087
0.142121089515
0.142134867589
0.142169746129
0.142203139978
0.142254434715
0.142327464639
0.142413102804
0.142511741228
0.142649019338
0.142800197401
0.142969079491
0.143148877426
0.143338154231
0.143534570396
0.143745452801
0.143981020616
0.144224347807
0.144478040975
0.144745870127
0.145032695519
0.145342507925
0.145679153741
0.146054270355
0.146500065203
0.147027917162
0.147589366508
0.148145068006
0.148729439479
0.149352250058
0.149989889745
0.150646728569
0.151340049965
0.152069695006
0.152832869685
0.153627072009
0.154451185886
0.155305463735
0.156190879201
0.157107866873
0.158056639124
0.159037314619
0.160049240507
0.16108944483
0.162152069026
0.163231443285
0.164326050037
0.165435692051
0.16655398242
0.167667875131
0.168767543197
0.169852058785
0.170929917363
0.172018286292
0.173043811494
0.173307558215
0.173566021783
0.173844035204
0.174083094042
0.174266719349
0.174391741079
0.174449254365
0.174445456766
0.17435844338
0.174164465553
0.173864137729
0.173474560704
0.173017762513
0.172515953316
0.171987396824
0.171444396383
0.170856043422
0.170202427167
0.16948842023
0.168705101885
0.168071330261
0.167999479674
0.168627082731
0.169769048376
0.171850305981
0.174151166337
0.141798518913
0.141810731127
0.141841450659
0.141879627756
0.141937265336
0.142012222738
0.142102667882
0.142201866824
0.142340006408
0.14250303616
0.142680550838
0.142866988359
0.143062854043
0.143274281422
0.143495797968
0.143735894902
0.143985067095
0.144247349974
0.14452248236
0.144814851866
0.145128458655
0.145467313875
0.145841529163
0.146280583837
0.146804619584
0.147386379574
0.147966180711
0.148549463841
0.149163338494
0.149799591296
0.150463490034
0.151165951468
0.151906592069
0.152682451124
0.153491836718
0.154333034369
0.155205225527
0.156109348256
0.157046895477
0.158018082529
0.159023354969
0.16006278861
0.161133846917
0.162230105033
0.163344310812
0.164477506518
0.165636710936
0.166815137558
0.167989706311
0.169151375177
0.170300163445
0.17145798434
0.172549760393
0.172824961115
0.173088313327
0.173347434626
0.173590890327
0.173786091025
0.173917744544
0.173978674999
0.173961642653
0.173863643063
0.173674744397
0.173383060663
0.1729880697
0.172500550564
0.171936087662
0.171310366858
0.170635592832
0.169918380278
0.169138459507
0.168261153916
0.167301907879
0.166316797515
0.165472424034
0.165071507003
0.165332232885
0.166344444
0.168612367271
0.170623612493
0.141453183156
0.141464099917
0.141489064694
0.141532610878
0.141595834311
0.141672615461
0.141767238308
0.141871594738
0.142008235897
0.142178471155
0.142362507317
0.142554485067
0.142754230719
0.142976107565
0.143214402377
0.143462347005
0.143718679322
0.143990958325
0.144276453981
0.14457671657
0.144896041769
0.145237833937
0.145612685459
0.146047048007
0.146562185158
0.147146045908
0.147751477262
0.148351050933
0.148964792368
0.149600461756
0.150266340197
0.150976247325
0.151727936813
0.152515849474
0.153341722087
0.154201706962
0.155092864596
0.1560176222
0.1569777297
0.157973742475
0.159005868464
0.160074614096
0.161178490422
0.162312095637
0.163468927004
0.16465014642
0.16586150901
0.16709420617
0.168333471144
0.169575454897
0.170797874505
0.17197054563
0.172285195874
0.172564109493
0.172823843849
0.173056691376
0.173247671598
0.173377319247
0.173431493099
0.173402214924
0.173283714066
0.173071881657
0.172761126475
0.172345627993
0.171825043926
0.17120563227
0.170496937182
0.169708095909
0.168844716749
0.167905646425
0.16688284032
0.165711527533
0.164382643711
0.162966751907
0.161557059358
0.160283751723
0.159211402726
0.158172527772
0.156666109137
0.153631216857
0.141086778038
0.141097606291
0.141121200643
0.141169667724
0.141233770377
0.141310011409
0.141404043305
0.141515341545
0.141650428137
0.141825516494
0.142015312014
0.14221284456
0.14241757537
0.142644407887
0.142897584839
0.143157577459
0.143423569445
0.143705824934
0.144003027488
0.144314459173
0.144642960971
0.144989358973
0.145366235527
0.14579879295
0.146306011223
0.146885309014
0.147504493573
0.1481236814
0.148741422693
0.149378934373
0.150053096563
0.150769163151
0.151529921483
0.152331653536
0.153174955365
0.154054649181
0.15496670197
0.155913990647
0.156898561684
0.157921492302
0.158983177243
0.160084402702
0.161225890498
0.162405446858
0.163613760061
0.164841737035
0.166095011914
0.167379515118
0.168699026368
0.170062842692
0.171338246957
0.171680969646
0.171974946082
0.172254523613
0.172489554001
0.172670980875
0.172788757263
0.172829258687
0.17278128894
0.172637946873
0.17239458613
0.172047591729
0.17159330179
0.171028416137
0.170352169596
0.169566958847
0.168676513826
0.167683195949
0.166585419314
0.165375049958
0.164040656025
0.162495238449
0.160665143192
0.158570854638
0.156200904461
0.153475278081
0.150193328788
0.146017979953
0.14081587817
0.139448948786
0.14069597223
0.140707395399
0.140732282234
0.140785929011
0.140850312624
0.140925198065
0.141016009264
0.141132119283
0.141263920937
0.141442185765
0.141637918601
0.141841324963
0.142052353769
0.142285519122
0.142548910703
0.142821429335
0.14309924526
0.14339237748
0.143700610782
0.144024497925
0.144365781219
0.144719646187
0.14509973569
0.145532917964
0.14603468713
0.146607295958
0.147230705367
0.147864513522
0.148497732415
0.14914165199
0.149823238683
0.150547926031
0.151315862905
0.152126513307
0.152984883077
0.153887442521
0.154824244346
0.155796828754
0.156807754006
0.157859496168
0.158953818665
0.160092333878
0.161279861752
0.162513521384
0.163770411205
0.165037409494
0.166330061564
0.16767807923
0.169121943312
0.170694855638
0.171052655279
0.171337674776
0.171628616601
0.171878087386
0.172059989414
0.172166347882
0.172189111487
0.172118491343
0.17194646697
0.171667788143
0.171278870321
0.170776783422
0.170158629048
0.169421542965
0.168563315246
0.167582372197
0.166476404041
0.165240083515
0.163862323568
0.162322914495
0.160588196089
0.158600461677
0.156187244161
0.15321843247
0.149568446738
0.144870135011
0.138314944576
0.128093900307
0.109021772381
0.0628861081561
0.140272765152
0.14028473339
0.140313143647
0.140372688321
0.140438313422
0.14051257432
0.14060249249
0.140720531899
0.14084842799
0.141027305664
0.1412287116
0.14143807869
0.141655620625
0.141895436862
0.142167172753
0.142451749448
0.142743937804
0.143049381284
0.143368284552
0.143704359421
0.144060930496
0.144426163029
0.144810357541
0.145245681077
0.145745409217
0.146311110478
0.146931932895
0.147570087025
0.148222394525
0.148886694732
0.149575674623
0.150304610507
0.15108288336
0.15190799725
0.152776648605
0.153696992346
0.15466055144
0.155661738814
0.156703139201
0.157786644302
0.158916085035
0.160099412188
0.161345051467
0.162635857213
0.163936622178
0.165242881938
0.166587182273
0.168025183429
0.169472738537
0.17048560141
0.170757775706
0.170986574179
0.171228358349
0.171416661502
0.171518011774
0.171524655589
0.171430389029
0.171228322109
0.170913016065
0.17048079264
0.169928931598
0.169254848043
0.168455524834
0.167527226835
0.166465377256
0.16526404262
0.163914572605
0.162403410017
0.160709171205
0.158798843725
0.156622153682
0.154110704165
0.151055408812
0.147153984575
0.142139124512
0.135441989191
0.125849390046
0.110946974786
0.0858339329779
0.0440476080039
0.139805894399
0.139818342388
0.139850241923
0.139916170623
0.139983018243
0.140060460144
0.140151669659
0.140270091022
0.140397786795
0.140578468399
0.140785731336
0.141001058911
0.141225028995
0.141471094659
0.14174953584
0.142043913105
0.142352897435
0.142673145706
0.143003607267
0.143351658527
0.143724071005
0.144105942581
0.144496439674
0.144933324862
0.14543417996
0.145995523086
0.146612328269
0.147249904191
0.147910466282
0.148599125471
0.149310490968
0.150048205339
0.150825045404
0.151660004242
0.152548128457
0.15348644611
0.154474282952
0.155505399062
0.156579641836
0.157699333711
0.15887099203
0.160111419351
0.161422217192
0.162768567612
0.164122289456
0.165498220693
0.166951646455
0.168453032923
0.169675531092
0.170105456353
0.170353919669
0.170566029645
0.170744312066
0.170844105029
0.170841291003
0.170727429228
0.170497499582
0.170147186704
0.169673244502
0.169073327108
0.16834528976
0.167486454256
0.166493006715
0.165359501316
0.164078331652
0.162638862286
0.161025909654
0.159217411726
0.157181128592
0.154869958065
0.152214949694
0.149113972787
0.14541966763
0.140739695495
0.134561159003
0.126323404646
0.114929571622
0.0984938175617
0.0736856546351
0.0394507124713
0.139286365468
0.139301304349
0.139335009698
0.139401512119
0.139473484306
0.139560280283
0.139657618212
0.139780245227
0.139915535598
0.140094003303
0.140306611236
0.140528082588
0.140758663337
0.141010883648
0.141295012988
0.141595414812
0.141917752653
0.142256856944
0.142602274329
0.142964364304
0.143351635739
0.143754344731
0.144159933757
0.144596253674
0.145098157149
0.145658240812
0.146272050988
0.146909346969
0.147571506027
0.148275350519
0.149012009137
0.149771622608
0.150556330745
0.151392319328
0.152290247879
0.153249450422
0.154263775762
0.155326597964
0.156435306353
0.157595015378
0.158821718198
0.160131326611
0.161508109541
0.16291713779
0.164353533142
0.165855152349
0.167378022197
0.168628584196
0.16922651374
0.16956449281
0.169847540384
0.170041663159
0.170141400414
0.170136239457
0.170012041016
0.169761403937
0.169381342884
0.168870153993
0.168226560043
0.167449292798
0.166536466528
0.165484897502
0.164289469807
0.162942502247
0.161432985225
0.15974547529
0.157858406343
0.155741598364
0.153352695855
0.150632064418
0.147495299249
0.143821824372
0.139438771521
0.134070062477
0.127132113618
0.117887171893
0.10549394959
0.0886041479828
0.0647764731354
0.0346170228178
0.138719885615
0.138738927681
0.138773278309
0.138833756842
0.138914160983
0.139011112026
0.139117904627
0.139249511959
0.139399247937
0.139575167268
0.139790188986
0.140017203307
0.140254724586
0.140513604748
0.140804049435
0.141111214627
0.141441353469
0.141797561823
0.142161505543
0.142541539585
0.142944180884
0.143367504205
0.143799384279
0.144246838658
0.144743524069
0.145301296184
0.145912305106
0.146550232197
0.147212311921
0.147922301064
0.148675590536
0.149463390439
0.150269306001
0.151110343364
0.152012291868
0.152983749182
0.154022145036
0.155119327792
0.156267304578
0.157477099138
0.158772972612
0.160158374226
0.16160512851
0.163093350033
0.164653744622
0.166270480395
0.167533167606
0.168493929728
0.168758411858
0.169043672349
0.169283880554
0.169409406079
0.169410267715
0.169283560742
0.169021748625
0.168620605029
0.168079508886
0.167398914921
0.166579077162
0.165619432979
0.164517993895
0.163270703814
0.161870793082
0.160308069035
0.15856802239
0.156630580775
0.15446830751
0.152043820007
0.149306137283
0.146185512644
0.142586052557
0.138375065169
0.13336770637
0.127306301058
0.11979737155
0.110117814086
0.0973473273456
0.0804518904692
0.0577553529497
0.0303630638078
0.138123982366
0.138143744788
0.13817736653
0.13823018859
0.138315633964
0.138417783833
0.1385316336
0.138669194734
0.138830537928
0.139013237842
0.139232929804
0.13946600021
0.139711106396
0.139977169686
0.140274639408
0.140590544542
0.140929670551
0.141300039538
0.141682873507
0.14208499002
0.142506202455
0.142947614494
0.143403656097
0.143877760738
0.144385966982
0.144939965765
0.145541869039
0.146178093932
0.146838625796
0.147549263849
0.148310379333
0.149116078606
0.149950061595
0.150809514826
0.151720161293
0.152697646989
0.153750425274
0.154878505404
0.156073561912
0.157348378945
0.158724290786
0.160189667831
0.16171442534
0.163301356403
0.164943679806
0.166332797921
0.167439081645
0.168023143003
0.168258496913
0.168468957771
0.168626539274
0.168655756053
0.168539707979
0.168276791675
0.167864913425
0.16730372343
0.166594977961
0.16574085306
0.16474267804
0.163600201133
0.162310988047
0.160869824416
0.159268085212
0.157493000087
0.155526704623
0.153344935631
0.150915198885
0.148194204279
0.145124304475
0.141628566651
0.137603947575
0.132911840423
0.127365072468
0.120710148982
0.112604437278
0.102586280005
0.0898896997436
0.0735965392354
0.0524223469551
0.0272524031824
0.13750614551
0.137524328319
0.137555936921
0.137606728834
0.137688046898
0.137789490451
0.137906342852
0.138045547419
0.138213298929
0.138405161363
0.138632635504
0.138872569938
0.139125796979
0.139399215693
0.139703691427
0.140028575953
0.140377228202
0.140760750833
0.141160916095
0.141584217277
0.142029980651
0.142492368002
0.142972250248
0.14346514527
0.143994023321
0.144566467966
0.14517223454
0.145800327965
0.146455436038
0.147163929698
0.147929791543
0.148742189829
0.149594532239
0.150475778713
0.151402545031
0.152392648182
0.153455765726
0.154607515405
0.155853984194
0.157206186389
0.158668555809
0.160215402112
0.161814885093
0.163430330878
0.165043756612
0.166554818143
0.167016853725
0.16730364441
0.167614212572
0.167801038098
0.167858255168
0.167769637546
0.167521340222
0.167111130788
0.166541099106
0.16581468416
0.16493592923
0.163908366799
0.162733962753
0.161412390081
0.159940468599
0.158311628952
0.15651532448
0.15453631306
0.152353710539
0.149939696251
0.14725772835
0.144260097923
0.14088460773
0.137050096013
0.132650440623
0.127546590114
0.121556112144
0.114439768486
0.105884782419
0.0954848973187
0.0827461746146
0.0669919338687
0.0472070368626
0.0241644872804
0.136859535556
0.136880205503
0.136908100171
0.136963038099
0.137036688109
0.137133764742
0.13725016275
0.137389152545
0.137559743905
0.137755115076
0.137990258994
0.138236779796
0.138497295939
0.138778091305
0.139089788469
0.139422357672
0.139778668337
0.140174751611
0.140591318509
0.141031794825
0.141500434833
0.141984609999
0.142494259041
0.143014883071
0.143558063994
0.144149119246
0.144779393168
0.145413961344
0.14606292972
0.146766073482
0.147537449348
0.148358510932
0.149220433255
0.15011657206
0.151056680024
0.152059048733
0.153134633768
0.154308522051
0.155607684335
0.157043838718
0.158594416355
0.160210280105
0.161853494467
0.163503663828
0.164858440763
0.165908715508
0.166478599235
0.166697398148
0.166911694522
0.167020579285
0.166967855068
0.166746778135
0.166352914992
0.16578712196
0.165054647302
0.164161871289
0.163114719231
0.16191765924
0.160572857564
0.159079554693
0.157433585917
0.155626924602
0.153647157977
0.151476816681
0.149092472211
0.146463504449
0.14355042634
0.140302633402
0.136655419901
0.132526071541
0.127808813874
0.12236838525
0.116032046556
0.108579995897
0.0997344619502
0.0891486500002
0.0763961668787
0.0609723082549
0.0421688685808
0.0211101484403
0.136172337725
0.136194525
0.136225206078
0.136282351079
0.136355103274
0.136449993123
0.136564939217
0.136702995027
0.136873413859
0.137067455291
0.137307960462
0.137560786437
0.137826018012
0.138114080423
0.138434361088
0.138774590274
0.139136158806
0.139540559145
0.139972948231
0.140427735846
0.14091664106
0.14142500643
0.141957303561
0.142515284753
0.143088560391
0.14369837461
0.144356248149
0.145014503479
0.145662405144
0.146357822581
0.147126432714
0.14795775215
0.148835901724
0.149748192506
0.150696467049
0.151705399734
0.152788973801
0.15398104121
0.155332348206
0.156854889444
0.158492465288
0.160149541126
0.16178311608
0.16339082239
0.164968232894
0.165432769849
0.165673824646
0.165961082881
0.166125748304
0.166125543872
0.165945953452
0.165582056033
0.165034540827
0.164308937891
0.163413600187
0.162357132332
0.161146782823
0.159787491878
0.158281222982
0.15662648735
0.154817977494
0.152846205118
0.150697055745
0.148351186527
0.145783195358
0.142960484556
0.13984173425
0.136374890098
0.132494558638
0.128118695938
0.12314448147
0.117443309875
0.110854939563
0.103181079012
0.094179053936
0.0835575193922
0.0709736930151
0.0560649016604
0.0382641472186
0.0189248785343
0.135443940152
0.135463599865
0.13550241928
0.135561143106
0.135637760848
0.135734346377
0.135848856616
0.135986359055
0.136155623406
0.136345416087
0.13658811973
0.13684806544
0.137116048298
0.137407974685
0.137738601755
0.138088377322
0.138456067015
0.138862958243
0.13930585064
0.139774469441
0.140278657688
0.140813450459
0.141374954136
0.141960857385
0.142569978055
0.143207933045
0.143896805491
0.144596108561
0.145261261298
0.145949215942
0.146706082554
0.147538649097
0.148431263289
0.149367225035
0.150332403756
0.151344686045
0.152428181062
0.153627674986
0.15502420413
0.15663127675
0.158336634182
0.160045640073
0.161756269613
0.163097840744
0.164019378154
0.164775861924
0.164987712478
0.165161944082
0.16522871162
0.165108755833
0.164790299256
0.164275207396
0.163569897976
0.162684184526
0.161629121035
0.160414917052
0.159049550211
0.157537953835
0.155881529717
0.154077838063
0.152120359986
0.149998238011
0.147695916301
0.145192617154
0.142461596641
0.139469122364
0.136173112968
0.132521374574
0.128449367484
0.123877443584
0.118707522488
0.112819242571
0.106065758224
0.0982696275918
0.0892195600716
0.0786702729772
0.0663432823333
0.0519698748179
0.0350803945733
0.0171541526254
0.134683076225
0.134701996295
0.134743598371
0.134803886457
0.134884691205
0.134984754108
0.135099732923
0.13523755893
0.135407580767
0.135593129857
0.135833882194
0.136101338906
0.136373686075
0.136664509246
0.137002526614
0.137362924397
0.137738882243
0.138147966878
0.138594726623
0.139072250085
0.139589548725
0.140136827997
0.140727696696
0.141346443097
0.141994353302
0.142667154424
0.143387967654
0.144140092236
0.144849173312
0.145545990701
0.146294415247
0.14711421777
0.148008983036
0.148965895852
0.149964931856
0.150992658874
0.152070845383
0.153258068233
0.154683749387
0.156361685275
0.158081481294
0.159782435205
0.1615457511
0.16329736521
0.163597033077
0.163800380844
0.164133672914
0.164278293436
0.164223174368
0.16396604296
0.16349979436
0.162829060121
0.161965563487
0.160922971783
0.159714461401
0.158351204659
0.156841326094
0.155189307762
0.153395699665
0.151456978671
0.149365441937
0.147109049042
0.144671147043
0.142030027759
0.139158275038
0.136021862015
0.132578956814
0.128778392815
0.12455776109
0.119841095581
0.114536157591
0.108531404719
0.101692871978
0.0938614735937
0.0848514973245
0.0744527021085
0.0624324189083
0.0485846604048
0.0324997032462
0.0156913482098
0.133893813149
0.1339122208
0.133952875955
0.134015765394
0.13409881345
0.134201142899
0.134316384037
0.134453307776
0.134628503622
0.134817268916
0.135048346359
0.135321031043
0.135600422518
0.135893021615
0.136228932346
0.136596640351
0.136981326088
0.137395088096
0.137846177744
0.138325862063
0.138855472788
0.139412518024
0.140011711695
0.140654520444
0.141334615859
0.142050790875
0.142811038259
0.143620328329
0.144407737186
0.145141221411
0.145896328911
0.146710165978
0.147598099304
0.148556996001
0.14958153816
0.150650136146
0.151744421196
0.15290105705
0.154313167527
0.156064341789
0.157811765996
0.159439776355
0.160830578298
0.162126285806
0.162977446482
0.163067872752
0.163231009313
0.163282725801
0.163103102813
0.162698369616
0.162076877238
0.161249028322
0.160230327897
0.159037159072
0.15768407083
0.156182543923
0.154540309758
0.152761025159
0.15084418878
0.148785161174
0.146575179873
0.144201294623
0.141646170816
0.138887724591
0.135898561277
0.13264519052
0.129086988094
0.125174869341
0.120849637895
0.116039983939
0.11066014053
0.104607283923
0.0977589026834
0.0899706451145
0.0810753693951
0.0708859673796
0.0591971909441
0.0458387096973
0.0304322319331
0.0144689743434
0.13307804848
0.133096322809
0.133136558289
0.13320258585
0.133284560479
0.133385480559
0.133500970181
0.133634564371
0.13381090898
0.134008123478
0.134228725611
0.134503375601
0.134788990361
0.135088261729
0.135418270328
0.135787579271
0.136178774727
0.136597885063
0.137057507241
0.137540790257
0.138072172561
0.138643589276
0.139247792566
0.139900169677
0.140599054348
0.141342062696
0.142138153087
0.142993504878
0.143880800553
0.144705326764
0.14549054956
0.146315459617
0.147204902751
0.148171070966
0.149205863098
0.150309929791
0.15145915732
0.152617636905
0.153945118835
0.155670370332
0.157509763178
0.15939450288
0.160559668758
0.161439446665
0.162022004474
0.162227062259
0.162288536541
0.1621887573
0.161862757996
0.161303964946
0.160524836822
0.159542028615
0.158374246928
0.157039451825
0.155552709266
0.153925186173
0.152163773732
0.150271036366
0.148245330927
0.146080972704
0.143768356129
0.141293970007
0.13864027065
0.135785390728
0.13270266806
0.129359976486
0.125718831748
0.121733232575
0.117348186674
0.112497872483
0.1071034111
0.101070289955
0.0942856078669
0.0866156045409
0.0779041442585
0.0679749429015
0.0566321047535
0.0437160716049
0.0288550468878
0.0134771838255
0.132238341161
0.132256604771
0.13230285569
0.13236958894
0.132445839325
0.132542646865
0.132658013213
0.132789243917
0.132956141017
0.133155906758
0.133370809684
0.133644535747
0.133934152569
0.134237113372
0.134564018998
0.134933285984
0.135325953337
0.135748835529
0.136216839352
0.136710106189
0.137239690492
0.137817513466
0.138429513081
0.139089877792
0.1397966408
0.140551021639
0.141363836964
0.14224246464
0.143190778757
0.144153982404
0.145037184618
0.145901475414
0.14680966681
0.147784015036
0.148842883236
0.149981640531
0.151196382054
0.152449680865
0.15372930669
0.155223793417
0.156879302829
0.158678349819
0.160557710605
0.160926733785
0.160998969058
0.161212081095
0.16121827641
0.160974916221
0.160494529646
0.159780381316
0.158847025998
0.157715751824
0.156408044094
0.154942754961
0.153334769099
0.151594429401
0.149727471439
0.14773523058
0.145614948414
0.143360065691
0.140960430143
0.138402378109
0.135668669986
0.132738272087
0.129585979843
0.126181868334
0.122490536673
0.11847008685
0.114070752865
0.109233080474
0.103885562582
0.0979416806706
0.0912964033115
0.0838224908275
0.0753671691532
0.0657521514764
0.0547717766697
0.0422500806582
0.027793910371
0.012734680343
0.131376081952
0.131395647328
0.131447558358
0.13150924197
0.131580070763
0.131673733124
0.131788385892
0.131918385068
0.132074685785
0.132270499814
0.132479000014
0.13274626058
0.133039108942
0.133340469079
0.1336646397
0.134036770289
0.134428469747
0.134848398991
0.135321333478
0.135822070428
0.136354303627
0.136936165653
0.137549822507
0.138219382836
0.138933241059
0.139694565289
0.140507381984
0.141388667738
0.142343689346
0.143380074986
0.144426174598
0.145401279187
0.146369611679
0.147380259348
0.148463109345
0.1496387765
0.15091960825
0.152302981793
0.153706766027
0.155167950025
0.156324682907
0.157457799659
0.159108959264
0.160059865955
0.16004683906
0.160093194091
0.159998290634
0.159626102846
0.158995754689
0.158129552806
0.157049080688
0.155779095846
0.154342945153
0.152759791509
0.151043819334
0.149204178698
0.147245269737
0.145167189071
0.142966197087
0.140635114237
0.138163597652
0.135538277755
0.132742753309
0.129757452455
0.126559363896
0.123121622758
0.119412901094
0.115396509893
0.111029075383
0.106258616305
0.10102182491
0.0952403625965
0.0888160252399
0.0816249028046
0.0735107819342
0.0642806806051
0.0536981759664
0.041535047576
0.0273367314058
0.0122931514263
0.130489653801
0.130509323812
0.130550144446
0.130611232032
0.130684071881
0.130777135285
0.130890418137
0.13101746114
0.131167597707
0.131358091679
0.131563921943
0.131814780549
0.13211143695
0.132411945123
0.132730632604
0.133103480225
0.133500022351
0.133916131092
0.134382359046
0.13488583355
0.135417144018
0.136005893747
0.136622100389
0.137285941345
0.138002487536
0.138770808184
0.13958490461
0.140459500183
0.141403970846
0.142429816988
0.143540237965
0.144672170779
0.14576787992
0.146861357704
0.14799425912
0.149206420686
0.150533702218
0.152025447374
0.153703949097
0.15589186046
0.156315980883
0.156599065238
0.157650175416
0.158711821058
0.158914065442
0.158875569956
0.158645429183
0.15814098366
0.15736762893
0.156356837654
0.155138930908
0.153741999777
0.152190318975
0.150502713303
0.148692254021
0.146766668411
0.144728968599
0.142578112288
0.140309598167
0.137915939529
0.13538699265
0.132710141481
0.129870356174
0.126850149104
0.123629440138
0.120185308492
0.116491554768
0.112517933266
0.108228851337
0.103581271341
0.0985214897405
0.092980411491
0.0868668832487
0.0800588367701
0.0723918837574
0.0636479636676
0.0535401353466
0.0417435050615
0.0276859574948
0.0122869073803
0.129582723234
0.129601008922
0.129631623258
0.129692462587
0.129767930254
0.129858084807
0.129966121582
0.130087808478
0.130230311931
0.130415190596
0.130623983142
0.130856202772
0.131152753588
0.131459057874
0.13177681381
0.132137233993
0.132538246419
0.132956453504
0.133410623999
0.133915324986
0.134443611844
0.135024705824
0.135648856141
0.136304595668
0.137016575015
0.137777710508
0.138593607475
0.139462581978
0.140393673373
0.141399428994
0.14248148592
0.143647940797
0.144852190583
0.146059908427
0.147274515723
0.148534856852
0.149872444629
0.151323556928
0.152913532718
0.154736740861
0.156484422238
0.156573880794
0.156897157951
0.157206698117
0.157591246242
0.157543770033
0.157176326362
0.156529877999
0.15561686489
0.154470276444
0.153126107147
0.151614995271
0.14996127513
0.148182758596
0.146291047383
0.144292327125
0.14218827674
0.139976898997
0.137653207315
0.13520975035
0.132636978321
0.129923473847
0.127056085541
0.124020005086
0.120798805548
0.117374404512
0.11372684001
0.109833666041
0.105668696418
0.101199743976
0.0963848886316
0.09116664138
0.0854631003897
0.0791551156404
0.0720677968715
0.0639489612633
0.0544394920232
0.0430734948284
0.02913215499
0.0129500457614
0.128663012825
0.128681528404
0.128718526757
0.128772595049
0.128841060868
0.128922903639
0.129021922492
0.129137543726
0.129271076259
0.129445539796
0.129654278257
0.129872492418
0.130157624238
0.130473124596
0.130792905826
0.131137398621
0.131538006654
0.131956294452
0.132400025923
0.132903083268
0.133434068995
0.134002190063
0.134624704761
0.135274131797
0.135981639424
0.136732433648
0.137542893129
0.138403820935
0.139321899288
0.140308905073
0.141364231076
0.142491724444
0.143694258676
0.144950162608
0.146234409964
0.147540801438
0.148882850279
0.150270068538
0.151706386555
0.153201581508
0.154734060058
0.156195935932
0.156316548636
0.15613133564
0.15625006141
0.156097384987
0.155593205425
0.154800918613
0.153751179232
0.152478457355
0.151020365228
0.149408411903
0.147666189386
0.145809961536
0.143849609869
0.1417897632
0.139630908648
0.137370335518
0.135002875387
0.132521454776
0.129917489457
0.127181164886
0.124301663148
0.121267396064
0.118066264526
0.114685885456
0.111113631368
0.107336239252
0.103338673128
0.0991018415329
0.0945986191679
0.0897873076363
0.0846010450345
0.0789307652183
0.0725968570216
0.0653082929639
0.0565913209901
0.0457439474338
0.0318123786346
0.0141329071473
0.12773174406
0.127749318862
0.127789549264
0.127838250907
0.127896397
0.127971609871
0.128063722408
0.128174208734
0.128300730369
0.128460403256
0.128663480074
0.128879678293
0.129135089165
0.129454403145
0.129775041224
0.130109731618
0.130501935555
0.130922998515
0.131361313634
0.131851379173
0.132382291856
0.132940890802
0.133560210754
0.13420802814
0.13490204964
0.135647248741
0.13644314878
0.137295167604
0.138199943423
0.139166670109
0.140204825747
0.141307327302
0.142482452665
0.14372567437
0.145030096051
0.146369216127
0.147727073155
0.149081456983
0.150384164601
0.151579295817
0.152524263719
0.153907133704
0.154975902306
0.154836205765
0.154768954748
0.154500425302
0.153877550008
0.152952949086
0.151776748382
0.15038997005
0.14883128821
0.147132015903
0.145314457675
0.143393026216
0.141375778558
0.139265863476
0.137062775774
0.134763359219
0.132362564577
0.129854011496
0.12723040504
0.124483872721
0.121606308151
0.118589799813
0.11542716
0.112112459466
0.108641362698
0.105010985038
0.101218960975
0.0972613788912
0.0931291152127
0.0888017568663
0.0842374782568
0.0793555361067
0.0740032391107
0.0678960193579
0.060470757503
0.0506981738277
0.036714776627
0.0154733504549
0.126790249524
0.126803576132
0.126833691187
0.126873526747
0.12693204055
0.127006582147
0.127095489785
0.127201195113
0.127319286295
0.127462351772
0.12765204158
0.127871736238
0.128100308365
0.128403115184
0.128732932947
0.12906459417
0.12943518132
0.129859249211
0.130298603093
0.130770225002
0.131299624279
0.131852135948
0.132456408589
0.133107237814
0.133784804236
0.134524933561
0.135308052714
0.136148366206
0.13704050025
0.137991254547
0.13901253198
0.140101855188
0.141263630456
0.142499950448
0.143810478738
0.145185170265
0.146599615033
0.1480192438
0.149346498089
0.150461280996
0.150524276275
0.151384393405
0.153029632005
0.153271997466
0.15315295712
0.152773533243
0.152040716353
0.150996296035
0.149704487394
0.148215298501
0.146568725788
0.14479495556
0.142914379084
0.140939292203
0.138875890042
0.136725963381
0.134488233555
0.13215936163
0.129734690271
0.127208799189
0.124575939948
0.121830438749
0.118967182262
0.115982281577
0.112873908003
0.109643148773
0.106294616978
0.102836519747
0.0992799366908
0.0956371261849
0.0919186758873
0.0881291450546
0.0842603639331
0.0802803622926
0.0761124654034
0.071595175365
0.0663577077741
0.0596312910197
0.0487702241177
0.0251263738467
0.125845625366
0.125855210894
0.125874920209
0.125899374417
0.125963187329
0.126038338098
0.126123581782
0.126222573517
0.126330663162
0.126457874641
0.126628447109
0.126841537389
0.127067289373
0.127332093864
0.127663628032
0.128000549155
0.128352223011
0.12876545795
0.129208803468
0.129668220139
0.130185727321
0.130740138893
0.131324506975
0.131970059938
0.132643591113
0.133364729887
0.134140760487
0.134967850811
0.13584856447
0.136785036858
0.137789257581
0.138867289688
0.14002083433
0.141256697825
0.142577409997
0.143985593365
0.145481933955
0.147060656833
0.148647519914
0.150474797575
0.150396729155
0.150699136259
0.151053506717
0.151603198873
0.151500712279
0.150983678124
0.150116496782
0.148948868785
0.147547072677
0.145964857511
0.144241676625
0.142405148695
0.140472870252
0.138454678995
0.13635488292
0.134174054018
0.131910356329
0.129560506736
0.127120469093
0.124585989984
0.121953048847
0.119218336101
0.116379907931
0.113438120114
0.110396786035
0.107264316365
0.1040545005
0.100786632314
0.0974848372687
0.094176634674
0.0908908969195
0.0876554147668
0.0844942957168
0.0814252184342
0.0784568596249
0.0755889912154
0.0728024840048
0.0701769703682
0.0674828296212
0.0675204752237
0.124903900167
0.124913671524
0.124936489497
0.124961186304
0.125010584755
0.125078647559
0.125156681624
0.125245845879
0.125344804502
0.125457410919
0.125602505505
0.125796468491
0.126025590278
0.126264434627
0.126566186366
0.126912492189
0.127259682575
0.127643359377
0.128091269374
0.128550558168
0.129044480092
0.129601112385
0.130179010362
0.130806956377
0.131480578845
0.132185096302
0.132945839526
0.133756241968
0.134620873881
0.135540983135
0.136526519314
0.137587795591
0.138727176834
0.13995355288
0.141276426867
0.14269831806
0.144230756584
0.145889672195
0.147711976547
0.150074650229
0.150088662736
0.150180604784
0.150067908269
0.15017680755
0.14985843903
0.149151148322
0.148119554149
0.146819478103
0.145311643338
0.143645569055
0.141856738367
0.139968632798
0.137995257014
0.135943717732
0.13381646812
0.131613032295
0.129331232401
0.126968052823
0.124520261372
0.121984917059
0.119359832991
0.116644141068
0.113839144188
0.110949548558
0.107984929899
0.104961060156
0.101900668535
0.0988333582795
0.0957946671203
0.092824516662
0.0899654743906
0.087261380004
0.0847570386406
0.082499636024
0.0805440456923
0.0789638106907
0.0778654490757
0.0774725705178
0.0778595633853
0.0807330202726
0.12396821945
0.123978378206
0.124003297976
0.124044102615
0.124073921966
0.124132748529
0.124202101712
0.124280461875
0.12437009567
0.124465915774
0.124583720561
0.124746832581
0.124958214002
0.125194300036
0.125456773557
0.125793304224
0.126153661263
0.126520018353
0.126949550034
0.127418320307
0.127900273172
0.128441467135
0.129022821464
0.129635161142
0.13029584133
0.130991655292
0.131730017635
0.132522526896
0.13336258001
0.134257806348
0.135218052952
0.136250530575
0.137362959486
0.138563110744
0.139864028471
0.1412734814
0.142797741653
0.144430070604
0.146201518656
0.148159384687
0.149518633922
0.149355625899
0.148956097153
0.148716306147
0.148132555133
0.147224220232
0.146028858836
0.14460158778
0.142997826697
0.141260062984
0.139417803143
0.137489550191
0.135485417474
0.13340978022
0.131263405604
0.129045001421
0.126752274937
0.124382669534
0.121933898951
0.119404425613
0.116793935407
0.114104003779
0.111339179425
0.108508537601
0.105627409025
0.102718737467
0.0998135587587
0.0969503763685
0.0941735814756
0.0915313485374
0.0890735747281
0.0868505254462
0.0849128491761
0.0833133031927
0.082112701876
0.0813866280407
0.0812356946354
0.0818191973385
0.0832117107623
0.0860076036523
0.123050278356
0.123057655434
0.123073060412
0.123123622215
0.123155166369
0.123205165518
0.123264977736
0.123331127396
0.123407475658
0.123486842447
0.123581574289
0.123706874372
0.123886719913
0.124112835033
0.124359572484
0.124651465445
0.125017197529
0.125396830792
0.125799082247
0.126267017449
0.126757418034
0.127277295493
0.127851582976
0.128455163191
0.129098395033
0.129781710994
0.130501565329
0.131267900092
0.132081791523
0.132945030709
0.133865263424
0.134854345432
0.1359194338
0.137071881983
0.138326292916
0.139697195358
0.141192599385
0.142805081221
0.144506661235
0.146117732314
0.146076829666
0.147590116085
0.147389045733
0.147015534201
0.1462321637
0.145154551778
0.143819805174
0.142284610328
0.140602232233
0.138808697181
0.136927070981
0.134970782838
0.132946269416
0.13085549403
0.128697874409
0.126471608698
0.124174536409
0.121804739496
0.119360987642
0.116843194525
0.114252905206
0.111594086781
0.108874487385
0.106107528838
0.103314219881
0.100524338706
0.0977763312409
0.09511581604
0.0925930469578
0.0902599207993
0.0881671628654
0.0863623119453
0.084888873001
0.0837867409185
0.0830967931663
0.0828592275972
0.0831212876891
0.0839469318888
0.0853234539478
0.0871000971843
0.122162232374
0.12216673701
0.122177677576
0.122221797966
0.122269472311
0.122302858956
0.122347706093
0.122397682564
0.122455587635
0.122521230658
0.122595026624
0.122691419053
0.122829680263
0.123025642674
0.123268923479
0.123531723399
0.123864315194
0.124254150533
0.124654175593
0.125099894321
0.125597254639
0.126113878314
0.126670596715
0.127267587032
0.127896205314
0.128558989794
0.129259546925
0.129997160799
0.130780038533
0.131604348276
0.132474561404
0.133404325794
0.13439867622
0.135473496236
0.136643431535
0.137934702892
0.139372787413
0.140977880267
0.142876781172
0.145436974264
0.14551702553
0.145706710829
0.145563451025
0.145130777413
0.144153343955
0.142920136601
0.141473952603
0.139858630814
0.138121154297
0.136291349669
0.13438627414
0.132414824369
0.130380427156
0.128283257115
0.126121887653
0.123894390436
0.1215990067
0.119234629811
0.116801171748
0.114300014134
0.111734510968
0.1091109401
0.10644019657
0.103740037428
0.101037066156
0.0983674946268
0.095776161426
0.0933139052452
0.0910339003742
0.0889876832414
0.0872214892546
0.0857734056919
0.0846711735083
0.0839310339337
0.0835605093452
0.0835499228059
0.0839032899535
0.0846315178104
0.0856485444536
0.0865979472868
0.121297615795
0.121298123024
0.121308656909
0.121328512083
0.12137663195
0.121409232724
0.121445429365
0.121479020661
0.121516860485
0.12156668802
0.121619512562
0.121693253717
0.121791335017
0.12194590046
0.122165069941
0.122430602819
0.122729829852
0.123103571589
0.123516323122
0.123950917939
0.12442831755
0.12495220937
0.125500292403
0.126081597392
0.126696577539
0.127342024884
0.128015209884
0.128722067854
0.129460207883
0.130232479036
0.131038343275
0.131891262633
0.132795421317
0.13376027192
0.134802246686
0.135948304299
0.137233527476
0.138676363144
0.140382539146
0.142642232243
0.145037844136
0.144235527471
0.143456461167
0.142917237594
0.141823942962
0.1404853431
0.138971702746
0.137314919036
0.135552533319
0.133709310716
0.131798140128
0.129824830677
0.12779095218
0.12569578461
0.123537701312
0.121315088463
0.119026870606
0.116672916575
0.114254346866
0.111774006523
0.10923698594
0.106651789459
0.104032439777
0.10140107739
0.0987898607477
0.0962410301617
0.0938047750135
0.0915353226277
0.0894861780345
0.0877053621908
0.0862312580747
0.085089379999
0.0842892026683
0.0838215750472
0.0836554035951
0.0837205963286
0.083980530162
0.0843681559043
0.084901834028
0.0860121563784
0.120444161087
0.120435905082
0.120435449369
0.120428368897
0.120459106677
0.120509340827
0.120550618827
0.120571873507
0.120591255441
0.120620031785
0.120657047193
0.120701666214
0.120776813514
0.120884969975
0.121063448386
0.121316966335
0.121614101366
0.121959760363
0.122372588974
0.122820510903
0.123288808049
0.123794512137
0.124343975742
0.124913260491
0.125509894518
0.12613364448
0.126777188577
0.127441201517
0.128125858272
0.128832476955
0.129563731313
0.130324345335
0.131120991416
0.131953475533
0.132834308375
0.133789398315
0.134833594362
0.135997177293
0.137365417705
0.139108297564
0.141039240135
0.141796215474
0.140772038262
0.140217351602
0.139163416273
0.137822606284
0.136305941289
0.134654221644
0.132900632896
0.131068017826
0.129168076622
0.127205689115
0.12518205136
0.123096580875
0.120948145242
0.118735892435
0.116459696144
0.114120543771
0.111720807779
0.109264776655
0.106759193458
0.104214724782
0.101648571251
0.0990874013075
0.0965689576119
0.0941411165627
0.0918583760042
0.0897766162775
0.0879474421936
0.0864130370691
0.0852022282371
0.0843280227469
0.0837852767739
0.0835493867902
0.083567379601
0.0837384857296
0.0839597639195
0.0838814533878
0.0842013802986
0.0847798659608
0.119610182255
0.119588677212
0.119567129699
0.119548694955
0.119555029574
0.119599815316
0.1196465301
0.119667163169
0.119677352816
0.119688229313
0.119709878206
0.119734338815
0.11978656589
0.11986566116
0.12000044987
0.120209673611
0.120506891973
0.120847593421
0.121241848546
0.121694461167
0.122178079374
0.122677221982
0.123207212149
0.123770519154
0.124349334189
0.124942115856
0.125549238156
0.126164959652
0.12679502751
0.127434064162
0.128088125222
0.128749522669
0.129423692555
0.130109764309
0.130813072078
0.131537787262
0.132297468015
0.133112627038
0.134013995152
0.135215085579
0.13689771485
0.138438757724
0.137545833413
0.137072443289
0.136187207701
0.134951555847
0.133497740765
0.131894354197
0.130179823016
0.128378990995
0.126505244817
0.124564658447
0.122559476797
0.120490199039
0.11835679807
0.116159563307
0.113899527935
0.111578901563
0.109201321692
0.106772487624
0.104300706978
0.101798785804
0.0992872533194
0.096797569628
0.0943731605308
0.0920671438351
0.0899372599374
0.0880393537507
0.086421080713
0.0851167632886
0.0841443029789
0.0835044333542
0.0831807376223
0.0831436776386
0.0833535639216
0.0837934067218
0.0843544861747
0.083820783463
0.0840468206297
0.0841159009162
0.118816827676
0.118782762182
0.118745867243
0.118718741159
0.118700916365
0.118708657767
0.118739664696
0.118774050283
0.118784287504
0.118784958044
0.118787117604
0.118798674736
0.118813818504
0.118875953022
0.118977870685
0.119154687512
0.119411043295
0.119758931538
0.120154219898
0.120595666172
0.121085523077
0.121598793673
0.122122198367
0.122664284916
0.123224590108
0.123788669899
0.1243538948
0.124925506004
0.125497095014
0.126069867251
0.12663419529
0.127192057754
0.127741045971
0.128281394113
0.128805033052
0.129293684066
0.12973616261
0.130117100918
0.130342797155
0.13072584703
0.129701982569
0.133857125768
0.134012689096
0.133697185033
0.133012588291
0.131943315902
0.130596736384
0.129069992347
0.127414347156
0.125659592283
0.123822378687
0.121911258516
0.119930461252
0.117882200992
0.115767960062
0.113589413843
0.11134887346
0.109049817873
0.106697124347
0.104297859214
0.101861805728
0.0994039472404
0.0969484176439
0.0945318593627
0.0922035319523
0.0900213695358
0.0880452557933
0.0863293528315
0.0849154795333
0.0838281727449
0.083072643417
0.0826351628962
0.082484626469
0.0825838468651
0.0829013927225
0.0834317274512
0.0839814672897
0.0851843842223
0.0839079039182
0.0836234261905
0.118073304571
0.11803382308
0.117990358314
0.117949321085
0.11791398579
0.117886969352
0.117887046413
0.117921074112
0.117931199012
0.117922992087
0.117906705832
0.117894127045
0.117885787212
0.117903135509
0.117987355301
0.118123469371
0.118354237477
0.118680827264
0.119097515657
0.119548413061
0.120038678915
0.120550872222
0.121084900317
0.121613831282
0.12214629377
0.122681306489
0.123210620985
0.123732086997
0.124243901865
0.124737188519
0.125210334487
0.125669443811
0.126103798567
0.126505057767
0.126853697899
0.127125605027
0.127260677807
0.127246225164
0.126667231591
0.127750621957
0.128362064373
0.128807007227
0.130212997764
0.130339658376
0.129825954745
0.128903297451
0.127667870002
0.126224437952
0.124633815923
0.122930547856
0.121134369527
0.119256436933
0.117303209868
0.115278832652
0.113186435015
0.111029154906
0.108810589307
0.106535469836
0.104209845354
0.101842097556
0.0994433957142
0.0970310164298
0.0946331139815
0.092292016081
0.0900629745066
0.088008250823
0.0861887493166
0.084655458643
0.0834428996318
0.082564666371
0.0820123524685
0.0817548094234
0.0817398628889
0.0819171518975
0.0822521714413
0.0827396309957
0.0833399860351
0.0833698223049
0.0829998130844
0.0828478159648
0.117373482771
0.117342014154
0.117295506891
0.117245413663
0.117193324713
0.117142682713
0.117104640297
0.117116274729
0.117129276208
0.117114323379
0.11708293786
0.117042307402
0.117008072143
0.11698896534
0.117027137307
0.117126162984
0.117330241522
0.117669088063
0.118078541956
0.118547125649
0.119057300774
0.119573853416
0.120093579402
0.120616525294
0.12112443735
0.121623845965
0.122113566562
0.122581128071
0.123025362936
0.123442046207
0.123839644385
0.124202794539
0.12452297054
0.124784857734
0.124968456568
0.125047542908
0.124963652209
0.124740312521
0.123133608594
0.124847852343
0.126593171353
0.126129766818
0.126936368514
0.12717727915
0.126753988196
0.125920233697
0.124769510849
0.123398167756
0.121867063713
0.12021259467
0.118456328866
0.11661138559
0.114686144354
0.112686521647
0.110617182827
0.108482645192
0.106287692071
0.104038232457
0.101741377133
0.099406770506
0.0970468760112
0.0946814743663
0.0923432946457
0.0900809126444
0.0879556416962
0.0860334125472
0.0843749606102
0.0830268127759
0.0820154552645
0.081343852355
0.0809919005504
0.0809138837362
0.0810423297325
0.0812990777658
0.0815784362937
0.0820466166072
0.0821991840042
0.0822126707164
0.0820947460602
0.0820282137306
0.116726063628
0.116707318041
0.116661479147
0.116607808582
0.116545365347
0.116475420884
0.116415731649
0.116373505599
0.116377949651
0.116366595696
0.116327562551
0.116264908712
0.116187352572
0.116132463589
0.116089739256
0.116180200603
0.116392090589
0.116738015138
0.117162215719
0.117634855855
0.118140784767
0.118674021692
0.119181954951
0.11968058431
0.120161337118
0.120625330536
0.121065290854
0.121478189215
0.121858371887
0.122213808547
0.122530623336
0.122795880098
0.123000580797
0.123129795841
0.123166286343
0.123095988665
0.122921595893
0.122819385022
0.12110834802
0.121732653289
0.12354531391
0.12361110663
0.124015132075
0.124211051854
0.123823699872
0.123038846817
0.121942473725
0.120623343551
0.119138539272
0.11752404161
0.115801941241
0.113986411686
0.112087118019
0.110111322848
0.108064919181
0.105953593149
0.103783126206
0.10156048701
0.0992937038908
0.0969936429843
0.0946739669683
0.0923572913725
0.0900816055384
0.0879022793315
0.0858865128972
0.084102855339
0.0826102925296
0.0814494181937
0.0806381919923
0.0801699654395
0.0800167977709
0.0801297528387
0.0804600497459
0.0808976305612
0.0810237051976
0.0812050195717
0.0812462019682
0.0812468427705
0.081213254381
0.0811919739595
0.116147117012
0.116127021004
0.11608469677
0.116030470198
0.115965915062
0.115885524014
0.115800612151
0.11572814962
0.115685817767
0.115688093297
0.115655403275
0.115577712585
0.11545853234
0.115349439488
0.115266085341
0.115264568294
0.115557704299
0.115893550929
0.116346112853
0.116828047982
0.117335171192
0.117851109545
0.11835031007
0.118820760958
0.119266780627
0.119688422239
0.120081936373
0.120438516847
0.120764945833
0.121050387803
0.12128168461
0.121452297765
0.121551189088
0.121562082238
0.121466823729
0.121254391973
0.120925055159
0.120601541301
0.119180189195
0.118755539139
0.119854777471
0.120814843912
0.121266650142
0.121448704897
0.121065231485
0.120292855941
0.119217166916
0.11792436096
0.116467108221
0.114879323121
0.11318223895
0.11138999938
0.109512718351
0.107558402186
0.105533728518
0.103445258698
0.101299522925
0.0991044136448
0.0968687079136
0.0946044821402
0.0923265000697
0.0900607020929
0.0878511583558
0.0857605181136
0.0838613802187
0.0822233343717
0.0809012755847
0.0799271909497
0.0793083253291
0.0790278950962
0.0790537998435
0.0793347270562
0.0798126999179
0.0803168615545
0.0810734174748
0.0804832029613
0.0803712425911
0.0803426697956
0.0803310417559
0.0803256931657
0.115632780621
0.115598199164
0.115558193961
0.115510638126
0.115451635025
0.115368813421
0.115260425568
0.115156104082
0.115102225353
0.115084255292
0.115080452649
0.115003773284
0.114854949479
0.114723855198
0.114611920884
0.114670627334
0.114808860437
0.115221390049
0.115653473843
0.116148155398
0.116636820081
0.117133691291
0.117605131526
0.118041891226
0.118447865542
0.118821087405
0.119162502565
0.119467842356
0.119730684409
0.119940720404
0.120094061711
0.120182679392
0.120193673071
0.120110927644
0.119912303574
0.119568486668
0.118999818777
0.118136102209
0.117548889985
0.116920113241
0.117011741821
0.118385615571
0.118887272483
0.118986121466
0.118526835057
0.117709859572
0.116613096194
0.115316173861
0.113864507593
0.112287748433
0.11060464092
0.108828088003
0.106967725418
0.105031625284
0.103026744458
0.100960195786
0.0988389810398
0.0966717920331
0.0944679723898
0.0922408472098
0.0900061727247
0.0877939053115
0.0856551375338
0.0836602010094
0.0818863975847
0.0804026659783
0.0792573803899
0.0784702982058
0.0780326979948
0.0779122561716
0.0780717481673
0.078449745281
0.0789908421042
0.0796870774553
0.0795970088604
0.0794428005005
0.0793977681823
0.0793975297659
0.0794057151764
0.079407295066
0.115171150852
0.115121787475
0.115077606968
0.115051450769
0.115009902067
0.114935987312
0.114822727965
0.114676409841
0.114629749596
0.114608227345
0.114597696822
0.114545596607
0.114354324504
0.114332978687
0.114341801101
0.114401896702
0.114501130334
0.114708113691
0.115155836927
0.115604532398
0.116072547505
0.116522493898
0.116952365929
0.117346118876
0.117701493689
0.118021692348
0.118305381945
0.118549650465
0.118744154856
0.118886430525
0.118972235421
0.118993916325
0.11894196811
0.11880358613
0.118554866068
0.118147947918
0.117469877171
0.116742808449
0.116694324016
0.116576098245
0.11603761783
0.116828856595
0.11698969075
0.116847949301
0.116215490864
0.115292013503
0.114132408531
0.112801733341
0.111334118878
0.109752765592
0.108072433387
0.106303679397
0.104454804176
0.102533308827
0.100545940964
0.098500068664
0.0964028947835
0.0942638307945
0.0920926010964
0.0899038916869
0.0877143153625
0.0855587692255
0.0834963356938
0.0816051730133
0.0799662708946
0.0786464175277
0.0776864069032
0.0770933183483
0.0768421969466
0.0768788790198
0.0771320929769
0.0775051070467
0.0781755441567
0.0783357555793
0.0783722182015
0.0783604356373
0.0783757035152
0.0784037814941
0.078427131016
0.0784361675087
0.11475544141
0.114697222069
0.114640989977
0.114656575799
0.114651344709
0.114600464601
0.114491834999
0.114361975647
0.114226472038
0.114273557751
0.114252582606
0.114262011881
0.114248516792
0.114235635902
0.114257911051
0.114291585818
0.114364984529
0.114502519109
0.114795647211
0.115220794668
0.11562358869
0.11601749464
0.116386879498
0.116723551784
0.117021286858
0.117279884643
0.117500290767
0.117677779597
0.117806935886
0.117885968358
0.11791207072
0.117882252496
0.117792488169
0.117636335898
0.11739045886
0.11701726885
0.116447921478
0.116078237933
0.115971883081
0.116570959818
0.115524582223
0.115700217402
0.115379761958
0.1149358171
0.114084345058
0.113014953427
0.111761127029
0.110372939216
0.108871467331
0.107272180842
0.105584840965
0.103816836768
0.101974467727
0.100064161938
0.0980920565643
0.0960655593992
0.093991842386
0.0918810355159
0.0897430621964
0.0875941868186
0.0854517019088
0.0833566648033
0.081377027
0.0795983972405
0.0781035422772
0.0769544080844
0.0761822163818
0.0757844494922
0.0757358937647
0.0759787614163
0.0763892056889
0.0766834138143
0.0770456194014
0.077144294904
0.0772093672586
0.0772568936125
0.0773107030589
0.0773609615182
0.0773953579101
0.0774151556084
0.114402608913
0.114307365703
0.114231783966
0.114340460085
0.114386118168
0.114368910893
0.114284742224
0.114196602709
0.114134112481
0.114151092762
0.114126843075
0.114083978487
0.114158192354
0.114206808537
0.114221362403
0.114241974843
0.114288008674
0.114388774613
0.114646835993
0.114954887822
0.115278545817
0.115593604285
0.11589389655
0.116162946635
0.116395005572
0.11658866311
0.116741415728
0.116850969863
0.116914565787
0.11693162316
0.116903508558
0.116832234732
0.116722169634
0.116571936054
0.116369631066
0.116114121544
0.115781912756
0.115405660774
0.115305086779
0.113591978793
0.114188511067
0.114567314444
0.11391131367
0.113169200422
0.112082705263
0.110845378445
0.109476124405
0.108013721357
0.106465744137
0.104839011047
0.103137550124
0.101365021996
0.0995252939455
0.0976234153848
0.0956646547785
0.0936563720063
0.0916055399393
0.0895231174778
0.0874190496515
0.0853115392144
0.0832183274336
0.0811882608148
0.0792989443668
0.0776426836766
0.0763014355556
0.0753277446104
0.0747363644954
0.0745090837911
0.0746192895891
0.0750028321773
0.0755496446198
0.076377119923
0.0760175032226
0.0760064146476
0.0760526883057
0.0761161295394
0.0761855195008
0.0762501500858
0.0762885217901
0.0763137974628
0.114182592203
0.114122758614
0.114127606052
0.114167574151
0.114225285344
0.114228455018
0.114179613211
0.11411012934
0.114082829987
0.114057646807
0.11403568242
0.114026516683
0.114048234024
0.114131279569
0.114179138941
0.114208986361
0.114230429438
0.114348818942
0.11453258096
0.114755373627
0.114993434975
0.11523122787
0.115455122194
0.115653439674
0.115816576669
0.11594064973
0.11602401449
0.116063380475
0.116058571232
0.116011808848
0.115928471743
0.115815759157
0.115685628097
0.115544361228
0.115412922236
0.115298694267
0.115160145623
0.114694563976
0.115503795322
0.113791948208
0.113353974195
0.113686743647
0.112644937273
0.111527836946
0.110167330141
0.108743708438
0.107246535355
0.105701400428
0.104101049158
0.102442525922
0.100723530831
0.098943712522
0.097104369578
0.0952091238133
0.0932623124002
0.0912713283412
0.0892428600682
0.0871889456997
0.0851193664766
0.0830547976862
0.0810130978237
0.079053032012
0.0772624633511
0.0757394900147
0.0745630609478
0.0737738288403
0.0733685824474
0.0733034450499
0.0734904297123
0.0738387995107
0.0746720059137
0.0747888677927
0.0747554822938
0.074784145289
0.0748412207895
0.0749078350021
0.0749725326786
0.0750345568426
0.0750730528215
0.0750902564514
0.11410670675
0.114098236559
0.114100481965
0.114110634808
0.114143416624
0.114145435756
0.114111263996
0.114047411144
0.114058229445
0.114032688397
0.114027168779
0.114021805425
0.114024025105
0.114059280301
0.114109651493
0.114155238477
0.114197277944
0.114290983328
0.114420581302
0.11457899644
0.114744722194
0.114908675953
0.115059650963
0.11518585472
0.115278302391
0.115331579537
0.115342233265
0.115307947385
0.115230129227
0.115113505626
0.114965054556
0.1147952909
0.114625693485
0.114489420861
0.114442501115
0.11452140543
0.114760499805
0.114959422845
0.116253705342
0.114787792563
0.113250892145
0.113062630907
0.111501979717
0.109934510959
0.108266626884
0.106653156502
0.105031306648
0.103407285248
0.101757829871
0.100069700279
0.0983342438113
0.0965473218023
0.0947079557504
0.0928186250241
0.0908829178826
0.08890854253
0.0869019087537
0.0848765474801
0.082841853982
0.0808217098355
0.0788335688812
0.0769487943966
0.0752655942745
0.0738862068736
0.0728835352251
0.0722858886021
0.0720834538601
0.0722285305092
0.072575311995
0.0728207445409
0.0733159197926
0.073440231116
0.0734742429136
0.073518430233
0.0735734535695
0.0736299885601
0.073679379565
0.0737213921568
0.0737552922215
0.0737613264692
0.114093443042
0.114093201102
0.114093950376
0.114089520124
0.114103179108
0.114095841297
0.114069344402
0.114031037272
0.1140481799
0.114021027471
0.114023571813
0.114016975388
0.114012894558
0.114066059979
0.11409883694
0.114056773318
0.114129675065
0.114207134317
0.114300979649
0.1144077394
0.114514544853
0.114612015542
0.11469443925
0.114751958475
0.114774897967
0.114756629174
0.114692847958
0.114580848802
0.114423309779
0.114224897803
0.113987259906
0.113725311308
0.113481875258
0.113321694149
0.113328254902
0.113621341941
0.114340804826
0.115772035819
0.11712858643
0.115968699633
0.113534219203
0.112366702489
0.110227589141
0.108226222368
0.106271013632
0.104499261302
0.10278166877
0.101099855022
0.099415810842
0.0977075585849
0.0959613870359
0.0941704447849
0.0923323499156
0.0904491180956
0.0885240443123
0.0865656442305
0.0845801401607
0.0825831492701
0.0805833800427
0.0786088819095
0.0766758814723
0.0748716731488
0.0733040501087
0.0720766319478
0.0712521599463
0.0708446232955
0.0708255109523
0.0710851213818
0.0715196123953
0.0725493516833
0.0721865851998
0.0721650117478
0.0721750899691
0.0722106397398
0.0722559689055
0.0723009765792
0.07233909743
0.0723668108094
0.0723909684327
0.0724000116343
0.114069386947
0.11408677932
0.114090793781
0.114079840099
0.114076135451
0.114059664992
0.114033697976
0.114005015147
0.113998058014
0.113981749184
0.113991080804
0.113972080675
0.113933285843
0.113969423942
0.114120231716
0.114044730686
0.11407170916
0.114115712128
0.114172340171
0.114235322757
0.114292073341
0.114334451408
0.114355188997
0.114348176535
0.114304226895
0.114214560052
0.114073765009
0.113879138074
0.11363217798
0.113326432488
0.112957916543
0.112566131657
0.112195551931
0.111922220525
0.111876095203
0.112275735742
0.113414913748
0.116517523992
0.117889515146
0.116839587171
0.113554650704
0.111005595807
0.108405721018
0.106170270985
0.104051102185
0.102204964816
0.100451787176
0.0987520743426
0.0970589803706
0.0953465255426
0.0935991189947
0.0918093207956
0.0899748402467
0.0880982767722
0.0861833325893
0.0842400021758
0.082274469249
0.0803052205282
0.0783398466024
0.0764118055594
0.0745348747894
0.0728164070663
0.0713716241581
0.070301856279
0.0696581816709
0.0694431687936
0.0695934658526
0.0699364144268
0.0704510315245
0.0708211714689
0.0708008531329
0.0708058777603
0.0708232027095
0.0708554739211
0.0708942262684
0.0709324216039
0.0709651779512
0.0709885412951
0.0710069575451
0.0710200700576
0.114072240362
0.114080200159
0.114092877564
0.114078559114
0.114054291014
0.11402910916
0.113999455984
0.11396718817
0.113934119162
0.113936660641
0.113945962502
0.113924666803
0.113883681372
0.113877947328
0.113881159885
0.113945491988
0.113982329791
0.114015979818
0.11404507347
0.114068257755
0.114079524457
0.114073146449
0.114039789667
0.113973041167
0.113864376602
0.113704304606
0.113484137663
0.113200827704
0.112844532963
0.112395559911
0.111871706032
0.11130272583
0.110717223662
0.110182141885
0.109822887376
0.109845243878
0.110584704226
0.112850547734
0.118207152509
0.112370833365
0.11161824915
0.108442369909
0.105683728702
0.103560472547
0.101507890462
0.0997216417686
0.0980172965181
0.0963521121639
0.09468182711
0.092984113112
0.0912462748195
0.0894631862114
0.0876345406778
0.0857647625158
0.0838587996584
0.0819288918201
0.0799813422014
0.078038477247
0.0761061381326
0.0742247993934
0.0724041416756
0.0707767290034
0.0694608873975
0.0685514088947
0.0680885013872
0.0680542235876
0.0683161716125
0.068768643206
0.0696948343198
0.0694892643471
0.0694268189992
0.0694148418492
0.0694278884083
0.0694566793603
0.0694917457362
0.0695269308477
0.0695578016058
0.0695791007456
0.0695971980486
0.0696119221553
0.11407058009
0.114067798253
0.114089525958
0.114058855537
0.114032165024
0.114003040787
0.113970558715
0.113936372957
0.113899905423
0.113904170265
0.11390926701
0.113892467943
0.113865841412
0.113857738479
0.113868034813
0.11387092147
0.113904914671
0.113920107333
0.113922449743
0.113911130146
0.113881985739
0.113830561734
0.11374875158
0.113626714227
0.113456731433
0.113225081328
0.112923311846
0.112540755857
0.112052463656
0.111453611869
0.110754751313
0.109954033988
0.109052875011
0.108087530287
0.107154433202
0.106342459756
0.105779616005
0.105606110373
0.106488951879
0.103539890062
0.106638109616
0.104415788696
0.101985077626
0.100354336677
0.0986415258274
0.0970648952966
0.0954939797219
0.0939127335649
0.0922940467848
0.0906273607384
0.0889076912541
0.0871350284035
0.0853128340651
0.0834484849769
0.0815489851489
0.0796295608724
0.0776967484087
0.0757778553555
0.0738760350471
0.0720408381239
0.0702756756973
0.0687446832635
0.0675629140552
0.0668170285458
0.0665353649686
0.0666481261069
0.0669856333652
0.0676360601936
0.0679008284093
0.0679296678622
0.067942837058
0.0679614653424
0.0679869908129
0.0680204379925
0.0680567984558
0.0680923514644
0.0681245022274
0.0681475023549
0.0681668497345
0.0681815783269
0.114059878467
0.114051125817
0.114030647102
0.114035362072
0.114012236988
0.113981298997
0.113946957202
0.113912645383
0.113877883428
0.113881694045
0.113883796713
0.113871460991
0.113855777678
0.11385280262
0.113861471843
0.113848267288
0.113845480295
0.113832572388
0.113805307373
0.113763670582
0.113700217015
0.113609342488
0.113482189449
0.11331019821
0.113080266761
0.112777497945
0.112392926505
0.111903409343
0.111288301028
0.110538237545
0.109642471053
0.10856534858
0.107273453147
0.105826488031
0.10425740452
0.102500883812
0.100450227424
0.0979302899547
0.0936781530379
0.0955936614875
0.0973230853231
0.098585814267
0.0976211499626
0.0968065875419
0.0956058231887
0.0943304068262
0.0929418338652
0.0914719387222
0.0899202340871
0.088292408017
0.0865938831567
0.0848313802254
0.083013248348
0.0811505192132
0.0792528853298
0.0773391594475
0.0754161611128
0.073517486859
0.071642268191
0.0698517919965
0.0681400448025
0.0667095124892
0.0656636787451
0.0650867526504
0.0649855550954
0.0651883079692
0.0656325180692
0.066606661674
0.0664227310798
0.0664249741877
0.0664523923305
0.0664886707893
0.0665284382516
0.0665711476319
0.0666135680519
0.0666529380291
0.0666873679149
0.0667163836372
0.0667396554668
0.0667554345382
0.114050710863
0.11404569911
0.11403738136
0.114038969152
0.114002524701
0.113965213658
0.113927633533
0.113892756249
0.113861512992
0.113864642748
0.113865043208
0.113855132856
0.113844692627
0.113849563989
0.113834659085
0.113813665041
0.113788749121
0.113750141604
0.113698274969
0.113629498079
0.113533618875
0.113408491464
0.113243491175
0.113024678893
0.112735965894
0.112369179604
0.111904629347
0.111314428213
0.110578609801
0.109679079138
0.108575765854
0.107196647188
0.105555151172
0.103704687955
0.101562770074
0.0989672234026
0.0956643341483
0.0904089872253
0.0885678027474
0.0890567853131
0.0898819862169
0.0930625959662
0.0934839064483
0.0933906279965
0.0926509105716
0.0916584056905
0.090444536519
0.0890817291979
0.0875937319829
0.0860010669609
0.084319106225
0.082561214342
0.0807408114768
0.078872706902
0.0769696751035
0.0750544999651
0.0731343194308
0.0712505200222
0.0693965303322
0.0676491336571
0.0659884935455
0.0646622124896
0.0637503944002
0.0633370720135
0.0633850036113
0.0636772410283
0.0643416277344
0.0647658977726
0.0648301675749
0.0648927552553
0.0649543513657
0.0650168922996
0.0650772138308
0.0651365355964
0.0651926614259
0.0652431199292
0.0652855934688
0.0653216482541
0.065346901489
0.0653601744233
0.114047400782
0.114046684591
0.114043039604
0.114045189915
0.113995794717
0.113951782708
0.113910775423
0.113875078081
0.113848438486
0.113850999635
0.113850508235
0.113841570955
0.113831040005
0.113822736734
0.11380997373
0.113779355584
0.113734834978
0.113675972347
0.113602472034
0.11350624562
0.113385421608
0.113233896811
0.11303265975
0.112767545638
0.112433397779
0.112010159856
0.111467794011
0.110788718582
0.109947600746
0.108901289649
0.107587976964
0.105956098194
0.1040564848
0.101887454092
0.099344926184
0.0962569804046
0.0923959911573
0.0865763525559
0.0856461551104
0.0850554619779
0.0863169797371
0.0892424397313
0.0901867059787
0.0904465310192
0.0899755774064
0.0891693124205
0.0880786225504
0.0867923924629
0.0853482691984
0.0837761996609
0.08209873214
0.0803344279906
0.0785011593268
0.0766171011455
0.0746983059618
0.0727716596435
0.0708447427642
0.0689684440712
0.0671286337444
0.0654230705755
0.0638124931646
0.0626010022886
0.0618385885667
0.0615868940667
0.0616626969266
0.0619995988378
0.0632481298613
0.0631889084328
0.0632719501672
0.0633669394193
0.0634627417303
0.0635578332218
0.0636479084399
0.0637325017402
0.0638100716274
0.0638783905527
0.0639356038524
0.0639794615884
0.0640057858105
0.0640140110829
0.114045630357
0.114047271054
0.114044031602
0.114045888568
0.113988530515
0.113939088665
0.113895109535
0.113858095939
0.113831111517
0.113841086832
0.113840338273
0.113832413416
0.113824528825
0.11381628649
0.113791539266
0.113747173652
0.113685719329
0.11360917386
0.113514874703
0.113399086532
0.113259357504
0.113080346404
0.112846032403
0.112551616015
0.112181089192
0.111700607861
0.111095884869
0.110347016199
0.109407288959
0.108228854147
0.106746175785
0.10492862306
0.102838183809
0.100454241882
0.0976854564686
0.0944035025037
0.0904904497777
0.0851392916933
0.0850036438235
0.0847369248962
0.0849939016579
0.0869459094144
0.0877610293288
0.0880586999224
0.0876658474214
0.0869319363092
0.0858958223982
0.084642152205
0.0832117810298
0.0816379928046
0.0799469949595
0.0781604910629
0.0762997314685
0.0743854820366
0.0724371681976
0.0704856075652
0.0685391231765
0.0666599219808
0.0648244830744
0.0631588755481
0.0615959728691
0.0605149924162
0.0599404827845
0.0599106990115
0.0600989152055
0.0603564858918
0.0612278015126
0.0614661496763
0.0616593331877
0.0618231323363
0.0619725079425
0.0621119438143
0.0622435369371
0.0623621773922
0.062467356651
0.0625574082864
0.0626310958754
0.0626848419586
0.0627185967216
0.0627312295582
0.1140436774
0.11404940427
0.114041576181
0.11404331252
0.11398031534
0.113926422086
0.113880498177
0.113841920807
0.113836488065
0.113838540375
0.113835112232
0.113827157708
0.113821284921
0.113815084682
0.113776854695
0.113715927918
0.113638341672
0.113546393143
0.113437602272
0.113307098033
0.113149328741
0.112950505929
0.112698744595
0.112383853375
0.11197601532
0.111451438868
0.110802415361
0.109997080022
0.108981408855
0.107700797859
0.106084290182
0.104135001991
0.101920298966
0.0994105809797
0.0965398007025
0.0932292331446
0.0894517830519
0.0846578860982
0.0848799407544
0.0838375583567
0.0843091863295
0.0856192296065
0.0860312687745
0.0861751234349
0.0857260926258
0.0849690620164
0.0839217975169
0.0826544263232
0.0812038842094
0.0796020542316
0.0778756906639
0.0760476279853
0.0741413037842
0.0721791380179
0.0701840345002
0.0681902140357
0.0662072670304
0.0643102233434
0.0624641410005
0.0608322108433
0.0593090069636
0.0583767910464
0.0579946259355
0.0580600629513
0.0583738245042
0.0599051963052
0.0596935171159
0.0598378949048
0.0600500438789
0.0602705626749
0.0604847669713
0.0606820232632
0.0608640284138
0.0610244210952
0.061162999706
0.0612792936795
0.0613726433039
0.0614383233474
0.0614831404461
0.0615060042961
0.114036637905
0.11404531385
0.114029023718
0.114031937069
0.113968797118
0.113914334526
0.113872865827
0.113844120983
0.113834737179
0.113836530047
0.113832307572
0.113823317059
0.113817508385
0.113812507233
0.113761825718
0.113686329294
0.113593234256
0.113486338175
0.113365206455
0.113227526575
0.113062489326
0.112853973934
0.112592075892
0.112258580316
0.111824490643
0.111274373436
0.110596026497
0.109749510745
0.108675135118
0.107322857672
0.105624127148
0.103590649889
0.101301119711
0.0987290510396
0.0958283391594
0.092554030669
0.0889248933966
0.0844268430922
0.0850168866528
0.084010482842
0.0838854469495
0.0848234881342
0.0848160756671
0.0847118245079
0.084123602309
0.0832747116157
0.0821625432072
0.0808398388853
0.0793361975987
0.0776791976892
0.0758938942894
0.0740026362697
0.0720299448901
0.0699989646112
0.0679362961055
0.0658786996154
0.0638380773778
0.0619031425535
0.0600243702477
0.0584088839174
0.0568997734174
0.0561345267782
0.0559681467721
0.0561390285342
0.0566530637843
0.0574595960691
0.0576867854891
0.0580225397896
0.0583612815177
0.0586858005523
0.0589885999309
0.0592641333912
0.0595073787289
0.059717171511
0.0598943890845
0.0600403551497
0.0601550479882
0.0602378502624
0.060295533403
0.0603280801901
0.114022676211
0.114011423312
0.114010456513
0.114014552758
0.113950681528
0.113898223625
0.113859839111
0.113837814919
0.113832213763
0.113835689378
0.113830600892
0.113819241722
0.113811676217
0.113806923712
0.11375019129
0.11365608949
0.113546048532
0.113427545849
0.113301187044
0.113160732224
0.112993457595
0.112786352773
0.112523076769
0.112179241546
0.111731245996
0.111166658362
0.110471587955
0.109605894583
0.108507941535
0.107120824557
0.105365317232
0.103284260632
0.100965818869
0.0983754096212
0.0954844915709
0.0922719154623
0.0887858422686
0.0845760741641
0.0852838816065
0.0843542714104
0.0838063619848
0.0843698158258
0.0839708591887
0.0835843574827
0.0828127264716
0.0818281730708
0.0806118387692
0.0792000083155
0.0776141953371
0.0758763556911
0.0740084690823
0.0720312585736
0.069969359215
0.0678458157061
0.06569126458
0.0635438623229
0.0614200929613
0.0594233367582
0.0574869231886
0.0558661400066
0.0543266527559
0.0536907067767
0.0536162263142
0.053897044941
0.0551253039137
0.0554393067975
0.0557104392358
0.0561456222945
0.0566214151559
0.0570769884386
0.0574891981125
0.0578584336651
0.0581765643494
0.0584447131681
0.0586660033267
0.0588445917726
0.0589818389445
0.059085141604
0.0591553306429
0.0591959646212
0.114015076934
0.11399453686
0.11399710078
0.113996793641
0.113936194699
0.113891182208
0.113860619776
0.113839579428
0.113835810533
0.113838132108
0.113829934062
0.113814338156
0.113802860763
0.113790997019
0.113728120961
0.113624801858
0.113502325966
0.113373687966
0.113243220495
0.113104448965
0.112944430859
0.11274387618
0.112481748913
0.112136594584
0.111689293669
0.111130191518
0.11044167957
0.109575659552
0.108472239272
0.107072725527
0.105303762791
0.103218965502
0.10090176262
0.0983206638186
0.0954553418557
0.092297993827
0.088914640027
0.0849210607174
0.0855866606605
0.0847709052232
0.0839266927163
0.0841237303162
0.083383972137
0.0827187620158
0.0817477801248
0.0806040104939
0.0792577758985
0.0777315392221
0.0760395997827
0.07419806332
0.0722250885576
0.0701389881173
0.0679635843345
0.0657211127061
0.0634465280683
0.0611778324761
0.05893986473
0.0568517603224
0.0548320694336
0.0532021908599
0.0516420285968
0.0511495940779
0.0509497084651
0.0512331160666
0.0528879407709
0.0531023499343
0.053576941075
0.0541645184677
0.0548224432779
0.055441281329
0.0559958106403
0.0564767189207
0.0568849726979
0.057222785275
0.0574950027008
0.0577098702115
0.0578733856001
0.0579955139236
0.0580765698206
0.0581212304787
0.114005076121
0.113986488866
0.113989106248
0.113988592003
0.113930126319
0.113889030603
0.113861458615
0.113841420174
0.11383917971
0.113839764266
0.113828991094
0.113807921397
0.113788357145
0.113736460073
0.113717573128
0.113600947798
0.113458872825
0.113314031
0.113178148968
0.113050835382
0.112913273529
0.112728615524
0.112474245282
0.112134597101
0.111697892694
0.111156741116
0.110485885036
0.109637629122
0.108554429975
0.107177877046
0.105445568775
0.103392734778
0.101100335966
0.0985477743098
0.095710355444
0.092580525665
0.0892288598425
0.0853205900012
0.0858606580724
0.0851992678015
0.0841583454956
0.0840014357276
0.0829793800921
0.0820598952818
0.0808911843131
0.0795785893272
0.0780874244536
0.0764292375969
0.0746126015339
0.0726480805161
0.0705495616174
0.0683322824486
0.0660181751357
0.0636279680506
0.0612007854443
0.0587724652263
0.0563812909234
0.0541598046712
0.052013890886
0.0503619833258
0.0488429072551
0.048735758637
0.0487071473429
0.0486399257475
0.0500594081821
0.0506417882547
0.0513228304657
0.0521037320621
0.0529680625021
0.0537991222973
0.0545236158256
0.0551397574715
0.0556537025254
0.056072642834
0.0564028912887
0.0566587612031
0.0568522962327
0.0569932233744
0.057086023548
0.0571331218844
0.11397878985
0.113982194358
0.113981209094
0.113975687492
0.113928498207
0.113892057707
0.113865368155
0.113844103524
0.113842603075
0.113839617067
0.113828019906
0.113803707217
0.113778163629
0.113747437877
0.113758255616
0.113595542862
0.113415070894
0.113245359923
0.113106352121
0.113000925544
0.112899701849
0.112737525028
0.112496751516
0.112171032521
0.111752814907
0.111235551258
0.110593442679
0.109777118673
0.108739220658
0.107428462271
0.105781538526
0.103797574105
0.101558831972
0.0990567568757
0.0962489580187
0.0931106666372
0.0896978421283
0.0856913126213
0.0860684349121
0.0855806697585
0.0844444660821
0.0839609465661
0.0827132288549
0.0815714175515
0.0802149663832
0.0787322463692
0.0770890945438
0.0752881918098
0.0733336590566
0.0712309740065
0.0689893693036
0.0666202450632
0.0641422115147
0.0615735110624
0.0589560792733
0.0563212173405
0.0537277755656
0.0513153839332
0.0489778827701
0.0472406620539
0.0456418784719
0.0457076240198
0.0460279255412
0.048463515762
0.0477578684535
0.0481978435396
0.0489825495765
0.0499672005474
0.0510577558686
0.0521516302674
0.0530913659153
0.0538690363158
0.0545039717448
0.0550148944931
0.0554142674986
0.0557176226711
0.0559416191268
0.0560998463113
0.0562052303556
0.0562543989449
0.113969764446
0.113976469254
0.113966800985
0.113953098534
0.113937506789
0.11390258013
0.113873832618
0.113852668377
0.113842355295
0.113836748069
0.113827439972
0.113805538692
0.113783709083
0.113769919776
0.113780869808
0.113594153431
0.11336229883
0.113164234263
0.113037441816
0.112960904615
0.112908916001
0.112773583495
0.112543899231
0.112231523209
0.111837687207
0.111356240672
0.110757005414
0.109992973324
0.109019188051
0.107797333374
0.10628320576
0.104425557022
0.102282812211
0.0998684428415
0.0971084322037
0.0939368597938
0.0903585157043
0.0859879500443
0.086198017701
0.0858739835834
0.0847683859405
0.0839930531072
0.0825556667311
0.0812230169498
0.0796958188284
0.0780489722039
0.076253710647
0.0743054877809
0.0722050878209
0.0699535505053
0.0675551112204
0.0650163675613
0.0623507793085
0.0595725689776
0.0567228719224
0.0538250024573
0.0509649629819
0.0482792158119
0.0456763209443
0.0438323111557
0.0420541726866
0.0419940069222
0.0424175029973
0.0442851619662
0.0445007766248
0.0453160403371
0.0464263921857
0.0477215466907
0.0491026786226
0.0504926476771
0.0517061020403
0.0526816992151
0.053456510562
0.0540669197377
0.0545398211055
0.0548954946609
0.0551535696647
0.0553281374892
0.0554449923731
0.0554991174437
0.113954117217
0.113950091952
0.113954847063
0.113952708208
0.113952208886
0.113912084672
0.113878572176
0.113852052296
0.113828235972
0.113844319678
0.113827572637
0.113805743884
0.113783477911
0.113770445682
0.113727901433
0.113593462766
0.113299850744
0.113075092811
0.112976234992
0.112956069897
0.112937061981
0.112818151829
0.112604821635
0.112309367769
0.111939610487
0.111502286781
0.1109620498
0.110266343725
0.109370471711
0.108260480471
0.106921245334
0.105262489053
0.103284269961
0.101024296005
0.0983707008343
0.0951891173254
0.0913615024161
0.0861378207162
0.0862406148627
0.086012585411
0.0850705398017
0.0840434574099
0.0824537716079
0.0809813339933
0.0793178585195
0.0775213944637
0.0755784283847
0.073482251426
0.0712321554455
0.0688255185795
0.0662610397225
0.0635391053024
0.0606658161056
0.0576493388404
0.0545245905397
0.0513034653676
0.0480972336632
0.0450053176087
0.0419928345775
0.0399996575285
0.038187558302
0.0385430337763
0.0389139119895
0.0400999804119
0.0408765553627
0.0421330783338
0.0436841194972
0.0453862822585
0.0471266270126
0.0488422095785
0.0503764585059
0.0515908362672
0.0525283181056
0.0532487389439
0.0537949492168
0.0541994165531
0.0544916420935
0.0546867861982
0.0548126804221
0.0548780321756
0.113948129731
0.113945859614
0.113952395651
0.113954237481
0.11395450773
0.113912828413
0.113879740896
0.113854189223
0.113835906673
0.113845134811
0.113814614216
0.113799863235
0.113773840138
0.113754563275
0.113746983236
0.113699200403
0.113199931089
0.112966317197
0.112955688024
0.112945216672
0.112921400303
0.112885512048
0.112681572927
0.1123893351
0.112031238065
0.111650485375
0.111191070759
0.110584756262
0.109768698373
0.108761946252
0.107616629511
0.106251055727
0.104586743933
0.102575228
0.100159427336
0.0971208039966
0.0931396176191
0.086466197959
0.0862617408499
0.0858135851052
0.0849523114093
0.0839724098411
0.0823986033534
0.0808661807721
0.0791013502312
0.0771623280504
0.0750697244521
0.072823326116
0.0704218394293
0.0678582879641
0.0651241485401
0.0622111054232
0.0591147316593
0.0558337849798
0.0523910188252
0.048789095383
0.0451580362278
0.0415077282319
0.0378713382387
0.0353425691188
0.0328178274942
0.033898785254
0.037599996195
0.0359729520297
0.0369032405069
0.038661966484
0.0407876172468
0.0430064944596
0.0451808251718
0.0472524250423
0.0491242201097
0.0506090062953
0.0517265204504
0.052565615957
0.0531914539619
0.0536451089324
0.0539653496775
0.0541797093688
0.0543149124021
0.0543897447615
0.113944389851
0.11394527731
0.113951014923
0.113953778762
0.113951508956
0.113907024343
0.113874604597
0.113847416896
0.113822497397
0.113785465781
0.113816597222
0.113796984906
0.113762622059
0.113745586602
0.113696094134
0.113405587333
0.112925672518
0.112934917735
0.112947642002
0.112887230553
0.112826273218
0.112786765646
0.112678335952
0.112434712311
0.112082395154
0.111774864471
0.111425049948
0.110943841413
0.11019213544
0.109224165664
0.108270285573
0.107245392898
0.106069364241
0.104576257575
0.102597920546
0.100157539596
0.0969529106923
0.0924226253754
0.0865106421464
0.081741031381
0.0838491334515
0.0840706669453
0.0826845830879
0.0810355062921
0.0791140269757
0.0769961039672
0.0747335464138
0.0723302851851
0.0697787063732
0.0670630805885
0.0641642486624
0.0610615359287
0.0577351776654
0.0541672076869
0.0503573943036
0.0462987062057
0.0421286159931
0.0377839306965
0.0335434453621
0.0303913003559
0.0261457245603
0.0267855640843
0.0299641220701
0.0297572633828
0.0319434294439
0.0347840047067
0.0377750778009
0.0406585626586
0.0433369524752
0.0457895088635
0.0479939775574
0.0497560317408
0.05105742428
0.0520146400255
0.0527188043449
0.0532263003994
0.0535770830124
0.0538061738059
0.0539446194025
0.0540091675662
0.113943640358
0.11394322486
0.113946876395
0.113944341707
0.113934607611
0.113892452035
0.11386375619
0.113840513814
0.113820858738
0.113803419758
0.113819249281
0.11378887514
0.11373589767
0.113659510844
0.11351676843
0.113148309301
0.112961062714
0.112981776315
0.11300326406
0.112807376108
0.112667530594
0.112668307573
0.112621415341
0.112472950128
0.111916155187
0.111797393269
0.111621522401
0.111411735285
0.110678206681
0.109545533722
0.108741425042
0.108054299587
0.107411967341
0.106629161952
0.10555080079
0.103954058686
0.101970669054
0.0990680647874
0.094748242179
0.0849421668283
0.0850841286183
0.0853603963089
0.0837348713767
0.0816353236679
0.079375831326
0.077006437557
0.0745514353535
0.0719929826936
0.0693042335915
0.0664545395102
0.0634110970743
0.0601383193743
0.056596952939
0.0527425673475
0.0485323473608
0.0439165086393
0.0389605170094
0.0335710960805
0.0286673590586
0.0253013779106
0.0200076500705
0.0189617472197
0.018742757066
0.0216747791668
0.026201059507
0.0307120431947
0.0348440817129
0.0385028653639
0.0417157179991
0.0445409230657
0.0470468868648
0.0490615857988
0.0505298821118
0.0515973977711
0.0523687510915
0.0529202061685
0.0533001291477
0.053543747272
0.0536837346923
0.053736512476
0.113943294129
0.11394342937
0.113943315349
0.113931989171
0.113916831671
0.11385935377
0.113840817211
0.113826130981
0.113810777427
0.113794462884
0.113779012486
0.113760841289
0.113714697247
0.113652927454
0.11349004129
0.113239143291
0.113130835651
0.113189873623
0.113134770628
0.112606818533
0.112631888424
0.112640274934
0.112535467712
0.112266781603
0.11201543238
0.111962928452
0.111777747068
0.111554528467
0.111383694136
0.109536509239
0.108840081965
0.108574636944
0.108501427335
0.108516120985
0.108528909086
0.108525355398
0.108499519593
0.108409118013
0.107939809965
0.093865017516
0.0905403895984
0.0882062951385
0.0853377828573
0.0824368801743
0.0797238679797
0.0770950937067
0.0744733426785
0.0717941031408
0.0690051147205
0.0660602608626
0.0629146411705
0.0595199653393
0.055819619324
0.0517419307496
0.04719297889
0.0420376194607
0.0361301622089
0.0291592176376
0.0219911079064
0.0142738526441
0.00466972448151
0.00915168288814
0.00229675678151
0.0119461415461
0.020292984598
0.0269648610963
0.0323638273443
0.0367862510267
0.0404806872636
0.0436236858621
0.0463607796219
0.0485594055764
0.05015554629
0.0513108010589
0.0521368415355
0.0527209497641
0.0531224728259
0.0533804029315
0.0535290512777
0.0535863719704
0.113944123948
0.113945245306
0.113938399204
0.113922230619
0.113897174958
0.113866708101
0.113845314003
0.113828234219
0.113811590444
0.113794793926
0.113777861184
0.11375934647
0.113751431114
0.113707318261
0.11357688604
0.113369624282
0.113210707025
0.113126068457
0.112987895209
0.11277863016
0.112708034208
0.112681320655
0.112552606787
0.112317079361
0.11208707841
0.111902081307
0.111640965562
0.111326705308
0.1106353661
0.109697204121
0.109138598659
0.108901712304
0.108794983593
0.10874031786
0.108715546134
0.108725793648
0.108779339891
0.108897987019
0.109194873941
0.108978660982
0.0987993384549
0.0909301681961
0.0863449456848
0.082868593976
0.0799010479745
0.077145482825
0.0744487224829
0.0717175801854
0.0688865992371
0.0659023529534
0.0627145405662
0.0592692824756
0.0555021768462
0.0513286280923
0.0466283957832
0.0412131664295
0.0347723684157
0.0266536397352
0.0157864766019
-0.00364593585048
-0.0220599446913
-0.00316936816949
0.000412362417095
0.0013760691719
0.0158895119633
0.0244688918983
0.030861556079
0.0358058431879
0.0398026478053
0.0431356318705
0.0460081351784
0.0483021932202
0.0499618162588
0.0511651972079
0.0520240859564
0.0526267345483
0.0530384546792
0.0533047341356
0.0534645024924
0.0535282889865
)
;

boundaryField
{
    frontAndBack
    {
        type            empty;
    }
    upperWall
    {
        type            zeroGradient;
    }
    lowerWall
    {
        type            zeroGradient;
    }
    inlet
    {
        type            zeroGradient;
    }
    outlet
    {
        type            fixedValue;
        value           uniform 0;
    }
}


// ************************************************************************* //
