/*--------------------------------*- C++ -*----------------------------------*\
| =========                 |                                                 |
| \\      /  F ield         | OpenFOAM: The Open Source CFD Toolbox           |
|  \\    /   O peration     | Version:  v1806                                 |
|   \\  /    A nd           | Web:      www.OpenFOAM.com                      |
|    \\/     M anipulation  |                                                 |
\*---------------------------------------------------------------------------*/
FoamFile
{
    version     2.0;
    format      ascii;
    class       volScalarField;
    location    "532";
    object      alpha;
}
// * * * * * * * * * * * * * * * * * * * * * * * * * * * * * * * * * * * * * //

dimensions      [0 0 -1 0 0 0 0];


internalField   nonuniform List<scalar> 
6400
(
0.875868484355
1.38170410062
2.17476776053
2.66685002598
3.13955257442
3.62186892695
4.26598270633
4.99365802639
5.35783825267
5.94997202988
7.15851205064
7.94471680384
8.58942622308
9.33247712685
10.2793708497
11.2686320437
12.1253633372
12.9302673275
13.6080081378
13.9748683231
14.0991313769
14.3305315841
14.886737273
15.7653630748
16.7403602107
17.6044401629
18.2906903948
18.9186836297
19.5973834579
20.3413809434
21.095712009
21.651845769
21.933698603
22.0742513098
22.1074972873
22.0082607904
22.0860955569
22.4316413368
22.4252669722
22.1720224257
22.3211213231
23.0150130435
23.7246365601
24.0885705164
24.1674020875
24.0512701426
23.8095620533
23.4926790514
23.1133780526
22.6917913404
22.1262795692
21.1609627955
19.9131053902
18.4308260766
17.209598033
16.3485285009
15.0380102551
12.8955921533
10.6119931143
8.96906770248
7.24283453821
5.45529416373
3.56425744594
4.54860415873
8.5508210479
13.4964544084
16.503749576
16.2337931964
14.2764845279
12.7034157684
11.8794818521
12.1186401117
12.6881957804
12.5888136604
14.6474018088
14.0940649351
15.969114685
9.8719344388
12.8693651828
4.81128250362
3.13627399928
2.49357825893
3.0938646813
4.33718281246
4.2091598688
4.06441923441
4.25358204107
4.67406110259
5.27975945753
6.05558230037
6.99998957128
7.94132673536
8.76621610484
9.55442937308
10.3547519853
11.2736685324
12.2378401586
13.1645585699
14.1771828299
14.3626699049
14.2774066037
14.4666036778
14.9771834304
15.8337931049
16.9621737017
17.7555327531
18.4052511091
19.0789164438
19.7771966444
20.4885100058
21.2069569184
21.8740272372
22.1522422993
22.2913072947
22.3673474093
22.1531015581
22.2939932103
22.6623455046
22.5875008166
22.1584948053
22.2697173236
23.6984814083
24.8088849831
25.0597681945
25.0659345686
24.8376258314
24.4503071103
24.0312447972
23.4319754604
22.7978173004
22.3260620952
22.0552275792
21.0921147904
18.6561960587
17.5946829051
16.4329166467
14.3451506198
12.264368344
10.296767064
8.36262248077
6.62053843568
5.84801738166
3.97328685629
4.94018500832
8.66593315016
14.5326597319
18.3025861767
17.0539325553
14.9180696466
13.0334416858
12.3759927575
12.8306998752
13.9572519092
13.3997925754
13.2638447385
12.7494247367
11.5579769629
9.72256293405
8.17377308746
4.2590127441
3.20410783643
2.80093275356
3.31213064959
3.56625076379
4.0618799515
4.47942743897
4.45737647788
4.58487082512
5.1875174221
6.03417663037
6.98377560679
7.94488331249
8.81793007286
9.61222953435
10.2676891725
11.095913585
13.7850557918
15.8014430937
16.182222711
15.5202292533
14.0871981795
14.0988111366
15.1158035502
16.0278259538
16.8669767754
17.742136945
18.5152509106
19.1919741328
19.8690004982
20.5812141362
21.2586040138
22.0337183686
22.3179461765
22.179637802
22.6537877321
22.453847225
22.1896095848
22.8063497407
22.764042025
22.3845639739
22.5078057828
23.1974582767
23.8977480005
24.2681592814
24.3718062606
24.2990644707
24.0907388782
23.767779641
23.3328395067
22.8101560081
22.202945059
21.3999328753
20.2743176232
19.1286454939
18.0301788131
16.2636025145
14.2515003881
12.2726960867
10.3503605001
8.5351182307
6.97728649599
5.52404730489
4.55033209552
6.23995750333
11.0224842068
15.5208561389
17.7363694865
17.8762917203
16.3244770825
14.6939560345
14.0478251885
13.9902730824
13.3593142101
12.7877498389
12.7743612079
12.4375534602
11.4586800202
9.83734096768
7.4054466037
7.58555667653
3.17891168148
5.47492988243
3.59996099081
3.69969502112
4.38259239873
11.8454334154
10.2210687573
5.18300031191
5.16757380471
6.03789737187
7.0087498106
7.98750444616
8.83619622077
9.66040117541
11.392439421
13.5170645848
15.1807227268
15.5556512432
14.4142486146
13.5292449769
13.8161448866
14.3537863398
15.0732553696
15.9919604556
16.9578690516
17.8729911654
18.6787744156
19.3294913597
20.035661026
20.6615497583
21.5027424201
22.0202740819
22.6550006459
22.535989611
22.1325025517
22.561794843
22.3967163364
22.248350504
22.4089332234
22.5620775967
22.8386838863
23.3680990576
23.9304516946
24.2959275242
24.4391846797
24.4033512516
24.223529837
23.9217687659
23.5078283686
22.9904477703
22.3565567055
21.5514602521
20.5402756754
19.3863409339
18.0244416119
16.3055464648
14.3526847675
12.3903458629
10.530509784
8.86107970854
7.48662092192
6.49355612033
6.28490059063
7.44596141755
10.4065152176
15.9184526177
19.4370226032
19.6327710646
17.993647578
15.6672421192
14.1001964544
13.3506212424
13.5461730467
14.9558096988
14.8942158039
13.5727744224
13.4263181387
16.7041637596
13.1123834931
11.1349637397
5.6088195755
7.52857910094
4.32130669698
4.63881525172
6.51944665488
11.7355675229
8.14749703943
5.60277555625
5.68729380474
6.2617652344
7.15616573246
8.15102074419
9.56862694875
11.9007834907
12.9207473734
13.2849532726
13.2578700709
12.9986708083
13.0416254002
13.5830766498
13.952568598
14.3933799486
15.1650965837
16.0997662311
17.086905084
18.0387650599
18.8067546652
19.6064221947
20.1556282248
21.0166497786
21.540895195
22.7483375031
22.57585229
22.1240782516
22.2922491674
21.9949231218
22.0576471485
22.2829207567
22.5388324049
22.7884126494
23.1042861154
23.5515030042
24.0244682256
24.3727347986
24.5407335814
24.5366989231
24.3849808458
24.107413882
23.7167868015
23.2155274133
22.5875288384
21.8003836531
20.8325615644
19.6725418948
18.2425208867
16.4939468098
14.5698741133
12.6798844266
10.9673112563
9.54322983611
8.5124346828
7.98723896788
8.18770457222
8.60871786546
10.5779436557
15.4113150191
19.5099171401
20.9355950035
19.7931215034
17.0536638971
14.6075449575
14.3116130495
16.5705256075
17.4397687736
16.4001267702
15.4794427138
18.1200548001
21.1236705936
16.4459224388
15.562722648
9.91099298077
9.06876810451
5.37928865374
5.96612356116
12.0147612367
11.4787227052
6.4681929524
6.18042400311
6.30328947622
6.61075513124
7.41408665641
10.0749947025
13.3235889702
13.748070704
13.3754222041
12.4112598572
11.9939813691
12.3020775132
13.2249425121
13.5643047838
13.8313651723
14.4627631659
15.3150751628
16.2887817425
17.2013801618
18.1670517843
19.2262038464
19.7118632698
20.7519726163
21.0596623377
22.538718146
22.5017037749
23.3224742422
22.4051107851
21.6392456181
21.6823405739
22.02949219
22.3956869529
22.7204802183
23.0204954478
23.3566693665
23.7626738004
24.179267067
24.5078559776
24.6884462802
24.7096001392
24.584586735
24.3341731264
23.9730648264
23.5013099347
22.9019241291
22.1467470908
21.2036694117
20.0281293538
18.5635050752
16.8325954192
14.9998506332
13.2653874181
11.7732283247
10.6347620544
9.92159817751
9.77375120257
10.4417063414
9.57457995763
12.3367714805
17.2840784337
20.7971761738
22.1982523582
21.3058528093
17.9642705197
15.8007114712
17.6093000866
19.813697605
19.2906146222
18.2902017672
18.3600434551
22.9038008566
24.4783806469
19.4851468551
19.2855416755
12.0206401194
8.88139827122
6.5424493
6.13740609832
11.944588886
8.29872828626
6.64967279662
6.75807087629
6.87391297989
7.55942536769
8.02706567921
13.0958227295
13.7570037186
13.7788400832
12.3877903371
11.3273511268
11.5647629515
12.886898574
13.2077306592
13.2546926452
13.8478778474
14.5803285514
15.4346018547
16.406328253
17.5287397925
18.6098234376
19.2503009007
20.6308204481
20.8164307335
22.4324104086
22.2391700082
23.296892762
22.712770872
22.1498253373
21.4297890591
21.6101442131
22.0998445833
22.5527639464
22.9208572264
23.2549455777
23.6095500891
23.9983959709
24.3829261999
24.6959548779
24.8834253338
24.9244848522
24.8259171962
24.6079422157
24.2859379142
23.857831175
23.3033616581
22.5890290904
21.6703485504
20.4973623551
19.0490293792
17.4009048954
15.7302849563
14.2154602501
12.9573964949
11.9982773844
11.4295284756
11.295306765
11.1260233678
11.1480872399
13.765965214
19.868550819
22.1854945002
22.5392296629
21.5037176318
19.2612096171
19.0174488124
21.5733137056
22.0112386727
21.1736933252
20.5833955223
22.5384688055
25.2639276422
26.7103049534
22.1340987972
20.9967425882
11.7144225496
8.48667726919
7.66778101528
12.0819734737
12.0251549015
7.25077922454
7.28468109956
7.41954554686
7.52738694614
8.08441967319
12.8648758982
13.793868333
13.8545284659
13.3428032425
11.1682300563
10.8831613971
12.457253183
13.0439903435
12.8226593805
13.1283925223
13.8956129994
14.7705496574
15.6505133856
16.6823146522
17.6301632193
18.9953575468
19.3579467092
20.6431537871
22.1832059284
22.5635122249
21.9098777975
22.7308048959
22.8166715983
21.5208888667
21.4027116155
21.7516521503
22.2433579091
22.7227401503
23.1304914596
23.4977715598
23.8717485789
24.2595736281
24.6296048761
24.9328824771
25.1249280163
25.1834862331
25.1134012772
24.9349991809
24.6631123392
24.2926186362
23.7981056098
23.1381226825
22.2614133625
21.129592081
19.7621250082
18.2708941912
16.8197222302
15.5163213066
14.3669416689
13.4048752656
12.8012494051
12.5859895238
12.5980926638
12.9552590253
13.0656910255
19.9275884227
23.9511798785
23.9786596988
23.410300386
22.4833306588
23.3194224796
24.6743691843
23.9908428132
23.3073308705
23.5129203128
25.8180472958
26.4699609571
27.0328323824
24.1538550089
22.0176744921
10.9598549804
8.36705856191
8.32763844274
13.0464639584
10.9503516962
7.8272906196
7.97207439944
8.2349809888
9.47736603042
8.17220080327
13.6387602948
14.3013371994
13.8851913543
12.0622416317
10.758152426
11.0226373937
12.547325525
12.7425877686
12.7033102978
13.1574426018
13.900717614
14.8634587187
15.8527438293
17.3119244792
18.5461928567
18.9503575806
20.9032197209
20.5152639191
22.4064419417
21.9176204751
23.1812605395
22.0055355367
21.57298161
21.4212126152
21.5710280257
21.9488864986
22.4213295663
22.9067955177
23.3497409075
23.7545656045
24.1518380917
24.5472134401
24.9150391769
25.2155753378
25.4124232742
25.4886567201
25.4515744735
25.3213536782
25.1109806045
24.8123555951
24.394964595
23.8108111132
23.0092921626
21.973724111
20.7604675285
19.4920427747
18.2698017568
17.0697776867
15.8232349442
14.7290085405
14.1853191897
14.2793127909
14.620991284
14.8362944211
14.6851268796
16.4932892262
24.0792518975
25.7787563492
25.7968539422
26.4454487667
27.4945387023
27.1329843982
26.1137762194
25.9094082996
26.886445608
28.0505765298
27.8688003249
27.2329677071
26.2035538322
24.8283856267
10.3814212183
8.76963894814
9.48493987246
13.1018573764
8.90781609811
8.84018078389
8.66544240081
8.92554558438
12.0932536908
10.790703103
14.4726108544
14.5594389885
13.9402193045
11.32980582
10.7749142965
12.3964672478
12.7888058565
12.4860618455
12.6707459971
13.3195841142
14.0356524655
14.9431566873
15.7922970067
17.480637231
19.6377536641
18.8889419629
20.8527060958
22.0933098689
22.6578470875
23.2003844975
22.3491617032
22.3049149404
21.2546991219
21.3268090521
21.7368584547
22.1664393449
22.6251891491
23.1075664269
23.5778812637
24.0239832977
24.4535044628
24.8647715665
25.2379178121
25.5416989239
25.7468357894
25.8429994179
25.8439223911
25.7712444807
25.634608394
25.422873308
25.1028999875
24.6243935443
23.9444705496
23.0725426356
22.0892162622
21.0841642458
20.0157152597
18.6901663322
17.1995281201
16.1598910933
16.0553732367
16.6617669235
17.2093542498
17.352894835
17.064106536
15.7915318131
15.9440978826
27.4771096747
30.3316731284
31.3159634602
31.1367261087
29.6778070965
28.7364828621
29.0046651411
30.1321478572
30.4284459569
30.1373844697
29.8065908311
30.1262143378
30.3010321146
10.3111266964
9.58023789159
12.9337220621
13.2323616043
8.96363971547
9.58551066453
9.35178490751
9.86125179327
11.5549817857
14.3200207873
15.2807918515
14.8089418281
14.1567165668
11.3052343264
10.9234620967
12.9267693957
12.8807481693
12.4540585033
12.699093137
13.461789512
14.4144394631
15.3050731861
15.9836826599
17.1080457797
19.8127685926
20.9877270349
20.4392442957
22.230208667
21.4352188716
23.2361461973
23.4922149665
22.2413856082
21.2139065843
21.4385213809
21.9346176015
22.3952882865
22.8532316751
23.3324777144
23.818186901
24.3036709803
24.7757762425
25.2132318776
25.5986559709
25.9107133531
26.1283887975
26.2496492115
26.2951230859
26.2880491941
26.2359124702
26.1262966208
25.9267616953
25.5906174324
25.090106558
24.4600066081
23.7753986436
23.0093099909
21.8673291863
20.2083133033
18.7725831313
18.2776315064
18.9591139094
20.1097366253
20.7855285909
20.8348201168
20.2033295027
18.6606247266
16.3443422079
17.4076888509
31.7138531765
36.9472665186
35.5537866257
33.0609591015
32.1828073036
32.6398566632
33.3933725128
33.6774160543
33.9162434197
34.3717067911
34.9530428909
35.6106195515
10.621544514
10.4287552354
14.5626725592
13.9034525775
11.955770236
10.7924749654
10.2587123274
11.3273661614
10.981899149
15.2780803443
15.9089468592
15.1296870325
14.2102934019
11.8932314707
11.6862002461
13.3977327292
12.8910847203
12.5305771592
12.8189664316
13.5090918067
14.570595538
15.7663870317
17.4834915847
17.2538796438
19.3053737865
21.3742862616
20.3105122175
22.5091253177
23.2742066166
22.3554412682
22.5153415144
21.5134267184
21.5133879156
21.7712182561
22.1897509821
22.6492401024
23.1117307306
23.5916206155
24.0790787277
24.5884873889
25.1110766619
25.5941875856
26.0003855459
26.3230556166
26.5580389963
26.7116294105
26.8088914518
26.8738310641
26.91372723
26.9184879578
26.8610091613
26.7086340208
26.4585552462
26.1540319317
25.793399249
25.0853261806
23.5760599327
21.8855952115
21.1632982294
21.6442974035
23.3093524905
24.8869638168
25.6429876655
25.730220589
24.9676524508
23.1143870176
20.0993731141
16.1345331895
26.752472256
37.6190423795
40.5101782458
37.6335174438
36.7960369669
37.170850631
37.7431415554
38.0489981814
38.8960529436
39.5980536551
39.5449952791
39.7503184784
11.1950688691
11.0631837364
14.2847602169
14.3646930569
14.3654337163
11.8998924861
11.2983316679
14.2167373794
11.3158870579
16.1341268954
16.3872883848
15.4614447608
14.267520703
12.4806338446
14.3650152359
14.4605142526
13.062449536
12.7429675431
13.0715423525
13.6578060445
14.535747978
15.7537302916
18.8047338076
19.746341748
18.77111538
21.4536765196
22.3557689064
22.0669989817
23.2464351525
23.5415845972
22.8911593384
21.5396475393
21.7199122738
22.1070295974
22.5001913364
22.935176697
23.3867264177
23.8823657965
24.3912542708
24.9036678185
25.4529046233
25.9909097527
26.4405290873
26.7829425754
27.0384410056
27.2314047019
27.3881333729
27.5289021654
27.6619079714
27.7842691353
27.8841470679
27.9603646143
28.0406645627
28.1282585126
28.004832707
27.0128275551
25.2579081894
24.6681734526
25.6751423991
27.4960076125
30.040821914
31.6935208657
31.9311231284
31.768712665
30.1877046826
27.6219596993
24.3191422426
18.0577856569
19.2909705583
33.0414420894
40.1924267732
41.3237383376
39.8799944064
40.942931129
41.9813997133
43.3320560432
44.5470334535
45.0674176535
45.0541342917
45.2437272152
11.8283981978
11.744926507
11.4026816731
14.6732060975
14.8767124467
12.6396154153
12.237098135
15.1800199151
11.9418757679
17.0124352771
16.8153482939
15.8068435484
14.4384188739
12.7748356146
15.5297908855
15.001036967
13.4715389915
13.1277510928
13.4193616465
13.9763061754
14.6264034548
15.6537107163
19.335838489
20.8172237176
19.1144865982
21.5116277749
22.8874923002
21.5084817711
22.8811997145
23.0668653493
21.7776122995
21.896030762
22.1736766207
22.4930016646
22.8422146913
23.2756555212
23.7193114214
24.1811513456
24.7151594632
25.270337342
25.8358526766
26.4056316311
26.9040561347
27.2846725661
27.572418279
27.8130195988
28.0347093251
28.2482951223
28.4661542351
28.6973112175
28.9529336667
29.3005195639
29.7924403695
30.2977077069
30.1127900473
28.5694845179
27.6701961833
26.5760145895
25.27086784
25.195650343
24.9115973501
21.6376491371
14.4255036553
9.11150736178
1.40352049764
0.395343407116
4.65348936563
15.7727749402
21.867168768
21.9878875108
44.3575696351
48.5992184997
47.9944944591
43.5650629037
40.7394031091
44.1985120106
49.2720985363
50.4587903405
51.8388753632
52.3610986097
12.6409455732
12.7281427788
15.303168393
15.2938443107
15.3002945532
13.2671988838
13.2643850685
15.9986659628
12.9352494368
17.767876624
17.2207239178
16.1735712155
14.6890863629
13.1530238351
15.7976043928
15.1652078268
13.8802260235
13.5682556418
13.7978811008
14.2902718366
14.8833367314
15.6899055752
18.7146961072
21.6339116352
21.7616774146
20.8565622274
23.1067966638
23.8496897067
21.6362436343
21.439372991
21.7129217125
22.1337396923
22.5265347699
22.8774419823
23.2442613702
23.639859403
24.0811807119
24.5575856376
25.0631348567
25.6489988873
26.2629740105
26.8624506505
27.3948221674
27.8175626521
28.1555958465
28.4563674145
28.7468509279
29.0330298125
29.3138720261
29.6062575424
29.9968281331
30.6470467572
31.6033543363
32.4029238549
31.703815982
28.8576428698
21.2884424964
0.0587846412643
6.46570094158e-05
1.21208778705e-06
2.05457186171e-08
5.94438616046e-11
1.6892647882e-13
2.92408537502e-18
2.2872282559e-18
5.55286424792e-18
3.74306952997e-17
1.75323287002e-16
6.47645097343e-16
4.11568338275e-15
3.22248821416e-15
2.79568372921e-13
1.59121117188e-10
1.59950676388e-08
1.21375543614e-06
0.000279498547714
4.70484007493
54.0993043782
58.0046718521
59.7282989978
13.4017443355
13.5913942248
16.9073847636
15.9325922353
15.3712679949
13.904834725
14.2641409174
16.6798474861
16.6536970057
18.7019528394
17.6827510632
16.6297413123
15.0194839376
13.6778374756
16.0817119873
15.2723646145
14.2781842162
14.0184600694
14.1790186192
14.5926470479
15.1580316111
15.9458379618
18.1745239686
21.8980690411
23.1466059057
20.5363481828
22.6465913442
23.8982846474
23.5428046745
21.9181267042
21.8167405661
22.3640771687
22.890773524
23.3160450005
23.6297363202
24.0326894521
24.4618370338
24.9533620349
25.4734424938
26.0607249751
26.7172720356
27.3655769128
27.9223505516
28.3678328283
28.7651433126
29.1785316444
29.5777399068
29.9062509711
30.1433143404
30.4341460895
30.9607733752
31.8745543777
33.2503130433
34.1565635513
28.1987455443
0.0870006500173
3.2507358286e-08
1.31639113507e-10
3.80679006766e-12
5.54198852326e-14
4.50274856179e-17
7.51326748071e-20
5.296136728e-21
0
0
0
0
0
0
0
0
7.36602301147e-25
2.48440706758e-22
3.71614342521e-20
2.15598740911e-17
3.01138529482e-14
1.63074210231e-09
2.47647874505e-05
29.2475555659
62.0778869004
14.0225299796
14.234397107
19.0751620405
16.4200811383
15.1840351003
14.4727224539
14.9783636157
16.6969014617
18.2417330279
19.7803161713
18.30062907
17.2179097736
15.5980768922
14.5003236353
16.5729891425
15.5357796372
14.7582916955
14.5204941073
14.6002550426
14.9314836174
15.4284516335
16.1599391058
17.9546384598
21.7747393355
24.1431027027
23.3179305851
22.1155723147
23.2644698868
23.2519312859
21.8483173922
22.2774685825
22.8596304986
23.4368331039
23.8093960015
24.138911952
24.4597959856
24.9022383347
25.3767925984
25.9201274397
26.5235912483
27.1944784447
27.892926281
28.5249735679
28.9946873037
29.4381131243
29.9688856133
30.488865086
30.8215853711
30.9691946489
31.2204259594
31.8129572934
32.7911456946
34.2297748217
28.6203468914
0.000215267331248
4.70632029509e-11
1.54346813966e-14
6.24114769762e-16
8.50961700648e-18
2.33356825001e-20
0
0
0
0
0
0
0
0
0
0
0
0
0
9.49111980891e-24
9.43149162564e-23
2.06758731537e-21
1.00254449856e-19
5.56735964747e-16
4.63406755963e-07
8.93291322069e-12
14.5069210356
14.7074351527
21.1489973708
16.7903952339
15.2658617452
15.004109696
15.7816000452
15.9990720202
19.1938848244
20.5512057772
18.9032543732
17.8225864029
16.3804892153
16.4181976326
17.2599931815
16.0430151649
15.4364756631
15.2225730625
15.1301355878
15.3580748116
15.7521451494
16.4085851227
17.930921208
21.6422711051
24.5590311013
24.9772282806
21.8076707188
22.1115549438
21.8921602607
21.9734949429
22.5830234568
23.3701070916
23.9444643874
24.3415680379
24.6854060714
25.0922162505
25.4067695999
25.8690801291
26.4074539528
27.0072592258
27.7438509368
28.5041045715
29.1753037926
29.6060358831
30.0507525199
31.2670147331
32.9476887391
33.4579856088
32.4427062472
32.3683002966
32.8503770213
33.7807090801
27.1473935129
2.49050052599e-05
3.75351053542e-10
1.68388384198e-21
1.70158548266e-18
2.7765185802e-20
0
0
0
0
0
0
0
0
0
0
0
0
0
0
0
0
0
0
1.4663482544e-22
9.92986818262e-22
1.83115002047e-19
93.9803173363
14.9371231287
15.1038488867
20.9634523528
16.1726500801
15.4456116448
15.464198303
16.6961489693
15.9619052501
19.9957548135
21.2739989558
19.4817538299
18.3879066578
16.9847369011
18.6793629946
18.2263380353
16.7559862075
16.2195491634
16.3009436573
15.8839231432
15.9547113146
16.175886129
16.6951024725
18.0514882907
21.4956924334
24.431385132
26.0901582271
24.6372616087
23.5551709058
22.9725871269
22.254119179
22.9002223138
24.0431077081
24.3883936932
24.8713698424
25.5058449511
25.6958730921
26.0098946804
26.4709926337
27.0194196311
27.6156470669
28.2867304264
29.0937359762
29.9031193873
30.7778955936
31.8735736002
33.4797041662
34.7385196385
34.5931046401
34.3937536076
34.8616058959
35.7461847761
31.5067164984
0.000113258246196
1.03382161881e-09
1.35877498401e-13
1.84547686726e-15
0
0
0
0
0
0
0
0
0
0
0
0
0
0
0
0
0
0
0
0
0
0
4.5119299401e-22
3.28402454915e-11
15.4428366209
15.5878758392
20.5780863804
15.8074769384
15.7313981087
15.8389948996
17.4798653926
16.4115002319
20.6857049659
21.9844236889
20.0616016106
18.9625596528
17.4965227899
19.4164165743
19.1225492203
17.5441104916
16.9907936394
17.1875406546
16.7896792929
16.7749981003
16.8047895931
17.0248738997
18.3336035959
21.4780184864
24.1583421536
26.4318685569
25.8558232142
24.0417897716
22.2885705038
22.7815486831
23.4550968366
24.5563841449
25.3100171142
25.9060535183
26.3558609628
26.402079352
26.695300254
27.1712018791
27.7277607215
28.3502863682
29.020209854
29.9016899787
31.067350371
32.6356850603
33.667372109
33.9464164385
34.543050137
34.9693827552
36.7147610711
38.8306563694
37.9003061818
0.00103200287192
1.3703027953e-09
2.36301691533e-13
4.84666938257e-16
1.17347188837e-17
3.938946807e-20
0
0
0
0
0
0
0
0
0
0
0
0
0
0
0
0
0
0
0
0
0
7.58245001352e-23
1.00322739331e-22
16.1980589305
16.3438894729
20.2184783022
16.0775216426
16.2933248084
16.3170066654
17.4557991908
17.1405905917
21.1744015632
22.6599700916
20.6798007131
19.5919063856
18.1357171032
20.0937136471
19.9365913014
18.432655865
17.8289437007
18.0557104072
17.6717882931
17.7436613231
17.7173162538
17.5181521389
18.8115648769
21.6467356041
24.0342974558
26.5345298885
26.4001509456
24.7252538244
22.7581368913
23.0141689447
24.1236324704
24.6853872135
25.295056881
26.1178765671
27.3093713479
27.453004651
27.6564407864
27.9749645887
28.488223123
29.1898518216
29.9727246048
30.9858502788
32.9556347062
34.7439128173
34.8531175879
34.9178550676
35.9747959227
39.1714907414
43.3409144346
42.2256419197
0.000294846434559
4.89791695851e-11
2.02687257345e-15
6.6454499744e-19
4.16966347284e-21
8.45156994881e-21
1.29784577227e-21
0
0
0
0
0
0
0
0
0
0
0
0
0
0
0
0
0
0
0
0
0
5.60441133597e-24
2.54479850846e-23
17.3403726089
17.4431259313
20.4804714255
17.0213282604
17.4706382398
17.1733371098
17.7393494113
18.4868777572
21.1887808415
23.1605229903
21.3661172585
20.2975872475
18.8872831472
20.8645538371
20.7804275032
19.4904825286
18.8608087252
19.0780465834
18.5616683481
18.8140216208
18.9551627035
18.2493854958
19.3534170032
22.0012902194
24.0989943025
26.3934017632
26.6471977959
25.3443958608
24.8630140391
23.9043043773
24.5631790287
25.5864807672
26.8194348899
26.7170003858
27.5130335986
28.522728583
28.7203337171
29.127771939
29.5240000436
30.1177011422
31.0466041963
32.9950188198
35.7695839205
36.6052626016
36.2507712544
37.3260332505
41.8627978342
48.752392974
48.3704537672
1.06056765828e-05
7.42060858099e-13
6.92814992862e-18
4.74046856889e-20
0
0
0
0
0
0
0
0
0
0
0
0
0
0
0
0
0
0
0
0
0
0
0
0
0
0
0
18.941285525
18.8011229025
21.2737999997
18.9429855493
19.4626588135
18.4472409935
18.6762260383
20.4433250869
21.3842595424
23.7725325089
22.1757070943
21.0905562676
19.7277645802
21.6734545959
21.6198532616
20.6595460191
20.3887140335
20.4209146391
19.5439530451
19.9866997426
20.5047563957
19.3108731872
19.7720797595
22.439682914
24.3587957073
26.2624537592
26.8347348207
25.488120761
26.0649044337
25.5293953051
25.6789424671
25.2642511348
26.47306843
28.0285970602
28.4935347386
29.2337637847
29.7878166598
30.2148720946
30.7801409968
31.3947179708
32.8800557611
36.1979422012
38.4982473939
38.750057547
39.3536433484
43.2248951877
51.155430379
51.0157738321
1.50439221097e-07
6.62227965701e-15
1.15771425811e-17
5.3010259755e-20
0
0
0
0
0
0
0
0
0
0
0
0
0
0
0
0
0
0
0
0
0
0
0
0
0
0
0
0
20.6425789601
20.081187377
22.1442234106
21.5025431477
21.1997516422
19.934810349
19.7184527512
21.5960228166
20.5735765796
24.2479739039
23.091154808
21.9633838261
20.6486125612
22.4977347788
22.401314561
21.6363972802
22.5294544369
22.0458797695
20.6552868162
21.2931138303
21.875835635
20.6857842276
19.9172920092
22.4394579965
24.5490628759
26.1710024109
26.9124560543
25.5829540772
26.4552165742
26.841903183
27.0398172227
26.058646384
26.7740388464
27.9305427664
29.4538153372
30.4887156742
31.09483191
31.4816344665
32.0184471318
33.1477937478
36.2207505357
39.7774105535
41.460591941
42.2819146328
44.8827448694
50.838093403
48.1438011927
7.75805880706
1.78310616269e-14
2.58142237188e-17
9.04063914611e-20
0
0
0
0
0
0
0
0
0
0
0
0
0
0
0
0
0
0
0
0
0
0
0
0
0
0
0
0
0
21.4945494531
20.9915989792
22.7095443067
22.573408324
22.2899030787
21.3533701609
20.9364717378
23.0018789953
21.6334907165
24.8590024576
24.0178477115
22.8843019073
21.6449629064
23.3561549829
23.1998774981
22.4610117433
23.5144525768
23.1693686611
21.7489276977
22.5929018942
22.6323592786
21.51462306
20.9883061231
21.206062791
24.0745456911
25.7023574568
26.7251414586
25.5824713656
26.5475432834
27.4051755327
28.1548602384
27.9495578141
27.097417573
28.0074923236
29.7198729576
31.3970275677
32.5204926267
33.1834755699
33.7367286015
36.2714187541
40.3324854777
43.3968430888
44.8054575985
46.4918843809
50.4725984768
44.3035839461
16.1196261375
9.41989054655e-14
8.48544016466e-17
2.41669728882e-19
0
0
0
0
0
0
0
0
0
0
0
0
0
0
0
0
0
0
0
0
0
0
0
0
0
0
0
0
0
0
21.616216401
21.5847172381
23.0747534221
22.8221519509
23.0018946252
22.4681545654
22.0087618009
24.3862033336
23.3559137387
25.6522096024
25.0066688306
23.8403230629
22.7118917753
24.2638486838
24.0726468931
23.4231459053
24.3389352013
24.1569541668
22.9049004276
23.6432239814
22.4173695068
22.2932232639
22.0596093652
22.3362345618
23.1850439661
24.1723143489
25.92493767
25.4319467649
26.1295009821
27.4693436819
28.6457962818
29.3450334259
28.6802978949
28.832680478
29.9301000393
31.5735350192
33.4350627187
34.9641061679
36.4287528539
40.2807926404
44.3083792541
46.7483498633
47.7093447356
49.1422920858
43.1146630633
20.6160900692
6.38898596597e-13
2.94746491615e-16
6.60259713501e-19
0
0
0
0
0
0
0
0
0
0
0
0
0
0
0
0
0
0
0
0
0
0
0
0
0
0
0
0
0
0
0
21.9118889365
22.023906456
23.407640317
21.9685814296
23.3314757822
23.1047515472
22.7487863565
25.0334901547
24.2453678427
26.4743619308
26.0406352682
24.8040284689
23.8570392916
25.208220507
24.9921774337
24.5222552905
25.250085415
25.2548630972
24.1827118707
25.0735386775
23.7921628936
23.9679313733
23.3401718733
23.6452322193
25.0338239289
25.6567649887
25.6027843958
25.2185231764
25.6925195302
27.4559476205
28.6954345378
29.6396503474
30.1024235836
29.9740969439
31.3620019605
32.3662346075
34.2030469468
36.650774522
39.8120221206
44.3975495968
47.9117708647
49.3832617306
48.2353717695
43.4685995911
36.0195923913
16.6569607477
2.47329507144e-15
5.63057725533e-18
0
0
0
0
0
0
0
0
0
0
0
0
0
0
0
0
0
0
0
0
0
0
0
0
0
0
0
0
0
0
0
0
22.6679041498
22.7447671344
23.7647987509
22.4293266921
23.6285059861
23.4797558919
23.288455187
25.2806590528
24.8849383335
27.0986119966
27.0597580805
25.7174558193
25.0677597714
26.1456577568
25.8796668208
25.5915452506
26.1306396069
26.439499707
25.5064284878
26.5116975644
25.5893763469
26.0650874211
25.8128860089
24.6386091945
25.7869144141
26.7754747932
26.8910886506
25.1138239534
25.1910991669
27.40466639
28.8903454106
29.3310751181
29.9461976955
30.3700540946
31.7443636373
33.0471175232
35.1062427981
38.3956880781
43.3752520355
48.5143421941
51.2071400266
50.8702777098
46.8450648135
38.7436612459
22.4617486937
2.81215443642e-14
3.92360758518e-17
1.59103159903e-19
0
0
0
0
0
0
0
0
0
0
0
0
0
0
0
0
0
0
0
0
0
0
0
0
0
0
0
0
0
0
0
0
23.6155434557
24.6416188324
24.2776077881
23.4493715856
24.2119372807
23.9169243236
23.8126956497
25.5022356939
25.4729372077
27.3817404925
28.0515413513
26.5425778673
26.1482998001
26.9237881216
26.7260093583
26.4124345023
26.4629451109
27.5230641476
26.8981848407
27.7725052249
27.5677878943
27.4210462216
27.2551404589
26.8610811162
26.1483708279
26.9318854743
27.8853197399
24.6823242779
24.7630082925
26.7751991931
28.9862562288
29.9573525399
30.7649132182
30.4766092334
31.685803129
33.3732271217
35.6814938836
40.0291253098
46.8820099053
52.3904548768
53.842659554
48.8137532968
45.310516082
40.1165061775
19.3427310875
2.65945681298e-16
6.78757345678e-19
0
0
0
0
0
0
0
0
0
0
0
0
0
0
0
0
0
0
0
0
0
0
0
0
0
0
0
0
0
0
0
0
0
24.348303068
25.408807954
25.0324192181
24.3783917986
24.9573026511
24.5328587025
24.4065731525
25.8068763388
26.0458545786
27.4064311103
28.9407183267
27.339524399
26.8224317108
27.5763965326
27.643732546
27.1643405318
26.7415246646
28.3055127753
28.3270865805
28.8774413839
28.9300378663
29.0660733449
27.856781669
27.8372418605
27.3780245317
28.5910272204
29.2685060748
26.566822497
24.4332583418
25.8574678885
28.3840888169
30.2139096067
31.0733787665
31.1358014352
31.4561989729
33.2973005149
35.7365130792
41.316546422
50.1910030396
56.2645459277
54.5740713251
47.7572802321
40.0985129164
27.6391571153
9.11819556179e-15
7.84151791798e-18
2.63519534714e-20
0
0
0
0
0
0
0
0
0
0
0
0
0
0
0
0
0
0
0
0
0
0
0
0
0
0
0
0
0
0
0
0
0
24.8989163322
25.8414960592
25.6937974472
25.0473806925
25.6858126725
25.2783632765
25.0759338111
26.2696347082
26.6639300903
27.0790442149
29.5679870342
28.1878687854
27.3199747688
27.631859716
28.575395839
28.0496502559
27.3692486382
28.9632153565
29.1416660473
29.7913698146
29.9489749387
30.3627503189
30.4786524238
30.4405317428
30.0609586854
29.6457198228
30.6953046609
28.5119590785
24.6294383956
25.1170914248
26.6976550092
29.1129988693
30.9387933028
32.3766265306
32.1093546139
32.7265544702
34.9734103327
41.5630377858
53.1927894639
59.0270760304
53.9292110135
52.1834531518
42.98292338
23.5990995376
1.1235255294e-16
3.07193705061e-19
0
0
0
0
0
0
0
0
0
0
0
0
0
0
0
0
0
0
0
0
0
0
0
0
0
0
0
0
0
0
0
0
0
0
25.418597589
26.237423842
26.2373114339
25.5336519524
26.3221166802
26.1044493442
25.7481718996
26.8373981367
27.4765392867
26.6611711436
29.9725128865
29.1258307653
28.0067671699
27.3305459453
29.3838205078
28.9980562547
28.3079973755
29.7860721421
29.7639948918
30.2652085476
31.0107756862
30.3898524955
31.8765532812
32.3442138429
32.3140907176
32.3076683097
32.5984222939
31.5927102289
26.8459273723
24.9513425012
25.8688978198
27.3048328536
29.4944980973
31.1012180713
33.0768207051
33.0339989393
33.9938707629
39.0459020011
56.9123936845
60.8621952315
49.9286078293
45.9707854912
41.3543865267
13.8856259325
3.81191959504e-18
0
0
0
0
0
0
0
0
0
0
0
0
0
0
0
0
0
0
0
0
0
0
0
0
0
0
0
0
0
0
0
0
0
0
0
25.9075497545
26.5986716801
26.3417409648
25.8938148707
26.8456770714
26.8606488069
26.3197862
26.9663565408
28.5080641594
27.6635851102
30.2832431633
30.1316695712
28.9486240246
28.1054764336
30.1773993153
29.9441599074
29.5321499495
30.8471899055
30.6981054277
30.308021251
32.1452540274
31.7994755864
32.9632355207
33.4669131986
33.8930997719
34.4517391863
34.9925134746
35.030181784
32.4907010448
26.5497131458
26.0094672602
26.9169467121
29.0708637444
30.1290417408
31.8477167533
33.4368535622
34.1601852053
35.0263646836
54.2663017929
60.7529780075
54.7358137084
38.6250599922
30.088641562
1.90705205713e-16
3.13822369972e-19
0
0
0
0
0
0
0
0
0
0
0
0
0
0
0
0
0
0
0
0
0
0
0
0
0
0
0
0
0
0
0
0
0
0
0
26.3376821322
26.8995145412
26.3450380865
26.3964897976
27.3647746834
27.3604550383
26.8478155478
26.9614251925
29.049423495
28.7124089079
30.2715099545
31.1444225064
29.935669703
29.4005605581
30.9952163379
30.8424865906
30.8728480373
31.8533431861
31.9618104715
31.5348420195
33.1923963189
33.3578411886
34.1776292093
34.3284390209
35.4986970912
36.0494742418
37.1684676387
38.202892321
38.6487390465
34.1811428667
28.1982449516
28.3484346629
28.2873244664
30.3864798988
31.7614417571
32.9423439454
33.913201734
34.1292289612
35.6051833133
54.2321041437
59.9293569762
47.2250165219
27.324177233
7.80466309626e-18
9.55955712934e-21
0
0
0
0
0
0
0
0
0
0
0
0
0
0
0
0
0
0
0
0
0
0
0
0
0
0
0
0
0
0
0
0
0
0
0
26.78032033
26.9202736943
27.1058821435
27.5968781768
27.9872147574
27.8787967378
27.4726156806
27.4351616473
29.0971411403
29.4153995037
30.12263685
32.0017722565
30.8271188352
30.4594204017
31.5742012598
31.7119301133
31.5340419306
32.4429295945
33.1599972528
33.0890540289
34.2085786119
34.5130774847
35.1722563784
36.0762969155
36.8987154738
36.8271262338
38.5670378322
39.9901072711
41.5464594053
42.6240414007
37.5603980501
31.1513779892
30.2332721223
30.0563255932
30.7401367998
31.6558262714
32.4153807722
32.7437383909
31.8306536059
35.6219589293
46.8636580638
45.3583861205
14.8318065078
5.83272938738e-19
0
0
0
0
0
0
0
0
0
0
0
0
0
0
0
0
0
0
0
0
0
0
0
0
0
0
0
0
0
0
0
0
0
0
0
0
27.2350418279
27.3281673281
28.7001659059
28.6379913515
28.5117503092
28.3673138559
28.1739860026
28.0995935912
29.3638693154
30.1754958457
29.6613205821
32.3735598375
31.7182780441
30.9345762039
31.4201845201
32.5951012836
32.0812198531
31.9932525638
33.9795853912
33.9394830444
34.886997169
35.7599355884
35.3098311251
37.4793626814
38.2056095977
39.1838392938
40.179159595
41.3954156488
43.152021888
45.0824992064
46.2683707071
42.1340178709
37.0810075427
33.6070372102
32.6586106372
32.7431335137
33.812256081
34.7253204763
34.9192300705
36.7878731257
33.5386130675
34.8248670598
2.83763078291e-17
7.37389167464e-20
0
0
0
0
0
0
0
0
0
0
0
0
0
0
0
0
0
0
0
0
0
0
0
0
0
0
0
0
0
0
0
0
0
0
0
2.23690037659e-24
27.5754940736
27.7719774667
27.9849845138
28.7571019058
28.7483723418
28.7401484068
28.8270853808
28.6387554377
29.6981434611
30.8372862566
30.2171960735
32.2051101481
32.7855206189
31.596229392
31.0576009414
33.2849554566
32.9544263579
32.67069572
34.564527344
34.7105890586
34.6807828432
37.0269126681
36.8921192764
38.3257916653
39.0332425478
40.7809389152
41.601632516
42.8070073812
44.5165862067
46.3916686025
48.1773262393
50.3880219719
48.8791171884
46.0603842346
44.3597620895
44.0694918183
44.5021534041
45.3199134202
47.2345474165
54.8820171443
33.10027989
35.4799049068
2.3757699337e-18
0
0
0
0
0
0
0
0
0
0
0
0
0
0
0
0
0
0
0
0
0
0
0
0
0
0
0
0
0
0
0
0
0
0
0
0
5.60441133597e-24
27.8372074875
28.066991696
27.9397630916
28.7859986307
29.1270074599
29.1233957192
29.2582981044
28.9768704734
29.5244329931
31.1197260983
30.8898043544
31.6735145628
33.777474132
32.5996319379
32.1133395687
33.6910631791
33.9722904936
33.732260252
34.9773349756
35.8369192647
35.8441158512
37.7233608396
38.1624740214
39.0863535706
40.4882904492
41.6081231974
42.919388728
44.3899324393
45.7834849579
47.8242281389
49.2276227316
52.1524476612
54.0917018654
56.0910191462
55.5634081582
55.7146685976
55.9753064879
58.0868049868
61.9651987087
66.3649941147
63.4227546487
31.4405329531
3.21038509596e-19
0
0
0
0
0
0
0
0
0
0
0
0
0
0
0
0
0
0
0
0
0
0
0
0
0
0
0
0
0
0
0
0
0
0
0
5.60441133597e-24
5.60441133597e-24
28.1343698292
28.3976114123
28.8289973289
29.6714684682
29.8012565966
29.5526670235
29.5284908844
29.2377235641
29.4353746111
30.9782666295
31.5710684216
30.8377134654
33.6269616237
33.7479988403
32.8236037189
33.2965843175
34.9183952228
34.4654145403
34.5515339137
36.6058940902
36.7800384026
38.1682763953
39.3739508617
39.1529386022
41.4173254717
41.8378605604
44.3083262083
45.2583191024
46.5518400157
48.8271778395
50.6551025403
52.5714355251
54.5193164638
56.7667439127
58.2075006625
58.8359478581
59.8693523767
61.8270756493
63.8849689312
65.0287624494
62.6500255822
12.1423626876
4.46832789625e-20
0
0
0
0
0
0
0
0
0
0
0
0
0
0
0
0
0
0
0
0
0
0
0
0
0
0
0
0
0
0
0
0
0
0
2.73530221324e-24
5.60441133597e-24
5.60441133597e-24
28.4156784573
28.6509393144
29.6736888817
30.6758494398
30.1490779128
29.8416674835
29.7396592055
29.5200132044
29.5692305043
30.856555854
31.9845131621
31.6641110391
32.7235452694
34.9428471224
33.6897110288
33.2748778114
35.4250278257
35.4296251026
35.2502808905
37.070516645
37.6945181185
37.9969307757
40.2767276789
40.5078582938
42.0546268411
43.3531366914
44.7282226613
45.8191338887
47.4934733537
49.0260605117
50.8550535643
52.5359027148
54.2684621388
56.2789169505
58.0188884017
59.250911942
59.9499057191
60.2725740203
59.5742799964
58.8057011447
50.1899807566
1.15267863539e-18
0
0
0
0
0
0
0
0
0
0
0
0
0
0
0
0
0
0
0
0
0
0
0
0
0
0
0
0
0
0
0
0
0
0
3.40528629628e-24
5.60441133597e-24
8.98538559307e-23
9.48124913216e-23
28.6539293829
28.8044376274
29.4417032584
30.1194005962
30.1376066913
29.9441596064
29.8605823173
29.8043105254
29.65755406
30.3702680453
31.8160806529
32.3667200927
31.7097248329
34.4777715828
34.888061716
33.9225832963
34.7371598679
36.346825171
36.0181077045
36.5919786565
38.6050677957
38.7176359801
40.5610795737
41.7494656842
41.5755811415
43.9226309139
45.1535161469
46.8153309885
47.8851270857
49.1855996366
51.4349037771
52.895319649
54.5953548003
56.3860141026
57.594014048
59.2830263386
60.076888977
60.5233462391
61.1273110497
56.1717554043
48.0932999929
3.54208272922e-19
0
0
0
0
0
0
0
0
0
0
0
0
0
0
0
0
0
0
0
0
0
0
0
0
0
0
0
0
0
0
0
0
0
0
0
6.97464738694e-23
2.35425714047e-22
3.50883943926e-22
28.8984032687
28.9790120973
29.4473360642
28.6014943028
29.7539166009
29.9213724082
29.8785517805
29.9340564297
29.5950228115
29.9505025168
31.4009697012
32.7017893826
32.6584830959
33.3570771138
35.7355487875
35.0268058381
34.6553047036
36.8381656582
37.2260436363
36.890361055
39.0975828242
39.8113130591
40.0495637485
41.9670997884
42.7171567695
44.0847847835
45.8843565104
47.0815331583
48.6206827806
50.18783196
51.8083525998
53.3147124687
55.2174377381
57.0599177929
58.6640461519
59.908070993
61.616969743
63.1092241951
65.4615998256
53.5147422356
45.5641387303
1.05056025781e-19
0
0
0
0
0
0
0
0
0
0
0
0
0
0
0
0
0
0
0
0
0
0
0
0
0
0
0
0
0
0
0
0
0
0
3.17542403483e-23
1.13758361321e-22
1.59933308649e-21
1.08451143314e-17
28.9924795832
29.0816050383
29.9648522183
29.1280539024
29.5436025966
29.8080055777
29.8196000158
29.8577857711
29.5877816049
29.7071130056
30.6332091169
32.2549373846
33.4369942654
33.3330110007
34.8264150732
36.461561088
35.4862222618
35.3698755019
37.952766255
37.5575151456
37.8070077397
40.2163089391
40.5255170222
42.0705461448
43.3418035861
44.0930486519
45.9614300312
47.3621652495
49.1430911232
50.274726478
52.0648993693
54.4059818107
56.5633759299
58.3661718625
60.2552042783
62.3642452601
64.0494593092
64.9077381253
69.8760356736
51.3903397113
43.4338290922
2.80077781203e-21
0
0
0
0
0
0
0
0
0
0
0
0
0
0
0
0
0
0
0
0
0
0
0
0
0
0
0
0
0
0
0
0
0
2.00368084855e-23
6.66047082309e-23
6.39021790478e-21
1.85233607137e-18
8.94444443184e-09
28.7935059697
28.88503143
29.7184529945
29.8911347024
28.9608153901
29.6093995957
29.7509791388
29.83252221
29.8253083088
29.6163951149
30.0154880742
31.5110684053
33.0723416054
33.9209274513
33.7113254986
36.3056557795
36.9756847465
35.9475456834
37.768185668
38.5847153704
38.2952056039
40.231640926
41.3074230924
42.2696718729
43.649171092
45.0637460944
46.1436150513
48.241130848
49.2124905914
50.3554957174
53.2137590025
55.4240725104
57.6425005714
59.5669480928
62.3858117114
64.6955020548
67.0508131915
68.3549743118
74.9960886232
44.3155438665
40.9067840773
1.92438269791e-22
0
0
0
0
0
0
0
0
0
0
0
0
0
0
0
0
0
0
0
0
0
0
0
0
0
0
0
0
0
0
0
0
0
6.43934948725e-23
7.97407548182e-21
1.83375306524e-18
6.88634022378e-14
0.00139625145162
28.6345877406
28.7077466697
28.768268009
30.0932922151
28.9777949356
29.509391112
29.7922665882
29.9097840432
30.0780565731
29.7316700305
29.9361821636
30.4142018427
32.3012114836
33.9458238295
34.1287397267
34.4048942503
36.8995388994
37.0117363944
36.8802886653
38.7757868471
39.3637652853
39.8895851278
41.5805812878
42.7205739042
43.9373980882
45.2170525091
46.7680518634
48.1817235317
49.5509816059
51.6109088489
53.7723733559
56.0356495288
58.6122421434
61.5987420572
65.1813977099
69.0656204045
71.8525764805
75.3908581695
84.7482292147
41.2790896161
49.4546332225
4.68106429644e-22
0
0
0
0
0
0
0
0
0
0
0
0
0
0
0
0
0
0
0
0
0
0
0
0
0
0
0
0
0
0
0
0
2.00368084855e-23
4.75335775583e-21
1.07052458893e-18
1.58470232914e-14
3.96696561052e-05
71.2220228694
28.8898770031
28.9720404961
28.9922335403
30.6564164818
30.9651738263
30.1997456012
30.1131299454
30.1226690433
30.2303885321
30.1213393739
29.9910857955
30.4409169018
31.4143218382
33.2079451152
34.6538144329
34.4632676415
35.783999276
37.4450450137
37.5287009052
37.6648139544
39.6753238457
40.5815192108
41.2267084253
42.9027002703
44.1508129572
45.2624202154
46.8059314778
48.310807779
50.7263114443
52.7810441748
55.5337603915
58.6630993702
61.2661001021
64.5918582624
68.6663303378
72.6531687964
78.8803851213
89.1041504024
99.9943214281
98.0827518484
53.1589893361
4.68106429644e-22
0
0
0
0
0
0
0
0
0
0
0
0
0
0
0
0
0
0
0
0
0
0
0
0
0
0
0
0
0
0
0
0
9.98595540435e-22
3.27099554103e-19
1.56413860525e-15
3.77250160642e-08
72.8286059442
77.6135172761
29.3301614935
29.400467822
29.8139726178
30.7646123353
31.6310392017
31.2503773503
31.0150188678
30.6479820327
30.5181860896
30.6055584588
30.1948853822
30.5196306288
30.71963696
32.1559474409
33.8085521055
35.0927860344
35.2410257319
37.0110150382
38.0275020665
38.2575429214
38.4556541813
40.5977687244
41.6964951542
42.7148435922
44.0681852268
45.7992910642
47.1991502048
49.7597604823
51.7398729371
54.7517367299
56.9934804593
59.7048213569
62.6234872752
66.2914990365
69.9378448307
75.1319067813
84.4772202317
96.4293627622
99.999999981
99.9995197878
33.867609355
1.25672060582e-24
0
0
0
0
0
0
0
0
0
0
0
0
0
0
0
0
0
0
0
0
0
0
0
0
0
0
0
0
0
0
0
5.01966173102e-23
4.65472383577e-20
1.2179891374e-16
3.24662726101e-11
49.8635721326
68.2284159546
70.3490443451
29.4952836205
29.4488112469
30.0111794674
30.1209051539
31.229890126
32.3522273218
32.668613851
31.5705113895
30.9510619683
30.7987067878
30.6697189269
30.294116094
30.8470949395
30.9319126191
32.3013537208
34.3063729437
35.5686108058
35.9026701091
37.6066860304
38.6425755532
39.1001510256
39.4407995578
41.5888312101
42.748975094
44.0618154168
46.0245068301
48.1616225874
50.1315074711
52.5338351931
54.5438544137
56.6673765849
59.8493686993
63.7837306797
67.0850469811
70.3451102559
76.6513234915
82.5617757796
88.9321527603
99.9879067753
15.5974470555
0
0
0
0
0
0
0
0
0
0
0
0
0
0
0
0
0
0
0
0
0
0
0
0
0
0
0
0
0
0
0
0
0
9.69218761063e-22
5.11627103462e-18
2.35694420039e-13
0.00124483143221
60.1610600039
60.4869449011
60.1674944091
29.4332625261
29.0751937184
29.1977575218
29.4225161101
29.9806614963
31.7098805525
33.2265194156
32.13148887
31.3187583555
30.922719535
30.8669283212
30.4650272104
30.8562539388
31.0616587631
31.6270421374
32.6484539238
35.0681447943
36.2702290106
36.6418842747
38.2352794554
39.2907404988
40.0131168643
40.5106270876
42.5857905086
44.3673253999
46.0676266487
47.8961112054
49.798084031
52.1818660048
54.3386040472
58.2457067331
61.2865785208
64.1267694812
66.7680528297
70.7782964192
74.6497228237
76.9736371458
73.3463945807
67.4415408575
2.48716302292e-11
0
0
0
0
0
0
0
0
0
0
0
0
0
0
0
0
0
0
0
0
0
0
0
0
0
0
0
0
0
0
0
0
0
7.12850414056e-20
2.00058198491e-15
2.39439247933e-08
51.8068346379
53.4444008145
51.2292959675
49.8775867311
29.4922665472
28.5993170645
28.5227146593
28.7256587268
29.1339933033
30.2557236902
31.900201018
32.3203370725
31.4812999362
31.0026888442
30.8066166616
30.8377778549
30.3634405627
31.0366707786
31.1699088152
32.612455374
33.774993947
35.7778826682
36.9958884508
37.5281436862
38.8282428017
40.1047489109
41.1990768406
42.1946683439
44.3877840716
46.3815350331
47.6611002227
50.3359146157
52.6344748876
56.4574723397
58.5949838712
60.8486419298
63.4760901673
66.8726505337
71.2549373986
76.0876049833
80.7573410565
86.6850269459
86.9193529726
77.8869710607
0
0
0
0
0
0
0
0
0
0
0
0
0
0
0
0
0
0
0
0
0
0
0
0
0
0
0
0
0
0
0
0
5.36433275734e-23
7.8181971206e-18
7.77499124659e-12
35.3782575245
51.0061119553
47.4312041956
41.9859413524
41.2320211205
29.6440014302
28.2298829242
28.0227893004
28.0649086984
28.3761700546
29.067766268
30.5196710215
32.1640306744
31.6723736574
31.0644925199
30.7500281014
30.6845760545
30.6967709723
30.420786461
31.4499688544
31.5414689089
33.1473783501
34.178160674
36.2003103052
37.5272989914
38.6746056294
39.089586914
41.2976707218
42.7335092282
44.4235590703
46.405973654
48.5790018248
50.9722540526
54.510922693
56.256690935
57.7262202901
61.2669524902
64.6693612804
68.6112038898
73.2602168141
78.2650965084
85.0147046143
99.3022315795
30.6686269204
8.67868789297e-06
0
0
0
0
0
0
0
0
0
0
0
0
0
0
0
0
0
0
0
0
0
0
0
0
0
0
0
0
0
0
0
0
6.48911592014e-22
1.74047633127e-15
0.00505034555498
52.1165660001
46.5010459744
40.9865148392
36.0502201378
34.2884061448
29.0967934137
27.9686182822
27.6191902099
27.619030712
27.7455566813
28.2071070182
28.7647686291
30.9046629985
31.8644985378
31.2187774429
30.7399976093
30.5372172472
30.5914235501
30.605174431
31.258479619
31.6315498899
31.7402195653
33.6843682601
34.834798124
35.9772540194
38.4469138772
39.5874566437
40.7954957368
42.7626782562
44.6207913093
46.5073497294
49.0624157689
52.0274848415
53.8191143166
55.0409331544
58.9156114437
62.0334725654
65.3487615263
69.0440181292
72.8967376206
76.92410445
81.5766389806
75.648225117
3.12104646059e-07
1.73291210638e-06
0
0
0
0
0
0
0
0
0
0
0
0
0
0
0
0
0
0
0
0
0
0
0
0
0
0
0
0
0
0
0
0
7.65776617604e-19
4.51541777194e-10
54.1764156394
53.0659721527
43.4317093102
36.1114134758
32.4365652836
31.6919209181
28.230470287
27.7849050001
27.3492597328
27.3195656184
27.3635705649
27.533632836
28.290907941
29.0759338884
31.0286852604
31.3575447897
30.8058402126
30.4610476398
30.3726998555
30.5669890321
30.4689770561
31.3457631435
31.7502328472
32.986732062
34.2044983926
35.6801520661
37.2287847804
39.5089820695
40.9523798256
42.6985325392
44.3773394627
47.0874526775
49.3127989516
51.5765433372
52.9735076489
56.6287358415
59.5660239715
62.8883629959
66.1521943583
69.3558063674
72.0955720804
72.4397049954
71.9698754446
54.3357392319
4.37976707007e-06
0.770750654844
0
0
0
0
0
0
0
0
0
0
0
0
0
0
0
0
0
0
0
0
0
0
0
0
0
0
0
0
0
0
0
1.45435572592e-23
5.70858668811e-16
49.6719114601
59.6290990753
50.3724989555
41.7098184591
35.0097837709
31.2710473794
30.8123718469
27.7094807285
27.4563315739
27.1610980858
27.0006537523
26.9976092744
27.0220266234
27.306650129
28.3582095393
29.0927480954
30.930598205
31.071234973
30.555425738
30.2826221861
30.2642915116
30.4046063991
30.4563753961
31.7169604175
32.1790495279
33.582155014
34.4965459144
36.9809737885
39.1911243746
40.8674292956
42.3797882779
44.3604826488
46.8240574389
49.8489259311
51.4336804907
54.7476311916
57.4457200085
60.8147475377
63.4539580418
66.1106939792
68.3853118001
69.2646219254
68.5141661066
67.4597962971
53.224538746
5.80230688245e-06
70.6298313523
0
0
0
0
0
0
0
0
0
0
0
0
0
0
0
0
0
0
0
0
0
0
0
0
0
0
0
0
0
0
0
4.53589597494e-22
0.000690242250089
62.494050326
56.2129668894
47.937880586
40.8551392512
35.5442749834
32.6233026938
32.735728959
27.6688655007
27.0375196012
26.8918617588
26.5730381213
26.4398052301
26.3610086712
26.3692513883
26.9302594988
28.0790364947
29.041652273
31.0293055092
30.9331669494
30.4600721697
30.2487722634
30.2871476474
30.5622622016
30.7461180717
32.049852204
32.6958459959
34.6172513042
36.2599674931
38.7911255004
40.6133416812
42.2409043681
44.4582328685
47.3720096151
49.7886200442
53.025753697
55.5404618839
58.6384367577
61.2102095851
64.1570872968
66.5442372169
68.2759035141
68.650699942
68.7545312803
68.6045654058
59.8322067854
2.12049874028e-05
94.0769844721
0
0
0
0
0
0
0
0
0
0
0
0
0
0
0
0
0
0
0
0
0
0
0
0
0
0
0
0
0
0
0
1.92611578419e-17
55.1287228412
60.6665682827
52.9219353309
46.3770307536
40.8918365126
36.9261854437
34.6848050569
33.2181289334
27.7300774718
26.6198019914
26.2867285731
25.8719201431
25.5606854939
25.4214346693
25.3983079316
25.5735697833
26.8055639029
27.5583658834
29.0668076518
30.759853404
30.922493948
30.5784696455
30.3765971838
30.5100568448
30.9466472369
31.3075967788
32.8664166101
33.9793320191
36.2185578122
38.272797063
40.366180417
42.6476787422
44.825170818
47.527106237
50.9378842828
53.6084733529
56.6810348524
59.261545734
62.5819089321
64.7594186752
66.6147099457
68.3767616362
69.9465468583
70.7553459507
68.3984263348
60.6922222517
0.000359696663773
100
0
0
0
0
0
0
0
0
0
0
0
0
0
0
0
0
0
0
0
0
0
0
0
0
0
0
0
0
0
0
3.20415496392e-23
47.460671949
63.1629053984
58.1633443782
51.362844989
46.2187731271
42.1706153654
39.1475708248
37.5048998584
36.5978490059
26.6567922456
25.4300485247
24.8062341396
24.53758052
24.2830004493
24.1799410442
24.2354460788
24.4179549584
25.1095581489
26.5104386859
27.2852476238
29.0202378679
30.3584874455
30.8166749978
30.7331786001
30.6764196783
31.0212322753
31.6405892961
32.3095236335
34.1618677946
35.8169595323
38.3319050198
40.7130605968
42.9782520312
45.3662817894
48.4018781039
51.0795479706
54.6418410687
57.2155442002
60.4296819135
62.8575683806
65.637415657
67.6283481853
70.4510374917
72.3983649238
71.2255857217
71.5845974879
69.6149394623
0.00536024734085
100
0
0
0
0
0
0
0
0
0
0
0
0
0
0
0
0
0
0
0
0
0
0
0
0
0
0
0
0
0
0
17.040402223
65.1601827095
62.3905976038
56.7644283512
51.4369822627
47.5371207855
45.6793323275
44.0802189494
42.3545007918
42.0465824692
24.5947730616
22.7275003407
22.7071323668
22.774090578
22.7718920999
22.8325086463
23.0029276378
23.2922059182
23.6933456048
25.3191584037
26.4973352839
27.255539773
27.1797092578
30.0563078186
30.7041788433
31.162381257
31.328098583
31.7544871526
32.6530602509
33.7432007214
35.9043909255
37.9899261567
40.7910232538
43.3557991015
45.6396367176
48.623316463
52.1297077587
54.9913914467
58.2545537573
60.9115583497
64.3948313063
66.7049227944
69.6219262793
73.9095729483
74.9360631602
76.4512514099
78.2427732769
77.8164125684
0.0116082693258
100
0
0
0
0
0
0
0
0
0
0
0
0
0
0
0
0
0
0
0
0
0
0
0
0
0
0
0
0
0
2.19004583874e-22
61.0182883502
62.7849673338
60.4007702573
56.32828194
52.8049420161
50.5876134196
50.1966766351
51.6804032809
48.7804917291
50.8375057381
23.0595744968
21.4189995412
21.2857118167
21.3471764656
21.5138326589
21.6992588834
21.9620296913
22.3033849244
22.7279181948
23.3279548701
25.1352521495
26.8401626905
27.1689835452
27.7138789553
29.1530440174
30.9150607427
31.852304458
32.0433937601
33.0334094311
34.13707289
35.5954647646
38.2860241484
41.1860721905
43.6678100559
46.1944909974
49.3506257505
52.1943131316
55.877987553
58.5395958897
61.8477479472
64.8571408137
68.8039071072
73.1731049368
76.0641751869
78.2959154486
80.748909011
80.2687549287
80.2048742924
0.0314391004364
100
0
0
0
0
0
0
0
0
0
0
0
0
0
0
0
0
0
0
0
0
0
0
0
0
0
0
0
0
0
56.8636316221
59.4172532164
61.1884902022
59.6115507299
56.9328979478
54.7756906263
53.5145942098
53.0367929001
55.5323458492
54.0169072838
53.2089545984
22.2901909038
21.091022004
20.5982547769
20.6272491581
20.8474246927
21.0421132621
21.2693093104
21.5767902686
21.954772201
22.3884947872
23.2170646855
25.2293769762
27.6605593756
28.0703279968
28.6219245188
29.8039883154
31.4412280126
32.6636848113
34.0164630276
34.5386834972
36.1788647358
38.4594008596
41.3583758972
43.9482643552
46.2921834276
49.363415577
52.9553165128
55.7556032203
59.1222649189
62.2631352244
67.5273568422
71.5928780582
75.8861287159
79.0843507422
81.9698087014
82.3215703646
83.8382998575
83.176520498
0.0543316569177
100
0
0
0
0
0
0
0
0
0
0
0
0
0
0
0
0
0
0
0
0
0
0
0
0
0
0
0
0
1.38267599895e-16
68.7821383579
63.545924046
61.8972493158
60.2594946449
58.2673632938
56.7453164695
55.7348601035
55.0609941515
56.2334552569
55.8069405106
54.0609972724
20.5681572704
20.5557114043
20.1375111079
20.5108238717
20.7929282856
20.8793908058
20.9529152494
21.1079033574
21.390014129
21.7727150355
22.294722534
23.3249403752
25.5410417624
28.6640910204
29.6088943023
29.859255394
30.8646223829
32.2312082621
33.7311833327
35.3621685605
37.2842098552
38.694487396
41.430022458
44.0710500206
46.6287541616
49.7687268833
52.763733018
56.4782766331
59.3693136774
65.0679109229
70.8621216601
74.5757076649
78.3194685456
82.7619208937
84.6477810245
86.4530706762
87.8716327775
85.1738387673
0.0384190686654
100
0
0
0
0
0
0
0
0
0
0
0
0
0
0
0
0
0
0
0
0
0
0
0
0
0
0
0
0
61.9796233312
60.869800294
63.6090243734
62.4601789085
61.3871269578
59.9127098978
58.7228922143
57.8189936
57.1452025318
57.9946125074
57.2500867837
55.7155911212
18.404071944
19.3285230553
19.8347332543
20.7971251609
20.9800117058
20.9544102616
20.8543839887
20.8472157704
20.9601454483
21.2524892407
21.6777023853
22.2819487834
23.5984577831
25.8610133466
28.9028107593
30.0992541788
31.3298178818
31.9981703936
33.3599961486
34.9568208408
37.1589030368
39.2345814576
41.4152263624
44.0920607272
46.7362269969
49.8135805014
53.5060150084
56.4112702526
62.2448023875
68.6118535134
72.1120843948
76.8117907175
81.3240485489
84.7974745614
87.6479311315
91.1660396113
90.0677802174
88.0998693867
19.0500898609
100
0
0
0
0
0
0
0
0
0
0
0
0
0
0
0
0
0
0
0
0
0
0
0
0
0
0
0
0.291335916891
78.8655865301
70.2761263962
66.7051148168
64.3556307067
62.9650025794
61.6465297645
60.6100142786
59.8045267924
59.2211327327
59.6358563325
58.6715524731
58.1405404937
17.6011015381
18.2745011208
19.6620933064
20.3273115206
20.455982507
20.5646764343
20.7032780557
20.667537686
20.6690786061
20.809217381
21.1412700627
21.6296559807
22.3364064935
24.1195596006
25.9783895007
29.430619334
31.225939622
32.1987063111
33.6633350008
35.0738728838
37.0925861929
39.0873134446
41.5079683356
44.0995430585
46.918436266
50.6577270601
53.7978326748
58.9756727473
64.7648008212
68.967431006
73.5039591796
78.1431401477
83.5643543907
88.061712922
92.7488607007
94.8918413823
96.1111299568
98.8352609119
63.6262626005
100
0
0
0
0
0
0
0
0
0
0
0
0
0
0
0
0
0
0
0
0
0
0
0
0
0
0
0
81.0374757071
74.9723393799
71.3883872397
67.7124292735
65.5087242758
63.9378669158
62.7154652226
61.7606844624
61.077741208
60.659662202
60.3408566116
59.4634807238
59.49968432
17.2296490647
17.5206030452
18.6499799351
19.491060117
19.7054005933
19.8932832052
20.0981268645
20.3161646094
20.4516729007
20.5089556765
20.7150682019
21.1198428127
21.764596274
22.7190627741
25.4148345668
28.5766294885
29.8956393787
32.1161389155
33.9903283847
35.1386531803
36.7764921626
38.9399954414
41.7117784843
44.1154294627
47.7096375255
51.126506772
55.1923162103
60.082947885
65.0896012904
69.7270389645
74.0574413306
80.7744143738
86.4875531509
93.2592315845
96.9389777657
98.8589022237
99.9740582594
99.9596754094
87.3731036624
98.7573666932
0
0
0
0
0
0
0
0
0
0
0
0
0
0
0
0
0
0
0
0
0
0
0
0
0
0
1.15878159867e-08
64.1985136592
70.5877666324
69.2277059365
67.3217906005
65.6202648842
63.7621197492
62.4734100163
61.3916223615
60.5934405055
60.5500777256
59.8700416435
58.784802058
59.4123568641
16.6464760197
16.6889754036
17.2379209443
18.6811685748
18.9943083794
19.2216638775
19.4521211391
19.7093825707
19.9906896203
20.2995109617
20.427596633
20.744721127
21.3204080778
22.2254449118
23.5675443218
26.0614273857
29.7746110227
31.7726081788
32.7892938754
35.2893078299
37.4948330072
39.1376224301
41.1925236169
44.7770003557
48.5418422716
51.2973877599
55.7110500871
61.1000358865
65.7706673534
69.7722669695
76.5383423152
83.7477800402
90.2315475755
96.1107805175
98.8177348949
99.9922284634
99.9999979703
99.9999923872
1.33007730466
0.068368538673
0
0
0
0
0
0
0
0
0
0
0
0
0
0
0
0
0
0
0
0
0
0
0
0
0
0
83.6987935765
71.7864179604
70.5907658721
68.2073853956
66.9002571127
64.791155967
62.7179102689
61.144743316
59.773047306
58.611680724
57.676388004
57.2704702561
56.9049448536
58.3544877679
15.8504931732
15.8041147448
16.0441171135
17.9993027694
18.3698150251
18.6119334879
18.846648661
19.0984656369
19.3864168276
19.7161924773
20.118432961
20.4858877561
20.9533016441
21.6991784698
22.7512736517
24.3513011272
27.6155493775
30.8421438047
32.8382716882
35.4063552241
36.253012512
38.9993078644
42.6642844417
45.8709150344
47.8397195147
52.3335586034
57.283025309
61.0424460069
65.8993716712
72.1975359861
79.3247918776
85.0792543858
92.1123388095
97.039043631
99.9898183279
99.9999995402
99.9999999974
99.9999767981
1.10814694898e-05
3.94562001156
0
0
0
0
0
0
0
0
0
0
0
0
0
0
0
0
0
0
0
0
0
0
0
0
0
5.03795309335e-21
78.3235993667
74.1731554361
71.098987692
68.4700763544
66.3631534578
64.3776410995
61.4946437368
59.6132380544
58.0950526109
56.9052833258
56.0357841351
55.8446858407
55.1304904745
56.1771864806
15.0771246046
15.0233664708
15.155681686
17.3643010864
17.7750089163
18.0405036051
18.2729270411
18.5098087813
18.7731492854
19.0910258848
19.4987292949
20.0209399792
20.7061505842
21.3801342274
22.2789301034
23.6447289119
25.4680702712
28.7655874669
32.4228111982
34.3909740206
36.6525640952
39.9781950575
43.291378328
44.6032254184
48.7768599916
53.4130108385
56.8635957109
61.5441191468
67.4885438605
72.7864572872
79.6652732991
86.8666305293
93.6208099079
99.6227397488
99.9999887649
99.9999999989
99.9999999997
99.5937915068
2.60732484445e-10
100
0
0
0
0
0
0
0
0
0
0
0
0
0
0
0
0
0
0
0
0
0
0
0
0
0
90.2417940885
69.8471233577
74.4878764269
71.7695827473
69.0826614449
66.4257676738
63.6847219525
60.5451054603
58.3881263313
56.7542962247
55.5300214085
54.8362182019
54.8005550516
53.8053020406
52.998493523
14.2306703543
14.5147287701
14.3849644293
16.3173808527
17.1720415131
17.4884804235
17.7263648016
17.9402055928
18.1692344782
18.4600881202
18.8515550089
19.3816865689
20.0568223922
20.9282071174
22.1172112675
23.5188886707
24.9312083191
26.7876731197
30.0133620021
33.6048705007
36.4329201972
39.4609620106
41.5718661225
44.6142993707
49.770946136
53.5400421956
56.2880278315
61.190123115
67.1034660525
74.4232941117
81.2607800223
87.3049694085
94.7081168238
99.9844799735
99.9999999828
100
100
98.3301058865
6.91781462413e-10
100
0
0
0
0
0
0
0
0
0
0
0
0
0
0
0
0
0
0
0
0
0
0
0
0
0
99.9967765436
87.826592163
79.7823350544
74.6337878023
70.9459230267
66.8601449537
63.1554085831
60.0805836207
57.7315139547
55.9762464706
54.6474036907
54.0250784082
53.6925283303
52.676211175
51.9866029535
13.1515604846
14.0765135263
13.3735077061
15.1017410771
16.5809984476
16.8000032008
16.9076583341
16.9822574831
17.1096920279
17.3505404274
17.7393773387
18.306676126
19.0818284407
20.133776339
21.5401580939
23.2112562949
24.9594378822
26.803965996
28.587785643
30.6352025173
34.1657261635
37.6312671349
40.3904425447
44.4340289276
49.1280025543
52.5236141454
56.1401502317
61.8637372451
68.4266109316
73.4997669604
80.6090317648
89.0967176815
96.9289656866
99.9983570587
100
100
100
99.9420204524
0.00089700666698
100
0
0
0
0
0
0
0
0
0
0
0
0
0
0
0
0
0
0
0
0
0
0
0
0
57.8057490905
73.6091416533
86.6363450836
81.9385523859
77.3240076019
71.9628431441
68.1647463239
63.3944564809
60.2228367576
57.6644574867
55.7896871545
54.5564509215
54.379550857
52.9795881411
51.9088836386
51.3722210265
11.5786125501
13.0828345477
11.9856866404
14.2857962936
15.1324178954
14.6750937637
14.1094661702
13.7649010148
13.7364018217
14.0453193812
14.6849163877
15.6544749885
16.9525548306
18.6660465661
20.9316743092
23.2127858001
24.7528595885
26.2482111545
27.9482064573
30.0681350722
32.2853854248
34.720600097
38.2663354915
43.5701185222
48.4231248487
52.546700328
55.0484852164
60.093165251
66.2131173883
73.9620468685
82.8656948312
90.8357383979
96.3604842724
99.9999987392
100
100
100
99.9999999998
0.0113964056356
100
0
0
0
0
0
0
0
0
0
0
0
0
0
0
0
0
0
0
0
0
0
0
0
0
100
99.9987653677
92.9131655841
85.9482935862
80.1180259756
74.1513299156
68.6238583428
64.2757067436
60.6308500782
57.708398425
55.6229176285
54.3496633116
53.703441471
52.1310816229
51.3167738466
51.863850747
10.0560348167
10.998463809
10.4326158971
12.8842593173
12.3504137073
11.9555084859
11.3227096003
11.2475801272
11.7020054278
12.5442816105
13.705577927
15.1406920727
16.7965782374
18.648984237
20.5662095403
22.2195319153
23.6218734694
25.1471186226
27.2422846063
30.0011747094
32.1503271032
34.4690786427
37.4336271909
41.4548324398
45.5071830909
48.5534054512
52.2643255511
59.022830089
66.365349985
75.5123432691
83.9180412509
89.2228550605
97.376892214
100
100
100
100
100
0.168858180747
100
0
0
0
0
0
0
0
0
0
0
0
0
0
0
0
0
0
0
0
0
0
0
0
1.02069931111e-21
81.1982004826
99.2370710999
95.5722687424
88.8048958273
81.2373478067
75.851791296
69.5110508758
64.7597381225
60.7265137117
57.3365623976
54.856900083
53.4300906911
51.9916749641
50.6939487376
49.7115704597
51.1050346005
9.69357329759
9.02425111198
9.30867101926
13.2371176714
12.1314043096
10.4585750197
9.68942686929
10.0924289063
11.0724942767
12.3702713229
13.8989416876
15.6295594503
17.4610814978
19.3889337067
21.3389240827
22.6751334003
23.9586428547
25.5070954453
27.3589115087
29.2110336429
31.1600700479
33.6540305494
36.6158675452
40.1096325484
42.9277510346
45.7659917837
50.342795106
57.2412553038
66.0232987125
74.8832541415
82.2424958312
88.7532078644
98.6262788219
100
100
100
100
100
0.675691360466
100
0
0
0
0
0
0
0
0
0
0
0
0
0
0
0
0
0
0
0
0
0
0
0
99.9986892762
91.5470579338
99.9421626187
98.8063341367
92.6983708934
84.1149107324
76.2030515234
70.0213283875
64.6913435449
60.2900878795
56.6450055735
53.7333820901
51.631031151
49.519070912
48.109280012
47.0139803996
48.7860810711
11.0558703972
8.64514345428
8.74751067212
13.5125755941
12.1230591721
8.51492650416
8.6814007491
9.89364788616
11.5457089028
13.4629325886
15.6236761133
17.6415646835
18.9057691585
20.1756884885
21.4391127627
22.6844017048
24.0362716387
25.5515138788
27.1799825901
28.8125649286
30.5200053393
32.520760193
35.1376362773
38.2459992921
41.6907658169
44.3911966474
49.4915559909
55.9119966877
63.2687423982
71.9663728704
80.4098315313
88.903464434
98.320488592
100
100
100
100
100
27.8682269297
100
0
0
0
0
0
0
0
0
0
0
0
0
0
0
0
0
0
0
0
0
0
0
0
100
100
99.9999999909
99.999735817
97.2838980434
88.1900702028
78.656453937
70.6879719344
64.3464808911
59.5713748656
55.6925079928
51.3764783947
48.363683051
46.1471174914
44.8972339748
43.9465086488
45.5004456885
11.6212509126
8.64916215102
7.94370778474
8.46979006912
7.57038712692
7.9504448984
9.55450908443
11.7928104477
14.4815688527
15.7940107347
16.8853368587
17.9714605182
19.0959819933
20.3270554582
21.6325520533
23.0148786886
24.4821366209
25.9842356482
27.4326234418
28.7750396472
30.2055423203
32.0395311588
34.4452912371
36.8062506694
39.2049099688
42.3361666816
47.2300328224
53.7362378377
61.5552781533
69.7280787586
76.4962486598
85.1598816756
95.5536959797
99.8367140714
100
100
100
100
49.6495926549
100
0
0
0
0
0
0
0
0
0
0
0
0
0
0
0
0
0
0
0
0
0
0
5.08308469244e-21
99.9979852502
100
100
99.9999996104
99.9669334306
91.926342443
81.8278062073
72.2426433167
64.257199018
58.2082532677
53.7031176521
49.8297350804
46.5887003671
43.3475659305
41.0984832843
40.95511176
41.363856817
9.47295272248
8.10786308564
7.01251281396
7.01732430618
8.42363370939
10.932970123
13.3523939666
14.2983774765
15.227102906
16.1852048958
17.2398642649
18.3763517813
19.6117665161
20.964649973
22.4474096103
24.04078378
25.6460504057
27.0493918693
27.8674624722
28.6784887801
29.614416884
30.7949985696
32.2992604626
34.1731110553
36.413987012
39.4968676201
44.3337601623
50.8920626435
58.1779915914
64.851113578
72.31160196
82.8135827834
89.4519809469
94.8656152274
99.9984568019
100
100
100
85.1840144718
100
0
0
0
0
0
0
0
0
0
0
0
0
0
0
0
0
0
0
0
0
0
0
100
100
100
100
99.9999999997
99.9999906516
96.8025529461
85.0492102485
74.1954418445
64.4870650185
56.866891999
51.3506495014
46.7259165264
43.2898046122
40.5158001937
36.7200951462
37.298029807
36.7363442241
7.30292257814
7.89427649945
6.49027498496
6.53414628023
10.8635823058
13.1608574457
13.9748910948
14.8507715221
15.8248832759
16.8891970582
18.0399360934
19.281542102
20.628538764
22.1158535881
23.794418374
25.1681321328
25.8378753688
26.4894446771
27.1132996542
27.6759388654
28.2264508272
28.8644182101
29.7527567088
31.06684402
32.799569274
35.3721238152
39.8098908796
46.3746324544
52.8480244844
58.7924785523
66.0341620933
76.0783215947
80.3435586753
86.0978323413
96.4769362562
99.9999999159
100
100
99.9024547043
100
0
0
0
0
0
0
0
0
0
0
0
0
0
0
0
0
0
0
0
0
0
0
100
100
100
100
100
99.999999995
99.9931232757
89.0363360763
76.5360524778
65.6266765362
56.2844341934
49.695325009
43.9992814195
39.4746154976
36.4796463508
32.5152286908
32.3234087283
33.5087631812
6.27806093879
8.71366707669
6.17945870131
6.21101253399
12.8215178444
13.9565832258
14.8707629527
15.9050843375
16.9915583509
18.1317426901
19.3236168687
20.5610688235
21.8426763336
23.2416254766
24.3634246175
24.8851017999
25.4064410489
26.0273380256
26.5456198087
26.8237354606
26.802967005
26.6412125812
26.6246904242
27.185180978
28.0337514026
29.3040022689
33.2197210809
40.0469653704
45.9544144928
50.5651043465
56.3826236243
66.8294926911
65.3700473303
72.1409625529
83.2383009014
99.9217517008
100
100
100
100
0
0
0
0
0
0
0
0
0
0
0
0
0
0
0
0
0
0
0
0
0
1.1789687596e-21
100
100
100
100
100
100
99.9999936762
93.8143796689
79.3269852275
67.1655098341
56.2350811806
48.0612166169
42.3977939401
36.7752710123
31.894259387
27.6973687087
28.4945881998
33.646908584
3.54326999775
4.36753725071
5.52224625279
8.20952879794
14.3799491276
15.5683181938
16.6906095285
17.8710831863
19.0941028509
20.2808948166
21.3887631847
22.3786655586
23.3311844538
23.9186465383
24.4047800792
24.7459810735
25.1741564471
25.7298209792
26.1240114333
25.9502638333
25.2244590905
23.9790025925
23.1461396249
22.8765893418
21.7132162549
20.1922828382
22.6710667574
31.2476711696
40.3828425581
39.6970085817
43.9895252644
50.1638155743
50.0815152235
43.1710305103
66.02476781
81.4014910693
99.9987234827
99.9999999997
100
100
0
0
0
0
0
0
0
0
0
0
0
0
0
0
0
0
0
0
0
0
0
100
100
100
100
100
100
100
99.9999999546
97.5299596324
81.6961893734
68.0755592227
56.438015518
47.197480883
40.437042328
35.2772825571
30.9531865616
27.6408711819
28.614645932
27.4976539561
2.54200932921
3.43786277477
6.91359337676
6.50643419415
15.4624532949
17.5526085879
19.2158914978
20.437637516
21.6390294463
22.2005576598
22.8299771353
23.4994027259
24.1343825558
24.7256370927
25.1883224091
25.2537695704
25.7485662345
26.1868970848
25.61035815
24.54866183
22.7254438641
18.0867383155
6.96493690165
5.29863406226
5.37430742093
2.74322941422
1.281116462
0.895568648624
6.47580148812
24.3191807079
0.665000215677
41.5723377005
0.00492661892476
40.7907508036
0.201187786104
54.1297489431
36.8802698478
98.7257883015
99.9999999995
100
0
0
0
0
0
0
0
0
0
0
0
0
0
0
0
0
0
0
0
0
1.90876965046e-23
100
100
100
100
100
100
100
99.9999999986
99.8879505509
82.4030768575
68.4747075367
57.554263106
48.0772756568
40.597399041
35.2551237371
30.7751755941
26.650041587
24.3220049645
17.8122279121
1.58757467606
7.15784928558
6.98206722152
5.98210891894
6.29777252526
8.80746669372
13.9275992956
15.5910004968
17.0503237356
18.7677275934
20.6903189559
22.537494297
23.6792695661
23.658739001
22.0814304846
19.0699356935
18.0847336998
19.6277351094
19.6461719428
17.8288456902
14.750389333
9.17394997972
4.56658737366
2.46936209474
1.99693491685
1.27001594668
0.613812566577
0.256193803257
0.181465981686
0.0658293064061
0.059454924815
0.0032003759017
0.800659483598
5.84150986594e-06
0.863615470266
4.15170353033e-09
7.02897849909
9.03188438846e-15
5.70975957547e-14
100
0
0
0
0
0
0
0
0
0
0
0
0
0
0
0
0
0
0
0
0
3.17542403483e-23
100
0.0140235088825
100
100
100
100
100
99.9999999999
99.9832853996
81.428412571
66.6421549999
56.3793039986
47.3028765055
39.2801759721
32.9052792787
27.8977428826
24.0313926825
21.7755138766
12.4747327753
)
;

boundaryField
{
    frontAndBack
    {
        type            empty;
    }
    upperWall
    {
        type            calculated;
        value           uniform 0;
    }
    lowerWall
    {
        type            calculated;
        value           uniform 0;
    }
    inlet
    {
        type            calculated;
        value           uniform 1.13489329553e-20;
    }
    outlet
    {
        type            calculated;
        value           nonuniform List<scalar> 
20
(
6.53556167348e-23
0
0
0
0
0
0
0
0
0
0
0
0
0
0
0
0
0
5.60441133597e-24
1.2703363746e-22
)
;
    }
}


// ************************************************************************* //
