/*--------------------------------*- C++ -*----------------------------------*\
| =========                 |                                                 |
| \\      /  F ield         | OpenFOAM: The Open Source CFD Toolbox           |
|  \\    /   O peration     | Version:  v1806                                 |
|   \\  /    A nd           | Web:      www.OpenFOAM.com                      |
|    \\/     M anipulation  |                                                 |
\*---------------------------------------------------------------------------*/
FoamFile
{
    version     2.0;
    format      ascii;
    class       volScalarField;
    location    "171";
    object      alphak;
}
// * * * * * * * * * * * * * * * * * * * * * * * * * * * * * * * * * * * * * //

dimensions      [0 0 -1 0 0 0 0];


internalField   nonuniform List<scalar> 
6400
(
0.828029100346
1.2358077921
1.88814476145
2.14715113682
2.41187159015
2.72322805059
3.28654066773
3.95348593396
4.04163366375
4.31076360216
5.41507774275
5.85766175739
6.17284736046
6.63070007184
7.37093948655
8.12632702232
8.65438605442
9.17259042004
9.65366232502
9.851652665
9.73339294241
9.61668316054
9.75793848789
10.2365624045
10.8105970031
11.2797022212
11.5503990851
11.7763700629
12.1056659661
12.5478530146
13.0518766138
13.3247143752
13.3121984337
13.2078908357
13.014044722
12.5916632899
12.3552535862
12.6209577859
12.3387450947
11.6800827513
11.464665413
11.8872725667
12.3704084989
12.5965220225
12.6542222596
12.5831137884
12.46503172
12.3713581757
12.3021636605
12.255849971
12.0477772392
11.1834856484
10.401573681
9.54842078422
9.22489513327
9.72584387054
9.67297116575
8.42098689107
6.89570867487
6.40444317254
5.60189322904
4.69640576111
3.78744384266
5.52776595517
9.61172375166
14.560199728
17.5550517439
17.2607802266
15.2433256734
13.5345666024
12.5488195343
12.6033353339
13.0135522755
12.8127974735
14.7539248247
14.1583196836
15.9901879381
9.88772196086
12.8714692589
4.81256571812
3.0751944747
2.37541206147
2.89889069167
4.08451520923
3.71105877367
3.25664048532
3.2200693875
3.4583595403
3.85095918131
4.37923497641
5.06846822913
5.75602052982
6.33341242118
6.88423615675
7.42635545858
8.07032188847
8.74360680385
9.44832352229
10.5388591479
10.506422747
10.0884934172
9.84884009055
9.8255952169
10.2180451663
11.1025797199
11.4167267641
11.6136945719
11.926194115
12.299427989
12.7036892266
13.1362359638
13.6455588964
13.6436188015
13.57175036
13.4899700876
12.7907271886
12.7352287873
12.9991489964
12.5319047434
11.487372211
11.1833104022
13.6532322751
15.0747452452
15.1261625926
15.0505182533
14.6672673379
14.1130000249
13.6914004121
13.0420703247
12.5214284662
12.5297340957
13.2213979284
13.1115863582
9.77010778676
9.76705102103
9.53014615084
7.85216498004
6.72605296587
5.83855466494
4.96852877501
4.31115365692
5.02589386492
3.96929762848
5.69553399395
9.65518530837
15.4698741314
19.1931328976
18.0038619024
15.8214686636
13.8425715648
13.0176900297
13.2905586162
14.2483148359
13.6087686881
13.3921355588
12.8216977323
11.5916741196
9.73655448528
8.17853409105
4.26334109543
3.02283925363
2.5484499147
3.02836368496
3.07493381829
3.28313251224
3.55996308281
3.46975727947
3.41303431527
3.78382757546
4.36563217989
5.04152345017
5.74821554926
6.38155210456
6.94909854851
7.36023496836
7.93784210098
11.2586492801
13.4328207066
13.62652159
12.5242809495
9.97120749174
9.26107137379
10.0631832378
10.5204173689
10.8580874736
11.3435983654
11.7593323954
12.0797023398
12.431201903
12.8725970123
13.2253475889
13.9388361788
14.017977226
13.4034346006
14.21535205
13.5562519682
12.5608582797
13.4748442567
12.9093868349
11.7568857515
11.4053270004
11.9155815846
12.4834175431
12.7505552612
12.8296990816
12.7997551555
12.6927103832
12.5277438237
12.3041789678
12.0457393443
11.7531611646
11.3432166022
10.7568219738
10.4591289055
10.3478126282
9.02410238809
7.74142389982
6.77124234528
5.94225148034
5.21853425431
4.70230400885
4.18063060624
3.9001260334
6.40232769175
11.5992593073
16.3028820926
18.615232688
18.7272449319
17.1089709936
15.3740086232
14.5842165146
14.3869475744
13.6558524105
12.999407949
12.9069672712
12.5067808116
11.4864068972
9.84842732709
7.41075462097
7.58667178577
2.77434272675
5.29092345767
3.09873597834
3.02259523588
3.63724914777
11.6706775741
9.97279129625
4.28016896795
3.81140697206
4.40018043078
5.0648810068
5.77344820307
6.38607769507
7.06814017062
9.15471434389
11.5363184657
13.1848463322
13.2414247886
11.2874065456
9.39765977215
9.34188100781
9.54263492055
9.83345989196
10.3523225702
10.9501918425
11.5172828382
11.9966034964
12.2571230355
12.7076427005
12.9533429086
13.7150907533
13.8448590984
14.6680712361
14.2949969638
13.1900908308
13.8488049989
13.0000594698
12.0415029312
11.8451032351
11.7527113345
11.786199716
12.1063245639
12.5033263088
12.7609213202
12.8723096769
12.8710568846
12.7834923076
12.6295486741
12.418371883
12.1610147496
11.8549761132
11.4795101974
11.0337792622
10.5669210514
9.93440690715
8.9663278249
7.86819369447
6.91082544419
6.14219423033
5.54564968117
5.11516549866
4.80826693363
4.95472028743
6.91092057546
10.768576957
16.5619798191
20.1504043263
20.3466774883
18.6624757645
16.2836431093
14.615653576
13.7387171322
13.8187513606
15.1282045601
15.0049075484
13.6364292585
13.4510261725
16.708658802
13.1089180703
11.1243668025
5.21881382563
7.26510715027
3.50135777054
3.82498581886
6.07978779398
11.5480392903
7.60590848857
4.34684147378
4.28451644351
4.61911004742
5.21986503389
5.96871626704
7.4823743854
10.2304501592
11.1847739805
11.2971006873
10.7610096608
9.71842177867
9.08928216607
9.46604179285
9.49449193309
9.47892202466
9.88205322841
10.4586067302
11.1083187727
11.7505645624
12.1278831613
12.7199376145
12.8096827722
13.6495967211
13.6443362174
15.2601959122
14.4713798726
13.466574581
13.7548546047
12.5802833035
12.126126188
11.9527458102
11.9197934512
11.9419901222
12.0289470537
12.2607781852
12.5608453497
12.7978092477
12.9258398921
12.9456523448
12.8751731402
12.7348664876
12.5395652145
12.2974696319
12.0051838996
11.6543851007
11.2403722941
10.7375436232
10.0328866959
9.07276724331
8.03775405888
7.14723727286
6.4797861853
6.02049741301
5.744313922
5.69618830795
6.21717141699
7.39125006341
10.5448119353
15.9374994931
20.1533160033
21.5466850544
20.3428149127
17.551313347
15.0366633881
14.6442157398
16.8009592866
17.6051609194
16.5124535617
15.545276621
18.1387947163
21.1189940996
16.422603612
15.5268693801
9.57416237064
8.67693954459
4.33000988261
5.19204716703
11.7994717887
11.2036243117
5.3373630156
4.76251714676
4.80983977811
4.94307625191
5.56287992344
8.65257837752
12.2258984497
12.4794589266
11.831265231
10.2448295802
9.00451332289
8.68411601645
9.57583813544
9.49794144796
9.22613059366
9.50319142029
10.0304181448
10.6939161769
11.2182623535
11.8903333587
12.8740266291
12.7474626274
13.9428018528
13.5297833749
15.6713458346
14.7201044098
16.0216657668
14.194932836
12.4743169018
11.95961238
11.9358981466
11.9967927997
12.0628652266
12.1271657427
12.2357992937
12.4286760996
12.6696668805
12.8820410852
13.0120351192
13.0446962757
12.9878265622
12.8629058067
12.6897370545
12.4751898512
12.2127130214
11.8892906976
11.4815100775
10.9381813884
10.1910757734
9.26263384878
8.31993709203
7.52601218551
6.93325603958
6.5757181608
6.45102299781
6.80316180238
8.22009946237
7.53356770848
11.7577766035
17.5097627291
21.2759230978
22.6841204171
21.7213322901
18.3329419521
16.1398548628
17.8963829077
20.0408483428
19.4602410943
18.4055189131
18.4185100178
22.9028856738
24.4488613385
19.4184608164
19.2027892828
11.6237282673
8.19366107137
5.26967250543
5.01904943645
11.6481051024
7.53603677453
5.15492316245
5.22646765286
5.29094601519
5.99083724233
6.28206815989
12.2288602298
12.6550332691
12.5172270706
10.6096853172
8.67236763364
8.28320873543
9.76400000585
9.65027376326
9.00065890826
9.22454044988
9.60874627188
10.1335604314
10.7922324554
11.708699145
12.6917533484
12.8003488521
14.4638171407
13.7573872377
16.1345591593
14.9791138632
16.3943060945
14.8862220855
13.8330413731
11.9575001345
11.7289242858
11.9315070622
12.1123307342
12.2143834071
12.3006836134
12.4271091775
12.60472379
12.812914049
13.0041858544
13.1305785499
13.1692049496
13.1242934742
13.0195236761
12.8767488338
12.6993704519
12.4737086161
12.1753953137
11.7658454324
11.1952314703
10.4395920469
9.56458362531
8.71570629554
8.00410627605
7.45718639366
7.096510425
7.09996564363
7.57891651562
7.90762957124
8.50608591015
12.6785417875
19.7614178496
22.4338054167
22.8638229747
21.7787753295
19.5048004629
19.3028752518
21.8574782687
22.2495544041
21.3458460103
20.6903087496
22.558771019
25.2151337931
26.6326550987
21.9954697131
20.8250082242
11.1744323484
7.42927783639
6.28682830478
11.609528309
11.5869541745
5.86737283772
5.67460387944
5.74177474983
5.97588364017
6.48947861232
12.0635422937
12.9098641302
12.7564018813
11.9987117136
8.91820723035
7.8973015044
9.71569576958
10.0240983139
9.03671721293
8.80922667367
9.27844297096
9.86545657973
10.3714808106
11.1264274542
11.7444606003
13.2512681168
12.9466064591
14.339317398
16.0615355449
16.1178382502
14.3659262509
15.4371557838
15.263946487
12.376959639
11.8120714882
11.8245609087
12.0252147234
12.2312935631
12.3651403787
12.4726756114
12.6131297452
12.7914180018
12.9841659113
13.1587441136
13.2781905123
13.3195336925
13.2880540282
13.2097132099
13.1054977045
12.9726834384
12.7883323661
12.5156181575
12.1069883077
11.5263189014
10.7887478255
9.97942701391
9.204011676
8.5018170626
7.85918755102
7.41580801837
7.52233336577
8.10633330178
8.87097559152
9.9131793068
11.0340841197
19.5033537865
23.8731363515
24.0355404201
23.4869352807
22.629709798
23.5912599916
24.9692457635
24.23242174
23.4735474025
23.5790051485
25.7693684725
26.3296332758
26.8569280398
23.9003617986
21.6898879507
10.204581039
6.95155229751
6.92768188497
12.4931837294
10.1565445228
6.09574150819
6.2368822183
6.40705399267
8.1478934689
6.40202992166
12.8365966566
13.310029827
12.7224594206
10.3382977448
8.09644537167
8.00861262479
9.86014435183
9.5244557181
8.7974780067
8.83517538337
9.25271433191
10.011407542
10.6865336776
12.0492620088
13.3062337786
13.0161928386
15.5619869494
13.8330511758
16.452127586
14.6169958023
16.6356942752
14.0506910073
12.9531081746
12.13074871
11.9153696232
11.9814071005
12.1479074557
12.3489562334
12.5139613463
12.6528038263
12.8082594269
12.9899387969
13.1777532875
13.341988998
13.4525731791
13.4958094708
13.4824836541
13.4380636138
13.3791918294
13.29687868
13.1583974347
12.9147611691
12.5144787597
11.9399519
11.2364934009
10.4865873982
9.72914393612
8.90011864641
7.96443932201
7.34967554318
7.76073473172
9.00489381203
10.3192243505
11.396561909
12.3013676486
15.625815012
23.7932424762
25.4651659108
25.6721586221
26.5429663633
27.7607733083
27.4335798418
26.3581511814
26.0512723053
26.8786053529
27.8912018089
27.5904079709
26.8750587717
25.7511726901
24.2755975512
9.30276229005
7.05008720924
8.14502199257
12.469289785
7.43605644197
7.11531241574
6.79550104702
7.04674403462
10.9447882509
9.39579705451
13.6619900172
13.486254632
12.671785646
9.22461046529
7.9169288991
9.96381877895
10.1428081236
9.12576345577
8.71942309551
9.02580623418
9.36908894148
10.0688358193
10.5894361485
12.2370427989
14.8129785252
12.7906116533
15.4246320936
16.5275366877
16.6832284272
16.9354092115
14.9477843129
14.8208018038
12.3221085503
11.9561836277
12.0474411621
12.1453682306
12.2833463659
12.4674690548
12.6554065851
12.8344901547
13.0169340508
13.2068809152
13.3926767984
13.5506749238
13.6553564405
13.7006181354
13.7084192524
13.7057688053
13.7000984049
13.6736140752
13.585536799
13.376225826
12.9925641855
12.4366351298
11.7731670265
11.0535953501
10.1957584424
8.97469082029
7.48869967171
6.93664652205
8.29534732627
10.3895278338
12.0662701079
13.303412043
14.2444627254
14.3127058064
15.5050312324
27.1638629311
30.0322923502
31.3603160207
31.4003283945
29.994831026
28.9916741116
29.106902576
30.024050158
30.1140258557
29.6556631879
29.183332329
29.3837201714
29.4795920018
8.85130324334
7.62846894287
11.922684495
12.3520748458
7.03501235729
7.78694257237
7.31380645218
8.12538376114
10.0537689298
13.2267288872
14.3255525908
13.6023761227
12.7266664749
8.85687292398
7.96995681706
10.5913932011
10.1087870841
8.97295274477
8.71889645903
9.17744225431
9.86668466854
10.3805387796
10.7791177552
11.7582180898
14.9232579446
16.0926051105
14.5190169971
16.7071757998
14.4459210421
16.9896032274
16.9272387798
14.6113999984
12.1394611811
12.0479237474
12.2153610494
12.3208371576
12.440257937
12.6045648894
12.7943075595
13.0115916909
13.2361640577
13.4431851823
13.6301454232
13.7845352767
13.8858383011
13.9371658791
13.9706282452
14.0139921596
14.0663493323
14.1007699636
14.0681149165
13.8987923436
13.5410014676
13.0151760975
12.3858615555
11.618375761
10.3616767612
8.2614272396
6.48829916218
6.93286505561
9.7327582517
12.5334470542
14.3871153016
15.6212344637
16.2943620199
16.2645701682
15.7493301779
17.5701184375
31.6159336906
36.998064701
35.820069498
33.4408525639
32.4872631844
32.7160833253
33.1658976975
33.1463734982
33.1357493887
33.3908135335
33.8027721228
34.3890176368
8.80684755732
8.31728789121
13.4583188723
12.728395395
10.4012017789
8.89154975107
8.00954850682
9.69084745223
9.09814093713
14.1470066064
14.7893663925
13.7659581808
12.5289034267
9.14388522766
8.74858074426
11.1216858224
9.98047347537
8.94022597956
8.81859247632
9.20940305605
10.0783622753
10.8026438169
12.8572398146
11.8964412743
14.2654890345
16.4703634613
14.0753780736
17.0316995917
17.4750910913
15.3870409095
15.3228413628
12.8518808511
12.4906412573
12.3680194885
12.4280235326
12.5278155282
12.6337430794
12.7783570786
12.9405353081
13.1660274577
13.4488093085
13.7055191837
13.8984971307
14.0449041561
14.1454885375
14.2090511939
14.272841831
14.3638837746
14.4750600866
14.5719879566
14.5955236497
14.4719683882
14.1587045363
13.6746804858
13.0363539356
11.9554791846
9.63011134463
6.75126498241
5.73669579234
7.98545200915
12.2891158019
15.4855461336
17.3588154157
18.637862176
19.2261361663
19.002268689
18.3029281896
17.1538600225
27.6140526106
37.9675826088
40.8350680528
38.0598172892
37.1124791877
37.2184824723
37.3898838506
37.2136544768
37.686628904
38.142175279
37.8250181035
37.9098805013
9.14310932485
8.83995149643
13.0210130618
12.978974835
12.898049985
9.74421170389
8.84272972561
12.8556328367
9.10302435799
14.9837295103
15.1389901885
13.94758797
12.3576453519
9.5028776171
12.1325874065
12.2360606498
9.97800181263
9.04827784026
9.04969362678
9.37014017101
10.0439762814
10.7317712501
14.4669855828
15.5167732051
13.4224191661
16.5768971331
17.3317397296
16.3996379963
17.4523877246
17.3773061789
15.9612795329
12.7665244078
12.6840842625
12.687526291
12.6868082915
12.7462794336
12.8196254696
12.9829185319
13.162385677
13.3465911626
13.635086367
13.9567406541
14.1954601449
14.3427677145
14.4397120065
14.5196881964
14.6189517758
14.7572763028
14.9218980123
15.0726387757
15.1457089748
15.077989381
14.8399078311
14.3925750509
13.598540132
11.6478946913
7.83828844789
4.82100720816
5.46224625058
10.4356155393
15.905725283
19.3182171599
21.0790657786
22.6034475589
22.7548517205
21.6562795948
20.2926178105
19.0191295299
23.774483173
35.1336448805
42.1828602752
43.3394911514
41.4878005973
41.7657653142
41.8231784455
42.0335007125
42.6954834603
42.9558042948
42.6659742173
42.6958327501
9.53371707146
9.36224883328
9.10841739071
13.1692596932
13.238259377
10.2079766145
9.62101319702
13.6444699434
9.45628570639
15.8073109384
15.4302587294
14.1356162743
12.3180606885
9.62768846955
13.3477615358
12.5159141401
10.1436399989
9.31006655981
9.34488976072
9.7129937584
10.1334750691
10.6552990315
15.1143308538
16.4745127214
13.6162532759
16.7107935084
17.8463500763
15.2404037721
17.0661869935
16.590820766
13.3994705186
13.1291513516
13.0995305931
13.0284051297
12.9564283466
13.0307286074
13.0848518778
13.1502159481
13.3615963806
13.5981230022
13.8650902228
14.1997686623
14.4909178865
14.6704883502
14.7772070766
14.876933317
15.0120292968
15.1891957873
15.3983161201
15.5906431801
15.683287773
15.6875722182
15.5716680555
15.1597841275
13.9032391849
10.0681342978
4.63819937879
2.3765518262
7.58420477053
14.8969108727
20.8648958543
24.1772502388
23.8674930358
22.0740042033
19.1083832343
17.207811567
16.2455613024
14.7311763995
11.6941560742
14.0771121821
41.7325882107
45.3073713412
46.3458962885
45.6881216037
45.3762619788
47.0875334142
47.7195236692
47.9111461168
48.8643117893
49.2932921614
10.0875472317
10.1325968957
13.7354905463
13.6253298942
13.4586979109
10.5646051348
10.5373200466
14.2236206756
10.2588502284
16.4795341301
15.6796504004
14.3240544069
12.3285812859
9.87098499875
13.49931067
12.3959052332
10.3208602306
9.61244871597
9.63673801873
9.96088393199
10.3623005803
10.7756350662
14.1954009009
17.2291158973
17.342903215
15.684680459
18.0021632312
18.5918735932
14.7491916806
13.6965660251
13.2141257033
13.2869307594
13.3261988655
13.3049393446
13.3058328106
13.3014561009
13.3471175179
13.4426710892
13.5551220523
13.8228124065
14.1410379373
14.4804376046
14.7925577514
15.0110182618
15.1569603936
15.2833153572
15.4466988097
15.6790699171
15.9317159336
16.0979790723
16.1606811411
16.25715675
16.3029425178
15.8218192445
13.4026436169
7.09619406806
0
4.15472614044
12.6860565605
20.9675394558
24.8534594493
20.972957784
13.4850055335
0.0964815209295
0.0754681319251
0.183219270111
1.23504273945
5.73786807135
10.7864581456
14.1943577418
10.1417070701
31.2920787804
50.0369079895
50.6739346085
48.3511541173
50.7678929705
52.6277293056
54.8847721349
57.1883988254
57.3900829181
10.5692294818
10.7436851649
15.2350689102
14.0119580259
13.1680905425
10.9571617738
11.4672595569
14.613578895
14.6211668234
17.2587267553
15.9461517128
14.5692306854
12.3628056946
10.2690621241
13.6490358251
12.2364996657
10.5271112167
9.93279770485
9.90474233891
10.1629665447
10.557000552
11.1029281991
13.3677043802
17.4527199003
18.7383122963
14.7951108737
17.5797784343
18.4115057904
17.6086029069
14.4871485857
13.3876711454
13.4843603331
13.6282215397
13.7072814419
13.5545548115
13.5862091459
13.5887584988
13.7022096077
13.8262358108
14.058531004
14.4188020401
14.7992743599
15.1076347046
15.3350801381
15.5455516788
15.8005659762
16.0647183861
16.3317750203
16.4829490853
16.5668647704
16.6662575093
16.7869724071
17.0581329788
16.5399355006
10.949098098
0.0011197156587
2.54839037168
9.92277946486
17.9896658249
19.192536924
1.48570227571
0.00247903662417
0.000174748429349
0
0
0
0
0
0
0
0
2.43045264485e-08
8.1974136096e-06
0.00122615834927
0.711377807613
48.239052566
58.4878891206
59.9098919708
67.0857641045
65.8477812649
10.9405637453
11.1433525647
17.532266867
14.2393548704
12.511946052
11.3216400676
12.0986005547
14.3169304419
16.1713605165
18.1561391016
16.3405788196
14.9142029416
12.6020733888
11.0035512957
14.0115660938
12.2505758435
10.8394177686
10.320757195
10.2134823466
10.3985294868
10.7306238042
11.2511485678
12.9871642116
17.3017675656
19.6777540065
18.6574584779
16.8264290439
17.7131653013
16.9408767516
13.6763192541
13.8495899944
14.015291959
14.2825991765
14.1592836908
14.0248007016
13.8597565191
13.9253049187
13.9552779896
14.108036163
14.3370209105
14.6738406929
15.1018336012
15.5410048365
15.7995824308
16.0644608435
16.443627511
16.8499359115
17.1517362642
17.2776349544
17.3935312113
17.5334382217
17.6530864946
17.5246578816
16.5298284819
10.3284112248
0
4.92851188599
8.37023194278
0.280778666152
0.000769971410129
0
0
0
0
0
0
0
0
0
0
0
0
0
3.13163795528e-07
3.11196336622e-06
6.82209796422e-05
0.00330794096668
18.3697552383
71.2537699409
50.0209608806
11.2105042459
11.3993201763
19.7060539307
14.358270687
12.1995149823
11.679370897
12.8897991154
13.0879839539
17.12679562
18.7809934233
16.7323245556
15.2737319074
13.0655710274
13.202563354
14.5083562873
12.5251111308
11.3692516736
10.9396444295
10.6318468864
10.7272752817
10.9631718758
11.4169566377
12.8585588281
17.1650818299
20.0270312928
20.3157736333
15.6022403198
15.8337948347
14.4431450833
13.7673222571
14.0160188184
14.5585198974
14.768304285
14.5964577754
14.4468988173
14.5429681265
14.2789505601
14.2823419301
14.3873045259
14.5743365432
15.0331147207
15.515632619
15.9625691829
16.1775316898
16.5904337265
18.6429663708
21.450334225
22.3333742067
20.5041738982
20.322496112
20.576589571
20.9711135849
21.0533446976
19.8071625097
18.8326677001
5.55605098029e-05
0.0561445834519
0.000916124877185
0
0
0
0
0
0
0
0
0
0
0
0
0
0
0
0
0
0
4.83828245939e-06
3.27640496777e-05
0.00604196240419
59.259502468
11.4822246988
11.6435906762
19.3613630307
13.2315809836
12.0788361196
11.9701091452
13.7793487945
12.6674627326
17.902490971
19.3887389515
17.1247099619
15.62190724
13.394833111
15.7573771062
15.2458039887
13.011595018
11.9994937084
12.0768586842
11.2798339327
11.2322598775
11.3052082418
11.5934398027
12.9049613245
17.012865058
19.8569628461
21.4306564687
19.4175843602
17.9338352762
16.4328122228
14.1334594839
14.353154732
15.4426476928
15.000774447
14.9736835588
15.4666020303
14.9943181417
14.7549600277
14.7319866491
14.8275229027
14.9915620726
15.2461519205
15.8065434657
16.5026241838
17.7853298309
19.7177501402
22.3894554884
24.355823198
24.3173276687
24.6281465573
26.2166590232
28.4977804164
31.9184132541
33.4930771039
31.85309813
27.5558140791
23.7914232512
0
0
0
0
0
0
0
0
0
0
0
0
0
0
0
0
0
0
0
0
0
0
1.48873171306e-05
99.0887792743
11.8639946702
12.0158830593
18.7771903597
12.4126029897
12.1815566802
12.1842078813
14.4999039682
12.8885554003
18.506410724
19.9811314624
17.5259385586
15.9970250785
13.6857307517
16.3243244639
15.9088312915
13.5712444322
12.6088328899
12.8625281795
12.0813583364
11.9717148253
11.8880104197
11.7615131283
13.1359486875
16.976875677
19.5394269686
21.7919410426
20.6779028466
18.0731787622
14.5854228829
14.678730091
15.0615258349
16.1001441656
16.350178648
16.3716557382
16.2657472402
15.4912273144
15.2708856625
15.2950246392
15.3677499576
15.5466711855
15.7733789745
16.4157038695
17.7392470409
20.3266977739
22.002684904
22.2554830802
23.361458133
24.4437375685
28.4098920739
33.0681159741
39.820077013
44.2345523903
45.0565895869
43.9021946198
15.9918050775
0.387192362869
0.00129967333391
0
0
0
0
0
0
0
0
0
0
0
0
0
0
0
0
0
0
0
0
0
2.50186371412e-06
3.31019420882e-06
12.5161030276
12.673184196
18.1003227054
12.36888499
12.6341982859
12.5123761239
14.0970412018
13.5402375997
18.8461088513
20.5241973969
17.9669572453
16.4327647439
14.1328265809
16.8655160706
16.5330929269
14.2805200579
13.3158595396
13.6497785967
12.8399363455
12.8673638184
12.8192472406
12.1233909823
13.5966307577
17.0972880232
19.3817960967
21.8847710993
21.099777043
18.2996529305
14.7283678876
14.7911931804
15.9298240673
15.7260999925
15.7290271908
16.1356508973
17.23343007
16.4599332627
16.1660072517
15.8775755906
15.8935238212
16.1998949008
16.5711773266
17.2570263194
20.2502425995
23.0435066922
23.0297337641
23.1843106797
24.90551184
30.2283599277
37.0735037925
43.1578531309
47.7857830641
44.0200348125
27.3344725106
0.0219269630862
0.000137579934246
0.000278863377201
4.28230089007e-05
0
0
0
0
0
0
0
0
0
0
0
0
0
0
0
0
0
0
0
0
0
1.84920089621e-07
8.39667790322e-07
13.5683218279
13.6503412159
18.0075627988
13.1281362387
13.7896720257
13.2261637662
13.9894477715
15.004185768
18.5293839371
20.8433536212
18.4831493565
16.9545083768
14.711122332
17.4834135777
17.1914773496
15.1902588257
14.2634648941
14.6361454098
13.5957021219
13.885093831
14.1466344716
12.7992525984
14.0613131562
17.3604989704
19.397933392
21.6402787981
21.2599570867
18.5802760409
17.5718537064
15.7374675517
16.4415743527
17.1238810515
18.0829495099
16.5660970717
16.8561413577
17.6296744253
17.0261192757
17.0200479593
16.7978201337
16.8644813572
17.3370642949
19.9899464719
24.2422713313
25.1349145717
24.4920166969
26.1313552973
32.6230739624
41.3817967174
47.36509846
46.2613432911
36.6498182863
0.228597443854
0.00156413906842
0
0
0
0
0
0
0
0
0
0
0
0
0
0
0
0
0
0
0
0
0
0
0
0
0
0
0
15.1250015322
14.8546011837
18.4276491422
15.1094134625
15.8898896765
14.3709155302
14.6912090645
17.2100659055
18.4077701504
21.2794103266
19.1445794315
17.5791032677
15.4052393899
18.1339869292
17.8439097993
16.2194603455
15.8363332659
15.9895463966
14.4320320243
15.048120759
15.8415202451
13.9000249305
14.3139454407
17.6728958429
19.5822853141
21.3632052445
21.4115468139
18.4667375103
18.7542252275
17.4790831677
17.723163763
16.0913756507
16.8075204508
18.2372270248
17.7321539934
17.9313477512
17.9303088148
17.8336476014
17.965502165
17.9618006336
19.6378825488
24.7645218028
27.6351339613
27.5863815901
28.2438172692
33.3082060224
42.6223779713
48.3733889983
37.7127369272
19.6848765927
0.381993061413
0.00174909752284
0
0
0
0
0
0
0
0
0
0
0
0
0
0
0
0
0
0
0
0
0
0
0
0
0
0
0
0
16.82305402
15.9655319581
18.9496769886
17.9237753146
17.5578099926
15.7727124938
15.4909770295
18.2642070353
16.8697490289
21.5613783469
19.9397831304
18.3000627375
16.2090670118
18.8016640488
18.446850228
17.0551179037
18.2892776755
17.6474810102
15.4038675325
16.4209566545
17.2174851512
15.3718408405
14.0730387405
17.5357187008
19.6675506839
21.1080807588
21.3988557141
18.4198381868
18.9437033968
18.7989280598
18.8409736095
16.7197824704
17.3049067433
17.5331418761
18.6603028539
19.1660294553
19.1213113059
18.9061263024
18.8827337165
19.8954445177
24.7121391616
29.4942167972
31.1827654474
31.7807389076
34.5563729471
41.0978051073
43.8277896163
27.6475150285
22.5386753863
0.851751999884
0.00298299982088
0
0
0
0
0
0
0
0
0
0
0
0
0
0
0
0
0
0
0
0
0
0
0
0
0
0
0
0
0
17.527164133
16.7377989092
19.2242391977
18.8233746391
18.4772096735
17.1443676439
16.5641299758
19.5962809015
17.7565966492
21.9750878097
20.7388623964
19.0747708245
17.1135387211
19.5065862423
19.081651872
17.765258051
19.1498349385
18.6094414562
16.3796019919
17.8299137534
17.7898286143
15.9175055143
15.2331049157
15.4046847558
19.1234638144
20.5163087029
21.0982988458
18.3287269807
18.8920264607
19.1827052499
19.6673822526
18.9898170436
16.9220676006
17.3211550366
18.7447618694
19.9682144587
20.4280873438
20.5929668245
20.5705978402
24.5133461838
30.2734206314
33.8222031394
34.9750542089
36.2506079035
39.7583542052
38.1160445068
23.066700797
24.887573595
2.79980940309
0.0079740021288
0
0
0
0
0
0
0
0
0
0
0
0
0
0
0
0
0
0
0
0
0
0
0
0
0
0
0
0
0
0
17.4094804177
17.2642325773
19.4030445153
18.8820430584
19.0722380516
18.2286513612
17.5173111375
20.8961394617
19.472694874
22.5364584524
21.5923323919
19.8851160282
18.1088986329
20.2619291351
19.7953173648
18.6435513927
19.8303235511
19.4531050155
17.4636576612
18.7532413513
16.7789855563
16.5028429161
16.1786447096
16.6077518968
17.5708739055
18.3485524383
20.1583206962
18.2003116275
18.0841448663
19.0551961297
19.9899367352
20.305650494
18.5877508889
17.9900452964
18.5042631968
19.642718374
21.0546594695
22.3279062636
24.0186135913
29.8883226079
34.94362569
37.4430357348
37.7531456515
37.899187267
32.7058138503
24.7155193791
25.3450397613
9.72529394749
0.0217855682024
0
0
0
0
0
0
0
0
0
0
0
0
0
0
0
0
0
0
0
0
0
0
0
0
0
0
0
0
0
0
0
17.5566666328
17.6503510162
19.606452623
17.4352062686
19.2747223075
18.7870521425
18.1549772205
21.3569151472
20.1841438241
23.1540064805
22.5126556322
20.7121694944
19.2102172277
21.0554523235
20.5596627576
19.6684027344
20.5444344163
20.4106059769
18.6647194651
20.0596297992
18.0655828504
18.3158540008
17.382102341
17.8126054523
19.6610239107
20.2466390373
19.7370450957
18.0396616186
17.3216990363
18.9595517444
19.9545703169
20.4262141348
20.3358782591
19.017132744
20.4178704739
20.3959671306
21.6098221035
24.0779532425
28.3768201655
34.7188331661
38.7484615628
39.9097785919
37.4417947876
29.5459945896
26.9888418193
27.2726860588
24.3206158493
0.185783445978
0
0
0
0
0
0
0
0
0
0
0
0
0
0
0
0
0
0
0
0
0
0
0
0
0
0
0
0
0
0
0
0
18.2261469541
18.3018279193
19.7718114785
17.7804951856
19.4263053108
19.0373522337
18.6061568848
21.3883788125
20.7050374972
23.5894777011
23.4531865773
21.5088727243
20.4178260462
21.8493778708
21.3056560757
20.6759816751
21.2147009753
21.4695226568
19.9227576694
21.3450631148
19.8458454615
20.5584496358
20.1843671077
18.4734366585
20.1066554489
21.2220533805
21.3212524812
17.9199707272
16.4226776992
18.8423446006
20.0592577797
19.5861417564
19.6080505344
19.2320106519
20.2908693763
20.7413208077
22.3374378963
25.9729278494
32.6693016985
39.1948778616
41.9864068276
40.5704436725
30.6038009526
27.6851235908
28.5378574383
26.6388833865
1.29461208822
0.00524968080045
0
0
0
0
0
0
0
0
0
0
0
0
0
0
0
0
0
0
0
0
0
0
0
0
0
0
0
0
0
0
0
0
19.0856434943
20.5058373826
20.0541108781
18.7877887614
19.8897230771
19.3446033399
19.0453827353
21.4036220251
21.20507158
23.6384962711
24.4050568102
22.2495240122
21.4934380657
22.4484678167
22.0397076514
21.3972808786
21.1873358388
22.4529783773
21.311731238
22.4541535793
21.9712596154
21.7480023011
21.4538752558
20.9834690567
19.9255193257
20.8603173894
22.2456791205
16.8833616484
15.8787936795
17.8880395999
20.02665302
20.3521658578
20.8597493549
19.1782967028
19.9679286114
20.9631681128
22.6861993763
27.7192585257
36.6783212834
43.2696737215
44.6744203201
36.3785138929
29.5945214234
30.8919346076
30.2410201893
8.77499817054
0.0223959059515
0
0
0
0
0
0
0
0
0
0
0
0
0
0
0
0
0
0
0
0
0
0
0
0
0
0
0
0
0
0
0
0
0
19.7158347091
21.1661229722
20.6909390722
19.6853205133
20.5528126628
19.8725444192
19.5616782705
21.5190403301
21.7140949642
23.3931795559
25.2728158788
23.0172773298
22.0901082649
22.9377421538
22.9059833335
22.0543455134
21.1592755881
23.1357008511
22.8363330419
23.4105529127
23.2381464549
23.289538874
21.442968594
21.427249079
20.8508938139
22.6820409913
23.5591294421
19.6654760057
15.4190899522
16.6915715015
19.3758596568
20.677568966
20.7224923095
19.7930748159
19.4384456446
21.0359976515
22.6055013511
29.0914913502
40.3081541618
47.3128767216
44.1044118425
30.5079798897
31.4430721237
33.4203354419
29.3147900323
0.258734434222
0.000869494636548
0
0
0
0
0
0
0
0
0
0
0
0
0
0
0
0
0
0
0
0
0
0
0
0
0
0
0
0
0
0
0
0
0
20.1978058546
21.4988159278
21.2700885344
20.2915512233
21.2263086519
20.5828592713
20.1703744529
21.8253617752
22.2991863641
22.734706828
25.85239129
23.8943755815
22.5148952311
22.7142749193
23.8351737854
22.8995959198
21.6450967689
23.7048124172
23.5800162543
24.1733340656
24.1489279691
24.4160168082
24.3709381159
24.2564565316
23.7284391646
23.1539440453
24.6808987622
21.6780753412
15.3925498895
15.7674423164
17.0691053209
19.4056536346
20.7345033271
21.7888717015
20.2374702414
20.2291610988
21.9449244466
29.352864042
43.5754551775
50.1601643413
41.3469014755
32.5258374091
34.4779131919
34.0122660555
3.70712335574
0.010135995391
0
0
0
0
0
0
0
0
0
0
0
0
0
0
0
0
0
0
0
0
0
0
0
0
0
0
0
0
0
0
0
0
0
0
20.6860481495
21.8100989107
21.7672929599
20.7238558503
21.8310420261
21.4335168923
20.800205102
22.27478044
23.1090782838
21.8914304021
26.1515357452
24.882952409
23.180540071
21.9958686954
24.6320872736
23.8260779673
22.5495431599
24.4617131964
24.1041448653
24.4293557596
25.1712859824
23.8767236388
25.62840458
26.0002884611
25.7713672901
25.7442803929
26.1251504342
24.7793282758
18.1678273815
15.326141121
16.0592138029
16.9715031846
19.0064108747
19.9080628448
22.057672012
20.8203490396
21.4200745401
26.3287077607
48.183287611
51.5404135842
35.0542416694
34.8288550795
37.0785614127
32.4756447326
0.125776013017
0
0
0
0
0
0
0
0
0
0
0
0
0
0
0
0
0
0
0
0
0
0
0
0
0
0
0
0
0
0
0
0
0
0
0
21.1665148088
22.1052681685
21.744024511
21.0597185017
22.3399979646
22.2389455422
21.3434660505
22.1677719043
24.1872978097
22.9367903265
26.2871074094
25.9215686791
24.1280191823
22.7179992261
25.3681494172
24.7350434512
23.8149131743
25.461402569
24.9744409441
24.0288102959
26.2709154806
25.3803838406
26.6290098536
26.9040778709
27.0965104698
27.5361747754
28.0480283617
27.8395301415
24.7443883866
16.1759249959
15.8329162392
16.5245935739
19.1516236351
18.9396169006
20.2912701199
21.9256074019
22.7196746294
22.8846707209
46.1895741676
48.7075700428
35.9378343503
35.1740007979
37.5459486252
6.29240461087
0.0103547111911
0
0
0
0
0
0
0
0
0
0
0
0
0
0
0
0
0
0
0
0
0
0
0
0
0
0
0
0
0
0
0
0
0
0
0
21.5924521128
22.3514834951
21.6019819423
21.5899027744
22.8540947814
22.7238962388
21.873423404
21.9251838872
24.6693490961
24.0512150192
25.9960324046
26.9627237562
25.1351625917
24.1110443605
26.0887940002
25.5978397833
25.2691505442
26.343677261
26.2161979067
25.2479851527
27.2085078609
26.9838656179
27.6844547478
27.4443470853
28.6338287137
28.8760293361
29.8729103343
30.7015917007
31.003719111
25.464146992
16.9052368979
18.3809515067
17.347743463
20.0667635085
21.1539840699
21.8376442218
22.8083927726
23.6029720135
20.6162402931
41.4371106969
37.2049255997
35.3078000862
35.4328734947
0.257518392692
0.000315421915902
0
0
0
0
0
0
0
0
0
0
0
0
0
0
0
0
0
0
0
0
0
0
0
0
0
0
0
0
0
0
0
0
0
0
0
22.0354881853
22.1836415071
22.3879578802
22.999472815
23.4782350499
23.2352172383
22.5431105724
22.3622442064
24.5480945539
24.7994410998
25.6025299833
27.8508561631
26.093623644
25.280997998
26.5623103042
26.5013748218
25.8966489312
26.8146840988
27.4464223292
26.9300952715
28.0940908346
28.0947362914
28.5150605878
29.2580502323
29.8547125088
29.1013007016
30.889873173
32.0304957091
33.2602649101
34.4087432475
28.1257651588
18.7751027212
18.8783167402
18.7488905231
19.1846746305
19.7138017225
19.911713981
19.640083478
17.0846102753
19.5057290438
35.0760986333
35.0918814802
22.6065518966
0.0192453547106
0
0
0
0
0
0
0
0
0
0
0
0
0
0
0
0
0
0
0
0
0
0
0
0
0
0
0
0
0
0
0
0
0
0
0
0
22.5060928955
22.5645339336
24.341003639
24.2078863318
24.0133220952
23.7282138783
23.323341742
23.062496262
24.7091529869
25.6513775003
24.8133263031
28.1708204904
27.1233180243
25.7858162897
26.2017502335
27.5082340491
26.4782619131
25.9623053777
28.3028554115
27.7912193339
28.6705094714
29.4075019899
28.1935573186
30.6338040914
31.0072148235
31.6762756443
32.3372151791
33.1121073728
34.4941183581
35.9545873921
36.9331380728
31.6504600736
24.6787000831
19.1617753278
17.5172768934
17.0969389482
18.3402897054
18.5685153247
18.6658314998
24.9219865773
37.6145229877
34.8622081519
0.936289125175
0.00243304894589
0
0
0
0
0
0
0
0
0
0
0
0
0
0
0
0
0
0
0
0
0
0
0
0
0
0
0
0
0
0
0
0
0
0
0
7.38075407597e-08
22.8816355884
23.0851261602
23.339544705
24.348394103
24.2662237717
24.1287118923
24.084098636
23.6476859142
24.9878327131
26.3771609764
25.4052589367
27.8199429713
28.3744370747
26.5789817501
25.5574907661
28.2510809022
27.487998705
26.6877897711
28.8539380626
28.6140915957
28.0586355337
30.7797717422
30.0109270623
31.3038620647
31.5808665219
33.1967987482
33.5614006755
34.2794294697
35.5676662515
36.9177165464
37.7829118779
39.7614063576
37.2952240478
33.1995185311
30.7765311483
30.2258777106
30.1396170286
29.7171089314
31.4340953492
39.2253756834
41.3688548847
33.5404375463
0.0783896046745
0
0
0
0
0
0
0
0
0
0
0
0
0
0
0
0
0
0
0
0
0
0
0
0
0
0
0
0
0
0
0
0
0
0
0
0
1.84920089621e-07
23.1967413905
23.4539089109
23.3098455377
24.3937114382
24.7245456475
24.5778868354
24.6023584305
24.0464076722
24.6663780926
26.6680057898
26.1866615681
27.0635027115
29.5342205383
27.8034906117
26.8436921412
28.6335741288
28.6754745855
27.9191483987
29.2116503138
29.9174654508
29.4049344422
31.3944056675
31.3687147502
31.9818914426
33.1764672264
33.8969545148
34.8063535358
35.8457278507
36.6540043056
38.2118406462
38.6111882526
40.9609957976
42.0161409916
43.8489960459
42.3821077997
42.0483742996
41.5276686781
43.2787098533
46.6830813977
43.4052713619
41.3565709782
6.74913643679
0.0105928109854
0
0
0
0
0
0
0
0
0
0
0
0
0
0
0
0
0
0
0
0
0
0
0
0
0
0
0
0
0
0
0
0
0
0
0
1.84920089621e-07
1.84920089621e-07
23.5704698649
23.8523569531
24.3997460732
25.4502137208
25.5330615452
25.1040692371
24.9516943945
24.4038013637
24.5248561779
26.4524427758
27.0512375055
25.9163457305
29.2992093571
29.2152951673
27.6903480936
28.0251071611
29.8092358821
28.7976510193
28.4757547272
30.755413054
30.4467346717
31.7907457414
32.7843616061
31.7586259198
34.0714142447
33.823064239
36.3307133857
36.5940316473
37.2082327094
39.1286195303
40.2881532467
41.3963947726
42.3658728144
43.8888241536
44.6167517873
44.5854820591
45.4565978395
47.741248764
49.371135047
43.6578233282
38.1425426247
0.222821968744
0.00147434502127
0
0
0
0
0
0
0
0
0
0
0
0
0
0
0
0
0
0
0
0
0
0
0
0
0
0
0
0
0
0
0
0
0
0
9.02525350284e-08
1.84920089621e-07
1.84920089621e-07
23.9604792917
24.1878304867
25.4695774977
26.6777152156
25.9699901701
25.5051214079
25.271719035
24.8267550489
24.7153855378
26.2949671957
27.598722193
27.0033752077
28.1805751467
30.7284457085
28.8509121536
27.9748017382
30.438097726
30.0576072205
29.3539462959
31.2872981332
31.5846902367
31.4079817457
33.8166458388
33.4045446483
34.7297646999
35.6690684698
36.6215439582
37.0662669329
38.2488446682
39.1407782479
40.328920533
41.2673425976
42.2001306322
43.6417781432
44.80769678
45.7188723356
46.5926965244
48.0028379889
49.3035075678
45.0087320648
35.3393796113
0.0380331534897
0
0
0
0
0
0
0
0
0
0
0
0
0
0
0
0
0
0
0
0
0
0
0
0
0
0
0
0
0
0
0
0
0
0
1.12358963207e-07
1.84920089621e-07
2.96476866087e-06
3.12838108079e-06
24.3523015358
24.4843344511
25.2945118945
26.1211349054
26.0921492888
25.7574441135
25.5365705167
25.303616722
24.9163562431
25.7123441152
27.4365038573
27.9418505745
26.9070737298
30.2091140985
30.4344821557
28.8538874414
29.5598451885
31.2293555717
30.3320428778
30.593193704
32.7200596319
32.289339097
34.1091122186
34.9745912677
33.9133103837
36.2470030541
37.0338089106
38.2566448054
38.55097852
39.0989758397
40.9849218726
41.6571405113
42.6263175372
43.7949354085
44.2362502431
45.8609533897
46.8369543897
48.594521938
50.3778055731
49.6255741469
18.4413293859
0.0116872623451
0
0
0
0
0
0
0
0
0
0
0
0
0
0
0
0
0
0
0
0
0
0
0
0
0
0
0
0
0
0
0
0
0
0
0
2.30131648545e-06
7.7679780321e-06
1.15775746047e-05
24.788335883
24.8515312506
25.4891291173
24.3981479024
25.791138004
25.9068275445
25.7273546982
25.6422807851
25.006378607
25.2892906675
27.0076646598
28.4753698077
28.2065444082
28.8671139509
31.5640197575
30.3545997648
29.5037719924
31.9314832379
31.9955076283
31.0114267051
33.4004519979
33.7749391754
33.4390293215
35.294186178
35.4827437396
36.4265203797
37.9365329989
38.4945000059
39.4027466402
40.2796486961
41.2482802256
41.8930546048
43.038709044
44.1383033164
45.0410016097
45.6059328723
47.3740486853
49.6705173809
50.171452703
47.4560329917
0.26381199792
0.00346637113839
0
0
0
0
0
0
0
0
0
0
0
0
0
0
0
0
0
0
0
0
0
0
0
0
0
0
0
0
0
0
0
0
0
0
1.04774553812e-06
3.7535086398e-06
5.2770719342e-05
0.357839457863
25.0699485846
25.1407288194
26.2828244483
25.2566743004
25.7122693898
25.966401968
25.8606819462
25.7596413475
25.2156006632
25.1470235907
26.16112182
28.0346835021
29.2941073654
28.9353836041
30.5511586663
32.2768385345
30.6846263449
30.1356134477
33.0401655362
32.0072348167
31.8017122908
34.418079958
34.1759098044
35.4850883431
36.3345580756
36.4274858996
38.0039777311
38.8130835493
39.9918235482
40.2153087123
41.2737570428
42.9236461973
44.1970500693
44.9192452417
45.7644990117
47.1145819687
47.7924761363
47.7032579511
48.536394561
41.4392353601
0.00391569956102
9.2412932057e-05
0
0
0
0
0
0
0
0
0
0
0
0
0
0
0
0
0
0
0
0
0
0
0
0
0
0
0
0
0
0
0
0
0
6.61123568336e-07
2.19765250566e-06
0.00021084813316
0.0611186673839
99.9221774035
25.0380196898
25.1028825066
26.1583420259
26.3792530915
25.2046466355
25.9453156353
26.0006929829
25.9522938251
25.7468509694
25.25019134
25.5465602869
27.2767702653
29.0291667816
29.8477092104
29.3110220972
32.2619125985
32.777366452
31.0672396732
32.9562034196
33.531172493
32.6042889546
34.5462315335
35.2973427149
35.8278801508
36.8317879528
37.8045528299
38.2477116441
39.9905768122
40.0724736245
40.1564487916
42.5361606197
43.7807933683
44.8185163744
45.1783813084
46.7089964102
47.1671105884
47.6231218552
46.9713130684
49.7191660628
39.066815446
0.0072221921512
6.34958784483e-06
0
0
0
0
0
0
0
0
0
0
0
0
0
0
0
0
0
0
0
0
0
0
0
0
0
0
0
0
0
0
0
0
0
2.1246925197e-06
0.000263108231061
0.0605055126825
78.7910726606
91.0276530469
25.0645580566
25.107024243
25.1899643876
26.8066511295
25.4099488756
26.0043548711
26.2555972551
26.2544131315
26.2850157182
25.6365608114
25.6675317238
26.0668225271
28.2650046823
30.0984511474
30.0569044462
30.1179196681
32.9189007924
32.65688637
32.0350933217
33.9888097334
34.1758341964
34.2539860776
35.8122185526
36.5843149925
37.3388665156
38.1201739177
39.1850126664
39.9851296288
40.5273342217
41.6988847584
42.7933055249
43.8026981004
44.8970598577
46.1648563622
47.8232036422
49.5525718626
48.4979690981
50.1072414786
52.3884317704
36.5696263307
0.00370617316518
1.54453835975e-05
0
0
0
0
0
0
0
0
0
0
0
0
0
0
0
0
0
0
0
0
0
0
0
0
0
0
0
0
0
0
0
0
6.61123568336e-07
0.000156839191401
0.0353224435287
74.418599386
82.1715352071
85.513239677
25.5488276377
25.5952689776
25.6055820764
27.5871858391
27.9214619166
26.9808004598
26.818946187
26.7016651979
26.6819747871
26.3557022947
25.9749879066
26.3193230795
27.3472918538
29.4015044847
30.9581828433
30.4611009924
31.7974559115
33.4899107352
33.1655444723
32.8187584969
34.8511312755
35.4348588653
35.5887725025
37.0395381835
37.8747416319
38.4075210724
39.4006320818
40.1938332308
41.9449980005
42.8697889717
44.6094235966
46.641312185
47.4028057162
48.4804232602
49.9311278378
49.8165530728
50.2694345034
53.9382236922
57.2754265434
38.6279327411
0.00166567954954
1.54453835975e-05
0
0
0
0
0
0
0
0
0
0
0
0
0
0
0
0
0
0
0
0
0
0
0
0
0
0
0
0
0
0
0
0
3.29491120053e-05
0.0107927978933
46.5173005791
80.9210297933
77.7123131561
78.0635706091
26.239397955
26.2554558335
26.7071011453
27.8141998978
28.8017151984
28.3606674219
28.0471203517
27.5055561795
27.2310509739
27.1866314264
26.4869106928
26.6806638362
26.7268867059
28.3378732178
30.2077975391
31.5287383058
31.4156508924
33.2531989666
34.1292372348
33.9279442839
33.5936670273
35.767235891
36.5351029278
37.0950565364
38.0574119548
39.350027007
40.0149412217
42.0346883761
43.0496538423
45.2617231981
46.2242506773
47.5206545252
48.4320362557
49.5746535816
49.7179542731
49.8969689504
53.2569578687
54.6211784074
59.2990634704
25.5945472248
8.03324913874e-05
4.14660654126e-08
0
0
0
0
0
0
0
0
0
0
0
0
0
0
0
0
0
0
0
0
0
0
0
0
0
0
0
0
0
0
0
1.6562601164e-06
0.00153584720548
4.01881030752
70.269393492
72.4460501118
69.9393164534
69.5892955266
26.658869039
26.5282827295
27.1522457794
27.2646447691
28.5428166411
29.8174967343
30.1439653817
28.8055469185
27.9845588102
27.6903707323
27.3793131085
26.7389488538
27.2203034196
27.1194141053
28.6359369496
30.9054603596
32.1707883956
32.2318419805
33.9535001936
34.8023649743
34.8224855612
34.6270249628
36.7441788333
37.5354382453
38.3331962433
39.8201546379
41.3758436732
42.6006365862
44.2225529566
45.1488284905
45.8571187034
47.5295246663
49.839262029
50.6715013745
50.2126767959
52.9621935896
52.8277022817
51.9196531905
54.866673848
0.112059010221
0
0
0
0
0
0
0
0
0
0
0
0
0
0
0
0
0
0
0
0
0
0
0
0
0
0
0
0
0
0
0
0
0
3.19798118686e-05
0.168813679356
62.5348079104
61.3523063861
62.219174012
60.0084089326
59.7433321579
26.8745717639
26.3882267823
26.5063086183
26.7513112387
27.3694514619
29.3270588354
31.0274637786
29.7488292471
28.7279133746
28.1630146425
27.9677347965
27.3131524065
27.6021077566
27.6614893589
28.1443794281
29.18448634
31.8878699063
33.047865643
33.1309426799
34.6668559307
35.4982079057
35.7961679923
35.7586102657
37.6649083746
39.047318275
40.1357051922
41.3415725976
42.5196415132
44.1315937811
45.0980950635
48.0586625352
49.6359869174
50.6950050066
51.0140096479
52.4369106696
53.2513821899
53.5383252843
55.4489973035
56.7268410705
23.663196841
0
0
0
0
0
0
0
0
0
0
0
0
0
0
0
0
0
0
0
0
0
0
0
0
0
0
0
0
0
0
0
0
0
0.00235208221794
40.857911083
55.0839832275
52.1969131052
50.7152584844
49.4517775748
49.2549399936
27.2399063645
26.1661437637
26.0675621389
26.2812200022
26.725253279
27.9876560432
29.8475634395
30.2957053806
29.2713194197
28.6203355181
28.2742522482
28.1534685691
27.4067637847
28.0276367665
27.9679222491
29.452718634
30.6287378909
32.8109543975
33.9613613719
34.2138009083
35.3272129028
36.3631698951
37.0733765172
37.5026827074
39.3825161082
40.9252895904
41.4282529856
43.529945517
44.8302172168
47.8766344869
48.7618602421
49.6700374133
50.5743642845
51.8942488398
53.8696015015
56.3435354819
58.9756847383
60.6551683933
60.6927460798
30.0759177039
0
0
0
0
0
0
0
0
0
0
0
0
0
0
0
0
0
0
0
0
0
0
0
0
0
0
0
0
0
0
0
0
1.76998588215e-06
0.257964953953
49.997247882
46.224090047
42.3357376497
41.1832470634
38.4081677481
39.3644647163
27.7042328584
26.076210669
25.8337067133
25.8666866353
26.1999489514
26.9736201325
28.6252783703
30.4436948665
29.8486095596
29.0718559455
28.6019746717
28.3941469654
28.2416848926
27.7211548107
28.6943259496
28.5347029378
30.255213213
31.2762836164
33.3864495684
34.6620075828
35.6007211604
35.5526232077
37.5638889843
38.5538377657
39.7492327819
41.2974127907
42.8698436602
44.4236235131
47.3107191204
48.0973514883
48.3982928236
50.9057849603
52.7966563966
54.7834426432
56.9595461557
58.4021458482
58.9041175006
60.1101453254
57.6199253923
33.9965049891
0
0
0
0
0
0
0
0
0
0
0
0
0
0
0
0
0
0
0
0
0
0
0
0
0
0
0
0
0
0
0
0
2.14111317957e-05
27.4964057964
48.0865225223
39.3985941491
32.3824684186
31.5844569228
29.6220867972
29.6912168139
27.3989217928
26.1141527025
25.7132028359
25.7011139572
25.8269194289
26.3386889649
26.9691643968
29.3608809278
30.402744692
29.6314612227
28.9972261621
28.6436911115
28.554847399
28.3683037027
28.9093444271
29.1320145041
29.0276229302
31.0667859745
32.1579826289
33.2267229373
35.7490290653
36.5458086501
37.2882048091
38.916509153
40.3565287601
41.7069194095
43.6451984244
45.9553695945
46.9915103003
47.2552746708
50.403368137
52.2733033916
54.2349577157
56.2788801971
57.9953436682
59.3752219075
58.6485261987
59.0880530443
57.8830603676
43.4946448455
0
0
0
0
0
0
0
0
0
0
0
0
0
0
0
0
0
0
0
0
0
0
0
0
0
0
0
0
0
0
0
0
0.0252671462297
40.8549058837
44.50272986
35.9647675552
27.4482388385
22.0161042953
21.7709101186
23.6226889654
26.7567730767
26.2310432828
25.7370015089
25.6923012108
25.7314768087
25.9180692159
26.7640350381
27.6517346089
29.8098249167
30.1592234377
29.4816778388
28.9809502991
28.7389238449
28.7728290282
28.470433985
29.2887032719
29.4991928506
30.6449982637
31.8249202405
33.2296758928
34.6658121846
36.7874274424
37.8083033325
39.1583647831
40.3936671845
42.7045614659
44.2336631233
45.8937416245
46.4882549133
49.5322033146
51.4431411769
53.8982668254
56.2042801918
58.3805895338
60.3143950648
59.7844619438
61.2883740329
61.1278252734
64.5326670276
53.9468682374
0
0
0
0
0
0
0
0
0
0
0
0
0
0
0
0
0
0
0
0
0
0
0
0
0
0
0
0
0
0
0
4.79871256866e-07
15.4601580975
47.0176116219
41.8013383784
33.6545356362
25.4191869079
18.1152629465
14.7254769274
17.4093837782
26.4813502682
26.1719242273
25.839106027
25.6568426746
25.6528655475
25.6837878945
26.0112759258
27.1917899491
28.0341537931
30.0363580217
30.1649785103
29.5086168272
29.0777301516
28.903130303
28.8722839622
28.7157455969
29.8967570776
30.1676266828
31.5107916276
32.2534399171
34.6637030454
36.6850456216
38.0227799472
39.1236413787
40.6772711232
42.648297364
45.2544409145
46.0883167963
48.8345990605
50.6681747732
53.3920476258
55.2210237946
57.2091457536
59.0378112896
60.0423815832
60.3106362785
62.2726982426
66.8939710331
65.4852198031
58.6372390728
0
0
0
0
0
0
0
0
0
0
0
0
0
0
0
0
0
0
0
0
0
0
0
0
0
0
0
0
0
0
0
1.49663941477e-05
32.136512422
46.774439341
38.9203838327
31.386813668
24.0065449745
16.8496302742
11.94129509
16.8789795417
26.7008382885
26.0042457184
25.8452860663
25.5088657747
25.378432038
25.312247624
25.3449208413
25.992760059
27.2664451858
28.3360076028
30.45665003
30.3217148873
29.7098278867
29.3367401987
29.205153648
29.2894865948
29.2530792296
30.4622200835
30.9176976218
32.7112039522
34.119922439
36.4993512849
38.0393470729
39.2560467192
41.0201765404
43.5169808423
45.3881577168
48.1288631485
49.90287111
52.4060575979
54.2739731007
56.7425250152
58.8112215502
60.6147723868
61.5543694586
63.2140894326
65.2408725143
68.9892811558
59.3028591761
64.9067792803
0
0
0
0
0
0
0
0
0
0
0
0
0
0
0
0
0
0
0
0
0
0
0
0
0
0
0
0
0
0
0
0.635530624148
41.0346220639
43.1141798718
35.3927045399
29.0653328063
22.834584357
16.8203433886
11.7972287637
8.16935569801
27.0202936459
25.8434516672
25.5044816333
25.0871853135
24.7826065787
24.6639793865
24.6691080766
24.8924504025
26.2400446701
27.0746973088
28.6894288886
30.4692854358
30.6002912703
30.1322089788
29.7528305785
29.6961525144
29.9210688748
30.0491693609
31.4648905892
32.3380918755
34.3872650866
36.2023349945
38.0107105698
39.9227456583
41.6290729828
43.8516199154
46.8376284406
48.9122522886
51.4465361201
53.3812285448
56.2717989249
57.9799503724
59.6679069515
61.6622066863
63.9737281026
66.4965205912
66.3988132158
67.6554177374
60.4020029671
76.2437601731
0
0
0
0
0
0
0
0
0
0
0
0
0
0
0
0
0
0
0
0
0
0
0
0
0
0
0
0
0
0
1.05722543827e-06
30.7508847185
43.7824028351
39.7817786065
32.6624799206
27.2331961996
22.0779944375
16.8900675236
12.0564948546
12.0053449971
26.1716015461
24.9007512996
24.2746492959
24.0211190948
23.7839453266
23.7061212521
23.7944307152
24.0133158498
24.7845466977
26.2806622115
27.1050403998
28.9033937993
30.3238767785
30.78078495
30.5608394821
30.3125820792
30.4325853976
30.8130809858
31.2195406059
32.8677511653
34.2531389415
36.5363334291
38.6030260958
40.4717171414
42.4121714409
45.0018211079
47.1123375562
50.2345292338
52.1975697227
54.9534600995
56.8385426223
59.3744546703
61.2074357003
64.2658160169
66.95717568
67.1468328228
69.4670207029
72.933896661
66.9312212896
83.0332206263
0
0
0
0
0
0
0
0
0
0
0
0
0
0
0
0
0
0
0
0
0
0
0
0
0
0
0
0
0
0
24.2674043854
39.4648986513
41.2688833381
36.8784770832
30.911102886
25.7031400414
23.8315202714
21.622761973
15.608108148
14.9697843701
24.3229533231
22.4190466822
22.4190932768
22.512240428
22.5367687269
22.6259602081
22.8293350974
23.1547823185
23.6021419679
25.3171988476
26.5740264464
27.371120311
27.3337744257
30.2264989506
30.8570271229
31.2018638464
31.1521040869
31.3358060374
31.9542114956
32.7384987651
34.646615764
36.4177850093
38.8912006644
41.0651042789
42.8921490976
45.4011236236
48.4367423491
50.7341802762
53.527916506
55.622374777
58.7505218174
60.6613864992
63.3622746843
67.970075989
69.4474253245
71.9686528853
74.7155987646
76.7859844692
63.9318481232
86.1922367018
0
0
0
0
0
0
0
0
0
0
0
0
0
0
0
0
0
0
0
0
0
0
0
0
0
0
0
0
0
7.22615540682e-06
36.4085043532
39.9160074223
39.3232606472
35.2265130566
30.571765305
27.0722259879
27.0154386726
31.3908773568
22.7259568157
28.9330229101
23.0094040201
21.3680008572
21.248510753
21.3335026002
21.5258306714
21.7382268659
22.0322577508
22.409537915
22.8701266378
23.5374593015
25.4419184948
27.2336657376
27.5665413306
28.0657513363
29.4931508378
31.1937932606
32.0144062454
32.0085972292
32.7217571249
33.4996322087
34.62491703
36.990049693
39.5252922747
41.606673617
43.6876332318
46.3757642737
48.6395997034
51.8568882531
53.9252926466
56.7358867823
59.1704468241
62.7527663279
66.9340907348
69.7638129725
72.2464331619
75.3001655628
74.9091169675
76.0380570579
58.1271808315
90.74160952
0
0
0
0
0
0
0
0
0
0
0
0
0
0
0
0
0
0
0
0
0
0
0
0
0
0
0
0
0
34.1273574255
39.0641832274
39.3884177687
38.2834029806
34.7659044054
31.3683758542
28.9703757507
27.7903559665
34.1850211123
29.6586175825
27.0079551721
22.4496039853
21.2768656847
20.8044421773
20.8518021659
21.0889133163
21.3063931375
21.5640009619
21.9091052622
22.3306065481
22.8134329632
23.7208485069
25.8264050864
28.3018541608
28.7012821629
29.165213515
30.2624424498
31.8180849031
32.9041514872
34.051379551
34.3002088988
35.5663397917
37.4395903344
39.9680892481
42.1482132386
44.0155628812
46.5717925513
49.6450955457
51.8311735814
54.6675355802
57.0988373387
61.9072936507
65.3840214645
69.4059937609
72.3456902552
75.2843396192
75.5860240507
77.0032704026
76.6882543982
55.0889869275
96.8177114213
0
0
0
0
0
0
0
0
0
0
0
0
0
0
0
0
0
0
0
0
0
0
0
0
0
0
0
0
0.659699365448
42.2993623587
40.9697149612
39.3710775495
38.0025229709
35.1248831541
32.5445010686
30.6008856488
29.2042879628
32.8852789113
31.1229618047
27.0009613655
20.9362202964
20.9488382612
20.5637217352
20.9424744232
21.2357281343
21.3486906449
21.4572189204
21.6546252069
21.9847618537
22.4189874644
22.9947805444
24.0965148783
26.3763942571
29.4746280076
30.3900999302
30.5512372966
31.4374305937
32.6731728668
34.0175305014
35.4220850622
37.0245244076
38.0215431679
40.3493925877
42.5648273641
44.6305635686
47.2339504743
49.6186293383
52.8065775095
54.9383829653
60.0367296357
65.2743577691
68.3157157924
71.4358287191
75.5857383888
77.0954606934
78.7282272378
79.8748530305
77.8050496948
51.4428441841
99.8726962544
0
0
0
0
0
0
0
0
0
0
0
0
0
0
0
0
0
0
0
0
0
0
0
0
0
0
0
0
40.1853206286
40.7269327878
41.3130214948
39.3152637028
38.2875079545
36.0840436425
34.1199908563
32.5621594176
31.435487074
34.5704436596
32.5544050727
28.842383195
19.0030831543
19.9196571011
20.4348109231
21.3764859609
21.5837239062
21.6004015458
21.550356553
21.5935409675
21.7604406473
22.1073262398
22.585516255
23.2379570496
24.587898924
26.8676484691
29.854021681
30.9922527248
32.0997025914
32.6472732921
33.8475540255
35.240269282
37.1728363644
38.8989203218
40.6567594034
42.8998325248
45.0422749604
47.5490893067
50.6892036684
52.8620920471
58.051281945
63.7741068113
66.3550974381
70.3312199361
74.0176685174
76.6900258496
78.8248436688
82.1069909417
79.7950611183
78.864422266
51.7050106393
99.9929881455
0
0
0
0
0
0
0
0
0
0
0
0
0
0
0
0
0
0
0
0
0
0
0
0
0
0
0
28.6024046872
46.7020614806
43.9796582854
41.6849802994
40.0246228895
39.0449080922
37.3884893276
35.8849675021
34.6769740896
33.9722964112
35.8863419399
33.5943847097
32.6216058774
18.3735264514
19.0405503356
20.3834160528
21.0427883956
21.2089988042
21.3654437318
21.5545440075
21.5835825468
21.6514012802
21.8551317852
22.2465370224
22.7861695445
23.5283591026
25.2896218281
27.1539978727
30.4595213694
32.1516761786
33.0485104495
34.3718468192
35.583075726
37.3561247174
39.058423096
41.1011598425
43.2538476593
45.5664138681
48.7893235113
51.2724326818
55.7700268999
60.7974077812
64.0523259512
67.6487410989
71.1859677892
75.5908068676
78.9017047967
82.5933270705
83.4702252211
82.2560889773
83.7985838456
53.6176497082
99.9990591805
0
0
0
0
0
0
0
0
0
0
0
0
0
0
0
0
0
0
0
0
0
0
0
0
0
0
0
50.8658777423
47.6047100092
45.3865757831
42.5140780646
41.0213271701
39.717147079
38.3773012272
37.1658044204
36.3098911949
35.999694301
36.1976069294
34.3020596648
34.8128927074
18.1291453293
18.4271323074
19.5094104584
20.3251749339
20.5754658389
20.8152237533
21.0814737811
21.3654576153
21.5752675816
21.7153411911
21.9959000386
22.4641757199
23.1531001707
24.1296690449
26.6923819963
29.7304080061
31.0290405548
33.1347850675
34.8878798346
35.9120544373
37.3656898667
39.244133106
41.6647141824
43.6538502576
46.7949696698
49.6440917872
53.0510286041
57.1653866527
61.2526565394
64.8799085086
67.962834031
73.5874872932
77.8089224728
83.2962501725
85.0808347228
84.1732080618
86.6977313567
86.9876594665
66.4111692433
99.9980986369
0
0
0
0
0
0
0
0
0
0
0
0
0
0
0
0
0
0
0
0
0
0
0
0
0
0
24.6286666363
45.1122787486
47.2883543358
45.0116012791
43.1868065219
41.8834783081
39.6521149874
38.2454893985
36.9507985362
36.0500404438
36.8466017192
36.165613832
33.5944270526
35.5330435979
17.6461541995
17.7117159741
18.2431981194
19.6004171942
19.9467140975
20.2308177633
20.5306495913
20.8662042787
21.2293209187
21.6182382434
21.8454754609
22.2448549595
22.8771035855
23.8023183942
25.1321523781
27.4991956048
31.0215910458
32.9625120582
33.9589245536
36.3318478501
38.3715634004
39.8177240356
41.588933056
44.8019767278
48.1014839636
50.2749186982
54.0232410161
58.580945038
62.2572285086
65.0282276072
70.6014819588
76.4110338341
81.1514998685
85.1014051055
84.6497883215
87.4494790003
90.5347213051
91.0831379377
72.5555012724
99.9718584267
0
0
0
0
0
0
0
0
0
0
0
0
0
0
0
0
0
0
0
0
0
0
0
0
0
0
57.937494005
51.567705668
48.2989229514
44.7359881236
43.8669903674
41.4822716686
38.8849183494
37.0765210408
35.4326446105
34.0103999919
32.8640787238
32.7565426133
31.778510217
35.4708759129
16.9285052872
16.9134956588
17.1639449948
18.9710932097
19.3733732318
19.6789799429
19.992292329
20.3327522472
20.7148704433
21.1405955655
21.6321127564
22.0937255837
22.6461267852
23.4446301271
24.5080751873
26.0697400737
29.1659374558
32.2585160812
34.2259703778
36.7339190359
37.5779431323
40.1504129353
43.5465290351
46.4400724302
47.9691726503
51.9211278581
56.2150471973
59.0657757579
62.8565589094
67.9407048975
73.7133518435
77.5833193006
82.6911404969
84.8483104529
88.0878405857
91.4255701378
92.9543604008
90.8388652567
57.6056598448
99.9608844898
0
0
0
0
0
0
0
0
0
0
0
0
0
0
0
0
0
0
0
0
0
0
0
0
0
0.000166229543423
50.1267007927
51.6904852999
48.4071349777
45.7134279334
43.7971566128
42.0144872049
38.0225357032
35.8743848189
34.1896572512
32.9480302731
32.254457744
32.6750797861
30.955391939
33.9753024245
16.2014461868
16.179602855
16.3420410953
18.3597124262
18.8020886863
19.1399882994
19.4632928631
19.8005403619
20.1686949649
20.5919781618
21.102911503
21.7191839799
22.4829387215
23.2439026319
24.211928875
25.6122518816
27.4336596581
30.5844703962
34.1222319027
36.1351653413
38.3966799448
41.6047871579
44.7366038258
45.8204014775
49.5575826968
53.7225323979
56.5202571818
60.264443999
65.110845778
69.0306786454
74.3241473333
79.624253378
84.0887755689
87.5003337118
91.0793094623
93.9179881665
93.3100805816
87.4167818395
46.8397599232
99.9828182843
0
0
0
0
0
0
0
0
0
0
0
0
0
0
0
0
0
0
0
0
0
0
0
0
0
61.7861794021
51.5503603604
52.6660135339
49.3392576677
46.7357753665
44.5019950727
41.6028958355
37.5014189513
35.1327344076
33.4535109212
32.2952015136
32.099878833
32.9222268948
31.0573647783
29.9480871377
15.3782328001
15.6541832165
15.5908537397
17.3376267583
18.1947667344
18.5967275571
18.9390778392
19.2624618697
19.6015054133
20.0013362039
20.5009510767
21.1384116867
21.9207316121
22.893464795
24.1708320536
25.6766906783
27.2323055901
29.1972649726
32.3497040794
35.8251945583
38.6762034594
41.6776227951
43.7120408133
46.5134253902
51.292158898
54.6458186571
56.8070441764
60.7977614613
65.5250842647
71.4425478254
76.5589201229
80.4644839678
85.5049018309
90.0591364971
93.8976826921
96.5986624798
94.794219148
86.5276453887
47.2248110513
99.9919845647
0
0
0
0
0
0
0
0
0
0
0
0
0
0
0
0
0
0
0
0
0
0
0
0
0
65.0753931953
59.0966711226
54.8557558604
51.3198005942
48.9287398167
44.9522443842
41.0419524054
37.5915766793
35.2145422102
33.5549525417
32.354383767
32.4515636661
32.731118563
31.0534428539
30.6323728582
14.2908283913
15.1409327314
14.5716225259
16.1196622121
17.555019803
17.8695855249
18.0825900701
18.2597824953
18.4887056318
18.8359251096
19.3421909018
20.0426171446
20.9686172459
22.1862412984
23.7696955784
25.6407522328
27.6023161997
29.6332934298
31.5955318363
33.7800279432
37.244232217
40.609633568
43.3109029819
47.1996228735
51.6095042028
54.6931240729
57.7662570073
62.513798489
67.8520010513
71.392922723
76.7378573132
83.286975458
88.7170753478
91.7380228458
96.87838459
99.0489191311
96.3506838208
88.8575075863
58.2022306598
99.9917953684
0
0
0
0
0
0
0
0
0
0
0
0
0
0
0
0
0
0
0
0
0
0
0
0
58.8476583191
53.1685381186
59.4867027795
56.7228634094
54.0354713788
49.3853401131
46.7992159006
41.5136265497
38.6168078438
36.263658158
34.6618093088
33.9157403906
35.0411139192
33.1013475573
31.3618151567
31.1305804018
12.6910316215
14.0614933272
13.1472051207
15.1923680971
16.0521486667
15.745083532
15.3393181932
15.1326496731
15.2338973701
15.6790830093
16.4713660827
17.6157363485
19.1127448429
21.0299018701
23.4688287504
25.9553599633
27.8198839127
29.6211760113
31.582120554
33.9540744318
36.4260767658
38.996219938
42.4961492236
47.5162927445
52.0711266859
55.8420836667
57.924205557
62.0554861506
66.9151988458
73.2014890833
80.5367579171
86.4969561039
89.1486291206
94.777060595
99.9840175505
99.9994867804
99.9994166911
94.8316562427
66.5096610682
99.9813870314
0
0
0
0
0
0
0
0
0
0
0
0
0
0
0
0
0
0
0
0
0
0
0
0
83.7400780753
72.1277192831
64.4534182589
60.3632060223
56.6993318091
51.8608361562
46.9062547474
43.20375979
40.1479935407
37.6808049533
36.0699996447
35.4801407368
35.592271722
33.3651281877
32.2194513245
34.1934986155
11.0909491695
11.9718474142
11.537209678
13.7118311073
13.3318790435
13.0759453987
12.592553977
12.6296661497
13.1996376303
14.1940815108
15.5489353272
17.2221918571
19.1593073777
21.3174754716
23.5639418811
25.5814466086
27.3816469224
29.3149827007
31.7562113066
34.7472074614
37.2370138549
39.8671026157
43.0601967033
47.0368853883
50.8615539162
53.6458338427
56.8490746453
62.6431851214
68.8800141084
76.6988870877
83.4878643285
86.4388413053
91.9069299628
98.7277153849
99.9994412382
99.9996867005
99.9995063961
97.8369611262
71.1632069373
99.9504468072
0
0
0
0
0
0
0
0
0
0
0
0
0
0
0
0
0
0
0
0
0
0
0
3.3678435927e-05
64.9486340386
72.2696216857
67.8920977262
62.9638976889
56.7448454874
53.6597682854
48.0318395961
44.4461123304
41.3726804208
38.7055181354
36.83918165
36.290494328
35.0652504112
33.4462470775
31.9788654874
35.3590063045
10.5452604042
10.0405581467
10.3460029711
13.8837244403
12.9490725526
11.5029742578
10.9032304438
11.4288169786
12.5718627303
14.097026202
15.8998750836
17.9413168343
20.1021652629
22.3523639297
24.6190776894
26.4034759941
28.1964830284
30.2881978406
32.6902754226
35.0951212271
37.5571708095
40.453895445
43.7251268029
47.313669247
50.2430035862
53.0460298333
57.2567400765
63.3648107487
70.9691355392
78.4465864747
84.081919468
88.2943571003
95.528066645
99.9993686005
99.9996200154
99.9995914796
99.9994235039
99.9986167321
74.1994031285
99.8501503129
0
0
0
0
0
0
0
0
0
0
0
0
0
0
0
0
0
0
0
0
0
0
0
84.8675813148
69.547587716
71.6423216954
70.3281965537
66.0576037327
59.0946620506
52.8678147539
48.6618299812
44.9779991469
41.9779988479
39.6202334232
37.7086217801
36.3139586044
34.0622365163
32.3167995838
30.8732073635
34.8372836091
11.6355346223
9.52856272242
9.68525609214
14.0016851583
12.688257525
9.50469875654
9.84312141375
11.2307787705
13.1078926157
15.2722180366
17.6555956416
19.9394276232
21.6292044987
23.3538370754
25.1040401925
26.8907678072
28.8584842695
31.0549308544
33.3996907129
35.7649097139
38.2212635922
40.934022633
44.0997744823
47.5333163045
51.074359373
54.1112846169
58.9903203919
64.9028818877
71.4381809003
78.7849035851
85.4253015398
91.6195022173
98.1608406174
99.9996137326
99.9996910756
99.9997002403
99.9996966538
99.9985559074
82.347967606
99.5251874983
0
0
0
0
0
0
0
0
0
0
0
0
0
0
0
0
0
0
0
0
0
0
0
98.7155944431
87.4634161213
78.9011223304
72.6517548543
68.0057273274
61.7675215993
54.705095797
49.2253974773
45.101615546
42.3610911532
40.2026176515
36.3971536636
34.0217480067
32.0797564061
30.8091628227
29.8832158383
33.3733408788
12.0345841334
9.3139121785
8.73610463611
9.14118337932
8.30873978981
8.83035448299
10.6178058615
13.0291208833
15.8409018981
17.4841062786
18.9552515234
20.4518514534
22.027660678
23.7580144447
25.6165540071
27.6248709447
29.803984451
32.1074578718
34.4316722827
36.7260386296
39.15779332
41.9439544132
45.134407957
48.2560294851
51.3464505406
55.0137972225
59.9992252033
66.1670513496
73.3196811111
80.4607705608
85.9001678756
92.4206335417
99.9992393249
99.9998546568
99.9998689261
99.9998544164
99.9997333488
99.9982036959
79.9299898587
98.9623234438
0
0
0
0
0
0
0
0
0
0
0
0
0
0
0
0
0
0
0
0
0
0
0.000167718680969
77.2583348122
87.9467342061
83.11608667
75.2025759745
68.5228732456
63.0182592689
56.7317960878
50.3984348376
45.2498036308
41.5984043899
39.1168878004
36.688755809
34.4689077522
31.3810584135
28.7263452965
29.4391974869
31.0322709178
9.842641462
8.58582719174
7.62601212702
7.58582352823
8.93762669891
11.5506180832
14.1295288527
15.3805140271
16.6250093873
17.9236674216
19.3632679341
20.9330404807
22.6547327694
24.5492514144
26.6354643082
28.9002529563
31.2473709055
33.5145484299
35.4723427442
37.5562959121
39.8754327215
42.4686856845
45.2957601044
48.346398957
51.704456236
55.7523801729
60.9906592254
67.4725355375
74.5175917982
80.8510614978
87.324322982
95.7424662724
99.9996772666
99.9998687436
99.9999385893
99.9999643285
99.9998869034
99.9974947778
80.838699528
99.2385558066
0
0
0
0
0
0
0
0
0
0
0
0
0
0
0
0
0
0
0
0
0
0
99.9961885321
94.5014472037
95.6400089535
87.8016591673
80.257137778
72.5484678852
64.9959573726
57.979483858
51.2971421391
45.0014302224
40.3003841799
37.338955712
34.4774837429
32.4129046468
30.5944427951
25.939393955
28.1487783025
28.2580027165
7.64106396618
8.21345240171
6.94431585009
7.0282504172
11.231374617
13.7016713636
14.7558069288
15.8927155154
17.1712372956
18.5867142031
20.139741944
21.8367715551
23.6954483481
25.7551664273
28.0463877433
30.1562520277
31.8231372972
33.6227915915
35.6030936213
37.7552181531
40.0892900868
42.6137700338
45.358305355
48.4459187087
51.9956789162
56.2262869117
61.5505556454
68.1902914203
75.0224147644
81.5906456499
88.7819642372
97.2005742412
99.9994860443
99.9999283765
99.9999809337
99.9999608129
99.9999311668
99.9994841031
93.4128932322
99.5805249241
0
0
0
0
0
0
0
0
0
0
0
0
0
0
0
0
0
0
0
0
0
0
99.9999066455
99.9998193795
99.995194732
97.295984383
86.4801438884
77.318726191
68.0124224982
59.3897571484
52.0479038876
45.4660548828
39.4284296471
35.9593370199
32.3988143404
29.6304924636
28.0897314902
23.7930139505
24.8273838822
27.2744711655
6.50556284533
8.85652865225
6.46559252041
6.66037992504
13.1194882955
14.4604349252
15.5721734489
16.855782676
18.2401635357
19.7306089354
21.3321795922
23.0472117488
24.8848672404
26.8959583967
28.7378822927
30.1821020499
31.7789452388
33.7017314084
35.8262597991
38.0477084389
40.3334518587
42.7353909753
45.3509637149
48.4467003347
52.1341647123
56.4084431654
61.768222819
68.5179190128
75.5273601742
82.4179300596
90.0379191546
98.8436639048
99.9985541349
99.9987625544
99.9986123063
99.9991139923
99.9999633037
99.9994563443
93.1963365318
99.8298453609
0
0
0
0
0
0
0
0
0
0
0
0
0
0
0
0
0
0
0
0
0
3.89006080419e-05
99.9993285179
99.9999677099
99.9994530704
99.9153375793
92.7660193961
81.9602471547
71.6148340037
61.7244285497
53.1008126965
46.0058756973
38.5914064326
33.7006662018
31.1813225913
27.4839550011
23.9561706125
20.1593414203
23.2074588752
30.2029115416
3.75616930167
4.54993697981
5.74547670323
8.48668492884
14.6238098982
15.976838248
17.2734823164
18.6793010453
20.1670335198
21.6754381399
23.1808695228
24.672799219
26.2251727724
27.564043524
28.8872193491
30.1991286584
31.8085822388
33.8551123846
36.1081194245
38.3098036447
40.5469233644
42.7727798285
45.0759304668
48.0260475902
51.8498453096
56.1166757594
61.018423478
67.917035233
76.5469095663
83.2656407469
91.2338292365
99.5362436679
99.941396647
99.770192191
99.4517366219
98.9741540761
98.248157244
95.1007217643
98.1449511339
99.9323076088
0
0
0
0
0
0
0
0
0
0
0
0
0
0
0
0
0
0
0
0
0
99.9999971815
99.9999971815
99.9999968515
99.9999836092
99.9917468768
97.7511685522
86.661289122
74.305311145
62.25663445
53.4655915171
45.1008534763
37.4889884958
32.0075558252
28.7185975774
26.5662163002
24.7246536596
23.318562739
26.2003488122
25.257594775
2.63254600912
3.58320155766
7.07324030574
6.92459456693
15.6664941998
17.8740298411
19.6800951144
21.1034476486
22.5291087821
23.4220517
24.4737758862
25.6781488662
26.9624286045
28.2933242636
29.5522839811
30.5905278908
32.2516219369
34.3405848574
36.2059822454
38.2325640044
40.3364437171
41.4953567882
42.299840145
45.9878355401
51.2191116524
55.783164978
60.3114721151
66.5194568214
75.0019856692
84.11508328
92.0607320057
99.4781876271
99.7104436313
99.3427367125
98.690634378
97.6080448366
95.8284090682
89.6328514322
7.02874461689
99.9539299908
0
0
0
0
0
0
0
0
0
0
0
0
0
0
0
0
0
0
0
0
6.29807188783e-07
99.9999721752
99.9999971815
99.9999974634
99.9999968388
99.9999010147
99.8272147232
89.3454238323
76.5234565025
63.4428888432
51.4387079418
44.1599748423
38.5464516406
33.3020705291
29.6032343819
27.6794349565
25.8328798264
23.6094776739
22.8306246605
16.4004053895
1.6267056113
7.20385882844
7.15187936033
6.42413867276
7.10140013838
9.77345106317
14.8055763535
16.7326433211
18.4223958662
20.4158602708
22.6737106212
24.9521620429
26.715547005
27.6062034259
27.3788230566
26.5845010421
27.8398585104
31.0530673496
33.833257243
36.1386234516
38.4478494158
40.2205198542
41.9933501408
45.4453559812
50.9059080405
55.9657387448
60.4267738413
66.4656744945
75.1820811938
84.3680681148
91.7094992693
99.2945916585
99.5646704629
99.0418969175
98.0798894422
95.8963041247
94.0758153389
18.4789773618
61.4532200545
99.9436144331
0
0
0
0
0
0
0
0
0
0
0
0
0
0
0
0
0
0
0
0
1.04774553812e-06
99.9999974634
74.8346173843
99.999997717
99.99999767
99.999983005
99.9703323086
91.8461255216
79.6273135826
63.3973825269
46.7382619782
39.1139702035
35.3923974809
31.2403383501
27.1965375255
24.3519849569
22.4022176558
20.9819051603
20.6872617525
12.0188341782
)
;

boundaryField
{
    frontAndBack
    {
        type            empty;
    }
    upperWall
    {
        type            calculated;
        value           uniform 0;
    }
    lowerWall
    {
        type            calculated;
        value           uniform 0;
    }
    inlet
    {
        type            calculated;
        value           uniform 0.000374463181483;
    }
    outlet
    {
        type            calculated;
        value           nonuniform List<scalar> 
20
(
2.15643816618e-06
0
0
0
0
0
0
0
0
0
0
0
0
0
0
0
0
0
1.84920089621e-07
4.19153238686e-06
)
;
    }
}


// ************************************************************************* //
