/*--------------------------------*- C++ -*----------------------------------*\
| =========                 |                                                 |
| \\      /  F ield         | OpenFOAM: The Open Source CFD Toolbox           |
|  \\    /   O peration     | Version:  v1806                                 |
|   \\  /    A nd           | Web:      www.OpenFOAM.com                      |
|    \\/     M anipulation  |                                                 |
\*---------------------------------------------------------------------------*/
FoamFile
{
    version     2.0;
    format      ascii;
    class       volScalarField;
    location    "590";
    object      alpha;
}
// * * * * * * * * * * * * * * * * * * * * * * * * * * * * * * * * * * * * * //

dimensions      [0 0 -1 0 0 0 0];


internalField   nonuniform List<scalar> 
6400
(
0.883788986129
1.40529169569
2.22067105443
2.74755597359
3.25199839552
3.7613822305
4.42227147699
5.16513895183
5.57159038881
6.21109528801
7.44406207649
8.28076459122
8.97577270105
9.76409824786
10.7489269188
11.7803341648
12.6906760478
13.5459553109
14.2656541861
14.6747212175
14.8535453119
15.1531818432
15.7847300812
16.7365652037
17.784282401
18.7216577941
19.4841899379
20.1872283445
20.9358729811
21.7450519181
22.559679421
23.1796876066
23.5283637721
23.7321470767
23.8291456077
23.8059059779
23.956509108
24.3522221833
24.4158030176
24.2465536944
24.4650856995
25.2066308352
25.9570996981
26.3564446825
26.4585016521
26.3558001766
26.1164160393
25.7878320382
25.3831080407
24.9225997395
24.3135067906
23.3189140157
22.0101952573
20.4492830899
19.1088216212
18.0603287005
16.5600356913
14.2776570827
11.8680816231
10.0161205528
8.10988337575
6.12428962369
4.12095530911
4.73077737704
8.54463684649
13.4217717122
16.3893453771
16.0897861423
14.1114998586
12.5356475319
11.7209213461
11.9843686279
12.5827875997
12.5021971985
14.5972120208
14.0553455527
15.9521902672
9.85379722902
12.8658981188
4.80881380596
3.14669479937
2.51352437162
3.1267137962
4.38088514963
4.29261178921
4.19329622249
4.41527683681
4.86447422072
5.5042581926
6.31939421062
7.30439737223
8.28675563307
9.15285528966
9.98154402915
10.8252902863
11.7906398837
12.8046551557
13.7750679321
14.8012853432
15.035241591
15.016316906
15.2821043704
15.8783738061
16.8128873553
17.9991895015
18.8729715959
19.6023332305
20.3471327061
21.113112707
21.8908211969
22.6729476478
23.3927725436
23.7368371519
23.9368815538
24.0714245922
23.9475166283
24.1528998309
24.5723612787
24.5781858603
24.2532709858
24.4381451194
25.8123552442
26.9116780222
27.2073621039
27.2432189198
27.0453286173
26.683819742
26.2699848508
25.6751482367
25.0258720686
24.4977517375
24.1094801598
23.0433933651
20.6738622707
19.4719455737
18.1640823106
15.993773463
13.7747252622
11.6425400428
9.54108428022
7.62860462217
6.48915387016
4.53183478782
5.17387923859
8.69506210645
14.4769031389
18.2072058757
16.9174015355
14.7594579216
12.8651073831
12.2198105417
12.6997500521
13.8595645727
13.3150126042
13.1992602392
12.7019356365
11.5261697236
9.70145958663
8.16320592018
4.24748885837
3.23488398718
2.84254115577
3.35850372193
3.64307861152
4.17940231658
4.62041944256
4.61320603724
4.76953571672
5.4086770178
6.29655978689
7.28879112692
8.29092361428
9.20381239302
10.0369953703
10.7357055046
11.6088607424
14.2415071551
16.2477946352
16.6722404908
16.0941815218
14.8237534636
14.9381228591
16.0076267265
16.9954337419
17.91630652
18.8634177639
19.7066874605
20.4541837392
21.1992941075
21.9753337856
22.7201415337
23.5385372092
23.8834411199
23.8312149735
24.3194034181
24.2107893904
24.0588774084
24.6946305345
24.7411793006
24.4734216616
24.6718718717
25.4022066407
26.1369459935
26.5405545568
26.6675853887
26.6076411517
26.4020994284
26.0716227596
25.6190576542
25.067541185
24.4189554715
23.5609772331
22.3660385173
21.1130506532
19.8771976288
18.0248009015
15.9000864653
13.7690480743
11.6743169759
9.67515107889
7.91092764029
6.24958969406
5.14150401035
6.55136068014
11.0975546109
15.4883536574
17.6404422043
17.747583873
16.1796254323
14.5458718393
13.9102115769
13.8684375187
13.2475398106
12.6897912399
12.6986956692
12.384274147
11.423521311
9.81109072555
7.37907440848
7.56595998544
3.24481956965
5.50733569432
3.67786623672
3.80028251929
4.49736879817
11.8777006659
10.2682396744
5.33680439686
5.38205424599
6.29605231822
7.31292718141
8.3342575937
9.22267777507
10.0769610295
11.7826397389
13.8832441988
15.5595001995
15.9957433101
14.9852202854
14.237261358
14.5868932453
15.1876605965
15.9797999368
16.9692499121
18.004173575
18.9872381965
19.8603722944
20.5847266561
21.353587232
22.0520746423
22.9401851456
23.5296330801
24.1871382303
24.1396391837
23.8469638574
24.3040792243
24.2480132862
24.2130964919
24.4454381736
24.6609299359
24.9953281072
25.5723954637
26.1750147642
26.573891074
26.7402808864
26.7170675201
26.5398149839
26.2304029209
25.7983695291
25.2516289014
24.5754205535
23.7118835946
22.6231845316
21.3709039815
19.8993338975
18.06623362
15.9811506929
13.8584297307
11.8135575517
9.93997157724
8.35073161732
7.17124996131
6.86900304947
7.89048319957
10.580235925
15.9082099673
19.3582380754
19.5175303652
17.859103615
15.518964646
13.9499031691
13.2089900677
13.4235034265
14.8647219754
14.8231409249
13.5177180164
13.3890481464
16.6840028595
13.0852108108
11.102019538
5.67492260099
7.57446740307
4.44266571084
4.76086977354
6.59474694482
11.7704998074
8.24322868875
5.7966303206
5.90542811494
6.51850474811
7.4580728603
8.49387056667
9.91462898665
12.2009728558
13.2372650118
13.6493672565
13.708208868
13.5649917227
13.7026998952
14.2881588234
14.7200651734
15.2349905412
16.0733104758
17.0745331237
18.1272238524
19.1431687902
19.9836144072
20.841329113
21.4701929349
22.3733803658
22.9819220852
24.1869996444
24.1165963354
23.7656108373
23.9750872491
23.802873281
23.9575222708
24.2597444273
24.581753323
24.8906932185
25.2625916868
25.7600230791
26.2757832673
26.6580662634
26.8495467576
26.858453823
26.7094270805
26.4240978044
26.0147083403
25.4826674312
24.8100616003
23.9616286851
22.9136220051
21.6551135416
20.1133156147
18.2405475104
16.1706471697
14.1060810766
12.1931431561
10.5565108828
9.32997644326
8.67156926731
8.81073984119
9.15105434065
10.8539332831
15.448491102
19.4475803115
20.8300547425
19.6668015705
16.9106528222
14.450804778
14.1613134965
16.4531652923
17.342672898
16.3190110894
15.4141053179
18.0781823755
21.0951169212
16.4059991818
15.5215661021
9.96911382476
9.13588128322
5.53416388966
6.08953136259
12.053700348
11.5290007061
6.64543302179
6.3932238568
6.5325184173
6.8703940544
7.70708916595
10.3253253508
13.5282541797
13.9843172854
13.6635065954
12.8026061295
12.5043755373
12.9012176573
13.8541149681
14.2633856024
14.6116164884
15.3067338659
16.220559181
17.2558101861
18.2381890702
19.2655957703
20.3687007759
20.9478953335
22.0133792896
22.4236927473
23.87570845
23.9653332013
24.7810750554
24.0085707479
23.3853776779
23.5232554329
23.945715415
24.3804706051
24.768722914
25.1282480722
25.5203926065
25.9775213175
26.4382305592
26.801689585
27.006622853
27.041429086
26.919538
26.6612840487
26.2804614301
25.7759401855
25.1290648632
24.3094718303
23.2836042232
22.0074033663
20.4256320956
18.5587309382
16.5647310217
14.6425942421
12.9481495363
11.6160500822
10.7522052092
10.511878122
11.0693761645
10.2365911985
12.6963084358
17.3831455224
20.7722388982
22.109990918
21.1878170739
17.8184155803
15.6316274878
17.4571453982
19.683655131
19.1741988747
18.191193487
18.2782951526
22.8541953864
24.4412479058
19.4357298083
19.2375395401
12.0890443757
8.99435587098
6.72888554269
6.30868895177
11.9989728845
8.42692701167
6.87032786432
6.98681951852
7.11561788991
7.80966304976
8.30825143051
13.2580358284
13.9578725321
14.0131438021
12.7121252656
11.7794827455
12.1027159926
13.4314523277
13.8251007136
13.9702786941
14.6274598351
15.4223165547
16.3386496324
17.3716755531
18.5451812886
19.6704394494
20.3960255867
21.7853525996
22.0922630629
23.6662248766
23.609495307
24.6696017057
24.2267416566
23.7712228211
23.2050551421
23.4680973928
24.0248018786
24.5433344784
24.9756022949
25.3704041955
25.7814213053
26.2219489006
26.6514036584
27.000226644
27.213089842
27.2688165569
27.1739842258
26.9479972099
26.6050541891
26.1419119251
25.5369292717
24.7549527752
23.750317424
22.4725708773
20.8996326283
19.1041401313
17.2616578328
15.5579373671
14.114790994
13.0021724183
12.325586569
12.121197818
11.9125504692
11.9163883306
14.2579180769
20.0344347761
22.2077504872
22.4728467921
21.3866950578
19.1054787254
18.8352650367
21.4009514119
21.8470136968
21.0269140427
20.4562634285
22.4448183498
25.1996561741
26.664274963
22.079007401
20.9413327698
11.8065763743
8.65188983785
7.87164480222
12.1649190151
12.1041535275
7.46189599839
7.52235681581
7.668565165
7.77010089298
8.3399849443
13.0120891332
13.9557185828
14.0542401129
13.5909691583
11.5563078563
11.3683609003
12.933770101
13.5737106492
13.4612336722
13.847463493
14.6712433877
15.602329085
16.5475710308
17.6367694815
18.6469478711
20.0313876681
20.494781634
21.8036462672
23.3513499492
23.8048546193
23.3066740398
24.1438852577
24.3075147366
23.2172885494
23.191004858
23.6137543241
24.174170682
24.7199970699
25.1930792572
25.622632689
26.0540881998
26.4941592499
26.9098643948
27.2500535652
27.4688024927
27.5432700857
27.4776280031
27.2909763864
26.9968201454
26.5890129824
26.0410778567
25.3102959604
24.3442457836
23.103201243
21.6047353879
19.9598627092
18.3372803453
16.8594489667
15.5548537433
14.4728935926
13.780937189
13.5030625248
13.4772284603
13.8128358622
13.8660096056
20.2158364676
24.0468935359
23.9572703424
23.3115737523
22.3204628636
23.1106092206
24.4552919333
23.7752965777
23.1137221486
23.3519436758
25.706186469
26.389404825
26.9750274058
24.0964512548
21.9589752871
11.0860630521
8.57886913938
8.53897718017
13.1432984042
11.0851119609
8.08143741135
8.22929246159
8.50571135365
9.69552845899
8.45007620466
13.7854249838
14.4774296856
14.0948734637
12.3666139077
11.1909821388
11.508244135
13.0152829243
13.2913092061
13.3502048711
13.8735354958
14.6760118888
15.6870027218
16.7354780057
18.2306142324
19.4931132259
19.9971776245
21.9183909246
21.7019008699
23.5525385786
23.2376974643
24.4664606227
23.4836132382
23.1722659033
23.1317112172
23.3637258942
23.8145595557
24.3581726593
24.9121048292
25.4216130752
25.8900970092
26.3463969589
26.7952118852
27.2097380398
27.5485398431
27.7737986737
27.8674772292
27.835646218
27.6970053283
27.4632285129
27.1253652491
26.6521742403
25.9948240013
25.1017511774
23.9548330737
22.609411391
21.1908445294
19.810901368
18.4604928717
17.0861640744
15.8915619068
15.2610741909
15.2800810748
15.5769644959
15.7680073167
15.5945143916
17.0914485364
24.260254476
25.8365968717
25.7194554846
26.2574830117
27.2346837143
26.8366564067
25.8180695103
25.6478006754
26.6841251284
27.9102786569
27.7718532657
27.1635389471
26.147049466
24.7770553648
10.5553357856
9.0194248146
9.69349189326
13.2136456207
9.13677815391
9.09913769896
8.94257256473
9.20854281001
12.2874495571
11.0224929012
14.6203146674
14.7484157147
14.1673995368
11.6851875864
11.2266232385
12.8150577232
13.2492589567
13.0486650489
13.3189022522
14.0287342582
14.8086454229
15.7648046371
16.6739499101
18.3904257808
20.527163441
19.9454078806
21.8702351649
23.1521702107
23.7965199626
24.4089901499
23.7216381825
23.7432296396
22.8831164772
23.0475922287
23.5321582423
24.0366986472
24.5691220663
25.1223755118
25.660842646
26.1718412542
26.6619431891
27.12838483
27.5499185574
27.893787665
28.1294275624
28.2450704692
28.2524990324
28.1715657353
28.0108980129
27.7588712543
27.3820435825
26.8300001207
26.0596864318
25.0799226167
23.9721764512
22.8321865552
21.6317611192
20.1862362987
18.5878858914
17.4485907393
17.2366859205
17.7498872621
18.2523331955
18.368311296
18.0412224296
16.6794689472
16.4939274918
27.5832423488
30.2817844873
31.0942499847
30.7909386461
29.2601908377
28.3157418246
28.6422925943
29.8644120654
30.2469178166
30.0231303153
29.7360215793
30.0794275914
30.2655064933
10.5374798833
9.86063963746
13.1001889093
13.3818742551
9.24911147302
9.85858362647
9.65182185302
10.1341030456
11.8006095126
14.5075649611
15.4498386518
15.0188275116
14.408954535
11.7020190106
11.3853917578
13.3317672599
13.3533299497
13.0269784162
13.3468348907
14.1653427376
15.1717766473
16.1250059036
16.8587665146
18.024651077
20.6995171947
21.9026534773
21.4998815562
23.2785071867
22.6766688394
24.4381012064
24.7719110048
23.6959204713
22.8553097788
23.1608064554
23.7312358156
24.2698251815
24.8043668013
25.3574093823
25.9139279179
26.4658896655
26.999995668
27.4947532002
27.9309505998
28.2855856541
28.5364990621
28.6798981004
28.7338485627
28.7195955051
28.6439473789
28.4945985143
28.239596452
27.8334116988
27.2495882638
26.5236587465
25.7329974069
24.8580684762
23.6299786142
21.900232239
20.3468517497
19.7204718547
20.2477610569
21.2822479351
21.9299293548
21.9809659897
21.3475021001
19.7268496287
17.1850010545
17.7056491466
31.6330354581
36.6661917391
35.0866136257
32.4515684701
31.5619552104
32.1161650849
33.0113200033
33.4356429077
33.7897010359
34.3121556773
34.9207112969
35.5905089356
10.8942759139
10.7325882014
14.7431257156
14.0945502596
12.2011135388
11.0820984249
10.5864863473
11.5920604594
11.2792454896
15.4721186956
16.1025688975
15.3640047856
14.4996586811
12.3239033497
12.1478690408
13.7957130874
13.3794186198
13.1132066431
13.4659233929
14.2103259738
15.3192359966
16.5837594658
18.2906512087
18.1618438512
20.2034816512
22.2797951892
21.3950922476
23.5414985233
24.3767275671
23.6308912514
23.8688192268
23.0598044551
23.1482303471
23.4892129451
23.987579478
24.5270974168
25.0692719219
25.6264180112
26.1889495606
26.7680447037
27.353827903
27.8956703728
28.3557508507
28.7246454798
28.9964901934
29.1757592821
29.2846223176
29.344982507
29.363870164
29.3321462032
29.2246197751
29.0115671825
28.6931610679
28.3149340829
27.8763386187
27.0984139922
25.602487023
23.921233137
23.0132732642
23.2932439836
24.7220718522
26.1591666614
26.9936186249
27.2037198157
26.6077187822
24.800555068
21.5914101965
16.8363004184
26.4356006501
37.1354866253
39.8728149372
36.7773400203
35.9378423918
36.4430648917
37.2060529222
37.7289567489
38.768466612
39.5596047348
39.5266124944
39.7430618772
11.498958478
11.3852198373
14.4920989786
14.5866924363
14.599966217
12.2212151563
11.6530752301
14.4458994137
11.6550760787
16.3326317243
16.6008451787
15.719390707
14.5907320549
12.9383761539
14.7456759952
14.8511844356
13.5720049613
13.3357396726
13.7184624761
14.3546694398
15.2811343512
16.5749528904
19.5703928915
20.5192301769
19.6966717271
22.3483097458
23.2954847886
23.1170995143
24.3451338619
24.7268080372
24.2175696939
23.09557748
23.3546328417
23.822295184
24.2994273114
24.8174323642
25.3522593413
25.9270338317
26.513526778
27.1014519815
27.7179756451
28.3161868987
28.821941458
29.2149489279
29.5123737545
29.7359437858
29.9090130598
30.0499978258
30.1674755654
30.2608143896
30.3219798943
30.3545045593
30.3908454463
30.4371895552
30.2709191242
29.2621122571
27.7655978782
27.506208518
27.8923418164
29.3122028393
31.430717138
32.6908034127
32.5477750018
32.1256179892
30.4036722543
27.707990486
24.3915835825
18.0540786984
17.8031956247
31.6201728324
38.5203281231
39.1782825072
37.79198991
39.3620538998
40.9084135492
42.778078811
44.4460030097
45.0646152428
45.0488243823
45.2400999601
12.1625403052
12.088204692
11.7412909752
14.9154035567
15.1363666145
12.9945937681
12.6137516788
15.4339789315
12.3150164766
17.220832487
17.0502455112
16.0890593916
14.7917509527
13.2546051408
15.9043290281
15.4242624728
14.00916391
13.7337464131
14.0707599473
14.6686212275
15.3679024149
16.469126572
20.0833624134
21.591487149
20.0441747003
22.3879678735
23.8179204082
22.6152261656
23.9772082867
24.2861304497
23.2379543143
23.4470956447
23.8032821028
24.2066514852
24.6437498141
25.1608401576
25.6907326822
26.2390191677
26.8526884348
27.4852443165
28.1239176263
28.7584963223
29.3159476358
29.7512976197
30.0870175743
30.3650278845
30.6101925421
30.831898091
31.0435314097
31.2586129482
31.4954207993
31.8255428693
32.3075422426
32.8122984869
32.6203656693
31.1298186944
30.8353980158
28.3444638379
25.7829189357
24.7781342454
22.5566440981
15.7574988464
0.384579824883
0.0392378288262
0.00311375406221
0.000877081697026
0.0103239115069
0.105484882553
1.19156313818
3.11225291626
42.6517038903
49.1289788442
49.1330127353
44.4458711626
40.9177020588
43.5318635172
48.6041838358
50.4770829914
51.8710905359
52.3431383571
13.0060608497
13.0969655757
15.5557638291
15.5603962255
15.5880682919
13.6539085038
13.6567289031
16.2833746541
13.3314757532
17.9909220845
17.479813391
16.4823399527
15.074527452
13.6496621327
16.189019123
15.6243587935
14.4445616561
14.1901994808
14.4588230936
14.9882892472
15.6242038846
16.4937621224
19.4946613769
22.4062609662
22.5587994473
21.7684117363
24.0333257454
24.8286311635
22.8433594054
22.7830503269
23.1797232291
23.686172592
24.1603432041
24.59487515
25.0465854829
25.530530544
26.0604707286
26.6246969291
27.2180546092
27.8844560949
28.5746639904
29.2446822864
29.8413147317
30.323801614
30.7162897703
31.0635261856
31.3878702894
31.6922998776
31.9802557319
32.2789564835
32.6818490258
33.3513288923
34.3425524305
35.2075225252
34.6294173675
30.9799158722
21.5821674912
0.000130415562751
1.43443594916e-07
2.68905461447e-09
4.55813184866e-11
1.31878063667e-13
3.7476866959e-16
6.48717473672e-21
5.07428732606e-21
1.23192027747e-20
8.30411666501e-20
3.88960188342e-19
1.4368208773e-18
9.13077213579e-18
7.14919075579e-18
6.20231167494e-16
3.53015168544e-13
3.54855571539e-11
2.69275434607e-09
6.2007625809e-07
0.0104378346594
53.0997486498
57.9468484436
59.500871149
13.799495477
13.9903663605
17.1733698388
16.2325142039
15.7051739457
14.3199234415
14.6683369001
17.0010422415
16.9739722393
18.9473693905
17.971025999
16.9684142908
15.44177523
14.1899466525
16.4916251111
15.7640478884
14.8641101291
14.6554769113
14.852647186
15.3010445394
15.9051893747
16.7397426418
18.9811550938
22.6690828665
23.930414279
21.4983293025
23.5641514139
24.895699178
24.6437687263
23.2320272714
23.2742356677
23.9133365046
24.5237636114
25.0320032146
25.43926668
25.9299650822
26.4516607703
27.0331217814
27.6441583892
28.3183261052
29.0551420995
29.7789624175
30.4073776333
30.920024692
31.3787748161
31.8456014776
32.2888694561
32.6500013729
32.9193394971
33.2496454354
33.8274006961
34.8117179646
36.2783468093
37.4571531334
29.6251806689
0.000193013659482
7.21185897073e-11
2.92045484993e-13
8.44548266815e-15
1.22950746399e-16
9.98948832526e-20
1.66684185788e-22
1.17496447531e-23
0
0
0
0
0
0
0
0
1.63417521247e-27
5.51173467855e-25
8.24438026056e-23
4.78312540821e-20
6.68085233555e-17
3.61785228933e-12
5.49414544738e-08
0.428344623569
61.9612729207
14.4489675998
14.6618215423
19.3247681469
16.7535121036
15.5736224109
14.9116502901
15.3957688143
17.0589734627
18.5649688497
20.0486782731
18.6194966129
17.5890025239
16.0591828659
15.0236200486
17.0008288339
16.0573636972
15.3628599152
15.1706954325
15.2865101839
15.6508924593
16.1849326032
16.958348761
18.7741878433
22.5464902821
24.9241618562
24.1500922359
23.0524376164
24.2668047474
24.3911102325
23.2208340173
23.7272142498
24.3957010856
25.0537937923
25.5227625861
25.9473420341
26.3661367409
26.8998986239
27.4711142337
28.107969577
28.8033558467
29.5620972929
30.3416671698
31.0473341219
31.5913158703
32.1053632815
32.7004773986
33.2762533465
33.6578236251
33.8643595123
34.1946276725
34.8902897424
35.9985294065
37.6139850432
30.1142163822
4.77577298132e-07
1.0441118574e-13
3.42423227723e-17
1.38461811061e-18
1.88788511222e-20
5.17709405041e-23
0
0
0
0
0
0
0
0
0
0
0
0
0
2.10563457461e-26
2.09240587591e-25
4.58700703912e-24
2.224176284e-22
1.23513612714e-18
1.02808236237e-09
1.98179469948e-14
14.9566731931
15.1589166835
21.3842945766
17.1541127929
15.6985531811
15.4627992649
16.2032410638
16.4238281883
19.5171478284
20.8382539913
19.249930666
18.2254490883
16.876697478
16.9132320521
17.7122681594
16.5927248391
16.0576247077
15.8827247754
15.8289884199
16.0881463414
16.5180050548
17.2143074507
18.7581910419
22.4101766886
25.3399899646
25.798647153
22.8331223125
23.1873402172
23.1342499983
23.3435756729
24.0368366647
24.8959131619
25.5560762532
26.0557996263
26.4977413131
26.9912844986
27.4137935902
27.9765149122
28.6141710925
29.3126074737
30.1380336984
30.9857830399
31.7405093732
32.2575869444
32.776471015
33.9852203634
35.6045172528
36.1467596733
35.3401303237
35.4236385221
36.0979356243
37.1996537696
28.5905466989
5.52525320636e-08
8.32728036172e-13
3.73574889865e-24
3.77502054138e-21
6.15979319324e-23
0
0
0
0
0
0
0
0
0
0
0
0
0
0
0
0
0
0
3.25313940299e-25
2.20297227172e-24
4.0624635154e-22
94.6888747464
15.4024200598
15.5706050454
21.2209404631
16.5927263216
15.9088663528
15.9409301486
17.1207679064
16.4282524511
20.3229424196
21.5752605976
19.8518612622
18.8181628028
17.512171429
19.1398244801
18.7044738355
17.3323987079
16.8581610092
16.9572171236
16.5942739532
16.6948925802
16.950879709
17.5116922713
18.8845959535
22.2612630624
25.2138693886
26.9040550288
25.5527305751
24.5588703595
24.1251406009
23.6096726328
24.3447753482
25.5419538772
26.0094002597
26.5919332701
27.2973362028
27.6016951831
28.0234555669
28.5880015435
29.2394062012
29.9398384443
30.71551272
31.6156602532
32.5069545014
33.422204175
34.5147716307
36.0797917692
37.3370283164
37.2966660226
37.2040378251
37.7904584456
38.8663734326
32.5736525266
2.51266956747e-07
2.29356555219e-12
3.01448474264e-16
4.0942480725e-18
0
0
0
0
0
0
0
0
0
0
0
0
0
0
0
0
0
0
0
0
0
0
1.00098574998e-24
7.28571103702e-14
15.9180398639
16.0634167956
20.8607999552
16.271849293
16.2124072376
16.3321673881
17.9103337102
16.9007341865
21.0238788632
22.2997344552
20.4526860064
19.415999218
18.048383368
19.8961638974
19.625376893
18.1448979918
17.6474120888
17.8550476144
17.5107749955
17.5234254042
17.5854985517
17.8580016099
19.1718755286
22.2435454611
24.9416814887
27.2374768082
26.7607379233
25.0844127839
23.5473014065
24.1255202979
24.8770073617
26.0350423266
26.8861903804
27.5885283067
28.1437165433
28.3184741825
28.716913147
29.2944496707
29.9577705932
30.6882101796
31.469404215
32.4469381468
33.6709882263
35.2160843383
36.2653982356
36.6622652828
37.3296376914
37.7778738507
39.379708398
41.5483080624
38.8574003123
2.28953060541e-06
3.04005955203e-12
5.24242683422e-16
1.07524874083e-18
2.60338403712e-20
8.73867652222e-23
0
0
0
0
0
0
0
0
0
0
0
0
0
0
0
0
0
0
0
0
0
1.68219021887e-25
2.22569130733e-25
16.6793537892
16.8249733707
20.5381139758
16.5679687618
16.7834453153
16.8240873838
17.9240969743
17.6369606751
21.5306188879
22.9901468274
21.0899387342
20.0658210426
18.70660278
20.5878433521
20.4585082893
19.0505144417
18.4987285079
18.7321609736
18.405436202
18.4988379589
18.4964702544
18.3655564573
19.6535155626
22.4169222978
24.8179315732
27.3348129267
27.3140357158
25.8115466646
24.0443228518
24.3636142024
25.5170119919
26.1967711294
26.9162053305
27.8311368643
29.0853819017
29.365650715
29.6759861978
30.1078170974
30.7300428205
31.5363929072
32.4287027526
33.5392832493
35.4842383561
37.2399053372
37.4822520181
37.6974310829
38.8152401815
41.6597103297
45.455879471
43.270440474
6.54126024438e-07
1.08661817563e-13
4.49668011247e-18
1.47431383353e-21
9.2505286517e-24
1.87500719117e-23
2.8793113833e-24
0
0
0
0
0
0
0
0
0
0
0
0
0
0
0
0
0
0
0
0
0
1.24335615996e-26
5.64571497644e-26
17.8249683205
17.9301452634
20.8363328926
17.523158968
17.9592368011
17.6909549702
18.2426912929
18.970150455
21.5832493724
23.510802122
21.7928488305
20.7892518847
19.4740857154
21.3742521573
21.3203262227
20.1204699544
19.5373471282
19.7579773712
19.308640948
19.5735243557
19.7237970501
19.1036563826
20.205662474
22.7823809916
24.8865509269
27.2019148761
27.5679712184
26.461658599
26.0803708238
25.245328937
25.9443829809
27.0448359035
28.3564836008
28.4372645578
29.3333974344
30.4199407294
30.7451234219
31.2517407161
31.7648201491
32.4726921842
33.5062928988
35.4542804991
38.1285282704
39.0405747965
38.8714408379
40.0537399802
44.4722590026
50.7868898041
49.0542757113
2.35290247616e-08
1.64628519156e-15
1.53703170137e-20
1.05168775861e-22
0
0
0
0
0
0
0
0
0
0
0
0
0
0
0
0
0
0
0
0
0
0
0
0
0
0
0
19.4232517449
19.2954559997
21.663275431
19.4321331754
19.9343394462
18.971340808
19.1972592542
20.8974537828
21.8117427983
24.1402617385
22.6149222749
21.5967333286
20.3267158547
22.1988096496
22.1780577379
21.3000083983
21.0576341398
21.0982842338
20.3051004816
20.7463760573
21.2546780053
20.1611077592
20.6426200981
23.2355001585
25.1546620799
27.0856566361
27.7559926329
26.6301249736
27.2803480964
26.8532415266
27.0369416039
26.7769553647
28.0808509024
29.7048345972
30.3116955251
31.1566024198
31.8164217563
32.3482744192
33.0131598606
33.7405527867
35.2638564036
38.4384519816
40.7042788148
41.0804464487
41.8094976278
45.7213925904
54.1635610607
51.9648810647
3.32385638634
1.46917342624e-17
2.56842524219e-20
1.17604917013e-22
0
0
0
0
0
0
0
0
0
0
0
0
0
0
0
0
0
0
0
0
0
0
0
0
0
0
0
0
21.1168757433
20.5829664632
22.5622083965
21.959092562
21.6687686773
20.4583747716
20.2543489256
22.054007811
21.073023233
24.635213968
23.5384576516
22.4806640559
21.2554166907
23.0373963875
22.9769233156
22.2887438737
23.1615067587
22.7145193128
21.427683853
22.0441260729
22.6197356616
21.5212335651
20.8231604909
23.2506105866
25.353464426
27.0096539512
27.839374037
26.7348136297
27.6867684546
28.1606878305
28.4121542886
27.5778167372
28.3612984479
29.6482765681
31.2636589815
32.4029033674
33.1223903471
33.618558094
34.2581093941
35.4448976107
38.3802756228
41.7913013701
43.4859646009
44.3604092974
46.8923867586
52.672269892
49.8208979627
24.8895377618
3.95587671629e-17
5.72696616136e-20
2.00569403251e-22
0
0
0
0
0
0
0
0
0
0
0
0
0
0
0
0
0
0
0
0
0
0
0
0
0
0
0
0
0
21.9734698838
21.4965847147
23.1483048957
23.0368367763
22.7645833134
21.8705521639
21.474977732
23.4570400773
22.1420132517
25.2651769641
24.4735642355
23.4105690282
22.2554387944
23.9078699881
23.7892212175
23.1223476449
24.1546119414
23.8471506141
22.526607517
23.3278137627
23.3891730272
22.3664812712
21.8780732085
22.106148137
24.8831333202
26.5454064232
27.655355168
26.735154702
27.7859209102
28.7335820944
29.5459291803
29.4302151823
28.7345302115
29.741093897
31.5362204062
33.3099051599
34.5463132143
35.3080958103
35.9548102638
38.3882516517
42.2449452816
45.219835031
46.6475686496
48.3485892418
52.1925223104
46.5533158446
21.3388895692
2.08983214027e-16
1.88252140435e-19
5.3615184195e-22
0
0
0
0
0
0
0
0
0
0
0
0
0
0
0
0
0
0
0
0
0
0
0
0
0
0
0
0
0
0
22.1055226022
22.0847330448
23.5217064368
23.2938950266
23.4761751796
22.9764004849
22.5460281572
24.8385517374
23.853574395
26.0758798085
25.4692258095
24.3734387908
23.3221129764
24.8254722988
24.672918563
24.0879584391
24.9880489985
24.8411584169
23.6803918546
24.382529042
23.2448936296
23.1550166074
22.9497282635
23.2208788029
24.0587174845
25.0747071905
26.8573110889
26.568921607
27.391787646
28.8032598774
30.0418442478
30.8203902616
30.3021288484
30.5707758084
31.7725046472
33.5185127264
35.4750950173
37.0758298506
38.5518841741
42.1892573058
46.0475051782
48.444795922
49.4675775689
51.0115470766
45.6765251624
26.2650111795
13.803391504
6.53904297896e-19
1.46480679726e-21
0
0
0
0
0
0
0
0
0
0
0
0
0
0
0
0
0
0
0
0
0
0
0
0
0
0
0
0
0
0
0
22.39971369
22.5152453853
23.8541161671
22.4787023969
23.8056675215
23.6072352639
23.2820131933
25.4925960849
24.7467950351
26.90824896
26.504510726
25.3404574527
24.4621200478
25.7774960013
25.6011414533
25.1882529301
25.9125909586
25.9451110601
24.9569794495
25.8152970708
24.6199516656
24.8101413175
24.2336596354
24.5383429302
25.8779503727
26.5087702209
26.5344103691
26.3379697917
26.9693030631
28.7824789359
30.0842950289
31.1168016845
31.6833048399
31.7098019422
33.155560975
34.3042244649
36.2513311515
38.7400287228
41.8021506579
46.1548961481
49.5539045371
51.0400554822
49.9968171513
45.4390113408
37.5121353973
26.2688234916
5.48708236802e-18
1.2491611509e-20
0
0
0
0
0
0
0
0
0
0
0
0
0
0
0
0
0
0
0
0
0
0
0
0
0
0
0
0
0
0
0
0
23.144858498
23.2244559618
24.2119503349
22.9325101506
24.1017854155
23.9785224988
23.8142649296
25.7466690609
25.3832812574
27.5387098108
27.5185293726
26.2526518003
25.6615190818
26.7190029357
26.4936620451
26.2564275506
26.8066893674
27.1335602209
26.2793665518
27.2610852577
26.4132076481
26.8849984346
26.6646652638
25.5611446111
26.6636540241
27.6348048439
27.7772163513
26.2199377436
26.4857343867
28.7214954928
30.2669746609
30.8322401225
31.5531403089
32.10173902
33.5628074046
34.997313376
37.1557893194
40.4510372195
45.2440062571
50.1686830003
52.8130063115
52.6618939154
49.1836418022
42.5622802071
26.2422509789
6.91792933118
8.70464597949e-20
3.52975329746e-22
0
0
0
0
0
0
0
0
0
0
0
0
0
0
0
0
0
0
0
0
0
0
0
0
0
0
0
0
0
0
0
0
24.0784850187
25.0768148039
24.7238682655
23.9331979202
24.6771587631
24.4087405224
24.3279035168
25.9709829005
25.9639098601
27.8299853079
28.4988368262
27.07087572
26.7285275438
27.5006352719
27.3381472508
27.0771225626
27.165135362
28.2171967563
27.6625254784
28.5290799363
28.36952657
28.2509626326
28.1127722985
27.7419082558
27.0699728928
27.8331068816
28.7595008393
25.817798087
26.04814151
28.1012068814
30.352684008
31.421676258
32.3085495003
32.1907360871
33.4974165308
35.308843874
37.7322184977
42.0515188711
48.651140812
53.9737860631
55.4448884229
50.8217795978
47.6686898702
42.6126919161
30.538397968
5.90008800631e-19
1.50584437201e-21
0
0
0
0
0
0
0
0
0
0
0
0
0
0
0
0
0
0
0
0
0
0
0
0
0
0
0
0
0
0
0
0
0
24.7956170273
25.829885387
25.464777905
24.8410691598
25.4067544483
25.0099838356
24.906849999
26.2728388413
26.5252288234
27.8629034444
29.3721381127
27.852368009
27.3936707327
28.1513481084
28.2428149441
27.8230995291
27.4613409399
29.0000740757
29.0717554216
29.6392185374
29.7301781203
29.8934840492
28.7630237725
28.7602932578
28.319869076
29.4658716664
30.1269913794
27.5950159911
25.6991256358
27.1804461133
29.7271086993
31.6401464395
32.616235703
32.8130755469
33.2468242714
35.178976696
37.7629055101
43.3022770327
51.8778980336
57.794217327
56.407904435
50.3032380673
43.7311625038
28.3803248497
14.2626592973
1.73966524266e-20
5.84626318655e-23
0
0
0
0
0
0
0
0
0
0
0
0
0
0
0
0
0
0
0
0
0
0
0
0
0
0
0
0
0
0
0
0
0
25.3244252912
26.2448350057
26.1061911368
25.487674416
26.1134730518
25.7325687605
25.5557732103
26.7248969143
27.1253834731
27.5448723643
29.9837674447
28.6756164952
27.8788014205
28.2131039383
29.1536327318
28.6921420272
28.0868463246
29.6559840149
29.8823829681
30.5566187217
30.7509190872
31.1967996114
31.3444288413
31.3328364634
30.981378641
30.577770924
31.5723416522
29.5021210228
25.8705010569
26.4151812773
28.0473252097
30.5082223327
32.4200914611
33.9411205755
33.828269554
34.5576756766
36.9257275434
43.5019055195
54.796489807
60.4983141548
55.9365514315
54.9179827174
48.421064309
32.6802760007
2.49257647968e-19
6.81518829707e-22
0
0
0
0
0
0
0
0
0
0
0
0
0
0
0
0
0
0
0
0
0
0
0
0
0
0
0
0
0
0
0
0
0
0
25.8155098193
26.6174478543
26.6234802861
25.9469667088
26.7229125655
26.5279537232
26.2025282232
27.2735917983
27.9105500539
27.1369342639
30.3774747081
29.5831166742
28.5426615575
27.9259991728
29.9439762719
29.6204957281
29.0096860821
30.4707633666
30.5022512522
31.0383530904
31.8041013207
31.2712199711
32.7520801063
33.2467553863
33.2519360002
33.2507793384
33.5223464564
32.5633097489
28.0223901954
26.2300419321
27.1828530791
28.6820636613
30.9279429844
32.635161028
34.6493151718
34.7431379608
35.795169624
40.9308727354
58.3550955987
62.3710957511
51.9276507974
48.1978889063
41.9217705911
32.7169842555
8.45686268486e-21
0
0
0
0
0
0
0
0
0
0
0
0
0
0
0
0
0
0
0
0
0
0
0
0
0
0
0
0
0
0
0
0
0
0
0
26.270027013
26.949328619
26.7023053499
26.2742641533
27.2155238713
27.2487938731
26.7439884081
27.3882494793
28.9069953743
28.1079963305
30.6804609062
30.5584298799
29.4543422134
28.6814850952
30.7248594564
30.5483270613
30.2098761289
31.5192048344
31.4261517166
31.1101124885
32.9300012982
32.6625921501
33.8443607522
34.388739538
34.8574779662
35.4400465403
35.9809174884
36.0422015608
33.5871455323
27.878386725
27.3301963596
28.2483807402
30.3908775468
31.5683530159
33.3526468797
34.9695121452
35.7161796582
36.6554514236
55.5551691411
62.5955459972
57.1077392164
43.2606842235
27.2753771953
4.23085455449e-19
6.96224729855e-22
0
0
0
0
0
0
0
0
0
0
0
0
0
0
0
0
0
0
0
0
0
0
0
0
0
0
0
0
0
0
0
0
0
0
0
26.6608266137
27.2146461967
26.6743780605
26.7371526551
27.6997701825
27.7134954243
27.2349369017
27.3649570781
29.4216494566
29.1204348391
30.6622726994
31.5393156868
30.4082894484
29.9424055583
31.52901198
31.4272779164
31.5199603185
32.515459656
32.67055319
32.3246401968
33.9796734055
34.2082587487
35.068176139
35.2793889323
36.4740399064
37.0751827812
38.2171325466
39.2758382515
39.7484546863
35.4220040504
29.6413233267
29.6760773121
29.6444566189
31.6972132959
33.0941961584
34.3119194918
35.2632688949
35.3655687632
37.1296526536
55.9363075507
62.5083475101
53.3646352965
39.1632287313
1.73148888535e-20
2.12081760791e-23
0
0
0
0
0
0
0
0
0
0
0
0
0
0
0
0
0
0
0
0
0
0
0
0
0
0
0
0
0
0
0
0
0
0
0
27.0587397673
27.2000698255
27.3891584013
27.8848468193
28.281839279
28.1910718174
27.8149092234
27.8018576732
29.4459649967
29.7861238564
30.4987735029
32.3621705542
31.2601086706
30.9626680161
32.0867926117
32.2650651513
32.1603310301
33.0920150137
33.8415788524
33.8488994543
34.9943131206
35.3577481214
36.0700934935
37.0155732585
37.8925380692
37.9177100376
39.6777418835
41.1461771933
42.7492546387
43.8398664458
38.9369704146
32.7495114536
31.7128597518
31.4682491781
32.1179190426
33.009532611
33.7357816924
33.9568376729
32.8225099952
36.4433488521
47.9100337452
45.1919800864
36.0804286664
1.29400923281e-21
0
0
0
0
0
0
0
0
0
0
0
0
0
0
0
0
0
0
0
0
0
0
0
0
0
0
0
0
0
0
0
0
0
0
0
0
27.462970404
27.5601334685
28.92150971
28.8709039322
28.7587832702
28.6325271429
28.4654846255
28.4190542057
29.6773637971
30.5000516982
30.0213485655
32.7028808944
32.0998228285
31.3986357312
31.9122116738
33.1007236587
32.6704432363
32.6490303312
34.6340710875
34.6748394879
35.6599823951
36.579055422
36.2412347995
38.4192179027
39.2110883735
40.2577726612
41.3222585486
42.6126140326
44.4347033564
46.4393101599
47.675090488
43.6951919608
38.8113653421
35.4192358997
34.4288148627
34.450057526
35.4263675216
36.2664162577
36.276764362
37.3554685563
34.0432236269
28.285563214
6.29537252376e-20
1.63592089997e-22
0
0
0
0
0
0
0
0
0
0
0
0
0
0
0
0
0
0
0
0
0
0
0
0
0
0
0
0
0
0
0
0
0
0
0
4.96263335385e-27
27.74648665
27.946682428
28.1641456827
28.9363792049
28.942062142
28.9529629752
29.0634039755
28.9061261653
29.9674325083
31.1098667741
30.5316368904
32.506606319
33.1063901155
32.0016390491
31.5293463153
33.7502206901
33.4900343406
33.2915509044
35.19568824
35.4122754803
35.4678653064
37.8157511664
37.7857892247
39.2775944917
40.0623499093
41.8646103499
42.7708658289
44.0666948306
45.8562031569
47.8241370601
49.7448328408
52.0155503734
50.6387268632
47.9523300514
46.2865897542
45.9608521319
46.3682700395
47.2389508633
49.2610157063
56.8932926525
41.1938626449
32.0160172277
5.27071980382e-21
0
0
0
0
0
0
0
0
0
0
0
0
0
0
0
0
0
0
0
0
0
0
0
0
0
0
0
0
0
0
0
0
0
0
0
0
1.24335615996e-26
27.9438363401
28.1763904637
28.0557193719
28.9071496146
29.2619767829
29.2785475317
29.4359410096
29.1857409955
29.7471997392
31.3393218877
31.1483504374
31.9429278419
34.0379579085
32.9321414907
32.5273958197
34.1199588766
34.4508847677
34.3050995405
35.5811474672
36.4878864648
36.5900179909
38.5009936397
39.0297248941
40.031381919
41.4959450581
42.6999841581
44.0964211843
45.6595022096
47.1569344867
49.2914969503
50.8465638662
53.8778110223
55.942435451
57.9758301682
57.5338392739
57.6875300255
57.9381971006
59.977640136
63.8426390879
68.8379807578
68.4279265015
51.71828082
7.12233961004e-22
0
0
0
0
0
0
0
0
0
0
0
0
0
0
0
0
0
0
0
0
0
0
0
0
0
0
0
0
0
0
0
0
0
0
0
1.24335615996e-26
1.24335615996e-26
28.1695342851
28.4355535487
28.8727933735
29.7258507072
29.8712082967
29.6420533864
29.6400572176
29.3786742855
29.5993983643
31.1433444114
31.7603984363
31.0700738883
33.8435363781
34.0034690289
33.1752508875
33.6918768426
35.335166863
34.9782811441
35.141426657
37.2173795429
37.4843640565
38.9214593721
40.1933772851
40.1039780756
42.4154138592
42.9485386948
45.466453227
46.5379837267
47.9532183726
50.3114041616
52.2550059961
54.3019287764
56.3894336402
58.7314370662
60.2364076906
60.8730298882
61.7828780046
63.4407500113
65.0349220873
65.5715862902
63.4494574736
39.0362302565
9.91312500366e-23
0
0
0
0
0
0
0
0
0
0
0
0
0
0
0
0
0
0
0
0
0
0
0
0
0
0
0
0
0
0
0
0
0
0
6.06835339576e-27
1.24335615996e-26
1.24335615996e-26
28.3728795408
28.6123722773
29.6451188683
30.6587009204
30.1445770423
29.855451114
29.7758881093
29.5854279797
29.6645602087
30.9609574615
32.099990429
31.8257087045
32.89955952
35.1202836905
33.9514458985
33.6192031333
35.7841865493
35.8594182989
35.7826779815
37.638502793
38.3372325751
38.7353233391
41.0520364981
41.4045113035
43.0298912697
44.4126113412
45.8862434937
47.0982277167
48.8804094262
50.5302018209
52.4742814237
54.2783980588
56.1330165927
58.2280432903
60.0279363257
61.2453042108
61.7841274882
61.6816486825
60.0008228378
57.2050505726
45.872818213
2.5572535559e-21
0
0
0
0
0
0
0
0
0
0
0
0
0
0
0
0
0
0
0
0
0
0
0
0
0
0
0
0
0
0
0
0
0
0
7.55473401058e-27
1.24335615996e-26
1.99343585919e-25
2.10344473414e-25
28.5261907834
28.6820399478
29.3345479244
30.0234276289
30.049348465
29.8743370052
29.8142788801
29.7881205754
29.6752053106
30.4066575114
31.8593513773
32.4430694859
31.8312729017
34.598439315
35.04984017
34.1869137094
35.0524152315
36.698010001
36.4774534623
37.1296736305
39.1812965463
39.4020666377
41.3023593155
42.5763052362
42.5515236037
44.9586591792
46.2894388676
48.0585979736
49.2718257651
50.7105530065
53.0530004015
54.6499063893
56.4778260823
58.3786752744
59.7007703846
61.4084739788
62.1481754556
62.3543087749
62.2881639204
57.58360334
39.4227009336
7.85822116982e-22
0
0
0
0
0
0
0
0
0
0
0
0
0
0
0
0
0
0
0
0
0
0
0
0
0
0
0
0
0
0
0
0
0
0
0
1.54734730773e-25
5.22299300008e-25
7.78446989271e-25
28.6788517587
28.763569642
29.2494883657
28.4062707746
29.5789867908
29.7640244816
29.7442789944
29.8297192186
29.524078482
29.9088257176
31.3721979718
32.6879195876
32.6924956467
33.4252994274
35.8145882584
35.1828108818
34.9092827877
37.1186928237
37.5793441927
37.3662690552
39.609610228
40.4046013779
40.7571420077
42.7378246166
43.6109211876
45.0890675884
46.9786723296
48.308493202
49.9848668928
51.6953923335
53.4526449243
55.1221233287
57.1814507339
59.1844651973
60.9545059511
62.3745597943
64.1882004936
65.7537102236
67.9130883795
58.9818040607
38.4214427964
2.33070074564e-22
0
0
0
0
0
0
0
0
0
0
0
0
0
0
0
0
0
0
0
0
0
0
0
0
0
0
0
0
0
0
0
0
0
0
7.04477740394e-26
2.52376477771e-25
3.54817040668e-24
2.40602248854e-20
28.6739226342
28.765518094
29.6716965196
28.8395948681
29.2767911951
29.5565964279
29.5903841858
29.656591715
29.4204589489
29.5791372575
30.5289811005
32.1622991894
33.3760529703
33.3238799335
34.8386785978
36.504414764
35.6334812516
35.5969684748
38.2118086106
37.9326424899
38.2778721532
40.7260199762
41.1487390663
42.7862688666
44.1669816542
45.0581915514
47.027813603
48.5633061229
50.4907437126
51.800253711
53.7554967209
56.2663314316
58.6272236153
60.675024622
62.8331505213
65.2210459424
67.2621069406
68.5984804351
73.5129339789
60.686075264
37.6563875274
6.21361305679e-24
0
0
0
0
0
0
0
0
0
0
0
0
0
0
0
0
0
0
0
0
0
0
0
0
0
0
0
0
0
0
0
0
0
4.4452285464e-26
1.47764625572e-25
1.41768980168e-23
4.10946543105e-21
1.98435293469e-11
28.366195816
28.459403538
29.3160727222
29.5070082836
28.5786963442
29.2551699492
29.4199060948
29.5287479339
29.557481904
29.3888113662
29.8250107604
31.3425581661
32.9175642681
33.8109893494
33.6505644707
36.2657957441
36.9850912674
36.0691506329
37.9504207468
38.833732424
38.6677595327
40.6741753261
41.8387993675
42.9161354762
44.4052737839
45.9440058726
47.1686829678
49.3875361433
50.5428687518
51.8997150707
54.9196551408
57.3566809285
59.849425855
62.1209741118
65.298464308
68.0953617987
71.0329056116
73.1415635559
79.91944914
59.2182818631
34.0643827189
4.26930312237e-25
0
0
0
0
0
0
0
0
0
0
0
0
0
0
0
0
0
0
0
0
0
0
0
0
0
0
0
0
0
0
0
0
0
1.42858979671e-25
1.76907355224e-23
4.06823845151e-21
1.52775608776e-16
3.09762745659e-06
28.0895197045
28.1622620557
28.2259403494
29.594114111
28.4697709643
29.0442546781
29.3555690099
29.5003074984
29.7030565819
29.3919266859
29.6432745792
30.151967987
32.062218375
33.7286266861
33.9638531886
34.2829428323
36.80490741
36.9995369879
36.9727958656
38.9250093872
39.6096870288
40.2511753617
42.0249993066
43.2717014118
44.6163975257
46.0286941102
47.7185383563
49.2884452485
50.8506893368
53.1324231551
55.5465920578
58.1006963702
61.0195994134
64.4089225083
68.4679658423
72.942324498
76.6583162849
81.4221383125
91.7224536552
65.7049877551
53.4575923905
1.03850873522e-24
0
0
0
0
0
0
0
0
0
0
0
0
0
0
0
0
0
0
0
0
0
0
0
0
0
0
0
0
0
0
0
0
4.4452285464e-26
1.05454726499e-23
2.3749922378e-21
3.51571161453e-17
8.80083711298e-08
68.8554100749
28.2258270722
28.3036371312
28.3245887098
30.0451354854
30.374540738
29.6173009661
29.5611623159
29.6002196052
29.7379182767
29.6648453491
29.5777217822
30.0778360137
31.0856615097
32.8930514844
34.3675483144
34.2273816455
35.5966904179
37.3055539674
37.4877577189
37.7276914894
39.8092946493
40.8110647805
41.5781392343
43.3579522347
44.7267805596
45.9876453819
47.6888047188
49.3788498978
51.997624943
54.3233484096
57.3461569607
60.7694057236
63.7805575104
67.5921166451
72.236088907
77.0173685481
84.2407445063
95.6503400147
99.9999874019
99.9957465251
80.9705899549
1.03850873522e-24
0
0
0
0
0
0
0
0
0
0
0
0
0
0
0
0
0
0
0
0
0
0
0
0
0
0
0
0
0
0
0
0
2.21541539705e-24
7.25680577556e-22
3.47009035078e-18
8.36941264591e-11
67.1037632272
77.7539017563
28.5502097676
28.6105115247
29.0386695831
30.0246172254
30.9131370775
30.5371813823
30.34048851
30.0034277963
29.9010645073
30.0254742417
29.6506757156
30.0316020459
30.2732092058
31.7474787258
33.4060334313
34.7283833508
34.9348243979
36.7634529711
37.8390656697
38.1802796156
38.4939335432
40.7135311831
41.9144652737
43.0642950175
44.5427160665
46.4233514614
48.0183371202
50.774333531
53.0056475181
56.2645881622
58.8188858949
61.8803287056
65.2439659626
69.4355309848
73.7343961851
79.7236450241
89.8860129299
99.9660453915
100
99.9999989346
74.5443630609
2.78807391699e-27
0
0
0
0
0
0
0
0
0
0
0
0
0
0
0
0
0
0
0
0
0
0
0
0
0
0
0
0
0
0
0
1.11362763367e-25
1.03266502175e-22
2.70214694456e-19
7.20274398522e-14
3.56967599319
68.1060937619
70.2597433234
28.5999247386
28.5337508677
29.1189242492
29.2278087481
30.3699968168
31.5322494061
31.8928793932
30.799583607
30.197074547
30.0743082045
29.9865412348
29.6470217033
30.2648039446
30.3861963143
31.7885779656
33.8177100273
35.1266713821
35.5249257945
37.2955345787
38.4060424242
38.9870200629
39.4520427213
41.6918351284
42.9656797891
44.4369117831
46.5724960999
48.906743946
51.0980844602
53.740056715
56.037881403
58.5131211061
62.07937056
66.4184667663
70.2314383945
74.1247690676
80.9735048454
87.5622915724
94.2865855785
99.9999731708
45.6421123763
47.7351275555
0
0
0
0
0
0
0
0
0
0
0
0
0
0
0
0
0
0
0
0
0
0
0
0
0
0
0
0
0
0
0
0
2.15024209445e-24
1.13506070943e-20
5.22895432645e-16
2.76169741401e-06
60.2200979187
60.2704774882
60.1710700812
28.4260330601
28.0275541401
28.1514348435
28.3829171868
28.9552128004
30.7504295907
32.3331449448
31.2174866092
30.4161431879
30.0442697018
30.0261127652
29.6608191053
30.1160117739
30.3674014134
30.98395744
32.0288564139
34.5028859478
35.7564544128
36.1945693958
37.867531173
39.0109172672
39.8632419563
40.495537481
42.6929921175
44.6288866134
46.5294217397
48.561030016
50.6881379626
53.3260168419
55.8117550682
60.040284108
63.4646925512
66.7318521655
69.8555835721
74.3117853584
78.5213638365
80.7617838612
75.1386138297
70.088897038
23.364458823
26.7702376025
0
0
0
0
0
0
0
0
0
0
0
0
0
0
0
0
0
0
0
0
0
0
0
0
0
0
0
0
0
0
0
0
1.58148090908e-22
4.43835362063e-18
5.31203450296e-11
51.0142893524
52.9180106095
51.4511141983
50.0303849728
28.3827542892
27.4128932528
27.3290942381
27.5386922639
27.9622707941
29.1299722132
30.8302718711
31.2690606394
30.4262492917
29.9671090957
29.7997121131
29.8798094242
29.4343578221
30.1784278586
30.3580531839
31.8917077294
33.082262057
35.1292672543
36.4042348984
37.0066600638
38.4081194433
39.7915719796
41.0234470261
42.1908309933
44.5462862741
46.7213895695
48.2259365599
51.1372280287
53.744794869
57.8735112223
60.3656800976
63.0010231355
66.0805293621
69.9681974437
74.8216519644
80.0029527163
84.8100259473
91.7350286712
86.8589005793
73.572104327
0
0
0
0
0
0
0
0
0
0
0
0
0
0
0
0
0
0
0
0
0
0
0
0
0
0
0
0
0
0
0
0
1.19009397742e-25
1.73449145092e-20
1.72490609282e-14
4.15057805146
51.4971651165
48.3305814399
42.6699946137
41.7145142933
28.4421199771
26.9065448451
26.6832384036
26.7237792746
27.0489118735
27.773530555
29.2830283508
30.983076533
30.4697917596
29.8693013733
29.5780747125
29.5451195206
29.6088117844
29.3613385164
30.4961321405
30.6401945112
32.3223932446
33.376040807
35.470373371
36.8505860654
38.0911137506
38.6242924038
40.9894059862
42.594515687
44.4746548676
46.639902233
49.0442965622
51.7310586288
55.5563801853
57.6083944113
59.4373883411
63.3696181028
67.262507394
71.7744372593
77.0376665557
82.7363934488
90.1102585548
99.998451979
34.4113926449
1.92539401647e-08
0
0
0
0
0
0
0
0
0
0
0
0
0
0
0
0
0
0
0
0
0
0
0
0
0
0
0
0
0
0
0
0
1.43963063529e-24
3.86130110376e-18
1.12043493585e-05
52.4216592626
48.466947019
42.4183610543
37.2288071745
35.2980309804
27.7642778475
26.5178130779
26.1346324444
26.1293291792
26.257243148
26.7416135205
27.3052760958
29.5506880186
30.531196151
29.8635762033
29.3988278974
29.2238657276
29.3189502046
29.3893096936
30.1255798546
30.5574037905
30.7025415333
32.7517990431
33.952348146
35.1340917435
37.7159474953
38.9891294617
40.3713664181
42.5121649867
44.5531266418
46.6505365084
49.4650984096
52.7110425089
54.7738943127
56.3138839138
60.5471507262
64.1431901267
68.0063097765
72.3572983435
76.9936703403
81.9150126762
86.8722462529
86.7338919538
6.92413905703e-10
3.84451963459e-09
0
0
0
0
0
0
0
0
0
0
0
0
0
0
0
0
0
0
0
0
0
0
0
0
0
0
0
0
0
0
0
0
1.69889934478e-21
1.00175953637e-12
54.4065936481
54.8982313355
45.4471649034
38.0087708396
34.1674807209
33.2436790991
26.7458358208
26.2190720467
25.7284570298
25.685778217
25.7223053164
25.8896595859
26.6914330111
27.4894085565
29.5324651019
29.8466598348
29.2905443167
28.9709459048
28.918959107
29.1761363234
29.1149911474
30.0739577068
30.5454577363
31.8890994748
33.1659703086
34.7248200688
36.3552739866
38.7913346025
40.4147749403
42.3453326827
44.2061334144
47.1367784188
49.6324258731
52.1529673945
53.8346500653
57.8216641345
61.1893795189
64.9636085846
68.7696993956
72.639552451
76.1592259449
77.536114405
76.8525987867
66.3146317575
9.71665004463e-09
0.00170993440175
0
0
0
0
0
0
0
0
0
0
0
0
0
0
0
0
0
0
0
0
0
0
0
0
0
0
0
0
0
0
0
3.22653360398e-26
1.26646778722e-18
46.1038446991
61.2972880223
52.3397285386
43.8022473356
37.2068138317
33.5205522522
32.9334895899
26.0906007123
25.7606376464
25.4126198573
25.2206869126
25.2035030467
25.2135541038
25.4961737176
26.6166937147
27.3436443618
29.2688794734
29.3948553009
28.8838870901
28.6422476133
28.6678903991
28.8710380663
28.9658688211
30.3538296532
30.8738081024
32.3798706497
33.3562311152
36.0129429715
38.3778896736
40.2217512556
41.9131825527
44.0963417591
46.7953257795
50.0600249185
51.9173312815
55.5368964221
58.6058103439
62.3431277103
65.4330234318
68.6097377631
71.5052763914
73.1280203947
73.3567235827
72.1774676168
50.4767356083
1.28725990507e-08
2.24304951482
0
0
0
0
0
0
0
0
0
0
0
0
0
0
0
0
0
0
0
0
0
0
0
0
0
0
0
0
0
0
0
1.00630268967e-24
1.53132399117e-06
63.6746945523
58.1570650759
50.0405709041
43.1194115042
37.9972076583
35.1877659835
35.1515200436
25.9493712646
25.1956335536
25.0134115239
24.6463057486
24.4870674397
24.3829587426
24.3673622161
24.9444367618
26.1639523958
27.1336063108
29.231432893
29.1018409501
28.6254831636
28.4543899614
28.5469026187
28.9064929211
29.147549276
30.5843341899
31.2917322956
33.3831090128
35.1697011744
37.8805511342
39.858850857
41.6757667561
44.1216043072
47.2766825978
49.937221634
53.4483541988
56.2819484181
59.6974646121
62.6326937285
65.9566602646
68.7721308759
70.9937451318
71.9938180358
72.8332788421
72.760552794
53.8877570625
4.70439268796e-08
73.8245800712
0
0
0
0
0
0
0
0
0
0
0
0
0
0
0
0
0
0
0
0
0
0
0
0
0
0
0
0
0
0
0
4.27314802842e-20
56.2716357542
62.5678587535
55.0822634156
48.6756607823
43.3749857205
39.5982977283
37.4790523031
36.0859526195
25.9526384343
24.6547637898
24.2742958624
23.8028929836
23.4441397336
23.2699379458
23.2162911829
23.3680421851
24.6928561279
25.455523684
27.0295777308
28.8013180412
28.9308410797
28.5949593543
28.4338298499
28.6411887949
29.1875845753
29.6234767188
31.3499333282
32.5802557412
35.0220405556
37.2453312934
39.5198070705
42.0208979876
44.4316144541
47.3819843052
51.047672687
53.9886405718
57.341374923
60.2254150996
63.8377619955
66.3465178341
68.5463206054
70.7011773588
72.7579305785
74.1113853403
72.4432917889
56.3593264827
7.97998283513e-07
96.1758675565
0
0
0
0
0
0
0
0
0
0
0
0
0
0
0
0
0
0
0
0
0
0
0
0
0
0
0
0
0
0
7.10851786752e-26
48.1774849377
65.844036332
60.5390542399
53.8118372951
48.780269339
44.8879931906
42.0219580965
40.4865696586
39.5912927434
24.7901251204
23.3475668851
22.6223115911
22.306935439
22.0005074933
21.8549927045
21.877606525
22.0337166238
22.7435018115
24.2464251725
25.0336748918
26.8876673547
28.2430792482
28.6718176062
28.6086733511
28.6116003917
29.0677222392
29.8187629293
30.6049056411
32.6622908525
34.4873118398
37.2172659335
39.8088003459
42.2995771945
44.9245338648
48.2154594551
51.151839962
54.9706066322
57.8122858486
61.2798648103
63.9767903536
66.9899128366
69.2386059735
72.3255430708
74.5672950502
73.8620334556
75.1178524114
68.57004037
1.18918761501e-05
100
0
0
0
0
0
0
0
0
0
0
0
0
0
0
0
0
0
0
0
0
0
0
0
0
0
0
0
0
0
0
0.0510694079744
67.4764782908
64.8524747156
59.2845954964
54.0915848399
50.3395161904
48.5356849533
47.0064330629
45.4317990844
45.1318281765
22.571913726
20.3262256293
20.2931396779
20.3569294481
20.3237779825
20.3482619982
20.4846553694
20.7470557743
21.121492192
22.8959831162
24.1135476366
24.8795287333
24.6545045013
27.8279215824
28.4542711063
28.9607014729
29.2100254425
29.7521918981
30.8273243999
32.086608728
34.4786588154
36.7699777431
39.8226806173
42.630137976
45.1489741518
48.3934918164
52.1647373363
55.2813416818
58.7835345153
61.6789555359
65.3633178785
67.8675986586
70.951609582
75.3123781848
76.45019226
78.1141650634
80.6805298047
78.1323407747
2.57533080773e-05
100
0
0
0
0
0
0
0
0
0
0
0
0
0
0
0
0
0
0
0
0
0
0
0
0
0
0
0
0
0
4.85868509815e-25
62.6725805796
64.9200544953
62.8586136697
58.9652990659
55.609983761
53.5135791345
53.1309166161
54.467280995
51.8437853807
53.7076935322
20.8618244086
18.8544486912
18.6927720562
18.7597374129
18.9240372752
19.0823399851
19.3123950023
19.6201884413
20.0200741429
20.5849768248
22.5365986782
24.3358889966
24.6060512345
25.1705449822
26.6992362938
28.6091872781
29.6335222782
29.8768249879
31.0579974294
32.3681503503
34.0322280976
36.9987318925
40.1700068884
42.8911692007
45.6632112921
49.0865428086
52.1964259965
56.1317671445
59.0306511272
62.5536568566
65.7688308803
69.856109396
74.2799259915
77.1282033278
79.2235172935
81.5419312786
81.5527849965
80.8157654755
6.97486263015e-05
100
0
0
0
0
0
0
0
0
0
0
0
0
0
0
0
0
0
0
0
0
0
0
0
0
0
0
0
0
0
56.9256924375
63.0491446265
64.0096393865
62.34889542
59.7514114258
57.7051607725
56.5273082675
56.0937044642
58.3816882838
57.0171173128
56.2836378759
19.9492755424
18.4509264243
17.869206575
17.9234043964
18.163128861
18.3322297894
18.5143281724
18.7755287876
19.1075191837
19.4983625172
20.2983526027
22.4522141701
25.0714783445
25.4358844921
26.0361251706
27.3243323964
29.1026859627
30.4393734486
31.9707785673
32.6051041641
34.5169583295
37.089326437
40.2658412695
43.1083044765
45.7040323259
49.057339546
52.9304520458
55.9900149094
59.5918590333
62.9808231473
68.4403819257
72.6422922153
76.9037718244
79.9294537709
82.454447268
82.3408990461
83.7011196964
83.470287212
0.000120536477892
100
0
0
0
0
0
0
0
0
0
0
0
0
0
0
0
0
0
0
0
0
0
0
0
0
0
0
0
0
3.06750989081e-19
71.7109957219
66.5365114075
64.8193938691
63.1378544014
61.2069138952
59.7598800797
58.8095352825
58.1790668177
59.2326920957
58.8591664423
57.2364682686
17.918472262
17.8170029491
17.290891523
17.7632343741
18.0765782971
18.1159953704
18.1197328264
18.1997021939
18.4161450679
18.7392648599
19.2152473973
20.2429189469
22.6143465338
26.0574252935
27.0131337825
27.2761990289
28.3897252287
29.8889686823
31.5423385253
33.3685340997
35.5549981779
37.2019164438
40.2413884205
43.1505357153
45.984341392
49.4268999223
52.713257667
56.6971899709
59.8759521385
65.8627219974
71.8652082423
75.6981715114
79.4320519979
83.6359553396
85.0329108785
86.0872180692
86.6837493158
84.4819769705
8.52339038331e-05
100
0
0
0
0
0
0
0
0
0
0
0
0
0
0
0
0
0
0
0
0
0
0
0
0
0
0
0
0
64.111948238
63.4115560692
66.5595437141
65.4309949232
64.3520622686
62.9263332671
61.7861223905
60.9213887541
60.2738860772
61.0123485141
60.3276182391
58.9010340548
15.291982322
16.3636574346
16.9446837293
18.1303548508
18.2940487439
18.1844645882
17.9692388304
17.8555310807
17.8683914175
18.0825906569
18.4461434207
19.0132430974
20.4080538254
22.8462340799
26.1982250304
27.4466444607
28.8143905833
29.5425336248
31.0608993043
32.836300976
35.2981224309
37.644047826
40.1120922395
43.0809841869
46.0217658059
49.4222690644
53.4318581346
56.6579286502
62.8466818925
69.5264515307
73.2993361116
78.1615833219
82.7590199787
86.1466122388
88.6615932499
91.606413046
89.9980088084
88.9639457053
0.100891627886
100
0
0
0
0
0
0
0
0
0
0
0
0
0
0
0
0
0
0
0
0
0
0
0
0
0
0
0
0.000646337831344
81.9910988686
73.1099166763
69.6899481384
67.3755289512
65.9909128053
64.7031194917
63.6956319042
62.9116797321
62.335722944
62.6740161905
61.774399335
61.2650753788
14.3433118876
15.1053525638
16.8277757006
17.627401171
17.7064313029
17.7419307976
17.8040904975
17.6314138287
17.4932323437
17.5154735993
17.7610453665
18.1943987895
18.8847686095
20.8809751457
22.8113540069
26.6905248739
28.6423021202
29.6625951808
31.2856919998
32.8777891555
35.1383413939
37.3659856077
40.0843112305
42.987133071
46.1325750238
50.2262862091
53.7149857284
59.2909526124
65.480142074
70.0600120075
74.9321567827
79.9198869191
85.6336639051
90.432824639
95.4256616686
98.1877245951
99.9382798359
99.99741599
72.7241405858
100
0
0
0
0
0
0
0
0
0
0
0
0
0
0
0
0
0
0
0
0
0
0
0
0
0
0
0
83.0417856865
77.2158939394
74.2099030906
70.7081747485
68.5541459219
67.0010014549
65.7932994012
64.8509890093
64.171905264
63.7435687474
63.4013874919
62.5726733435
62.5803783358
13.9424774635
14.2349423449
15.6852434818
16.7582822183
16.9323466988
17.036070012
17.1374184348
17.2461229627
17.2429731374
17.1298937925
17.2037618612
17.5232830782
18.1462495404
19.1267110423
22.2647865461
25.7673283456
27.0683572625
29.5115553015
31.5599448161
32.8109884476
34.6398437479
37.0822165217
40.1826050432
42.8895820846
46.8594826248
50.6550180145
55.1249315238
60.4597579329
65.9200046134
70.9991664123
75.8332845476
83.0501133569
89.4210089379
96.9559059271
99.9690995451
99.9974684389
99.9999424474
99.9999105386
99.9572574546
77.966448562
0
0
0
0
0
0
0
0
0
0
0
0
0
0
0
0
0
0
0
0
0
0
0
0
0
0
2.57079317057e-11
69.8951643385
73.8157773339
72.3415582827
70.3980546215
68.6834028093
66.8522879959
65.5660615658
64.4882649544
63.6867072969
63.5888447387
62.9109232049
61.8969266793
62.4492032242
13.3524650926
13.323285695
14.0490839186
15.966319007
16.2436312443
16.3683212514
16.4693294343
16.5830854187
16.7209518153
16.8989946453
16.8311507418
17.0161338396
17.545707594
18.5062025117
19.9670396849
22.8094759118
26.9736596044
29.0775916687
30.0975549019
32.852323804
35.2952759278
37.131895034
39.4635462867
43.4480354253
47.6181537415
50.7551118741
55.6274611388
61.5098577887
66.6785550133
71.2479822078
78.6164167168
86.5336953681
93.9500744035
99.9106090199
99.9973771079
99.9999827586
99.9999999955
99.9999999831
0.00295081804463
0.000151677738501
0
0
0
0
0
0
0
0
0
0
0
0
0
0
0
0
0
0
0
0
0
0
0
0
0
0
86.3136823631
74.4547465029
73.6998190226
71.3502379313
69.9808187782
67.8751705493
65.821138421
64.2466367706
62.8764178091
61.717930308
60.7856950348
60.3588425877
60.0102317178
61.3259779083
12.555470784
12.4080507919
12.6873188795
15.3418979355
15.6763260289
15.7896606321
15.863229216
15.9395636834
16.0503018479
16.2100475625
16.4730433026
16.6898334849
17.0456985843
17.7903139526
18.9546878975
20.7509368472
24.4638027967
27.9829038162
30.0738023382
32.8617056512
33.7152120303
36.7695854805
40.8558310955
44.4299585925
46.7366947069
51.713298832
57.1555889751
61.4306885586
66.8603561302
73.796314959
81.6287480472
88.3200029947
96.4366047675
99.9799894029
99.9999774116
99.999999999
100
99.9999999485
2.45845861869e-08
8.62143981314
0
0
0
0
0
0
0
0
0
0
0
0
0
0
0
0
0
0
0
0
0
0
0
0
0
1.11768562954e-23
83.7552477387
77.9534245653
74.5184263029
71.7036097782
69.4889053361
67.4383489479
64.5954446097
62.7034252042
61.1727796923
59.9685423259
59.0791595985
58.8442535259
58.1692908304
59.1008287973
11.8270255855
11.6753766751
11.7406819522
14.7943051667
15.166162293
15.2684097793
15.2984484726
15.3233069359
15.3779299299
15.4994196757
15.7310117375
16.1219387426
16.7474196389
17.3593352204
18.2804197683
19.7959938043
21.8143626878
25.5377667622
29.5296787491
31.5373661596
33.9671059367
37.6477880349
41.3099175832
42.8647793471
47.546268319
52.6931602154
56.6262599636
61.8777136547
68.457545351
74.4970493958
82.1883186405
90.3495355929
98.256210616
99.9991630363
99.9999999751
100
100
99.9990988138
5.7844316058e-13
100
0
0
0
0
0
0
0
0
0
0
0
0
0
0
0
0
0
0
0
0
0
0
0
0
0
92.7234690911
72.7818679086
78.0088822736
75.1441903365
72.3109722525
69.5339798804
66.7399449291
63.6193374757
61.4409389601
59.780838429
58.5293559008
57.7909833119
57.6906872513
56.7350089726
55.9486049438
11.0296373836
11.3860366124
11.0196475759
13.7719348174
14.6753101151
14.7769893856
14.7640176609
14.7322156639
14.7300937236
14.8072196531
15.0070475992
15.3785798055
15.9391187056
16.7725578537
18.0339757504
19.5288019145
20.9803679394
22.9512752661
26.5757386593
30.5496907848
33.5599792936
36.8638206775
39.2182056609
42.6831827382
48.4151164765
52.6645648239
55.90197102
61.432191502
68.0664012701
76.1438058189
83.844506597
90.9548565012
99.3879302492
99.9999655683
100
100
100
99.9938824716
1.53473878179e-12
100
0
0
0
0
0
0
0
0
0
0
0
0
0
0
0
0
0
0
0
0
0
0
0
0
0
99.9999928487
91.8176644809
83.436007443
78.0333095499
74.1359990117
69.9598067994
66.2048883479
63.1007369611
60.7129219841
58.9180104606
57.5543980524
56.8705654639
56.4851933147
55.4970593984
54.8001136855
10.0527352871
11.303455486
10.0915077203
12.615221072
14.2692907384
14.2400342263
14.0972603637
13.9525157262
13.8759918306
13.9092684895
14.0809297261
14.4282527538
15.0005693085
15.9039493613
17.2500986373
18.9145778628
20.6989521011
22.6752201941
24.589683873
26.8085684599
30.7994024233
34.6750353655
37.7478743309
42.277826782
47.5273897512
51.39670798
55.5656874523
61.9935867842
69.3101518503
75.2459719659
83.2543517303
92.6927919925
99.9509122947
99.9999963551
100
100
100
99.9998713706
1.99003730822e-06
100
0
0
0
0
0
0
0
0
0
0
0
0
0
0
0
0
0
0
0
0
0
0
0
0
39.1342864445
76.482840687
90.4158059957
85.5230519768
80.6702119913
75.1683323053
71.1960705224
66.3965609497
63.1485258948
60.5310902119
58.6013973435
57.3084323672
57.0253471372
55.647387129
54.6056491426
54.0534769966
8.59576824278
10.6344198404
8.8388656699
12.1666903079
12.9919775683
12.1183946238
11.1037269053
10.3858699761
10.0161204034
9.99499168673
10.3280093695
11.0361921428
12.1424382488
13.8190183531
16.2685640079
18.6760083564
20.0873945911
21.5609793922
23.3929172382
25.7400546733
28.1930170997
30.97143151
35.0652478418
41.1045638013
46.5688071616
51.2201459697
54.2730531814
60.0731095038
67.0313703851
75.6220330273
85.3545547089
94.2669836759
99.8931080182
99.9999999972
100
100
100
100
2.52832818631e-05
100
0
0
0
0
0
0
0
0
0
0
0
0
0
0
0
0
0
0
0
0
0
0
0
0
100
99.9999972609
96.5607657401
89.4689434506
83.4287407224
77.3017311507
71.651164428
67.1784700989
63.4297501231
60.4264576207
58.2691962092
56.9195685601
56.1974590881
54.6550174538
53.8490684098
54.3002042812
7.34465353357
8.54918187124
7.46005036418
11.0066553035
9.99430577985
9.17985932001
8.0748742625
7.68764177444
7.87509660166
8.40905760236
9.24954948783
10.3537747774
11.6852274062
13.3162678839
15.0916823431
16.5999186335
17.8670499147
19.3690067217
21.71128572
24.9625105676
27.4123203003
30.1205491975
33.6417515754
38.4144156682
43.1745587309
46.8038587542
51.2256899736
58.8380441993
67.026650925
76.9737404398
86.2094346627
92.6173559304
99.9650723854
100
100
100
100
100
0.000374617148182
100
0
0
0
0
0
0
0
0
0
0
0
0
0
0
0
0
0
0
0
0
0
0
0
2.26445330269e-24
83.4767499563
99.9982015151
99.2276682362
92.3783930843
84.6501711769
78.9884214761
72.4971974561
67.5684773521
63.3897159086
59.8906162188
57.3238313228
55.8028177193
54.3283597833
53.0355943767
52.0731538684
53.3192777531
7.62740811182
6.28370809858
6.50319522056
11.8478676831
10.2618619927
7.88518112018
6.53216462403
6.60839853559
7.20872078531
7.97652389759
8.92994548373
10.1053209717
11.5330592593
13.3349250807
15.351801525
16.4551230771
17.5041221839
18.9510575771
20.8768791984
22.9024204686
25.1876402722
28.299689345
32.0517712084
36.4298180861
39.9554948511
43.5106909691
48.9575362394
56.8013301475
66.4675926072
76.1549093191
84.4046177173
91.9712418285
99.9938803087
100
100
100
100
100
0.00149904238805
100
0
0
0
0
0
0
0
0
0
0
0
0
0
0
0
0
0
0
0
0
0
0
0
99.4901864232
95.2845474651
99.999871686
99.9967242571
96.4830034325
87.6468234896
79.468048307
72.9997235134
67.4279262893
62.8248235716
59.0124424866
55.9762507584
53.7860191105
51.6637602854
50.2594888199
49.1789882443
50.7812018322
9.77604884558
6.32633629344
6.18494339621
12.4821069092
10.9444766988
6.03134124011
5.59614215509
6.32176211217
7.37309745393
8.70804760622
10.5826869781
12.2835855238
12.7644344114
13.4399066065
14.316258545
15.2670026632
16.3544661628
17.6898372423
19.2780734069
21.0472474679
23.0657572408
25.6932580173
29.3095586568
33.5353202276
38.0250462849
41.5531570772
47.7165704688
55.1748931519
63.4708026986
73.0304437356
82.3571955139
91.8269232301
99.9877333288
100
100
100
100
100
0.063994950541
100
0
0
0
0
0
0
0
0
0
0
0
0
0
0
0
0
0
0
0
0
0
0
0
100
100
100
99.9999994139
99.97040284
91.9653489309
82.0444383436
73.707830288
67.041759869
61.9826078983
57.8747423545
53.458187596
50.3564786489
48.0944130884
46.8245101617
45.8633442854
47.2598605919
10.728018603
7.01442243066
5.7930221272
6.85851483844
5.82527277371
5.77122606379
6.82914671972
8.62716925951
11.1400380316
11.5140027623
11.5617297261
11.6778701422
11.943738669
12.4858936091
13.3191543801
14.3221107973
15.4417739132
16.6359614276
17.88740534
19.1777981537
20.8586576336
23.5613783034
27.3800973589
30.9998562891
34.4928553524
38.7624240833
44.9492348242
52.672954281
61.497172767
70.5269687247
78.2341383925
87.8810430777
99.2638217838
99.9996377451
100
100
100
100
0.253390566834
100
0
0
0
0
0
0
0
0
0
0
0
0
0
0
0
0
0
0
0
0
0
0
1.12769821576e-23
99.9999955302
100
100
99.9999999991
99.9999266408
96.0658514829
85.4311516115
75.361077792
66.9577668977
60.5567087953
55.762784356
51.68492956
48.3071426758
45.0282222273
42.7908737575
42.5686249079
42.8773663494
8.6542628249
6.97726066799
5.40666517517
5.63167130577
7.29130031044
9.53866855779
11.5464456164
11.609916334
11.6092051303
11.5868123768
11.5497834423
11.537231987
11.6390989489
12.0502598576
12.8777492956
14.0906470545
15.6200637054
16.9161115458
17.0159222592
17.1950237287
17.887335683
19.8184441956
23.1034397528
26.7866142572
30.529976575
35.0569941433
41.5243682226
49.5277631845
57.8845271356
65.4155642993
73.8001794878
85.1569222086
93.0569527732
99.6802796159
99.9999965764
100
100
100
54.3359997056
100
0
0
0
0
0
0
0
0
0
0
0
0
0
0
0
0
0
0
0
0
0
0
100
100
100
100
100
99.9999999793
99.955037891
88.9971535921
77.5093994855
67.2841138079
59.2262187842
53.3394216791
48.4507244111
44.8201069544
41.9231860778
38.1801613774
38.6107043556
37.9902342259
6.51674342867
7.15721036511
5.33154226545
5.28239525249
10.0547532929
11.9182720777
12.1053706463
12.2621196723
12.3584197717
12.3543506595
12.2316735721
12.0282272936
11.8822232914
12.0720021711
13.1572351174
14.2902772531
14.2989392708
14.33415779
13.9892061328
13.1401111564
12.5501144009
13.7703676176
18.4141390191
22.1916791128
25.6496284859
29.9054939755
36.3909449862
44.7778190269
52.4409024285
59.1328695392
67.2730895825
78.1636931926
83.8064450732
91.6046300982
99.9758488056
99.9999999998
100
100
87.167151926
100
0
0
0
0
0
0
0
0
0
0
0
0
0
0
0
0
0
0
0
0
0
0
100
100
100
100
100
100
99.9999847438
93.3576531887
80.129695508
68.5665408142
58.7120545318
51.6645602904
45.6372594409
40.8581350015
37.6715210013
33.7073268159
33.3964762302
34.45553896
5.75108914752
8.39707214373
5.48238940316
5.03916891884
12.1613131003
12.7993643621
13.218496749
13.5716750425
13.7856259611
13.8103295803
13.576563922
13.0234416006
12.1499537002
11.7045675282
11.8036325548
11.8508746215
12.5597536581
12.8423517144
11.9557182993
9.48256565864
4.70192786858
7.42539701858
9.15917161083
13.8301754439
17.782372966
21.5073453825
28.5563702117
38.0569728424
45.5642741786
50.6663662727
57.4346943466
68.6587892778
68.8700870834
77.3452179306
91.9722033191
99.9998264037
100
100
100
100
0
0
0
0
0
0
0
0
0
0
0
0
0
0
0
0
0
0
0
0
0
2.61557901763e-24
100
100
100
100
100
100
99.999999986
98.4139413259
83.2205053134
70.2882050733
58.7897259501
50.1115443821
43.9950995736
38.0701667802
32.9816131896
28.7003428867
29.27372017
34.2015838179
3.00666993057
3.92516807943
4.97324167829
7.55113190328
13.8446675838
14.6546420465
15.3421855658
15.9129216618
16.3680318682
16.5267516823
16.2151078965
15.1601561142
13.4156728556
10.3744666356
7.99131543332
7.80705307446
9.75851938383
10.9373431186
10.6983367122
8.5577571316
1.5700753305
0.375845013661
11.7004533793
17.5214615549
17.7690474075
16.9235787348
21.2228145252
31.0805266387
40.971506874
39.5621562364
44.7968026788
52.0873588895
52.405983875
48.2234999196
71.9538902502
91.133140016
99.999997168
100
100
100
0
0
0
0
0
0
0
0
0
0
0
0
0
0
0
0
0
0
0
0
0
100
100
100
100
100
100
100
99.9999999999
99.9862284103
85.891107499
71.4421184396
59.1587884281
49.3538505305
42.0931613912
36.5090732095
31.8428645346
28.276714944
29.0004709389
27.8561250693
2.32340895303
3.06938104897
6.52304683589
5.37935683213
15.0238024673
16.8543168358
18.1516928971
18.8239314344
19.3864084334
18.8815722071
17.9204232168
16.1333322224
13.0718962575
8.99522245865
6.80443458669
10.5538018833
14.5991368864
15.1412996675
11.7818259386
6.49010889187
0.345389385735
0.0675500869294
0.0154519300624
0.0117551851671
0.0119230688769
0.513445706963
1.4579309182
0.159173898434
4.87646449454
23.55902393
4.71802347838
42.3171575165
19.3530553709
43.4315057901
27.3236582664
60.7031912313
56.4316691734
99.9971731215
100
100
0
0
0
0
0
0
0
0
0
0
0
0
0
0
0
0
0
0
0
0
4.23466508894e-26
100
100
100
100
100
100
100
100
99.9997514148
86.9057130373
72.0478758242
60.3387041025
50.238175487
42.2173330374
36.3913455716
31.5255849867
27.1159264195
24.5587330773
18.0337416483
1.49234412967
7.04630161085
6.55930368247
4.78317835716
3.72891864594
5.83045279898
11.4932522785
12.1712203196
12.7753484893
13.2341116314
13.2435902154
11.8311867508
6.8631611077
2.33597100603
0.861892066405
0.242155596207
0.121181642903
0.113587254939
0.0827193453898
0.0519876696975
0.0341770404336
0.0203526945734
0.0101311167234
0.00547835693637
0.00443026248621
0.00281757004597
0.00136176235106
0.000568373954602
0.000402587948362
0.000146044372405
0.000131902607745
7.10013389994e-06
0.00177628807253
1.2959572094e-08
0.00191595789535
9.21068395827e-12
0.0155940083466
2.00375176218e-17
1.26672799595e-16
100
0
0
0
0
0
0
0
0
0
0
0
0
0
0
0
0
0
0
0
0
7.04477740394e-26
100
3.11115924726e-05
100
100
100
100
100
100
99.9999629181
86.2220403224
70.4990066797
59.3410271264
49.5805088842
41.0045289685
34.145374427
28.7147530592
24.4990504742
21.9500391159
12.5475905435
)
;

boundaryField
{
    frontAndBack
    {
        type            empty;
    }
    upperWall
    {
        type            calculated;
        value           uniform 0;
    }
    lowerWall
    {
        type            calculated;
        value           uniform 0;
    }
    inlet
    {
        type            calculated;
        value           uniform 2.51779622392e-23;
    }
    outlet
    {
        type            calculated;
        value           nonuniform List<scalar> 
20
(
1.44993477074e-25
0
0
0
0
0
0
0
0
0
0
0
0
0
0
0
0
0
1.24335615996e-26
2.81828092532e-25
)
;
    }
}


// ************************************************************************* //
