/*--------------------------------*- C++ -*----------------------------------*\
| =========                 |                                                 |
| \\      /  F ield         | OpenFOAM: The Open Source CFD Toolbox           |
|  \\    /   O peration     | Version:  v1806                                 |
|   \\  /    A nd           | Web:      www.OpenFOAM.com                      |
|    \\/     M anipulation  |                                                 |
\*---------------------------------------------------------------------------*/
FoamFile
{
    version     2.0;
    format      ascii;
    class       volScalarField;
    location    "718";
    object      alpha;
}
// * * * * * * * * * * * * * * * * * * * * * * * * * * * * * * * * * * * * * //

dimensions      [0 0 -1 0 0 0 0];


internalField   nonuniform List<scalar> 
6400
(
0.896943547464
1.4443774173
2.29656915027
2.87992594999
3.43644657795
3.99097263447
4.68192879845
5.45331611657
5.93041895525
6.64883155655
7.92742676704
8.84914672836
9.63025984568
10.4978643266
11.5521803897
12.6607466243
13.6668685632
14.6144254261
15.4151690194
15.9082303256
16.192719918
16.6203000313
17.3908570538
18.4785746105
19.6616505962
20.7363454442
21.6417287805
22.4863986625
23.3695337652
24.3064108257
25.2418277098
25.988560049
26.4696508025
26.8014376092
27.0284911972
27.1547023506
27.4485067248
27.9533361864
28.1555846166
28.1457101681
28.4965902072
29.3315304913
30.1631820125
30.6367312622
30.7944460915
30.7308989397
30.5120617599
30.1808167786
29.7502918018
29.2403050588
28.5706296578
27.5304841579
26.1317213155
24.4532778244
22.9261540141
21.5811426688
19.7757116384
17.262874076
14.6335097489
12.4264975292
10.1903044995
7.84877868285
5.64383657545
5.57196813278
8.82657851851
13.4892498267
16.3360853565
15.9439274993
13.8894523204
12.2703254782
11.4415098758
11.7296472032
12.3724498782
12.321924114
14.4898004606
13.9700239724
15.9141994305
9.81222074358
12.8578804045
4.80306648305
3.16410925074
2.54685875599
3.18176656221
4.45487578531
4.4324675419
4.40664463586
4.68242588631
5.18028518522
5.87815813874
6.76028549523
7.81486452013
8.86825748352
9.80669551277
10.7075231692
11.6290029894
12.6779878175
13.7821727834
14.8347553433
15.8997353493
16.22783355
16.333378372
16.7394515507
17.4892344284
18.5658404992
19.8657144158
20.8869694066
21.7641056634
22.6447412764
23.5419368105
24.4494749119
25.3574345315
26.1878757107
26.6631603243
26.9884139307
27.2458912446
27.292182599
27.6296684951
28.1591179322
28.3189627938
28.1828319665
28.5060719341
29.8327111514
30.9389824869
31.3236025748
31.4250989992
31.2899600132
30.9811052986
30.5874775502
30.0084844048
29.3442788602
28.7373317322
28.1757931495
26.9603701052
24.67651031
23.2560610277
21.7091953484
19.3912484592
16.9419482518
14.5308383955
12.1402204692
9.91168189437
8.16436168887
6.04224980598
6.08644207655
9.0700210921
14.5717858871
18.171005604
16.7803696397
14.5484534333
12.603418987
11.9498623336
12.4550669604
13.666387792
13.1390202906
13.0603415203
12.5967375356
11.4539765318
9.65261661459
8.13853653709
4.22039916063
3.28611953753
2.91123928354
3.43518374208
3.7688087998
4.37034661249
4.8510070552
4.87073011269
5.07581583384
5.77679654813
6.73442984807
7.79916611904
8.87215864383
9.85495815832
10.7576214793
11.5344235997
12.4894200673
15.0498494197
17.0515594168
17.5613041957
17.1365244168
16.1393708359
16.4311415151
17.6038073671
18.7298083963
19.7990576673
20.8812002104
21.8580092672
22.740857408
23.617951011
24.5204608418
25.3967202993
26.3117119665
26.7812580976
26.8914677275
27.4388826392
27.5029050729
27.5520497371
28.253412317
28.4637507397
28.392899227
28.7307755132
29.5451207031
30.352736854
30.8276691179
31.010368173
30.9881338945
30.8030342277
30.4751778343
30.0076831443
29.4214755718
28.7154754489
27.7767875207
26.4796422285
25.0646925838
23.6142642622
21.6165083934
19.3067046159
16.925589564
14.5425248342
12.2275375275
10.0926744317
8.05535863001
6.66271846705
7.52792271102
11.5054404867
15.6261948171
17.618575921
17.6245317196
15.9956940963
14.3274895097
13.6828321763
13.6467732029
13.0277543109
12.4863742668
12.5355900046
12.265840126
11.3431958489
9.74983487874
7.31655000058
7.51933414612
3.35286010761
5.56194822124
3.80439672121
3.96219533947
4.68438327989
11.9335749205
10.3508438432
5.59679011652
5.73900663359
6.72635204775
7.82048252364
8.91467267308
9.87271294285
10.7831833735
12.4607576549
14.5336772543
16.2405134345
16.7894399281
16.0041729568
15.484891349
15.9510446978
16.6696796386
17.5946028405
18.7150248992
19.8795471672
20.9916528791
21.9942406888
22.8580917072
23.751527106
24.5889232537
25.579513179
26.3069546052
27.0337099605
27.1305025138
27.0379616244
27.575895517
27.7159613265
27.8807889729
28.2517004405
28.5917139722
29.0411067208
29.714158667
30.3995466873
30.8699756551
31.0910881994
31.1047571347
30.9470664706
30.6395696801
30.191421665
29.6090585178
28.8749214151
27.9268044743
26.722793473
25.3199588817
23.676547696
21.6629414873
19.3670487074
16.9846178976
14.6335748993
12.4098007904
10.4297019691
8.88106252723
8.32927739138
9.08268416107
11.2544025676
16.1045342034
19.3653031726
19.4234188342
17.7038954216
15.3174517901
13.7158148573
12.9595379814
13.1871195781
14.6790114794
14.6718416767
13.3964378371
13.304269267
16.6368775969
13.020286044
11.0225078637
5.78448891139
7.65135032917
4.63678203817
4.95719127108
6.7209670396
11.8310051411
8.40636448541
6.11558523987
6.26635195483
6.94467036266
7.96016123366
9.06641495272
10.501547681
12.7241414593
13.7941021092
14.294115491
14.5034915636
14.5565266298
14.8560707718
15.5290742452
16.0767051103
16.7254183813
17.6873929396
18.8131856641
19.9900711331
21.1292718359
22.1063447043
23.0813038712
23.858930441
24.8578132201
25.6218087222
26.8569259127
26.9734265908
26.8106230466
27.1224156879
27.169537379
27.4952105288
27.9445489917
28.3968768534
28.8251993718
29.3092322493
29.9072750166
30.5103638578
30.9651586495
31.2114751674
31.2572004142
31.1273162121
30.8431320069
30.4160710353
29.8459706269
29.1121638948
28.175188798
27.0078172245
25.5994694984
23.8855774347
21.8205033441
19.5216555994
17.1760365186
14.9280758535
12.913619713
11.3053582545
10.3500924528
10.3156513625
10.5247249554
11.7726263835
15.8037609206
19.5287899495
20.7786228915
19.5470681269
16.7416671543
14.2310224836
13.914199503
16.2370872436
17.149652703
16.1491481427
15.2711143569
17.9824009931
21.0274182877
16.3091341062
15.4206613838
10.0659156905
9.24745440457
5.78111886852
6.29086431443
12.1201374133
11.6152633861
6.9359156106
6.74004637845
6.90939693222
7.29976816116
8.19430356897
10.7543715623
13.8870411876
14.4000221996
14.1729635882
13.4901140494
13.390909243
13.9387548771
14.9574981735
15.492771789
15.9841185267
16.7972944586
17.826679297
18.9787982156
20.091262927
21.2380818011
22.4365238934
23.1840834279
24.3203796502
24.9127277033
26.3589595034
26.6684481719
27.5149285037
26.998646353
26.6258282615
26.9389864813
27.5067717912
28.0762816142
28.5909593888
29.0697224223
29.573862602
30.1333899672
30.6837925777
31.1210168472
31.3816893821
31.4538008591
31.3509788072
31.0929445387
30.69219518
30.1459020517
29.4329557786
28.5197264794
27.3704752189
25.9420698147
24.1819190117
22.1060414631
19.8583819608
17.6287879362
15.5823671299
13.8849977033
12.707096983
12.2564975796
12.5899628913
11.8501622787
13.7755720327
17.8854699196
20.9702244235
22.133068739
21.1198911208
17.6898369728
15.4343060124
17.2288360456
19.4548222543
18.948727547
17.9861947968
18.0978141643
22.7386539125
24.351457041
19.3132362376
19.1172682001
12.2026766028
9.17911687334
7.02466941255
6.58425766448
12.0919052398
8.63993750298
7.22565676308
7.35795149033
7.51109895283
8.22461111117
8.77555255544
13.5406246597
14.3062479893
14.4239972224
13.2797752112
12.5594212515
13.0266551506
14.3837421837
14.9071466292
15.2204870087
15.9951383826
16.9055213994
17.9381007717
19.0872253176
20.3625645304
21.581968948
22.4624730617
23.8964949669
24.4127854194
25.9570283648
26.1364678951
27.2356634685
27.0413169172
26.7890435587
26.486746245
26.9082095574
27.5978398754
28.2468046717
28.806550902
29.3223115253
29.8460309163
30.3899908228
30.9104879052
31.334316768
31.6040517202
31.6979052326
31.6221219808
31.3949407872
31.0289027189
30.5191457042
29.842098127
28.9602837984
27.8264841427
26.3898121231
24.6263586034
22.6016307869
20.482156673
18.4571470241
16.6773550093
15.2658266542
14.3716581765
14.0320211212
13.7654910499
13.7689157876
15.6434926305
20.6927228882
22.5530147938
22.6146703571
21.4049249766
19.0395071611
18.665507217
21.1631389149
21.5703417008
20.7485726194
20.1917815984
22.2336360522
25.0456468485
26.5500085384
21.9385839921
20.7984028377
11.9586799392
8.91742561002
8.19476861048
12.3036831995
12.2378084168
7.80222142261
7.90410366041
8.07048354928
8.1681359854
8.76243282318
13.2658736196
14.2344336207
14.3990933562
14.023833749
12.2226787529
12.194129481
13.7613900357
14.4990204491
14.5706215249
15.098365447
16.0281135732
17.0651703398
18.1308225475
19.3299427553
20.4579232596
21.899129562
22.5418033367
23.9160476653
25.5026738356
26.0995241013
25.8692254174
26.7675968726
27.087750216
26.3414574491
26.490583199
27.0578429493
27.7543220116
28.4322009708
29.0346525876
29.5875832961
30.1334312633
30.6778935025
31.1857455909
31.6023429078
31.8793624412
31.99291991
31.9461153982
31.7562418415
31.4349250565
30.9746495702
30.3475568065
29.5092780451
28.4059097931
26.9956589241
25.2917932161
23.3996996018
21.4889803184
19.702219244
18.112092483
16.8130177834
15.9811967327
15.626008651
15.5725236206
15.9015042977
15.9486216071
21.215537474
24.5969469616
24.2761923059
23.4702489753
22.3401412484
22.9610440511
24.1802195578
23.4276463822
22.7484579182
23.0097767646
25.4459170154
26.1892959612
26.8259710044
23.9445080107
21.8015799438
11.292132237
8.91426952907
8.87493366205
13.3046284883
11.3077062783
8.48587922368
8.64163975379
8.94076084486
10.0566504834
8.90474805184
14.0366767734
14.7767437942
14.4547619715
12.888394736
11.9218313988
12.3301371278
13.825233549
14.2403699469
14.4667985799
15.1147386692
16.0267048729
17.1319198264
18.2915261327
19.8632485332
21.1934716937
21.8722871726
23.7745291974
23.8432162065
25.6650663839
25.6417342391
26.8559924276
26.2000490719
26.1113471811
26.274296994
26.6663369306
27.2612360585
27.9452101358
28.6347352255
29.2758402019
29.870039842
30.4432109456
30.9982731029
31.5063855353
31.923252186
32.2086132089
32.342521393
32.3290366138
32.1845726325
31.9188891601
31.521912731
30.9615145383
30.1878226948
29.1478604115
27.8206322048
26.2574476618
24.5835472512
22.9234949127
21.2989135216
19.7024331984
18.3651842247
17.6551777398
17.6233674482
17.8928975462
18.0742699688
17.9344553487
18.9350985803
25.0830474048
26.4352062999
26.0882103521
26.3805483801
27.1114528429
26.5083984973
25.3553504136
25.1451920429
26.2384776031
27.5698004051
27.5191657742
26.9740740412
25.9886634895
24.6321925542
10.8348884847
9.41032621847
10.0262007096
13.3994771672
9.50368421246
9.51207097698
9.3853819731
9.66375800491
12.6108717353
11.4062588362
14.8719513959
15.0676746392
14.5553326252
12.2849699013
11.9819705075
13.5322488842
14.0429932549
14.0141327295
14.4320145664
15.2536568093
16.149565792
17.2000604223
18.2207355848
20.0011198166
22.130409689
21.8262370488
23.7212243143
25.0922566542
25.8885039471
26.6404935977
26.2363482244
26.4002783528
25.8616983074
26.2032374182
26.8351544464
27.486929792
28.1641593447
28.8572456778
29.5302509401
30.1692592051
30.7788350448
31.3542191787
31.8717423658
32.2959731443
32.5939843707
32.7514459867
32.7768832729
32.6872363448
32.4895177116
32.1714182723
31.6991250915
31.0219930712
30.0962582637
28.9284683476
27.5986836544
26.2097064887
24.7559416744
23.0834039408
21.3175779591
20.0893816149
19.8518984721
20.3546078538
20.8231951201
20.8773373783
20.4867512631
19.1172099353
18.5785486337
28.408163511
30.8678295831
31.385727743
30.746255121
28.868323018
27.6584702949
27.9127882166
29.241785725
29.7795259704
29.7021238328
29.5249016241
29.9355452168
30.158677313
10.8955002615
10.2960983042
13.3687465102
13.6258673415
9.6987826541
10.2937487266
10.1285788213
10.5763831811
12.203972004
14.8202707206
15.7343482798
15.3713061695
14.8367028544
12.3631613273
12.1524980368
14.0238360244
14.160725901
14.002892327
14.4534449366
15.375284905
16.4831586941
17.5499129796
18.3866397669
19.6365350146
22.2880154608
23.559038602
23.4048178033
25.1943890949
24.9154938729
26.6527361473
27.1414819522
26.3732891642
25.8489350211
26.3144346246
27.031790939
27.7226114086
28.4071398113
29.1051612315
29.8008865879
30.4838395229
31.1399725832
31.7470307898
32.2827180957
32.7210244447
33.0374538633
33.2249432114
33.2971325707
33.2717956373
33.1544162799
32.9326965378
32.5752188613
32.0376642073
31.2944233518
30.380401804
29.3748938827
28.272822289
26.8451902298
24.9397560063
23.2094893141
22.5126811163
23.0986833739
24.22074684
24.8256313666
24.7400371614
23.9535950895
22.252204257
19.79796975
19.9363159861
32.5094759172
37.1992957263
35.2564969426
31.9904856174
30.5421276977
30.9608244422
32.0433558512
32.7561247214
33.385663422
34.1008231987
34.8031853677
35.5262080683
11.3197951327
11.2021929213
15.031993111
14.4004050374
12.5917713214
11.5418128624
11.1032147694
12.0224115429
11.7606620913
15.794088738
16.4247715614
15.7549595869
14.9856627411
13.0343532081
12.9122263674
14.4737092651
14.2068076721
14.098793084
14.5652829838
15.4097415781
16.6111629342
17.997142438
19.7083698711
19.7487493939
21.7987484638
23.9105608427
23.3248801867
25.4216010611
26.3952119981
25.9488011127
26.3466353663
25.8645114188
26.1264819296
26.6295927275
27.2844029372
27.9804104573
28.6781122839
29.3863271634
30.0952471707
30.8109006926
31.521187879
32.1778871204
32.7421523136
33.1998494279
33.541722479
33.7685476283
33.8972127228
33.9456536594
33.9199328743
33.8119383787
33.5987670176
33.2538467669
32.7798868594
32.2240131316
31.5893243741
30.6300250851
29.0541040509
27.2185735326
25.9826560884
26.1765927661
27.930065148
29.9783089633
30.7895958413
30.7162696137
29.8219459206
27.8349116329
24.670353942
20.2612648028
28.0683559397
38.3658420831
40.5140596953
36.2141032904
34.3731131024
34.6631206566
35.7194661234
36.7308601737
38.2640358512
39.3573210809
39.4306678831
39.7212303816
11.9683569666
11.8808177965
14.8220805394
14.9380572893
14.9726444906
12.725254393
12.2075631162
14.8205907161
12.1970304959
16.6606739862
16.9532360269
16.1471031003
15.1293995156
13.6879340708
15.3870337286
15.515355217
14.4291570667
14.3323195415
14.8118840355
15.5403830061
16.5606452909
17.9870224201
20.9159752457
21.8915467887
21.3216288916
23.9512843396
24.9934557521
25.0145806934
26.3495222789
26.9013824872
26.6497006877
25.9084626653
26.3264907589
26.9515371813
27.5919436587
28.2719951705
28.9687997227
29.6987177928
30.4365465056
31.1705544789
31.9185221629
32.6345266743
33.2482417389
33.7365261094
34.1108671937
34.3876549699
34.5844013395
34.7154611602
34.7890742081
34.8074106221
34.7672116099
34.67676841
34.5721710909
34.4620574032
34.1259765968
33.0310023856
31.7750841815
31.4112054602
30.7317770945
31.7638602344
33.8863461126
34.2314397298
33.0557678657
31.6347526381
29.0064481038
25.6860218453
22.3482911972
15.5288536878
15.0425550949
30.8548186077
38.4251093669
37.1552042112
32.2520278275
33.5041304103
37.0593141011
40.720985692
43.6901093271
44.8623193941
44.9624469838
45.2220004187
12.672545612
12.6115598215
12.2611348436
15.2968372705
15.544987157
13.5444148778
13.1976928466
15.8437523254
12.9035172006
17.5630937597
17.4344990758
16.553457066
15.3756040342
14.0348734116
16.5337052207
16.1355602621
14.9059872593
14.746294034
15.1654861846
15.840863031
16.6331827671
17.8632922732
21.3927360258
22.9550097076
21.6614524511
23.9491944704
25.4889835528
24.5857157316
25.9672173012
26.5045044734
25.8576457699
26.2445367815
26.7576625068
27.3251019135
27.9323166185
28.6137722253
29.3113419218
30.0266804546
30.796249402
31.5790936602
32.3589999188
33.1192102471
33.7897858434
34.3270964655
34.7486446893
35.0888691894
35.3655403426
35.5840287314
35.7580022456
35.9073195835
36.0598792517
36.2896182747
36.6577975579
37.0301508035
36.6898901495
35.290554635
35.7521039196
31.0343874789
26.4080970952
21.2557710289
0.760060269868
0.000154351120241
5.34598462725e-07
5.45438985977e-08
4.32838133271e-09
1.21921769312e-09
1.43511096105e-08
1.46632902729e-07
1.65637347749e-06
4.32629461296e-06
0.00718414940565
1.88580406376
41.6429839608
46.4297558698
42.4372982811
42.4150034659
46.6623345964
49.9778920454
51.7440391407
52.1638907254
13.5558909684
13.6521036722
15.9492492605
15.9762887722
16.0357310068
14.2452039899
14.2597543934
16.7345366876
13.9489265695
18.3547342178
17.8997965723
16.9857097134
15.7044344064
14.4510907997
16.8407740448
16.3865636457
15.3777473922
15.2224244851
15.5625995959
16.1624470625
16.880112546
17.8611677078
20.8444439823
23.7562167526
23.9629347035
23.3695445824
25.68469135
26.5917750725
24.9896167109
25.1758462038
25.7987964195
26.4752581217
27.1106459117
27.7096291837
28.3284144762
28.984646944
29.6871756534
30.4222422462
31.1848171331
32.0079180082
32.8455675082
33.651168051
34.3701043326
34.9633217023
35.4522640472
35.875203126
36.2448612365
36.557190197
36.8202906009
37.0769493479
37.431604378
38.0430448165
38.9634318364
39.7345899891
38.978287627
35.2270792488
23.4871039011
1.8128865544e-10
1.99398721327e-13
3.73801320316e-15
6.33618854013e-17
1.83321655328e-19
5.20960127592e-22
9.01772120451e-27
7.05368828113e-27
1.71247331224e-26
1.15434240596e-25
5.40687538178e-25
1.99730246497e-24
1.2692545036e-23
9.93797942711e-24
8.62173747094e-22
4.90720922449e-19
4.93279238171e-17
3.74315614279e-15
8.61958409929e-13
1.45094724217e-08
50.1224608882
57.0694289932
56.8956863196
14.3898613585
14.5828150357
17.5823312077
16.6932068566
16.2156822184
14.9465348153
15.2849280444
17.5010393202
17.4762378265
19.3422699364
18.433537196
17.5144773534
16.122629237
15.0090549695
17.1671791683
16.5703019299
15.8243076879
15.704798913
15.9694257115
16.4838657256
17.1622102204
18.0831247523
20.3594777726
24.0058916368
25.3019403009
23.1582843875
25.1871255241
26.6741585683
26.6216086111
25.5718310319
25.868845739
26.6860338832
27.4617810504
28.1349219321
28.7225895575
29.386188514
30.0875040997
30.8446508716
31.6314510875
32.4735191314
33.3658064604
34.2345488725
34.9981840381
35.634989628
36.203328181
36.7588378668
37.2637660489
37.6527625864
37.9276476955
38.2552110715
38.839224749
39.8453694551
41.3446426328
42.4895403548
32.5956823504
6.07127795453
1.00250935428e-16
4.05967908926e-19
1.17399347528e-20
1.70911929755e-22
1.38862331213e-25
2.31705107022e-28
1.6332999331e-29
0
0
0
0
0
0
0
0
2.27164167199e-33
7.66177707578e-31
1.14603854083e-28
6.64894860522e-26
9.28694943725e-23
5.0291204767e-18
7.63732655775e-14
5.95435232064e-07
61.8638004954
15.072372115
15.2871038947
19.7057165127
17.25697761
16.1570496218
15.5655879439
16.0267524317
17.6139765188
19.0650407485
20.4722434116
19.1238969359
18.179623359
16.7913716464
15.8533046155
17.6991596818
16.9031149048
16.3447904359
16.2331500002
16.4151811579
16.8425540897
17.4472916891
18.2989271256
20.1602129556
23.8737625586
26.2795804833
25.6020709405
24.6879182268
26.03884691
26.4146245305
25.6327499184
26.2973113892
27.1349846976
27.9562280489
28.6107018563
29.219404228
29.8267775918
30.540483917
31.2986273318
32.1171674624
32.9900209623
33.9176337493
34.8529299289
35.7000416948
36.3825527741
37.0248762877
37.7307579315
38.3922535524
38.8304019845
39.0747804289
39.4455481247
40.2290763553
41.5061186795
43.3000203986
33.1561376449
6.63872811038e-13
1.45140373406e-19
4.75997229438e-23
1.92473620689e-24
2.62431987715e-26
7.19659831758e-29
0
0
0
0
0
0
0
0
0
0
0
0
0
2.92701003488e-32
2.90862102554e-31
6.37632749551e-30
3.09179303053e-28
1.71694361509e-24
1.42912138109e-15
2.75486214104e-20
15.6031824391
15.808692812
21.7393023547
17.6923292765
16.3328730823
16.1357517448
16.8335784359
17.060702012
20.0106393966
21.2830093771
19.7899811321
18.8581894434
17.653014971
17.6968439648
18.4423943624
17.4756748399
17.0581618598
16.953301227
16.9689153179
17.2875105334
17.7852182573
18.5558782004
20.1437607161
23.7186272725
26.681727986
27.2231607501
24.5868446319
25.0524415381
25.2902484621
25.7361518236
26.5970392882
27.6057208986
28.4370725467
29.1324045209
29.7640439544
30.4323983866
31.0598375508
31.8171360029
32.6469740972
33.5351009542
34.533965834
35.5494254664
36.4630225181
37.1418348297
37.8050155606
39.0413506893
40.6008333944
41.1987871678
40.6333883901
40.8264084343
41.7114059448
43.0225600632
32.2355961575
7.68056897208e-14
1.15756235559e-18
5.19300672871e-30
5.2475976315e-27
8.56263318756e-29
0
0
0
0
0
0
0
0
0
0
0
0
0
0
0
0
0
0
4.52213873777e-31
3.06231766122e-30
5.64716766115e-28
97.2453706422
16.0585617337
16.2301126405
21.6013713649
17.1970568847
16.5734759623
16.6279525282
17.7458075249
17.113221091
20.8152773478
22.0335127416
20.4190735525
19.4848650533
18.3261556644
19.8662639212
19.465589181
18.2492946408
17.8780380749
18.0160616483
17.743453684
17.9008704716
18.2221828983
18.8589194304
20.2666334777
23.5525051541
26.5442585557
28.3055833256
27.1343383888
26.3046940579
26.1356248568
25.9631599074
26.8737282047
28.1960996138
28.8881488152
29.6639432677
30.522367334
31.0415575488
31.6700141556
32.4354861342
33.2868917791
34.1880812693
35.1624676566
36.24180204
37.2929247055
38.3113550991
39.4516514138
41.0172727549
42.340493822
42.520656521
42.5117929157
43.0478964091
44.1898618393
35.7870163666
3.49282307909e-13
3.18824997835e-18
4.19038858789e-22
5.69135088206e-24
0
0
0
0
0
0
0
0
0
0
0
0
0
0
0
0
0
0
0
0
0
0
1.39145479956e-30
1.01277541572e-19
16.5728960392
16.7204039849
21.2673725532
16.9206722716
16.8879598135
17.0294555704
18.5321999594
17.605092348
21.5240901005
22.7698743863
21.0409714965
20.1073395923
18.8879426342
20.6411411248
20.4124507227
19.0882278589
18.6850333803
18.9219386279
18.6670182271
18.732381075
18.8554923587
19.2185134054
20.5495647579
23.5204265513
26.2565888177
28.6101850752
28.3140516403
26.8790326514
25.6959735373
26.4426380933
27.352582383
28.6411145175
29.6836090742
30.5910786158
31.3500881126
31.7617842489
32.3650349569
33.1431899795
34.0146462544
34.9543250779
35.9470370398
37.109665685
38.4593569054
40.0149677868
41.1454011308
41.8027405871
42.722927119
43.4467273233
44.7472112533
46.3546404869
41.3679326921
3.18264106128e-12
4.22593973463e-18
7.28741640926e-22
1.49468663384e-24
3.61892385944e-26
1.21474989918e-28
0
0
0
0
0
0
0
0
0
0
0
0
0
0
0
0
0
0
0
0
0
2.3383865893e-31
3.09389904101e-31
17.3245463501
17.4716470672
20.9820369204
17.2328009186
17.4558119654
17.5259060467
18.5826527887
18.3382489907
22.0471641861
23.4714185983
21.6937362769
20.7748199413
19.5608497584
21.3420465915
21.2612305347
20.0063203345
19.5438211434
19.8015722327
19.5695596623
19.7070850851
19.7537723665
19.7355062091
21.0255461304
23.6872004872
26.1160672214
28.6813211422
28.866458575
27.6608120648
26.2188629309
26.6669986598
27.9283141854
28.8269999293
29.7578155172
30.859658146
32.259154861
32.7902939347
33.3106230523
33.9616183122
34.7985503403
35.8132531758
36.9174335086
38.2139004762
40.1611928712
41.899986186
42.3786307049
42.9115350004
44.3425509564
47.3705320637
50.8552725058
45.1079828997
9.09290463167e-13
1.51049110919e-19
6.25076543269e-24
2.04942084317e-27
1.28590167154e-29
2.6064184784e-29
4.00248619305e-30
0
0
0
0
0
0
0
0
0
0
0
0
0
0
0
0
0
0
0
0
0
1.7283701555e-32
7.84802101438e-32
18.453644546
18.563416198
21.310861676
18.181448358
18.6118551397
18.3892601853
18.9299061376
19.64140695
22.1413078398
24.0085732484
22.4060431725
21.5094179908
20.3364880872
22.1383655417
22.1357453849
21.0794487348
20.5780867392
20.8205305859
20.4802855684
20.7759677879
20.9541687046
20.4713077989
21.5814145196
24.0565807285
26.17433782
28.5425292852
29.1142858821
28.3431493466
28.1459869178
27.5183065593
28.3137784131
29.5741147741
31.056089967
31.4565285561
32.5540177938
33.8088262299
34.3751725779
35.0843342876
35.8267684812
36.7613792439
38.0031482048
39.9982529907
42.5524707946
43.5833486662
43.6729533469
45.0142698002
49.3835737788
56.7495198487
51.2039783936
11.2167515438
2.28847556651e-21
2.13660398062e-26
1.46193487708e-28
0
0
0
0
0
0
0
0
0
0
0
0
0
0
0
0
0
0
0
0
0
0
0
0
0
0
0
20.0253387821
19.9137128588
22.1596520225
20.0520766632
20.5453556045
19.6566282097
19.8876461353
21.5163470332
22.3988625998
24.6476729435
23.229125024
22.320932387
21.1898854256
22.9716822926
23.0059815482
22.2584352722
22.0728545472
22.1446107656
21.4845977776
21.9358563782
22.4445419099
21.5091858767
22.0300273191
24.518456545
26.4394023525
28.4293040467
29.2832839904
28.5283260531
29.3288264688
29.0870801861
29.351112168
29.3540476488
30.8529704815
32.6382175543
33.509676929
34.5661132545
35.4392998198
36.1848714481
37.0593486309
38.0172740193
39.6607605143
42.6737641133
44.9094830507
45.452050549
46.2070858997
49.7071512559
57.2751934729
54.3542909229
28.7909304808
2.04227524256e-23
3.57032817963e-26
1.6348077506e-28
0
0
0
0
0
0
0
0
0
0
0
0
0
0
0
0
0
0
0
0
0
0
0
0
0
0
0
0
21.684090937
21.183016674
23.0700571532
22.5162823177
22.2509107412
21.1159930568
20.9375955374
22.65619527
21.7307612377
25.1531393554
24.1450746175
23.2011666375
22.1106598837
23.814752825
23.8148418484
23.2476502662
24.1094796766
23.7322990023
22.6073498019
23.2056099418
23.7832169546
22.8301829249
22.2380585986
24.5343807656
26.6298588959
28.3534169718
29.3514534624
28.6213348215
29.7360844415
30.3703848558
30.730602036
30.138828388
31.0718804024
32.6096522224
34.4258464231
35.7815437048
36.7294034891
37.4497891064
38.3080320735
39.6529411551
42.4583804047
45.7072188447
47.4812040253
48.4775522657
50.8508431081
55.9410557164
52.009983435
29.7755904898
5.49900300126e-23
7.96096702907e-26
2.78808423402e-28
0
0
0
0
0
0
0
0
0
0
0
0
0
0
0
0
0
0
0
0
0
0
0
0
0
0
0
0
0
22.5162012814
22.0694195505
23.6539725293
23.5739504122
23.32255101
22.4886183139
22.1294134378
24.0272966687
22.785400604
25.7907252182
25.0713792434
24.1214020974
23.0936926974
24.6829598692
24.6278928048
24.0748095709
25.0936359467
24.8552609014
23.6901187927
24.4447057646
24.5463845857
23.6697267508
23.2434078928
23.4792490968
26.1303092576
27.8575899392
29.1377203925
28.5873568952
29.8120532562
30.9294287005
31.8698343253
31.9176187341
31.4840315922
32.687855976
34.6737616539
36.6609998429
38.1326094994
39.1080047371
39.9624901499
42.3235002369
45.9400406362
48.8615492015
50.4555731592
52.377894714
56.3515254559
52.5365176018
25.3021219288
2.90504331547e-22
2.61686386985e-25
7.45296377886e-28
0
0
0
0
0
0
0
0
0
0
0
0
0
0
0
0
0
0
0
0
0
0
0
0
0
0
0
0
0
0
22.6235820267
22.6164914713
24.0054856478
23.8075192169
23.9993236073
23.5492864193
23.1638665932
25.3753036992
24.4537414877
26.599086583
26.0516958971
25.0675555867
24.1343109494
25.5916175215
25.5043244323
25.0226801917
25.9156420393
25.8319898087
24.8116870181
25.478554978
24.4687704265
24.4411223388
24.2830753358
24.5429532226
25.3575271795
26.4195852111
28.2888564181
28.3476555518
29.4046086815
30.964291551
32.3349738955
33.2718674199
33.0037434435
33.4883269076
34.9058794724
36.8780236945
39.0538750665
40.834595555
42.3970147953
45.7733376587
49.4329685262
51.8687875575
53.1560966306
55.0057212276
50.5363018584
32.4925414209
32.9349094243
9.08982244533e-25
2.03620525918e-27
0
0
0
0
0
0
0
0
0
0
0
0
0
0
0
0
0
0
0
0
0
0
0
0
0
0
0
0
0
0
0
22.8729727779
22.9959173297
24.2993951008
22.9901340455
24.2913634999
24.135040251
23.8563066334
26.0032921633
25.3145264986
27.4121659742
27.0584798911
26.0080342782
25.2378599649
26.5278806245
26.4188136687
26.1001775288
26.8339230658
26.9182628954
26.0588136403
26.8890432987
25.8182349541
26.0454559666
25.5473396541
25.8523077746
27.1163316917
27.7513708309
27.9096327648
28.0334342997
28.9444619249
30.8783999479
32.311424563
33.5197891694
34.2864820951
34.5841617277
36.1792071573
37.6099360874
39.8018320301
42.4295895459
45.4040009717
49.4407603514
52.7243746793
54.3944092173
53.9089998113
50.5677291037
46.7776766011
29.3826163674
7.62750828045e-24
1.73643958356e-26
0
0
0
0
0
0
0
0
0
0
0
0
0
0
0
0
0
0
0
0
0
0
0
0
0
0
0
0
0
0
0
0
23.5561178667
23.6432249306
24.6107606691
23.387562916
24.543808977
24.4581987493
24.3359826267
26.2248840515
25.9066479633
28.0132903072
28.030697506
26.8826190365
26.3889937774
27.4437714085
27.2881407609
27.1399691658
27.719341105
28.0845491035
27.3522460881
28.3212849924
27.5851274451
28.0669747437
27.900167041
26.8897467254
27.9223414951
28.8567184728
29.0437946751
27.8303417357
28.4176629969
30.7399478155
32.4130498184
33.198222748
34.1219277923
34.9040100456
36.5616867508
38.2654598068
40.6555732197
44.0376657196
48.591133771
53.1898943445
55.7802078954
56.004945084
53.493396679
48.1437524303
30.3716873412
30.3752365845
1.2100193661e-25
4.90665543153e-28
0
0
0
0
0
0
0
0
0
0
0
0
0
0
0
0
0
0
0
0
0
0
0
0
0
0
0
0
0
0
0
0
24.4176639326
25.4016828129
25.0646390163
24.3129307386
25.0587479502
24.8289875801
24.7871139571
26.4054014015
26.4350102947
28.2713009694
28.9567588014
27.6507416152
27.4001566448
28.1910605518
28.0927900664
27.9271337751
28.0790571873
29.1372704745
28.6941276209
29.571042552
29.4859914532
29.4185401969
29.3235711028
28.9831062931
28.3487702952
29.0631893216
29.956395977
27.3818211596
27.87647258
30.0461874221
32.410226296
33.6611475353
34.7081129726
34.8752892229
36.3937226608
38.4736847403
41.1619366239
45.5231120497
51.764778463
56.7793133903
58.3015407534
54.4868528903
52.2974056367
51.3263144882
34.3767027515
8.20162102646e-25
2.09325095674e-27
0
0
0
0
0
0
0
0
0
0
0
0
0
0
0
0
0
0
0
0
0
0
0
0
0
0
0
0
0
0
0
0
0
25.0530520642
26.0776459622
25.7271075559
25.1351323356
25.7103591396
25.3538186878
25.2908851674
26.6493493202
26.9347634843
28.2632672289
29.7649932627
28.3651061827
28.0086884784
28.7928040571
28.9341178879
28.6226093475
28.3586961192
29.8866726594
30.0444317725
30.6560324102
30.810930197
31.0252812248
30.000576856
30.0248048707
29.5905099205
30.6201228358
31.2471374021
28.9427021318
27.3845016901
29.0014888829
31.6397305513
33.7290037131
34.9194641973
35.3436355102
35.9839112106
38.139340681
41.0482495272
46.6358789198
54.77468625
60.3905352185
59.4315053489
54.2847051104
48.3922683908
29.8902778458
36.4386122399
2.41828173037e-26
8.12679997751e-29
0
0
0
0
0
0
0
0
0
0
0
0
0
0
0
0
0
0
0
0
0
0
0
0
0
0
0
0
0
0
0
0
0
25.4852204313
26.4024969378
26.2766352788
25.6848471063
26.324382768
25.9834679893
25.8500030425
27.0249322752
27.4585369423
27.8937566923
30.305089513
29.1015571503
28.425753557
28.8060559958
29.7659056694
29.4194834714
28.9355706328
30.5025130856
30.8122720983
31.54178707
31.800516034
32.3058160329
32.503860701
32.5331067817
32.2105370212
31.7834887868
32.6764139884
30.7381694867
27.3962769776
28.0466409832
29.7929875542
32.3931325751
34.4929013996
36.1915632692
36.3219030389
37.2645530968
39.9265765443
46.6553037448
57.4979041758
62.9274878697
59.0926488391
58.9080308866
56.1841114463
37.5393504978
3.46489198872e-25
9.47368777834e-28
0
0
0
0
0
0
0
0
0
0
0
0
0
0
0
0
0
0
0
0
0
0
0
0
0
0
0
0
0
0
0
0
0
0
25.8643249697
26.6703254976
26.6877815531
26.032842844
26.8286188552
26.6722625792
26.3937756708
27.477318148
28.1430438262
27.4190487431
30.6290886095
29.9094716485
28.9986081563
28.4689641744
30.4824666354
30.2670253822
29.7869647734
31.2633301563
31.3871376288
31.9894980042
32.8037366454
32.4029688312
33.8996835373
34.4394547211
34.4924092496
34.4742197681
34.6786318257
33.7576236329
29.4057791735
27.6802885842
28.6883672858
30.3054613664
32.7033023998
34.6154924796
36.7560483277
37.0603292969
38.3042092614
43.7809099572
60.7710851858
64.9469769924
55.3018018343
51.4748218737
46.3196661399
46.8824112587
1.17557539379e-26
0
0
0
0
0
0
0
0
0
0
0
0
0
0
0
0
0
0
0
0
0
0
0
0
0
0
0
0
0
0
0
0
0
0
0
26.1915211442
26.8807012132
26.6439753195
26.2338670487
27.2052865929
27.2757223487
26.8187335819
27.4861935069
29.0248872258
28.2857159438
30.8576550023
30.7820122976
29.8026835508
29.1383701081
31.1979763835
31.1166018993
30.9054127598
32.2468480718
32.2517830053
32.0510140724
33.8809852197
33.7358751066
34.9718237005
35.5823477964
36.1191725687
36.7322225348
37.2476611328
37.3140852211
34.9317535691
29.3603163582
28.7150607924
29.6025442577
31.7653075962
33.1331601603
35.0624566776
36.7564106503
37.5401374328
38.6035185313
57.556849685
65.8020369231
61.3707257922
49.2088725329
21.6219410933
20.6039058751
9.67811222039e-28
0
0
0
0
0
0
0
0
0
0
0
0
0
0
0
0
0
0
0
0
0
0
0
0
0
0
0
0
0
0
0
0
0
0
0
26.4382276121
27.0046439516
26.4693517278
26.5576783005
27.5624005511
27.6099373822
27.1751880711
27.343006962
29.4286080272
29.182873169
30.7467140035
31.6550880659
30.6420628705
30.2973694225
31.927501497
31.9133494055
32.1265091222
33.1767865097
33.4199691007
33.2098664275
34.9009099146
35.2355587402
36.1807694552
36.4857436278
37.7389459185
38.4185483656
39.5947939317
40.6767548013
41.1808607583
36.9721345096
31.2371055971
30.9892197383
30.8622483442
32.8486236341
34.2586516397
35.5149243642
36.3946609271
36.1603248386
38.5639275755
58.7304112548
67.4675974425
66.0329617882
48.77753194
2.40691590261e-26
2.94811573449e-29
0
0
0
0
0
0
0
0
0
0
0
0
0
0
0
0
0
0
0
0
0
0
0
0
0
0
0
0
0
0
0
0
0
0
0
26.673789167
26.8200468258
27.0247932614
27.5629450514
28.0004429072
27.939147631
27.6032184078
27.6393062349
29.3279741119
29.723894748
30.4696278014
32.3611226538
31.3658862169
31.2023479639
32.3832557141
32.6420591764
32.6773555209
33.6734374026
34.4983257233
34.6505887744
35.8710414273
36.3414397383
37.1571636074
38.1829375351
39.1649299675
39.3392688868
41.1528362464
42.6963683809
44.3754154236
45.4925663306
40.7271347549
34.6027594808
33.1925280233
32.6498813841
33.1285107207
33.8871282265
34.4410591273
34.2597080489
32.2328616537
35.9415526751
49.5658845747
53.3724190124
56.8160065663
1.79878220814e-27
0
0
0
0
0
0
0
0
0
0
0
0
0
0
0
0
0
0
0
0
0
0
0
0
0
0
0
0
0
0
0
0
0
0
0
0
26.8985931642
27.0015235808
28.4176263013
28.3904806032
28.3092441957
28.2125626279
28.0888817585
28.095874814
29.4086430753
30.2932411216
29.8556541136
32.575898433
32.0523612442
31.5008511037
32.0822192645
33.3343405989
33.0570858615
33.1528643146
35.1945436111
35.3827903383
36.4586823412
37.4797444926
37.3243513735
39.5649975369
40.4732505141
41.6515941372
42.8421740862
44.2615979819
46.2028051132
48.3423694723
49.6731600906
45.8481423582
41.0377218749
37.5177204965
36.2536480051
36.0033328943
36.7144260839
37.2495901445
36.2893890166
34.6346028005
26.2731191364
19.5621902038
29.3160939372
2.27406832517e-28
0
0
0
0
0
0
0
0
0
0
0
0
0
0
0
0
0
0
0
0
0
0
0
0
0
0
0
0
0
0
0
0
0
0
0
6.89847982234e-33
26.9834025377
27.1981425008
27.4401805574
28.2657507592
28.3033481271
28.3505225488
28.5127763687
28.4065933623
29.5282751053
30.7322290408
30.2103330856
32.2333098227
32.8860765852
31.9222408015
31.5580522261
33.8497268014
33.715555837
33.6753588875
35.6578731211
36.0057922987
36.2113261155
38.6260487129
38.7761523599
40.4056786673
41.3266429055
43.2542417237
44.3112076684
45.7707693078
47.7079420041
49.8469485544
52.0085697248
54.4096402203
53.2131928144
50.649869931
48.9292448616
48.4557447474
48.7716248216
49.7200820424
51.7902213858
58.6989685043
49.5204016236
0.0448001795345
7.32674602842e-27
0
0
0
0
0
0
0
0
0
0
0
0
0
0
0
0
0
0
0
0
0
0
0
0
0
0
0
0
0
0
0
0
0
0
0
0
1.7283701555e-32
26.9580081203
27.2063783777
27.1026864571
28.0285437391
28.4298902515
28.4833915848
28.6934195534
28.4884192143
29.1064861932
30.7726014083
30.6522284216
31.4963708003
33.6427872826
32.6437479356
32.4009906139
34.0811420291
34.5125525147
34.5539206299
35.9271853434
36.9407046868
37.2207162886
39.2409192569
39.9375626436
41.0998368939
42.6981283909
44.0622300722
45.6197576604
47.3574148072
49.0368976957
51.3458991645
53.1547759217
56.3950838478
58.6758548702
60.7734706342
60.4238678884
60.5504937792
60.7932474661
62.8673932735
67.1071522135
73.7675113159
79.5042529083
66.1237321373
9.90065406496e-28
0
0
0
0
0
0
0
0
0
0
0
0
0
0
0
0
0
0
0
0
0
0
0
0
0
0
0
0
0
0
0
0
0
0
0
1.7283701555e-32
1.7283701555e-32
26.9393135377
27.2192986203
27.7051947784
28.6481779165
28.8370949482
28.6313500879
28.675545499
28.4559081673
28.7336308865
30.3610091713
31.0577503499
30.4125712924
33.266479717
33.5022602702
32.8569278866
33.4774888685
35.220139876
35.0449485565
35.3582881889
37.5414843084
37.9867155198
39.5527070824
40.973205386
41.1085580913
43.5588116504
44.2792815978
46.9256577263
48.2053763548
49.8307779749
52.3422697032
54.4748826437
56.7311561596
59.032367569
61.5097449735
63.0769911176
63.6696194478
64.3645564501
65.6867215258
67.1747237006
68.7870607773
72.6536039464
67.7911485594
1.37800816498e-28
0
0
0
0
0
0
0
0
0
0
0
0
0
0
0
0
0
0
0
0
0
0
0
0
0
0
0
0
0
0
0
0
0
0
8.43552414023e-33
1.7283701555e-32
1.7283701555e-32
26.8805689844
27.1334937767
28.270335225
29.3786248156
28.8600278555
28.5945876564
28.5608618184
28.4189259102
28.5627623587
29.9502742738
31.1613290403
30.9746672574
32.1164200408
34.417411436
33.378254511
33.2107528361
35.48967311
35.6993001106
35.8309453845
37.8164369968
38.6697508455
39.2523922982
41.7004288774
42.2748926644
44.0787684953
45.6234429803
47.2850400775
48.7064523663
50.6816943105
52.5193582517
54.6397249713
56.6139566348
58.6174583584
60.7824472226
62.5787835531
63.62553164
63.7021107884
62.6742743139
59.2082838193
53.091295626
43.4089647891
37.3088228167
0
0
0
0
0
0
0
0
0
0
0
0
0
0
0
0
0
0
0
0
0
0
0
0
0
0
0
0
0
0
0
0
0
0
1.05017188293e-32
1.7283701555e-32
2.77104433699e-31
2.92396597154e-31
26.755451045
26.926321033
27.6840047623
28.451165956
28.4867276984
28.3403568334
28.3289568251
28.3672126016
28.3152109827
29.1233271743
30.6564582043
31.3392628965
30.780394903
33.6703200559
34.20984603
33.5437857056
34.5463408373
36.3193249388
36.3143435413
37.1403524235
39.331423758
39.758812407
41.8191697627
43.2755005461
43.5047120915
46.071777036
47.5844038466
49.5583817941
51.009644129
52.6652051807
55.1513452635
56.9201451797
58.8819677903
60.8514298289
62.1806307473
63.6913270025
63.9784456222
63.2332800031
60.638274044
57.1178391704
0.472164386306
1.09235916325e-27
0
0
0
0
0
0
0
0
0
0
0
0
0
0
0
0
0
0
0
0
0
0
0
0
0
0
0
0
0
0
0
0
0
0
0
2.15094354537e-31
7.26040173718e-31
1.08210711236e-30
26.6117111715
26.70577722
27.3069378939
26.400005999
27.7129944784
27.9466311117
27.9737261726
28.1319227301
27.8699879095
28.3352777433
29.8995271338
31.2992964285
31.4082948905
32.2421989416
34.7460492734
34.2449297554
34.1831182172
36.5338777854
37.1484454653
37.1789061402
39.5706169313
40.533253079
41.1043867547
43.2555923236
44.3688943807
46.0751567968
48.1521948269
49.7196953429
51.6412064415
53.5887617106
55.5497989123
57.4343308895
59.6701554316
61.8053553088
63.6461471327
65.0526646094
66.668727744
67.913123862
69.5368836175
65.4224728242
21.5587163143
3.23987103605e-28
0
0
0
0
0
0
0
0
0
0
0
0
0
0
0
0
0
0
0
0
0
0
0
0
0
0
0
0
0
0
0
0
0
0
9.79283604263e-32
3.50824635913e-31
4.93225677003e-30
3.34457462517e-26
26.2799823376
26.3724439664
27.4428688806
26.5697187912
27.0999756904
27.4285805998
27.5102080844
27.6406459878
27.4552128265
27.707666089
28.7540818214
30.479863077
31.8202375292
31.8763229855
33.4888996803
35.2794533409
34.6055569904
34.7236958395
37.5198612994
37.4625301608
38.0027227451
40.6135982598
41.2559316926
43.1207099953
44.7359640689
45.8955836728
48.087933215
49.8770778136
52.0845929565
53.6907220126
55.9148749884
58.6836075477
61.313915972
63.6318262621
66.0103571396
68.5152717508
70.6214868547
71.9872634816
76.505709246
70.8078291179
31.8267871572
8.63744734694e-30
0
0
0
0
0
0
0
0
0
0
0
0
0
0
0
0
0
0
0
0
0
0
0
0
0
0
0
0
0
0
0
0
0
6.17924340698e-32
2.05405319169e-31
1.97070865282e-29
5.71250429667e-27
2.75841830422e-17
25.5984486904
25.685811038
26.7002011529
26.9761292115
25.9720819483
26.7801742319
27.0044653898
27.1761983163
27.284619762
27.186022291
27.7240644936
29.3695294455
31.0283582286
32.0698596327
31.9855773586
34.7666861009
35.6068693146
34.894954925
36.9985442736
38.0374473181
38.1148243299
40.3433971513
41.7067936506
43.0391687605
44.775835896
46.5867459559
48.0964942015
50.5841526833
52.0760969617
53.8134266277
57.1482896612
59.9621266157
62.8754157954
65.6059114978
69.1673729375
72.3352423611
75.4625240885
77.3759043801
81.685168264
69.5241669275
0.00500226110652
5.9346921977e-31
0
0
0
0
0
0
0
0
0
0
0
0
0
0
0
0
0
0
0
0
0
0
0
0
0
0
0
0
0
0
0
0
0
1.98586056722e-31
2.45916176638e-29
5.65519531046e-27
2.12371009369e-22
4.30596398782e-12
24.913425153
24.9670287438
25.0378729784
26.676550695
25.4096810813
26.1816846887
26.5906734059
26.7999505715
27.0916602944
26.8221657864
27.1992741424
27.7834653439
29.850475882
31.6341980795
31.9888469315
32.3888155374
35.0886922572
35.466356266
35.6694933924
37.8296786447
38.7335785947
39.6385640934
41.6434573339
43.1362058822
44.7719507289
46.4758100173
48.4732429827
50.3714499206
52.3236093408
55.0574922015
57.9608179805
61.0493208722
64.55891855
68.5783924627
73.2793894798
78.3874301653
82.8535612118
88.2040347362
97.9122618589
79.1436860419
18.9991420975
1.44361492063e-30
0
0
0
0
0
0
0
0
0
0
0
0
0
0
0
0
0
0
0
0
0
0
0
0
0
0
0
0
0
0
0
0
6.17924340698e-32
1.46590983265e-29
3.30143995384e-27
4.8871363054e-23
1.2233907467e-13
53.5527941519
24.6483310189
24.6818444315
24.6868336477
26.7523944965
27.1643182893
26.3716332157
26.4118274676
26.5225315176
26.729022642
26.7240004404
26.7235619342
27.379374333
28.5161438287
30.4254650645
32.0255241226
31.9650798992
33.5103585198
35.3966309614
35.8118774745
36.2821021141
38.6164373755
39.8500614026
40.8930770911
42.9536237081
44.6058785803
46.2004841778
48.2676579136
50.3688666463
53.462714127
56.3623886463
59.9637558384
63.9999891755
67.7832178624
72.4570123125
78.0202256734
83.8889590923
92.159927605
99.9999157721
100
99.9999999941
72.3094216651
1.44361492063e-30
0
0
0
0
0
0
0
0
0
0
0
0
0
0
0
0
0
0
0
0
0
0
0
0
0
0
0
0
0
0
0
0
3.07961465716e-30
1.00875734006e-27
4.82371889271e-24
1.16341909921e-16
1.08050444545
76.3154127846
24.5951520091
24.5702894339
25.0638170059
26.2483593715
27.2482426926
26.8496153616
26.7944991293
26.5185027962
26.466037633
26.6868711177
26.3520319931
26.9109914534
27.2475916089
28.9043653671
30.6174694968
32.0852018551
32.4177540346
34.486373197
35.7286558474
36.3469497863
36.9194545614
39.4179822545
40.8740284961
42.3462589142
44.1368138481
46.4007168632
48.4513351858
51.7065372335
54.5081898875
58.3564596756
61.5942732928
65.4254806069
69.7203533048
74.9705120167
80.5163385852
87.8705501177
99.2245030773
99.9999999528
100
100
77.9422220073
3.87565840315e-33
0
0
0
0
0
0
0
0
0
0
0
0
0
0
0
0
0
0
0
0
0
0
0
0
0
0
0
0
0
0
0
1.54803653881e-31
1.43549166497e-28
3.75621264859e-25
1.00124229425e-19
4.96215135301e-06
68.5644088811
69.3644125275
24.2773815395
24.0580478358
24.7575076943
24.8339302929
26.1601615416
27.5308732977
28.0858656211
26.9131533578
26.2914960148
26.2235391205
26.2336633096
25.9317136184
26.7844251966
26.9631590954
28.5201361845
30.7064599851
32.1869410756
32.7389942951
34.7726583931
36.0997255978
37.0043824898
37.7582559597
40.3153557337
41.8783091705
43.7572669751
46.3562657129
49.2020152511
51.9348643905
55.1647074018
58.1366575162
61.4236762676
65.8932080036
71.2076874971
76.2317944572
81.6264228156
89.9513830433
98.4947072936
99.9998963374
100
99.6846844956
99.9815065507
0
0
0
0
0
0
0
0
0
0
0
0
0
0
0
0
0
0
0
0
0
0
0
0
0
0
0
0
0
0
0
0
2.98901825785e-30
1.57783032572e-26
7.2686884847e-22
3.83899283455e-12
60.1731609089
57.3541564544
59.8502934315
23.7698050722
23.0832572228
23.1850267388
23.4257668246
24.0494345217
26.2177019171
28.1500761227
26.8365952798
25.9876575033
25.6342015143
25.7078295832
25.3879107404
26.0723402543
26.432154209
27.2149052118
28.3283116608
31.1218006424
32.5552817864
33.1560715552
35.1257439212
36.5266781705
37.7358914638
38.6966289702
41.2895713328
43.6592632019
46.0884818713
48.6469024196
51.3406187537
54.6285716484
57.91014404
62.9719346606
67.3430865034
71.7078267477
76.1598777596
82.1154222891
88.2129923476
93.1387472015
94.0190120654
99.1967382423
97.514604827
92.4707361381
0
0
0
0
0
0
0
0
0
0
0
0
0
0
0
0
0
0
0
0
0
0
0
0
0
0
0
0
0
0
0
0
2.19839213636e-28
6.16968667906e-24
7.38417695231e-17
33.3849802688
53.1656623067
51.8502632601
50.4247808637
23.455807814
21.9710419975
21.8083242577
22.0196572483
22.4925244497
23.9067503829
25.9083822149
26.4050372998
25.4397079717
24.9728586952
24.8445001692
25.0724616371
24.6148463913
25.6447119272
25.9190181754
27.8807680367
29.1611436108
31.4460674567
32.9268066878
33.7146234266
35.4605626043
37.1805243959
38.813712673
40.450728018
43.3064469644
45.9945643982
48.0623485021
51.6254145769
55.0070212443
59.9496624475
63.3143133606
66.9302377662
71.2035780531
76.4894125913
82.9221751301
89.8708826472
96.8440264516
99.9993014052
99.9245208493
80.4858029434
0.285276836966
0
0
0
0
0
0
0
0
0
0
0
0
0
0
0
0
0
0
0
0
0
0
0
0
0
0
0
0
0
0
0
1.65433121984e-31
2.41108972254e-26
2.39776526459e-20
5.76965431404e-06
52.0427352857
50.9606923052
44.4322752313
43.0225357795
23.3078048622
20.9846744865
20.617799408
20.6023814289
20.9645333492
21.8500324585
23.6760318149
25.6532293208
24.9278579115
24.2547232984
23.970864699
23.9940003829
24.2176221216
23.9534876032
25.5904762447
25.8513634763
27.9090689835
29.0163829275
31.4826298221
33.0577644749
34.6164238026
35.4691839753
38.4136707036
40.5252618065
42.9650074404
45.6578829699
48.7017702034
52.1567294801
56.7598537151
59.5738820475
62.2938742381
67.258436136
72.4249156561
78.4459001775
85.4059840576
93.0260473005
99.9689041799
99.9999999978
50.1614145666
2.67646042446e-14
0
0
0
0
0
0
0
0
0
0
0
0
0
0
0
0
0
0
0
0
0
0
0
0
0
0
0
0
0
0
0
0
2.00120826606e-30
5.36753490595e-24
1.55749926422e-11
53.1668663928
52.0751259568
45.8199829899
40.1276738939
37.8962396689
22.2096773337
20.1776098333
19.527712673
19.4419280105
19.5224646729
20.0979105969
20.6156188464
23.4902111607
24.5062142469
23.5958600082
23.0843860576
22.9381092427
23.1393151971
23.3981272664
24.5056418269
25.1311539737
25.3165662903
27.9222740239
29.3257734003
30.6517308596
33.7688277566
35.4832973599
37.4411341622
40.1657832155
42.7669418722
45.4661827143
49.0092031306
53.0197923229
55.7735870122
58.0957580356
63.2791031921
68.0613556571
73.2984669096
79.287910984
85.8732173019
92.9854605881
99.0593934449
99.9970634828
9.62513854362e-16
5.34420724538e-15
0
0
0
0
0
0
0
0
0
0
0
0
0
0
0
0
0
0
0
0
0
0
0
0
0
0
0
0
0
0
0
0
2.36161368662e-27
1.39253042805e-18
54.0498903581
58.8344018891
49.6635352148
42.2930261053
38.2319325704
37.0192692073
20.6512935775
19.5375445187
18.6281208981
18.454835504
18.3890838891
18.4629546819
19.4937460238
20.2625039931
22.8203875898
22.9020287024
22.1928749986
21.887955159
21.9120225951
22.4345359549
22.4393809688
23.814537213
24.5379058506
26.4233235102
27.9549674875
29.8986218227
31.8627884012
34.9593831173
37.2046420516
39.757756836
42.1720165846
45.783201013
49.0139313357
52.2265789318
54.6177656902
59.4945553496
63.9225293431
68.8235840487
73.9697837941
79.4988838752
85.1052077378
89.497648803
92.4263581366
97.1606479909
1.35069648499e-14
2.37695334854e-09
0
0
0
0
0
0
0
0
0
0
0
0
0
0
0
0
0
0
0
0
0
0
0
0
0
0
0
0
0
0
0
4.48515442832e-32
1.76049727087e-24
29.7624922735
64.2896327533
56.2556461099
48.2644260414
42.036374675
38.5348665724
37.7709587696
19.5579261746
18.6266291483
17.8654890869
17.4225958982
17.2732777811
17.1137273874
17.2614404416
18.772845635
19.2641318746
21.666191405
21.5158690174
20.9072627966
20.7093874064
20.8786310836
21.3806113274
21.6172388619
23.7761183637
24.5070577004
26.5721890214
27.7844683966
31.2896402484
34.2994572285
36.7607452161
39.0512073994
41.8832507288
45.2895165879
49.2616279643
51.8155995651
56.2678111349
60.2582852317
64.9104545047
69.0704767823
73.4916035724
77.9228765374
81.6315467202
85.158393572
88.6580336219
73.9709692054
1.7894000721e-14
3.1180284166e-06
0
0
0
0
0
0
0
0
0
0
0
0
0
0
0
0
0
0
0
0
0
0
0
0
0
0
0
0
0
0
0
1.39884579514e-30
2.128669781e-12
65.8345108088
61.8106726803
54.3176489656
47.9286734368
43.2727219545
40.7237201635
40.4848798097
19.166198788
17.4544774669
16.9732490138
16.2656158229
15.9286937434
15.5893205857
15.2591173229
15.7536171888
17.330695173
18.0922141801
20.8299208607
20.2644889404
19.5843003319
19.5807583676
19.9589601581
20.8529052677
21.3888522094
23.6739919378
24.653637873
27.6835323889
30.1000573102
33.5963638808
36.1591118105
38.6336563412
41.8283493291
45.7310629903
49.0720896184
53.3484670134
56.9938434669
61.2002452477
64.9833528307
69.1813345012
72.9682949625
76.342446175
78.9920271013
82.4870333418
83.3508444731
44.4786307143
6.53950346927e-14
0.00921379071595
0
0
0
0
0
0
0
0
0
0
0
0
0
0
0
0
0
0
0
0
0
0
0
0
0
0
0
0
0
0
0
5.94003694208e-26
58.5783389516
66.127371619
59.372688804
53.3981079732
48.5867949175
45.2367987339
43.3749271044
42.1316442667
19.1667003319
16.370932906
15.6650566991
14.8735264887
14.2391396504
13.7899345022
13.3442961397
12.9699222312
14.8312329554
15.2640352286
17.052086008
19.2443799466
18.7995941246
18.5346678455
18.6859673365
19.4589185211
20.8331122303
21.7491976587
24.5515902122
26.3789158573
29.8069115317
32.7232858592
35.6977695381
38.9951762235
42.1628554166
45.8578148479
50.2585586248
53.9132710364
57.9844048839
61.5837351705
65.8666614054
69.0733891069
71.9560820664
74.8650493452
77.8965290858
80.6084449357
78.2752962561
38.6115352986
1.10928506391e-12
77.1449412118
0
0
0
0
0
0
0
0
0
0
0
0
0
0
0
0
0
0
0
0
0
0
0
0
0
0
0
0
0
0
9.88144067459e-32
47.0898807355
70.9744705718
65.2441003268
58.7530074336
54.0379268783
50.5212259238
47.9913821375
46.6699314464
45.8245899571
17.8924636758
14.7164052404
13.1552763931
12.6943951402
12.1790499363
11.7451330367
11.3313209078
10.8255707898
11.0901633327
13.0113126688
13.3338338921
16.3233837977
17.369822652
17.2199850696
17.6634340158
18.3752235977
19.8696152133
21.6483955634
23.1988813561
26.4372264546
29.0478466848
32.6891175351
36.0752078489
39.3634857874
42.7472203906
46.7968540906
50.4307474002
54.9344616824
58.4265259112
62.4886617098
65.7511789429
69.2131152806
71.8716339765
75.3203495055
77.8796998302
77.7169335007
79.4444845837
60.8635069461
1.65307129949e-11
99.9982068979
0
0
0
0
0
0
0
0
0
0
0
0
0
0
0
0
0
0
0
0
0
0
0
0
0
0
0
0
0
0
7.09907936634e-08
71.7954334626
69.6613358416
64.3418155531
59.4734791958
56.0561321659
54.4158853851
53.0555562061
51.7510769166
51.477956146
15.2520272039
9.16189976024
9.14497380607
9.80701559523
9.94857832363
9.83913045977
9.50764176858
8.96094871036
7.90805356424
10.9233093866
11.0120755816
11.517720149
7.58282771668
16.2449736624
16.5777509331
18.0414097738
19.4157072403
21.0344389297
23.3467217666
25.585806058
29.0876210804
32.2032073268
36.1982830434
39.8356718824
43.0872650562
47.0802907734
51.564398624
55.3212972449
59.4035614759
62.8223161759
66.9155817896
69.7434301305
73.0201247423
77.3040405851
78.2464203647
79.8300496342
83.71047246
76.4272836078
3.57992749942e-11
100
0
0
0
0
0
0
0
0
0
0
0
0
0
0
0
0
0
0
0
0
0
0
0
0
0
0
0
0
0
6.75398296082e-31
66.1547973818
69.1097123502
67.8664712898
64.3409559036
61.3276270863
59.4823751347
59.1532091086
60.2737954181
58.1229294177
59.6761006012
12.7302070035
5.80984700055
5.63351648833
7.25238061371
8.34423133346
8.59340680974
8.3751170748
7.67249221288
6.45837699448
3.24389446644
7.61221141372
8.71239255998
7.02632978388
9.83398112513
13.1246365231
17.378538402
19.6930991539
20.7606453086
23.4468498982
25.9586829818
28.5760282958
32.651057246
36.776017416
40.2720258301
43.7798885128
47.9442436608
51.7341246237
56.2934500256
59.7363370783
63.7223150004
67.3363889532
71.6408187
76.0215869206
78.4800307899
79.8620243771
81.5135958084
82.46267527
81.9624994198
9.69564859761e-11
100
0
0
0
0
0
0
0
0
0
0
0
0
0
0
0
0
0
0
0
0
0
0
0
0
0
0
0
0
0
55.2719527096
71.1476332617
70.0668338985
68.1029981173
65.5830175293
63.7171588534
62.6883838418
62.342194466
64.2964690381
63.1912851195
62.5840240428
10.635676928
4.24261831744
2.31969826777
6.17706840105
8.07628418657
8.42183350835
8.02236751563
7.10132794796
5.25552100751
1.49057349224
0.660983216893
2.75152992526
8.94378723146
8.26560519615
12.0218523692
15.4621243794
19.0782278531
21.7392549697
24.7087111408
26.086457765
29.2868366336
32.9670698567
37.0500747767
40.6617551171
43.9806755533
48.0821562896
52.6569189985
56.3308349678
60.4632900034
64.3786164623
70.2355493759
74.6415929125
78.6656539255
81.0332772016
82.4032646706
80.8590338746
82.0145330951
84.3766261007
1.67555892468e-10
100
0
0
0
0
0
0
0
0
0
0
0
0
0
0
0
0
0
0
0
0
0
0
0
0
0
0
0
0
4.26409802574e-25
77.6048493012
72.8356296782
70.994835815
69.1705080688
67.3021370528
65.963693935
65.1097731715
64.5549060038
65.4186403175
65.1332691191
63.7217749982
7.3220750659
1.10972318455
0.416319687704
7.37749243824
9.07640304528
9.04262095365
8.32506405651
7.00857705028
4.90333513386
0.618395220294
0.275045681264
0.295875750137
1.49271838134
12.3867758216
13.7285338392
15.4540003579
18.372695133
21.3730995471
24.2615702847
27.2543949607
30.6603626508
33.1917893215
37.1888692245
40.8673641501
44.4573567299
48.6737326122
52.665785277
57.2718801738
61.0957896646
67.706295338
74.1232003926
78.1285818686
81.6923723963
85.1725867442
85.231954766
84.4787577655
83.8685996552
83.3915181972
1.18482330619e-10
100
0
0
0
0
0
0
0
0
0
0
0
0
0
0
0
0
0
0
0
0
0
0
0
0
0
0
0
0
67.8566014667
68.4861910957
72.678199298
71.6178765004
70.5223237059
69.1629892529
68.0935464431
67.287719183
66.6825681672
67.2397895251
66.6539782513
65.409053764
0.0321799924068
0.107207075608
3.08051305222
10.0810153043
10.5517726661
10.0465580924
8.86997211384
7.32847629663
4.89703270383
0.284481095155
0.119320183505
0.114675712559
0.372444653504
5.38793982642
13.58777972
15.6918668794
19.4941461631
21.2770251053
24.0780845675
26.9282290572
30.5258081327
33.8403206666
37.1952000817
40.9769075224
44.6985990329
48.9022101809
53.6578887288
57.62547224
64.5832110617
71.9197940302
76.2496782298
81.397112351
86.0950871382
89.2197134081
91.0421191156
93.1844181592
92.3621928416
96.7771947582
40.8681125018
100
0
0
0
0
0
0
0
0
0
0
0
0
0
0
0
0
0
0
0
0
0
0
0
0
0
0
0
8.98464216479e-10
88.3433582343
78.9093712979
75.8534111007
73.628082562
72.2582952074
71.015816754
70.0482942484
69.2935928632
68.7268746427
68.9375443798
68.1443980308
67.6714900205
0.0123265685195
0.0213201683638
7.56771453731
10.2107411089
10.3158734301
10.0193123219
9.50740072212
7.89846504851
5.3775685675
0.138365080266
0.0537063773416
0.0511135658699
0.0816782602531
5.70642553127
4.82285768907
16.4491859609
19.9519539621
21.89823418
24.8214579757
27.4391992738
30.6942482073
33.7261007479
37.3339799753
41.0789078009
45.0578082976
50.0010194138
54.3041085211
60.738660947
67.7748544698
73.1572543058
78.7227246762
84.4393460865
90.8009366981
96.3248364013
99.994982169
99.9999861128
99.9999999142
99.9999999964
99.8865411235
100
0
0
0
0
0
0
0
0
0
0
0
0
0
0
0
0
0
0
0
0
0
0
0
0
0
0
0
86.9454600335
81.9734692287
80.0929295518
76.9128008602
74.8534626929
73.3311068328
72.14240434
71.2130578318
70.5330591246
70.0824591462
69.7010970089
68.9516434556
68.9107461022
0.0114748901991
0.00913338311775
6.42354281243
9.82286917732
10.1517933722
9.83590668872
9.10635930178
8.067732113
6.16090214007
0.0653166535387
0.0255692392118
0.0240361355597
0.0451025752259
0.225774463156
11.797499623
17.0576417938
18.4128363781
22.6068427378
25.7309913003
27.6356856342
30.3208718134
33.6731198544
37.6790795754
41.1987250507
46.0875607487
50.76169157
56.1211177526
62.40517032
68.810021526
74.8162457047
80.7325753578
89.0432110083
96.8876231211
99.9999465351
99.999999957
99.9999999965
99.9999999999
99.9999999999
99.8059335478
0.022801656745
0
0
0
0
0
0
0
0
0
0
0
0
0
0
0
0
0
0
0
0
0
0
0
0
0
0
3.57361980022e-17
80.5289257454
80.4685730584
78.7942409837
76.7681343484
75.0232500904
73.2309239746
71.9407309862
70.861431299
70.0469052399
69.8520707834
69.1767746132
68.2779316219
68.7021370377
0.0154419645634
0.00464222545464
0.0464679841433
9.95545611497
10.2689439378
9.79995153489
8.8754066526
7.50974470859
5.60634703458
0.132290303415
0.0139933498387
0.0125776854266
0.0253524044122
5.01050491615
8.86646701277
13.7534676705
20.0315531754
22.8960021698
24.2920198264
28.1449829373
31.4488673852
33.9294305645
37.0811170593
42.0550913587
47.1361724056
51.1638607216
57.0165208312
63.8913314234
70.0946135377
75.8881108388
84.5194947772
93.9946988741
99.997270123
99.9999998757
99.9999999964
100
100
100
4.10188649631e-09
2.1084487689e-10
0
0
0
0
0
0
0
0
0
0
0
0
0
0
0
0
0
0
0
0
0
0
0
0
0
0
91.1958143848
80.118611342
80.2102577848
77.8754115188
76.370441058
74.2545314886
72.2214607167
70.6347402576
69.2584539462
68.0978572498
67.1656879539
66.7004442284
66.3733320458
67.4601688756
0.0445250003601
0.00291467493497
0.00307766754109
10.4453939563
10.5594478446
9.83043812168
8.64950470029
6.99518111615
4.22235176014
0.0144593167322
0.00911142245943
0.008213347848
0.013122583776
4.70633459707
8.87988511288
12.5353691974
18.0382504271
22.3759890692
25.0085896826
28.6703889123
29.7681940825
33.7052585079
38.8463623137
43.2866731703
46.4273521552
52.3968756998
58.8361930288
64.2051527244
70.80423796
79.0303858422
88.3530743095
97.0414729555
99.9999520374
99.9999999722
100
100
100
100
3.41746527817e-14
1.04260448197
0
0
0
0
0
0
0
0
0
0
0
0
0
0
0
0
0
0
0
0
0
0
0
0
0
1.55367749606e-29
94.3096496371
85.5756513901
81.5490284616
78.3773782545
75.9513466863
73.7714630365
70.9837855321
69.0627893223
67.5015662143
66.2650996953
65.3371325375
65.0236556976
64.407268721
65.143568554
1.12779594524
0.00261459247102
0.00132240539467
10.7168301989
10.7396854405
9.79968682862
8.37622214889
6.55206524244
4.0770937071
0.00850475239886
0.00486726855049
0.00533556325656
0.015477102693
5.51001643659
8.94198827157
12.6028547097
15.7260033037
20.4693082104
25.1738339282
27.4025404828
30.4131032223
35.0218235423
39.4922034781
41.7443411743
47.4458689279
53.6207532047
58.5863357132
64.9568808802
72.7699139413
80.3541655487
89.7430943202
99.6486030876
99.999996416
99.9999999988
100
100
100
99.9999999987
8.04084885404e-19
100
0
0
0
0
0
0
0
0
0
0
0
0
0
0
0
0
0
0
0
0
0
0
0
0
0
95.2503529952
79.1084236461
85.2739072752
82.075133904
78.9509801424
75.9480911043
73.047267614
69.9460765573
67.7199610669
66.0047492057
64.6979681083
63.8775656324
63.661712495
62.7676431125
62.0163867388
0.00682781810149
1.41036280166
0.000843284586318
9.96704404351
10.7289938477
9.57165668948
7.71642521727
4.75183546317
0.00476663705896
0.00214688312994
0.00176406113925
0.00209693300324
0.00419842623647
5.73000025111
10.2237314472
13.4268004054
15.6560838036
18.0889437159
22.3971999136
26.9536185855
30.3789503574
34.3592658586
37.3623318273
41.7506603952
48.5395704242
53.7771156909
58.0989408575
64.8206303225
72.82261744
82.3377274562
91.8212860101
99.9307064769
99.9999991492
100
100
100
100
99.9999999915
2.13341662859e-18
100
0
0
0
0
0
0
0
0
0
0
0
0
0
0
0
0
0
0
0
0
0
0
0
0
0
100
99.3541601829
90.704319868
84.8987307804
80.6555395853
76.3249158422
72.4775127177
69.3113338877
66.8457605422
64.9716652844
63.5383762046
62.7423214138
62.2605132566
61.3150763518
60.6089893371
0.00436368123796
5.81296713973
0.000513923018356
9.00919975359
10.7722934913
9.43377545165
7.64858488807
6.51028534122
5.14745025036
0.0705539444054
0.0113172242933
0.00875069636358
0.0249911249827
6.50266916781
10.3250804568
13.4214353659
15.9576951226
18.4259976024
20.571973109
23.0081936023
27.7143070097
32.2959142443
36.0617894443
41.5548651883
47.8178891191
52.6656792242
57.9216653804
65.5595217741
74.2245222704
81.9061623339
91.7125095916
99.9929548264
99.9999999318
100
100
100
100
99.9999999998
2.76632006388e-12
100
0
0
0
0
0
0
0
0
0
0
0
0
0
0
0
0
0
0
0
0
0
0
0
0
0.000362356304483
80.4338182749
96.8844658613
92.3494092683
87.3198373024
81.6612204445
77.412322587
72.5601419228
69.1692093492
66.4365344096
64.3988611046
62.991800275
62.5177609097
61.1704447899
60.1721784342
59.5950466722
0.000904710395955
6.48712968416
0.000297970985855
9.47193118558
9.88391830551
7.36970980902
4.20655367272
0.284184662126
0.000377199353044
0.000216969998171
0.000196991217086
0.000249790502283
0.000537537720037
4.73589272192
10.9297043223
14.5279067168
16.0065361817
17.4193870783
19.3358155473
22.0128877327
24.933754697
28.3939906922
33.458372429
40.5889082832
47.0312435497
52.6053991602
56.8401009303
63.937838707
72.3625271979
82.4367966861
93.7013989433
99.998855171
99.9999998514
100
100
100
100
100
3.5145898828e-11
100
0
0
0
0
0
0
0
0
0
0
0
0
0
0
0
0
0
0
0
0
0
0
0
0
100
100
99.9998024776
96.2590284724
90.0561128051
83.7148809284
77.8574117689
73.152873314
69.2039681679
66.0411023979
63.7423189569
62.2467627965
61.3821443182
59.8830041278
59.0848671786
59.3714387045
0.00123931862136
4.26761944338
0.000173932883043
8.94136385518
6.32653254495
3.75138364771
1.04835530652
0.567614734
0.000103327506346
0.000111013065819
0.000161284876281
0.000345325416538
0.00490901457476
6.99471082208
10.3651745584
12.3648745236
13.5486989151
14.7973525767
17.2090045521
20.9719907647
23.9033709998
27.4557775729
32.0727708874
38.0019913016
43.8049222847
48.4792414671
54.1068891939
62.8876281874
72.397154116
83.6177591424
94.396913012
99.9925248733
99.9999999514
100
100
100
100
100
5.20749500027e-10
100
0
0
0
0
0
0
0
0
0
0
0
0
0
0
0
0
0
0
0
0
0
0
0
3.14778149088e-30
99.7330879778
99.9999999975
99.9999988792
99.7308741912
91.7023494485
85.4752540265
78.6631526901
73.3756394181
68.9026821448
65.1824286407
62.4401478964
60.7381736786
59.1889376032
57.8946777222
56.9595047643
57.9480128598
4.78198871162
0.000115729688437
0.000106056895142
10.5426041767
8.01816031466
4.36255453267
1.17811004495
0.50948474349
7.40747190076e-05
6.99262027051e-05
7.36382544189e-05
8.87972221524e-05
0.000165082402989
5.510737095
11.129905453
12.8185941681
13.6255319014
14.4962561284
15.9067037775
17.7668861192
20.6815099144
25.2044625889
30.3894820918
36.0379611885
40.6787265984
45.3791996708
51.9933928695
60.9715625788
71.7469073377
82.7081577187
92.642350221
99.9818687525
99.9999999915
100
100
100
100
100
2.0837956241e-09
100
0
0
0
0
0
0
0
0
0
0
0
0
0
0
0
0
0
0
0
0
0
0
0
94.7676253842
99.9995619733
99.9999999998
99.9999999954
99.9998895001
95.0966792147
86.2841387058
79.1955796285
73.1126009788
68.0896576745
63.9375770662
60.651285981
58.2852950459
56.1309269607
54.7247002806
53.6639218271
54.9667435288
8.50349024469
0.00341594348129
9.82835053922e-05
11.3948706965
9.87892505516
3.68309177941
1.79314977598
0.862807743312
4.83866647659e-05
5.70699288398e-05
0.000113881945197
0.000273575019657
0.000313963731948
4.22649065395
9.62443386157
11.6570120748
12.4184295795
12.6052995989
12.8967127288
14.255700706
17.1415650464
21.8851883061
27.3815173834
33.0593352486
38.7234035252
43.4386344727
50.7168107386
59.306658088
68.776736878
79.5312878351
90.3932967704
99.9687313111
99.9999999829
100
100
100
100
100
8.89583903466e-08
100
0
0
0
0
0
0
0
0
0
0
0
0
0
0
0
0
0
0
0
0
0
0
0
100
100
100
100
99.9999999589
99.7590705165
89.1835288431
80.0296071424
72.6672217743
67.0123046376
62.4322878161
57.7942879463
54.5084950411
52.1497169147
50.8313652123
49.8465030878
50.9634324626
9.75513202302
3.85981641001
0.000127336616902
3.39542092558
4.51685450338
4.59839273334
4.37283193931
4.69784175668
6.39762384593
0.000344082547073
0.000109241809172
8.09426304818e-05
8.13827482758e-05
0.00016283809735
8.12164999711
11.3394261848
11.5623299324
10.2331114936
7.89949282073
7.17806709168
11.3186296421
19.0716271259
25.4102886676
30.4875267378
35.199689091
40.6774901876
48.0004818299
56.7791361004
66.5655310607
76.6694826814
86.0499566065
97.4567057354
99.9999989767
99.9999999995
100
100
100
100
3.52234305425e-07
100
0
0
0
0
0
0
0
0
0
0
0
0
0
0
0
0
0
0
0
0
0
0
1.56759583721e-29
100
100
100
100
99.9999999999
99.9998564649
93.0516677678
81.9244920451
72.6211706273
65.4707812492
60.0700032427
55.5646629345
51.9050363551
48.5397256091
46.3096011461
45.9414234136
46.0719223679
7.53506797605
4.87147960583
0.000365399202928
0.0743348007546
6.51279480128
8.55051547364
9.94820648723
8.40267393514
6.1124629023
0.000414670649506
9.7383655154e-05
6.25622463609e-05
5.19849496902e-05
6.41782687867e-05
5.48780294978
10.9523327058
11.8856249986
10.439306087
5.62729786449
4.19393903883
8.28883426434
15.2354898821
21.149439497
26.2872360139
31.299761885
37.0612418372
44.6366344998
53.6000524926
62.7725583782
71.2916294993
81.0623058091
93.8758082183
99.9980038085
99.9999995556
100
100
100
100
0.000424924982475
100
0
0
0
0
0
0
0
0
0
0
0
0
0
0
0
0
0
0
0
0
0
0
99.5023039391
100
100
100
100
100
99.9999999375
97.2509016033
84.5133941173
73.166895398
64.1746235681
57.5050620931
52.0564765208
48.0195482831
44.8717649412
41.2091618745
41.369743949
40.6443494146
4.96756244366
5.66243495771
0.00155074609403
0.00296203494264
9.25736702233
10.7573667333
10.2674360872
9.54923517085
8.58246217136
6.52908788599
0.000222614082575
6.18848059635e-05
4.23092421258e-05
4.22174214427e-05
2.2035680579
11.9114167039
11.1200797269
6.76111943458
0.00194529919725
0.000101275911841
0.000109887801724
7.66746316615
17.3865154535
22.1753185078
26.6825910476
32.1635542305
39.6913394381
48.9987352042
57.3348432972
64.5619959365
73.751717274
85.9420772125
94.9935068357
99.9990015769
99.9999999664
100
100
100
1.00960722248
100
0
0
0
0
0
0
0
0
0
0
0
0
0
0
0
0
0
0
0
0
0
0
100
100
100
100
100
100
100
99.9928328272
87.7268646226
74.7708857557
63.8180790532
55.8005301514
49.0645345355
43.7489367364
40.1685374457
36.1832181365
35.6496977578
36.4743216287
4.57887744801
7.65950582693
0.0558425904955
0.000910625149532
11.2881051921
11.5590104567
11.5698401609
11.1959400239
10.5207919656
9.25041235709
5.71888328517
9.14348583276e-05
3.41929783571e-05
2.82609023038e-05
6.12541554171
12.4750268351
11.5480060716
0.454888450346
0.0093153087398
2.69537244775e-05
6.53607716201e-06
5.5940425679
8.58097631958
11.304452877
18.3198927198
24.454421192
32.2380296874
42.9552537655
50.9209847536
55.5832935407
63.0297344873
74.9877176835
79.5531098879
92.8730078967
99.9998319045
99.9999999998
100
100
99.5336473525
100
0
0
0
0
0
0
0
0
0
0
0
0
0
0
0
0
0
0
0
0
0
3.63587591311e-30
100
100
100
100
100
100
100
99.9999966999
91.3995484698
76.9105548102
64.1723532229
54.4165282231
47.3460494506
40.771851647
35.2393719033
30.7680435213
30.9200260399
35.4074321929
0.597524194368
1.91606241214
0.0344984088813
4.32343049104
13.0600834278
13.6285020623
13.8877077072
13.6788781528
13.400904015
12.6789243465
11.0424585701
0.122041253024
6.03863780266e-05
1.80462295389e-05
1.16645889361e-05
11.5651926997
7.66592383771
0.504904016211
5.18070556435
11.6812880778
2.18253741809e-06
5.22456336826e-07
9.19794619121
18.5276246807
19.6496614485
19.9251207346
23.8517243343
35.4572117742
46.7467321916
43.7787263259
48.4395756673
56.6829748137
60.8308351444
65.7007291661
91.8782712885
99.9998598489
100
100
100
100
0
0
0
0
0
0
0
0
0
0
0
0
0
0
0
0
0
0
0
0
0
100
100
100
100
100
100
100
100
99.9999999809
94.5699593316
78.5834439292
64.8830903182
53.8779007736
45.5633872127
39.089679337
33.7102135288
29.6200905694
29.8371184999
28.6345243306
1.53174424613
0.0702680798287
3.37936107041
0.000425896976684
14.365455327
16.1569591111
16.9275151126
16.7862236422
16.926796013
15.6057732067
13.8357022407
10.5119084503
0.000359369277947
1.37413593239e-05
9.52215944793e-06
0.00013090576708
0.101784698717
10.2240671983
12.4134019054
11.3261247831
4.80120439785e-07
9.390033042e-08
2.14794888421e-08
1.63407009749e-08
1.65740735217e-08
0.0884778995083
4.17766418985
7.39351163767e-06
20.6304922364
28.7148530147
22.3925164932
47.3366557787
38.9832250714
56.3409903511
57.0894378228
82.8312677832
90.6568042164
99.9999999961
100
100
0
0
0
0
0
0
0
0
0
0
0
0
0
0
0
0
0
0
0
0
5.88654240349e-32
99.986738765
100
100
100
100
100
100
100
99.9999999997
96.0755552157
79.6082033718
66.2132427558
54.7977410302
45.6427191414
38.8068328908
33.1280818637
28.1139427323
25.071942461
18.511724456
1.13040453733
6.44997490101
4.7207563201
0.000844039598221
1.0868137008e-05
3.02042346285e-05
0.0339790665358
0.000219770848845
0.000155044765251
8.22407373416e-05
4.38389557815e-05
2.20100774804e-05
9.54037403997e-06
3.24719714346e-06
1.19810282267e-06
3.36616746632e-07
1.68452726365e-07
1.57895885188e-07
1.14986881843e-07
7.22672550734e-08
4.75089749751e-08
2.82919657435e-08
1.40831085657e-08
7.61537919294e-09
6.15843931832e-09
3.91666051554e-09
1.89296476926e-09
7.90087838007e-10
5.59631276475e-10
2.03014021864e-10
1.83355773671e-10
9.86978625101e-12
2.46919055938e-09
1.80149006026e-14
2.66334341852e-09
1.28036292237e-17
2.16769896662e-08
2.78538431409e-23
1.76085898299e-22
100
0
0
0
0
0
0
0
0
0
0
0
0
0
0
0
0
0
0
0
0
9.79283604263e-32
100
4.3247743206e-11
100
100
100
100
100
100
99.9999999999
95.8629834996
78.5727440691
65.5415339635
54.3564692273
44.6257045688
36.7596858296
30.4491463132
25.5013019411
22.3301851272
12.706095555
)
;

boundaryField
{
    frontAndBack
    {
        type            empty;
    }
    upperWall
    {
        type            calculated;
        value           uniform 0;
    }
    lowerWall
    {
        type            calculated;
        value           uniform 0;
    }
    inlet
    {
        type            calculated;
        value           uniform 3.49994956488e-29;
    }
    outlet
    {
        type            calculated;
        value           nonuniform List<scalar> 
20
(
2.01553188528e-31
0
0
0
0
0
0
0
0
0
0
0
0
0
0
0
0
0
1.7283701555e-32
3.91764869793e-31
)
;
    }
}


// ************************************************************************* //
