/*--------------------------------*- C++ -*----------------------------------*\
| =========                 |                                                 |
| \\      /  F ield         | OpenFOAM: The Open Source CFD Toolbox           |
|  \\    /   O peration     | Version:  v1806                                 |
|   \\  /    A nd           | Web:      www.OpenFOAM.com                      |
|    \\/     M anipulation  |                                                 |
\*---------------------------------------------------------------------------*/
FoamFile
{
    version     2.0;
    format      ascii;
    class       volScalarField;
    location    "333";
    object      alpha;
}
// * * * * * * * * * * * * * * * * * * * * * * * * * * * * * * * * * * * * * //

dimensions      [0 0 -1 0 0 0 0];


internalField   nonuniform List<scalar> 
6400
(
0.847355598377
1.29569463429
2.00646657495
2.36554438485
2.71881930041
3.10177120159
3.69305384233
4.37754920492
4.58409602744
4.99611830132
6.13296959602
6.7283985326
7.18797736502
7.76946161129
8.59244101923
9.44305115772
10.1132949273
10.7512152396
11.3051917585
11.5575384731
11.5244710218
11.5435250266
11.855723739
12.4995440495
13.2415887241
13.8745738619
14.319968062
14.714995612
15.1865331889
15.7470239865
16.34262689
16.7258980846
16.8279813389
16.8109468476
16.6919628959
16.3924220052
16.2799928897
16.5404345436
16.3598152787
15.8714188883
15.8261914106
16.392182455
16.9965986425
17.2879326758
17.3476738097
17.2476257217
17.0624519263
16.853436861
16.6296766041
16.4058480662
16.0412887257
15.186789846
14.2013597776
13.0590701146
12.3198251738
12.1803852587
11.5683648641
9.94434678241
8.1218440864
7.1752293001
6.03175651423
4.82268644806
3.57411379255
5.16522046645
9.26624024554
14.2423740513
17.2633175165
16.9986057502
15.0235032511
13.3769935833
12.45862986
12.5762057054
13.030261099
12.8590507741
14.8008326193
14.2099423596
16.0193537077
9.92506126497
12.879524613
4.81850438721
3.09942757982
2.42263829422
2.97703185723
4.18436116632
3.91137125071
3.59120209836
3.65409990081
3.96981649954
4.4523097185
5.0855360999
5.88325871711
6.67823010016
7.35901247322
8.00843194629
8.65956532196
9.42001537133
10.2155575494
11.0061625745
12.0275502848
12.0729286066
11.7822749467
11.7199858851
11.9330084211
12.5279367557
13.4950631561
14.0205047457
14.4127568963
14.8720561995
15.3740294564
15.897890653
16.4415357176
16.9907219447
17.0947193448
17.0896553838
17.0419680023
16.5569052243
16.5538788277
16.8294276451
16.5285348392
15.7702938427
15.6660700304
17.4989170837
18.7468461383
18.8873571857
18.8450956896
18.5465107408
18.0944585624
17.6930258898
17.1005501478
16.5527767729
16.3378590652
16.5637007785
16.0436634449
13.2832862535
12.7833265867
12.1563289091
10.3638084037
8.82254269893
7.47263189832
6.16173106396
5.0609959465
5.23399958239
3.8956727569
5.42711237143
9.34279986024
15.1946591791
18.9510889817
17.7700762743
15.6262692393
13.7000583215
12.9405672472
13.2721690485
14.2705605802
13.6604763868
13.457465322
12.8894667174
11.6508535212
9.78381041563
8.20450771618
4.29253332769
3.09482190587
2.65043301204
3.14384423765
3.2801670041
3.61555795426
3.94940542761
3.88189336594
3.90372830863
4.37313395684
5.06836639702
5.86181931486
6.67613076074
7.40971383012
8.07121280505
8.58179294869
9.26117391641
12.2514591474
14.3429908038
14.5999978269
13.6676893326
11.6173413459
11.2441786432
12.1159056301
12.7722639227
13.3331851982
13.9814112431
14.5412321449
15.0053563583
15.4850419721
16.0243620205
16.5091652581
17.2108051136
17.3508563347
16.9490946719
17.5195838018
17.0519996022
16.4093290675
17.1015605204
16.7828756515
16.019517425
15.910041982
16.508362074
17.1404024528
17.4519072561
17.5355578711
17.4796186507
17.3212770509
17.0816683551
16.7623053837
16.3894148107
15.9681157796
15.397380776
14.570286217
13.8712126148
13.308899233
11.8512270969
10.2777378616
8.88332745074
7.60415444616
6.45007515207
5.54934133511
4.7089873574
4.18394890567
6.37176561487
11.432961483
16.0899505296
18.3959943599
18.5374218448
16.9590650139
15.2728869123
14.5374246739
14.3901196589
13.7030083735
13.0771389586
12.9937717732
12.5906114473
11.5592695892
9.91254982513
7.48115123244
7.64225103749
2.93847008454
5.36249923538
3.30821187089
3.31343527328
3.95127651866
11.7372105441
10.0657463339
4.64036916558
4.37919734206
5.08812933756
5.88653802782
6.7105673288
7.42064902162
8.1528430198
10.0469995499
12.3011467828
13.9457207253
14.1246047317
12.5135046543
11.0926870956
11.1777668635
11.514710351
11.990577765
12.678812101
13.427535157
14.1344659741
14.7405406669
15.1637897003
15.7015735118
16.1082849194
16.8623147425
17.1632991012
17.8344882743
17.5398065111
16.7664350626
17.2375553118
16.7117235481
16.1659580541
16.130210755
16.1328118329
16.2673955756
16.6833981072
17.1578992093
17.4632860184
17.5852108479
17.564327317
17.4324152285
17.2113150569
16.9111016626
16.5427933641
16.0995840539
15.5422616507
14.8503195731
14.0859279589
13.1475488707
11.8725600319
10.4303490277
9.07149478689
7.87818183591
6.88627635053
6.13155892366
5.60126076851
5.60902650996
7.20067765392
10.7236401203
16.4227268973
20.0020604567
20.2181605177
18.5673463415
16.2267637892
14.6091969174
13.7868301895
13.9015477116
15.2132746232
15.092620526
13.7258909518
13.5306083794
16.7614641107
13.190163643
11.2295531028
5.3734660371
7.36813060759
3.85334788139
4.17206979862
6.25380965107
11.6189426332
7.81713064845
4.87860651144
4.87749832892
5.31193216489
6.03874265899
6.88834758435
8.3334432952
10.8813092744
11.8579516974
12.0679316888
11.7414945032
11.0466599879
10.7297292477
11.1541011527
11.3221182233
11.5077239385
12.0640811381
12.7873629358
13.5721045691
14.3335360439
14.8743139486
15.5259267375
15.8186956489
16.6162658246
16.8595921741
18.2112753198
17.7030710826
16.9398039279
17.0941316496
16.3545929905
16.1379144536
16.1445111746
16.231269345
16.3405958583
16.5219572785
16.849343667
17.2278227747
17.5141754434
17.6581535002
17.6656047652
17.5584415424
17.3584809545
17.080106321
16.7293228775
16.2971407137
15.7633724243
15.1152881361
14.337078881
13.3349484697
12.0603999604
10.681488771
9.41536893689
8.36883074164
7.57693781411
7.05252885465
6.84710366298
7.22932712239
8.06028784875
10.7244942688
15.8911370579
20.0685527648
21.4846552178
20.316806072
17.5666779405
15.1037266838
14.7436169032
16.8922179873
17.699179038
16.6148623336
15.6534700968
18.2339971891
21.2033201064
16.5590477144
15.6804095008
9.70638236139
8.83143204459
4.78058530536
5.51040702557
11.8821068805
11.3086367003
5.80933983083
5.37201884927
5.44472015603
5.64689258353
6.33647365685
9.20990737596
12.6426163315
12.9628537867
12.4210072817
11.0909668155
10.2185531348
10.1884870606
11.0578060554
11.1581990353
11.1321123905
11.5564494616
12.214779293
12.9995659669
13.6871493138
14.4709504862
15.4443920715
15.6024729138
16.6588938406
16.5946291401
18.3363621048
17.8304363085
18.8268161722
17.4121791964
16.1474372848
15.8951297804
16.0333941892
16.2209276093
16.389371262
16.5469822864
16.7495708389
17.0349614348
17.3541414463
17.6181154192
17.7703612776
17.7983069774
17.7132030461
17.5366584825
17.2863683561
16.9665029537
16.5663339486
16.066359907
15.4401140489
14.6416227242
13.6107985483
12.3752915666
11.1068449773
9.98589884685
9.09705546647
8.48497653967
8.1639259395
8.31681827061
9.36401081971
8.70318849483
12.2262785107
17.6197730269
21.2929561908
22.7096368789
21.7877426299
18.4562503071
16.2975729108
18.0190854468
20.1460725691
19.5794623441
18.5349552461
18.5659535119
23.0334679817
24.5793169603
19.6236238994
19.4224313337
11.7794817463
8.47093051779
5.81773216178
5.48891866969
11.7607191329
7.84067063602
5.80037143771
5.8854718023
5.96439978835
6.64158568677
7.00069005
12.5558024221
13.0783744762
12.9980996241
11.2966461585
9.74723537329
9.65017978825
11.0168421476
11.0860810351
10.7607017571
11.1413800169
11.6701665116
12.3275290917
13.1093455562
14.0927064104
15.079656112
15.4285064222
16.8937959548
16.6191316738
18.554793434
17.8558836277
19.0407294307
17.9596158534
17.0897396291
15.7980825621
15.7445752095
16.0629065193
16.3514889704
16.5603662812
16.7470923921
16.9676859228
17.2359221547
17.521728916
17.7672068211
17.9216885749
17.9637973635
17.8995918346
17.7513849183
17.538242633
17.2617418511
16.9062376004
16.4442901572
15.8360394375
15.0337169073
14.0182330437
12.865499755
11.7395111561
10.7765291952
10.0192760927
9.47551333824
9.26620685612
9.48747105129
9.64844798918
10.0502119131
13.4534405089
20.0546660412
22.6090312612
23.0349413069
21.9933576356
19.7621039447
19.5184912075
22.003813144
22.3953522178
21.5059975283
20.8708482607
22.7572855646
25.4223051049
26.8310900128
22.2866004394
21.154772434
11.3871726703
7.8672985344
6.87806042447
11.7930282658
11.7546704539
6.45082094641
6.36904595809
6.4646787767
6.62490545762
7.14757340402
12.3685712161
13.2468529145
13.1780194646
12.5117542836
9.81644066022
9.14143917271
10.8129337304
11.2284425895
10.5914146843
10.6057484189
11.1939073751
11.8936552275
12.5577184068
13.4163542456
14.1675798915
15.5542458475
15.5559182458
16.8474891292
18.4479687896
18.6218016777
17.389962135
18.2810199912
18.1799219919
16.0899376617
15.7105325759
15.8605804517
16.1760294766
16.4895894663
16.7344958662
16.9489901478
17.1862812164
17.4535811669
17.7238003613
17.95598938
18.1096999689
18.1628717211
18.12105079
18.0077205732
17.841350552
17.6191796003
17.3185767986
16.9020927285
16.3222838878
15.5443281713
14.5888219035
13.5574172936
12.5824645569
11.7248299492
10.9618880502
10.3577708624
10.164994658
10.4176681865
10.9133402229
11.7343451955
12.5140311136
20.0510525708
24.2728055951
24.4164876904
23.8771346392
22.9962961011
23.8571110792
25.1752211585
24.4463056843
23.6993170479
23.8365110546
26.0518988601
26.651461625
27.1767194504
24.3100961403
22.1859538271
10.5050843972
7.55179074899
7.51877029052
12.7081462477
10.4704879905
6.84179150186
6.98248038073
7.1938286072
8.6874211861
7.13937591268
13.142030837
13.6942918606
13.1704210759
11.0130033512
9.19852069709
9.26819316411
10.9309883994
10.8292079575
10.418372575
10.6350224339
11.1853683535
12.0110906643
12.8123174959
14.1903419638
15.3922770974
15.4259736593
17.6305117534
16.5539219034
18.7535130813
17.5770980674
19.1494627675
17.2401491061
16.4282157673
15.9191330129
15.8459218388
16.0327139367
16.3205084759
16.6338979555
16.911365172
17.1600067624
17.4164271085
17.6888516405
17.9550019124
18.180491599
18.3324958484
18.3960899558
18.3808004197
18.3099992007
18.1992789305
18.0414219063
17.806497115
17.447873492
16.9165730116
16.1974675364
15.3428537515
14.4542946437
13.5961274102
12.7143927865
11.745733101
10.9759869423
10.940513529
11.6865279741
12.6737708383
13.5191801631
14.1249058257
16.7519502548
24.4080914465
26.1491551948
26.286518708
27.0260655746
28.1174140203
27.750585812
26.6747535737
26.373388898
27.2337553411
28.2976683488
28.0579232998
27.3916121832
26.3527175184
24.9765416146
9.73974612525
7.79043432234
8.69964669737
12.7128873692
8.04658773113
7.84756605038
7.59794614809
7.84620557415
11.4022504061
9.95657969735
13.9705999355
13.9037481987
13.1617015337
10.0702161993
9.11969999771
10.9363605283
11.1949825903
10.5013364866
10.3665541516
10.8137971558
11.3136755535
12.0811027289
12.7351556498
14.37269557
16.7057991683
15.2896656759
17.5406485904
18.6843653333
19.0037636641
19.3580234083
17.9011792281
17.740497222
15.9623394707
15.7743630932
15.988370971
16.2179319938
16.4838088816
16.7865472504
17.0881032387
17.3765216393
17.662073224
17.9462975411
18.2137500324
18.4374563574
18.5906149854
18.6654918806
18.6802178767
18.6597516228
18.6138789373
18.5297011295
18.3720547563
18.0879647991
17.6313583567
17.0086531676
16.2903610241
15.5414754615
14.6931971809
13.5302509612
12.1640119726
11.42408716
12.0069891708
13.4751548376
14.8343524684
15.8109112033
16.4214824505
16.1484616555
16.9978278062
27.961076539
30.8378785311
31.9926798625
31.9151249998
30.4801747901
29.4560943198
29.5590846074
30.5037183453
30.6722075669
30.3107519407
29.9445882127
30.2390986394
30.4001573783
9.45470967288
8.47229935266
12.3270345437
12.6980978634
7.85697993389
8.54437764737
8.19020485577
8.84471859658
10.6618054347
13.6579462179
14.6952748734
14.0748154583
13.2834956468
9.86451426144
9.21749880916
11.5175923396
11.2233684709
10.4112753896
10.3831201949
10.9644898561
11.7506446306
12.4261243581
12.929624155
13.9450350183
16.8571645332
17.9942344637
16.8914132235
18.8448511697
17.2856813743
19.4022840438
19.4506867749
17.598319908
15.8526232348
15.8672749484
16.1643342465
16.4133101296
16.6686509058
16.9589857861
17.2683079843
17.5941589113
17.9210747536
18.2266803743
18.5004908759
18.7259976481
18.8833160023
18.9734303313
19.0228117288
19.0576792403
19.0828614776
19.0806251488
19.0121840384
18.8217928056
18.4715782514
17.9877495296
17.4333501461
16.7638531435
15.6452658322
13.8708781423
12.3767026221
12.2477033895
13.8821112469
16.0859286298
17.7097759884
18.7408031708
19.1212809837
18.6975541532
17.7750459889
19.3012284063
32.5442499114
37.7834253394
36.5588743656
34.1628187002
33.158322732
33.3290398042
33.7914901209
33.875552285
34.0219671382
34.4462328611
35.0009989273
35.6475572807
9.56883440302
9.2273267125
13.9008444667
13.2007946595
11.0376559148
9.68858660125
8.97982403158
10.3560534382
9.87581479711
14.5920404859
15.2277735823
14.303202678
13.1926095024
10.2985172372
9.98240409424
12.01661534
11.1599251809
10.4343489477
10.4940661721
11.0062842771
11.933812296
12.8756222892
14.7180410701
14.093299275
16.2718570281
18.3866244132
16.6158810656
19.1557864536
19.7196452513
18.164538214
18.1451426642
16.4024778222
16.1681826227
16.1929498524
16.3928228462
16.6354974737
16.8852096511
17.1650052862
17.4613104556
17.802328604
18.181419352
18.5331762187
18.8201811419
19.0465635394
19.2112583583
19.3224334076
19.4111491053
19.5035033146
19.6012757146
19.6843491437
19.7123872131
19.6357709304
19.4342961064
19.1369709513
18.7371305096
17.9114634192
16.0607492045
13.8723629546
12.9161690161
13.9461670391
16.8996312296
19.6456002795
21.4423628668
22.6800003226
23.0336748481
22.3717055866
21.0602005693
19.3790343172
28.781401487
38.9648479978
41.8220672264
39.1335108986
38.0923518218
38.0091185716
38.1085564672
38.091637892
38.8380688532
39.5589209147
39.4905490243
39.6985439717
10.0097655191
9.79212553408
13.5243720031
13.5390842272
13.4931725532
10.6570590495
9.90405095568
13.3944193665
10.029886467
15.4334904124
15.6297094152
14.5458534235
13.1181599872
10.7659282677
13.0226311843
13.1069932159
11.2382038453
10.5944230784
10.7359912594
11.1609403949
11.8992027176
12.832018565
16.195197071
17.163025347
15.5830258923
18.4835111555
19.2750760717
18.6112690839
19.6911787011
19.7448622326
18.6398990768
16.3705769353
16.3575834072
16.5154450896
16.6719773815
16.8802240947
17.1066799182
17.4001057236
17.7131462027
18.0361653461
18.4308380547
18.8401055129
19.1699254556
19.405950322
19.5780099688
19.7149538423
19.8476535431
19.9964617914
20.1604082457
20.3202226181
20.4421199309
20.5003137653
20.4996639267
20.4245081038
20.0659162234
18.6168229056
15.8559643121
13.9532637457
14.3101351741
17.188272097
21.278454653
24.4026384839
26.3050593732
27.9365269765
27.7176752244
26.2023965019
24.2378232635
21.8282814266
25.1819530785
36.3196534421
43.5635594883
44.9754584883
43.0663396169
42.7768405625
42.5206993604
42.9572047609
44.1309924927
44.806638473
44.8441807114
45.080986705
10.5092850714
10.3824264537
10.0767954537
13.7733623697
13.9037146177
11.2466935801
10.7499938078
14.2562069794
10.5060638136
16.2761869863
15.9759218943
14.7978909486
13.1684618878
10.9657587204
14.2120059889
13.5062122429
11.520467053
10.9152249819
11.0555137759
11.4894498691
11.9905444341
12.7411633422
16.7864478723
18.1904508731
15.8637586043
18.5843348579
19.8087868852
17.7575139967
19.3103861828
19.1042958641
16.8554158886
16.7257630649
16.7955362704
16.8761744266
16.9735894093
17.1830189513
17.3929965997
17.6223820848
17.9596029392
18.3262972077
18.7187921324
19.1495764434
19.5278682455
19.797363562
19.9889633099
20.1568856535
20.334820111
20.5308673426
20.7457557176
20.9614103192
21.1497773678
21.3595039463
21.6181417548
21.7839011606
21.1473114783
18.333154735
15.3327698493
15.5603949851
18.681556732
23.3118448145
27.0272826015
27.5024294328
25.208952327
22.2634142147
18.1948602022
15.9798995637
16.1829728528
16.6136605382
15.7364701475
16.7725615072
42.2293667683
46.0386801969
46.9820831679
44.899706454
43.5129314903
46.6848170737
49.4328693974
50.3071512131
51.4452351918
52.1324648902
11.1805172223
11.2483476589
14.361949968
14.2965342587
14.2102758093
11.7286071726
11.7101698068
14.9406020563
11.3939168562
16.9785980485
16.2879162416
15.0596919788
13.2842084332
11.2681198159
14.410042418
13.514360526
11.8070355154
11.2809979726
11.3857006465
11.7677314197
12.2339684572
12.8151602994
16.0075674442
18.9832846459
19.0685973186
17.7384298611
20.0054531446
20.62685605
17.5315097496
16.8669259626
16.7298048691
16.9200088709
17.0879365401
17.2053701443
17.3402544183
17.4918080307
17.693431006
17.939121368
18.2149495436
18.6085213789
19.0475701412
19.4947858252
19.8991312165
20.2072517734
20.4415230099
20.6505835752
20.8713254393
21.1168128783
21.3602437416
21.5600370074
21.758763663
22.1192224788
22.6688438546
22.9765421702
21.3021626266
17.1653135301
16.3527495335
17.8601668848
20.7449544959
21.8773950933
14.9579389691
0.0758311489074
0.000215495572192
3.73018756698e-09
2.91776378211e-09
7.08365951134e-09
4.77494656699e-08
2.23655831312e-07
8.26185757285e-07
5.2502813752e-06
4.11085311458e-06
0.000356638857983
0.202987100872
20.404535021
46.8136444936
48.2400865445
51.6750070111
56.6896786598
59.324066201
59.7243736856
11.7894403622
11.9726751742
15.9059070945
14.7918347743
14.079836962
12.2338555837
12.6624674914
15.4603373059
15.4488609001
17.8217262082
16.6345855995
15.3936770141
13.4523400593
11.7209093603
14.6153135619
13.4762288111
12.1030140533
11.6591627737
11.7040385175
12.0150336194
12.4665232025
13.1029918329
15.3229838723
19.2273549598
20.472227681
17.1418864213
19.55763625
20.5625054246
19.9093329756
17.477560298
16.8550427238
17.1284370742
17.416105236
17.6149615301
17.6526029883
17.8195590103
17.9932051088
18.2510818782
18.5355915375
18.9107732948
19.3882099029
19.8782299372
20.2928088915
20.6153323536
20.9087591816
21.2330089311
21.5505057782
21.8155804378
21.9544676639
22.056581576
22.2530889963
22.6542825381
23.4760622515
23.6145048392
19.26862247
15.1953985066
10.6727937856
0.167928949246
0.00485623337192
7.06978560285e-05
5.74405140353e-08
9.58450022813e-11
6.75615819723e-12
0
0
0
0
0
0
0
0
9.39666389026e-16
3.1693001969e-13
4.74059756266e-11
2.75034289242e-08
3.84155404014e-05
2.08029969541
58.8329039667
55.4615370188
63.9979813903
12.2734610481
12.4811223182
18.1419046202
15.1314883992
13.6379429098
12.6892843051
13.3219906917
15.3003992697
17.0153137973
18.7977328115
17.1239541742
15.8437838513
13.8505947435
12.4903129787
15.0306496188
13.6044185958
12.4932206857
12.0963624305
12.0619201726
12.2960958943
12.6836926726
13.2820656884
15.0229493102
19.084577098
21.4464555557
20.4773338671
18.9063400689
19.8843065528
19.4229401235
17.0779418528
17.3151656435
17.6396935103
18.0003547514
18.078996841
18.1284894137
18.1615604728
18.3624559264
18.5730311618
18.8778272379
19.2565006357
19.7278068381
20.262739347
20.7718642259
21.1194606378
21.4619970315
21.9062757956
22.345769084
22.6079514958
22.6408898141
22.6459388074
22.7365052228
22.911390023
23.1447903646
22.2722088733
15.2755956563
0.0600374311945
1.96896633518e-05
7.96168666765e-07
1.08555200982e-08
2.97687863264e-11
0
0
0
0
0
0
0
0
0
0
0
0
0
1.21076003493e-14
1.20315340655e-13
2.63757295301e-12
1.27892265248e-10
7.10215095473e-07
61.7005340626
0.0113955092137
12.6405128236
12.8347324792
20.2704651902
15.360431559
13.5096902657
13.122978994
14.1075963116
14.3147718226
17.9637521612
19.4841870528
17.6056617664
16.3100482917
14.4648343623
14.5409470407
15.6105607098
13.9853253357
13.0911769437
12.7487045871
12.5284299233
12.6668174131
12.955385579
13.4851635051
14.9453280991
18.9477846362
21.8308749892
22.1484206891
18.149871084
18.3622904146
17.5217001866
17.1775572206
17.5526408613
18.1562056254
18.488342763
18.5591680244
18.6068029188
18.791230315
18.7770429543
18.9627674922
19.2397680569
19.5926410937
20.1457136157
20.7355759087
21.2685334502
21.5685061971
21.9635453521
23.5138301946
25.7057036211
26.3420198409
24.7869105655
24.397047693
24.2886640543
23.9892131695
23.1080052887
20.6574544717
0.478826591432
2.14809137424e-12
2.17067294471e-09
3.54194004588e-11
0
0
0
0
0
0
0
0
0
0
0
0
0
0
0
0
0
0
1.87058629484e-13
1.26673014246e-12
2.33595540609e-10
78.8379273419
12.9836050068
13.1467827512
19.9891889917
14.4686216769
13.5302788261
13.4881871389
15.001467363
14.0733823626
18.7454379608
20.1398161413
18.0777219957
16.752688836
14.9207699061
16.9515424387
16.4533597491
14.5756533885
13.790311425
13.8453065323
13.222465474
13.2103245927
13.3300925351
13.7112330572
15.0244804283
18.7940077272
21.676520898
23.2669035884
21.4726710913
20.1257497786
19.0202687586
17.4913821667
17.870795973
18.9171881406
18.832058042
19.0079590938
19.4909158891
19.3076617267
19.2977520101
19.466999894
19.739909852
20.0721600743
20.4949201621
21.1347900923
21.8489338231
22.8588291291
24.3079389984
26.427465563
28.0437403947
27.9089725613
27.8859286704
28.7895926201
30.0117635566
31.1880789379
29.9936377754
1.31882214586
0.00017333575808
2.35423183065e-06
0
0
0
0
0
0
0
0
0
0
0
0
0
0
0
0
0
0
0
0
0
0
5.75576387387e-13
0.0418935358302
13.421662034
13.5692418443
19.4874834487
13.8676270285
13.7160135154
13.7728221773
15.7463744795
14.4002816561
19.3825757757
20.781554935
18.5563781062
17.2158640081
15.3120020848
17.5929681692
17.2244309404
15.2418134533
14.471744006
14.6732605276
14.069529536
13.9834281681
13.9265760007
13.9544746932
15.2733971226
18.7612587647
21.3759875884
23.6164335895
22.7130930373
20.4259313917
17.7831388816
18.0270901197
18.4865600678
19.4836270262
19.9330402528
20.1889052489
20.305419716
19.9020539009
19.8811894938
20.0726257404
20.3349193169
20.6813312973
21.0810460139
21.7929713127
22.9836982039
24.9909422435
26.3280742789
26.5969076001
27.466217919
28.2843357088
31.3582851137
34.9674406779
40.0163318809
41.8799991812
1.74806334099
0.000301444560868
6.18278317952e-07
1.49697074019e-08
5.02482264438e-11
0
0
0
0
0
0
0
0
0
0
0
0
0
0
0
0
0
0
0
0
0
9.67275477294e-14
1.27979380539e-13
14.1208551924
14.2718153963
18.9486329034
13.9783567644
14.2153597864
14.1675502072
15.5224280273
15.0824799495
19.784559696
21.3811516647
19.0756632868
17.7386823556
15.8475722858
18.1929727052
17.9358230201
16.0346679076
15.2360045042
15.4913675709
14.8825084343
14.9088393314
14.8391755277
14.3738972445
15.7318573614
18.8984131144
21.2297295493
23.7128195515
23.1914059236
20.8827915558
18.0906342339
18.1883001162
19.240486975
19.3802399666
19.630411538
20.18176314
21.2539826083
20.9017851852
20.7842495034
20.7468813701
20.9498991522
21.3890467061
21.9090562786
22.7174066812
25.1021443772
27.3706611024
27.41325525
27.5396899359
29.0352900628
33.6158028308
39.6897829936
44.699666941
45.4049290189
0.0624815851782
2.5856341056e-06
8.47744565985e-10
5.31914251813e-12
1.07814708195e-11
1.65563160534e-12
0
0
0
0
0
0
0
0
0
0
0
0
0
0
0
0
0
0
0
0
0
7.14941693025e-15
3.24634015061e-14
15.2145911056
15.3075406634
19.0174787374
14.8290351691
15.3761358717
14.9473260122
15.6058836659
16.4811801566
19.614987583
21.7792975643
19.6683288792
18.3443991439
16.5057900128
18.8787214473
18.679722341
17.0142522818
16.2183745073
16.4868622796
15.6979539452
15.9455018099
16.114870592
15.0668653616
16.224540176
19.1982497512
21.2626437203
23.512728285
23.3868863134
21.3317536627
20.5271637735
19.0878677899
19.6969703627
20.49619674
21.5259608684
20.6859899459
21.1678795279
21.9860539192
21.7335656755
21.8573061034
21.884268041
22.148386372
22.7956115347
24.9855264595
28.4549605896
29.3103289383
28.7923191319
30.2192783405
36.0262490591
44.2213001077
49.9995223322
41.9217867094
0.000946629742917
8.83807940312e-09
6.04730527652e-11
0
0
0
0
0
0
0
0
0
0
0
0
0
0
0
0
0
0
0
0
0
0
0
0
0
0
0
16.7911676809
16.5875635181
19.6140509333
16.7787513767
17.4212624336
16.1541346466
16.4226949963
18.5622024827
19.6376208518
22.2936987904
20.3973484505
19.046823481
17.2669412284
19.6000460733
19.4178674948
18.1099544855
17.762702149
17.8284773893
16.6003129646
17.1045630971
17.7341018177
16.1375073087
16.5499856038
19.564302712
21.4752831405
23.2977899182
23.5490102999
21.3344873164
21.7123884049
20.762390442
20.8813700866
19.8314376866
20.7430784497
22.153163676
22.083453793
22.4845090693
22.6923583929
22.7843844617
23.054137525
23.2970811242
24.769659349
28.9104420538
31.5011693782
31.5574338861
32.1774552074
36.8194715102
45.63644009
51.3473336957
27.7070290818
8.44788782595e-06
1.47686909849e-08
6.76239529632e-11
0
0
0
0
0
0
0
0
0
0
0
0
0
0
0
0
0
0
0
0
0
0
0
0
0
0
0
0
18.4897108801
17.782488592
20.303345207
19.4670553007
19.1256547341
17.5979711154
17.3440038435
19.6622607457
18.444559324
22.6607967322
21.2477995342
19.8388812922
18.1238594401
20.3384371104
20.1016989161
19.0097650151
20.0571904802
19.4687205021
17.6365393039
18.4357955226
19.1058617399
17.5557594831
16.4983846447
19.4803509899
21.6055133609
23.1131768933
23.5726552159
21.347161862
21.9904261869
22.0663977685
22.1247209599
20.5342710502
21.0937533097
21.7572060165
23.0083839553
23.7016598525
23.9107479169
23.9175810777
24.1001245874
25.0721870257
28.8988607178
33.0889047332
34.7488362559
35.3965779486
38.0792317369
44.3680103184
46.8848449769
8.89760145937
2.27466697638e-05
3.29306035965e-08
1.15329326662e-10
0
0
0
0
0
0
0
0
0
0
0
0
0
0
0
0
0
0
0
0
0
0
0
0
0
0
0
0
0
19.2667979834
18.6231805958
20.7184035309
20.4526926114
20.1313424856
18.9935410988
18.4910218356
21.0321947695
19.4159693606
23.1620365371
22.1055596649
20.6829450869
19.0698643412
21.1139766057
20.8115394117
19.7690652188
20.9748155396
20.5099755439
18.6669909279
19.7835111589
19.7641127658
18.2469090226
17.6060872354
17.7813855728
21.0800008562
22.5744149286
23.3215592598
21.2908763613
21.9990207622
22.5316807802
23.0943919725
22.5837960572
21.0794453624
21.6691226712
23.1518627016
24.5255854074
25.2455639187
25.5674408272
25.749562731
28.8538034026
33.7782829026
37.1028920598
38.3241325587
39.7213924901
43.2407536999
41.7912553567
15.3497150921
0.000120167348393
1.08246782645e-07
3.08292441012e-10
0
0
0
0
0
0
0
0
0
0
0
0
0
0
0
0
0
0
0
0
0
0
0
0
0
0
0
0
0
0
19.269410645
19.1823264318
20.9883387989
20.6035923327
20.7855424295
20.0941479893
19.5061710955
22.376523749
21.1388731051
23.8323402266
23.0232950996
21.5638290954
20.0979327906
21.940952838
21.5997634259
20.6834983229
21.7219263101
21.4233939318
19.78406177
20.7676654232
19.1509438892
18.9254337828
18.6151746582
18.9431002195
19.8380573232
20.7043790903
22.4403413698
21.1413055766
21.384528972
22.4937365948
23.4898968893
23.9369985878
22.6822500172
22.393895402
23.123198663
24.4263961366
25.977125447
27.2803963609
28.7417716971
33.5658331503
38.159462508
40.610626321
41.1466112679
41.6589712634
37.5849538208
25.6645079895
0.000815028050121
3.76001230274e-07
8.42277929133e-10
0
0
0
0
0
0
0
0
0
0
0
0
0
0
0
0
0
0
0
0
0
0
0
0
0
0
0
0
0
0
0
19.4944545003
19.5957404041
21.2573305164
19.4593114489
21.0515687448
20.6933551221
20.1977078171
22.930119046
21.9418514527
24.5497398383
24.000062296
22.4589092229
21.2199239006
22.8071872682
22.4382161619
21.7412542805
22.5308369169
22.4494927909
21.021332737
22.1379699217
20.4801967398
20.6624284207
19.8490110087
20.1919065724
21.80722715
22.3953566483
22.0569126548
20.9410401792
20.7842708975
22.4290723135
23.4813912342
24.127658756
24.2363856005
23.4594474039
24.7377034031
25.1545357354
26.5885705277
28.9389509472
32.5815358295
38.087726061
41.8909663376
43.1535413707
41.2418620984
35.6058788173
30.1463011375
0.0308423572275
3.15512488239e-06
7.18279618379e-09
0
0
0
0
0
0
0
0
0
0
0
0
0
0
0
0
0
0
0
0
0
0
0
0
0
0
0
0
0
0
0
0
20.2146328418
20.2879586675
21.5234547313
19.8677049176
21.2779315754
21.009275197
20.6969998595
23.0702704201
22.5249435641
25.0791866193
24.9825521436
23.3157160707
22.4300296931
23.6726759735
23.2532511655
22.77622052
23.3034418105
23.5705845783
22.3092306801
23.4992473434
22.2658961851
22.8319293281
22.4885716126
21.011891899
22.3892514827
23.4383059325
23.4987749365
20.8166400259
20.0895800821
22.3316879941
23.6247239521
23.5551902707
23.7949360438
23.7399629091
24.8539470658
25.6428115753
27.3556856082
30.7016853069
36.5147555878
42.417158459
45.1320655619
44.0217247024
36.1664180824
33.2523720034
18.6883870101
3.58739987716e-05
5.00525475657e-08
2.02964193182e-10
0
0
0
0
0
0
0
0
0
0
0
0
0
0
0
0
0
0
0
0
0
0
0
0
0
0
0
0
0
0
0
0
21.128644112
22.3430684048
21.9309725141
20.8898838663
21.8083501493
21.3879494234
21.1847759868
23.1925391572
23.073162845
25.2457936061
25.9598942988
24.1023353311
23.511163301
24.3642159356
24.0450545977
23.5457606005
23.4538881351
24.6038336158
23.6975179639
24.6822499794
24.3150635713
24.099555687
23.8452764314
23.382315825
22.4723307638
23.3248732114
24.4641250611
20.094528161
19.5898396214
21.5321564503
23.6515817508
24.2364473255
24.7961443339
23.7479263681
24.6384876208
25.8743606586
27.7650038497
32.3387644433
40.2888235482
46.4186970944
47.7850297423
40.8954956727
36.4828493011
31.7015582843
0.00270591897217
3.39260707757e-07
8.65874927414e-10
0
0
0
0
0
0
0
0
0
0
0
0
0
0
0
0
0
0
0
0
0
0
0
0
0
0
0
0
0
0
0
0
0
21.8219233219
23.0679619281
22.6387682644
21.8139740601
22.5230318067
21.9693671794
21.748816927
23.4100361724
23.6198056061
25.1381586625
26.8460801349
24.8913122327
24.1508844956
24.9413164569
24.943726482
24.253519308
23.5801150575
25.3341048409
25.1736003793
25.7120968822
25.6302880713
25.6971034664
24.1408587601
24.0924445731
23.5480508608
25.0626723684
25.8251540684
22.418615528
19.1891685725
20.4655486054
23.0084153592
24.5223458763
24.902561314
24.3823725876
24.2464460774
25.8284201412
27.7067380609
33.6184975806
43.7692262023
50.369807632
47.6003776484
36.684067047
35.929876529
20.9178924327
1.16318695783e-05
1.00032416611e-08
3.36165729101e-11
0
0
0
0
0
0
0
0
0
0
0
0
0
0
0
0
0
0
0
0
0
0
0
0
0
0
0
0
0
0
0
0
0
22.3514431527
23.4623774054
23.2728256888
22.4652130107
23.2370565059
22.7093541407
22.4000063594
23.8066023387
24.229587005
24.6502006198
27.4576649563
25.764505482
24.6181489274
24.8637057597
25.8837760898
25.1272338689
24.1412198125
25.9457380594
25.9519080367
26.5516100418
26.5924607592
26.909558008
26.9195480087
26.8099554909
26.3246256995
25.8124563356
27.098058359
24.4271189919
19.296097572
19.6284453826
21.0178851526
23.3286499795
24.8327425898
25.9795784927
24.9695359603
25.1306774687
26.9527093476
33.825046399
46.926307806
53.176621421
45.7677189306
39.6364787682
35.2140038914
0.00259639310183
1.43325533404e-07
3.91879850384e-10
0
0
0
0
0
0
0
0
0
0
0
0
0
0
0
0
0
0
0
0
0
0
0
0
0
0
0
0
0
0
0
0
0
0
22.8712142368
23.8317142156
23.8088451806
22.940603438
23.8726562274
23.5616413563
23.0657894705
24.3312427219
25.0550663453
24.0327775756
27.8163457445
26.7414335105
25.30594761
24.3653358514
26.6937921549
26.0753189228
25.0701644997
26.7386960561
26.5246124259
26.917525113
27.6368409788
26.6488830306
28.2421030695
28.6331012103
28.4726825637
28.4333315571
28.7622341866
27.544835769
21.7660832725
19.3294155842
20.0977882204
21.2292401744
23.2513647448
24.4243023145
26.3537248037
25.5962275504
26.1863057463
31.0148549682
51.1768563736
54.7651163695
40.9790967682
39.8454172497
33.5048205437
1.38289323666e-05
4.86277699045e-09
0
0
0
0
0
0
0
0
0
0
0
0
0
0
0
0
0
0
0
0
0
0
0
0
0
0
0
0
0
0
0
0
0
0
0
23.3743609228
24.1790324166
23.8693758496
23.3062795776
24.4056115993
24.3581151867
23.6401734589
24.3624723625
26.1276830406
25.0709172465
28.0483122569
27.779224505
26.267457432
25.1256298038
27.465398874
27.0135360894
26.3237643221
27.7774940148
27.432571736
26.7412030148
28.7568425225
28.1041624258
29.2774546334
29.6384938244
29.9155153682
30.3878774153
30.9008681161
30.7982509566
27.8935109542
20.590830795
20.0428932509
20.7997940606
23.0801174528
23.4634113047
24.8855411075
26.3595856737
26.9466065755
27.2269832195
48.8479851054
52.9805942989
43.0282131469
36.6210038971
0.0350714623085
2.43278186535e-07
4.0033588373e-10
0
0
0
0
0
0
0
0
0
0
0
0
0
0
0
0
0
0
0
0
0
0
0
0
0
0
0
0
0
0
0
0
0
0
0
23.8237501743
24.474758112
23.8250425439
23.841892873
24.9412460465
24.8703000107
24.1888302925
24.2627606711
26.6565747788
26.1700919231
27.9113848831
28.8234928239
27.2829488197
26.4833504161
28.2464371038
27.905557796
27.730438036
28.7341373149
28.6980589975
27.9678451433
29.7482779618
29.6866215569
30.4118063641
30.3331042782
31.4760833656
31.8382285373
32.8731312519
33.7862087267
34.1283947412
28.9969614493
21.681681527
22.335225594
21.7967746134
24.104272741
25.2413100186
26.0706308357
26.9180159208
27.2802509992
26.5329851636
46.1146120901
45.7318809107
36.4030258074
5.19963345188e-05
9.9562268239e-09
1.2194904244e-11
0
0
0
0
0
0
0
0
0
0
0
0
0
0
0
0
0
0
0
0
0
0
0
0
0
0
0
0
0
0
0
0
0
0
0
24.291442139
24.4331086713
24.6245473656
25.1643772915
25.5878338173
25.4087370567
24.8587114658
24.7417944102
26.6409086944
26.9141317324
27.6586793656
29.7151495965
28.2276514269
27.6134670164
28.7908603051
28.8081610859
28.3862808462
29.2770127704
29.9271141743
29.5956781803
30.7052688482
30.8214644694
31.3249414805
32.1145617583
32.7805082224
32.3216834411
34.048887269
35.2991195529
36.663017647
37.7327190346
31.9027334817
23.9835558668
23.3965265826
23.158459304
23.6577371323
24.3105297743
24.7258449302
24.7920646808
23.3390607406
26.8346288009
38.3632121403
30.3426149672
9.2952818101e-07
7.44067694748e-10
0
0
0
0
0
0
0
0
0
0
0
0
0
0
0
0
0
0
0
0
0
0
0
0
0
0
0
0
0
0
0
0
0
0
0
0
24.7823607859
24.8574764102
26.4137032086
26.3123932911
26.1452373052
25.9270189876
25.6246270987
25.4507094488
26.8819892383
27.7425299435
27.0595579523
30.0809666291
29.2120466681
28.1240190635
28.5558038069
29.7756603048
28.9698216158
28.6428791212
30.7777340655
30.4639336254
31.3445980415
32.1132265129
31.2338397128
33.5009636226
34.0090503602
34.782347122
35.5575601871
36.5061409892
38.029056045
39.6768794127
40.6992010654
35.8299278214
29.6810100538
25.1839693387
23.8341235911
23.5922894958
24.6078329007
25.2293322501
25.6092081005
29.9403293081
34.0086906597
0.00162829045094
3.61989945866e-08
9.40670176048e-11
0
0
0
0
0
0
0
0
0
0
0
0
0
0
0
0
0
0
0
0
0
0
0
0
0
0
0
0
0
0
0
0
0
0
0
2.85356167936e-15
25.1717144886
25.3685966888
25.5964081575
26.4712085973
26.4201843575
26.3431469617
26.3578918804
26.0417763341
27.2191503004
28.4651494932
27.6592433154
29.8457976784
30.4006699155
28.8803542751
28.0812851806
30.5144093459
29.9383987685
29.3623987788
31.3613487393
31.2789565951
30.948557988
33.4467669645
32.9421300949
34.2577784302
34.7044450124
36.3370036908
36.8716799194
37.7730024616
39.2139208545
40.7603008439
42.012614518
44.0310826416
41.9082046474
38.2926737102
36.0711717649
35.4890561803
35.5143852889
35.6058559969
37.4018694136
45.4475464668
35.9988111362
9.5378292293e-06
3.03071433701e-09
0
0
0
0
0
0
0
0
0
0
0
0
0
0
0
0
0
0
0
0
0
0
0
0
0
0
0
0
0
0
0
0
0
0
0
0
7.14941693025e-15
25.4950873544
25.7347395943
25.5941131208
26.5406750321
26.8689897774
26.7900595149
26.8625401143
26.4417288591
27.009320602
28.7837632338
28.415281182
29.2312567878
31.5072758107
30.0296841594
29.274973598
30.9330369557
31.0698497249
30.5303074888
31.7672641933
32.518998974
32.218647594
34.1133641406
34.2696549837
34.9848489577
36.2342455843
37.0986100198
38.1501662632
39.3376162163
40.3712386074
42.1010225338
42.9119410323
45.4590499686
46.8558413595
48.6606199093
47.5006159052
47.2321899344
46.8920076797
48.610978296
52.1075074831
52.5126736171
51.2389961776
2.60936442355e-07
4.09541344876e-10
0
0
0
0
0
0
0
0
0
0
0
0
0
0
0
0
0
0
0
0
0
0
0
0
0
0
0
0
0
0
0
0
0
0
0
7.14941693025e-15
7.14941693025e-15
25.8687333738
26.1384104017
26.6160681445
27.5434495816
27.6427128758
27.3020857705
27.2074335603
26.78595842
26.9340448078
28.642886728
29.2216722266
28.280173223
31.3450442495
31.3466305148
30.0870668688
30.4652116554
32.1412902766
31.3683031726
31.2143989137
33.345977321
33.2307376272
34.5529971816
35.6059024085
34.9189948755
37.1554163315
37.1797221822
39.6104227513
40.1445099572
41.0231504008
43.0519674568
44.462405616
45.8775365412
47.228462817
48.9966319547
49.9307065337
50.0270371588
50.7214291852
52.5170013444
53.9174661071
50.1066127439
47.2437190802
8.61478684678e-09
5.70014176269e-11
0
0
0
0
0
0
0
0
0
0
0
0
0
0
0
0
0
0
0
0
0
0
0
0
0
0
0
0
0
0
0
0
0
0
3.4893612871e-15
7.14941693025e-15
7.14941693025e-15
26.2446950587
26.4742016309
27.6047051919
28.6923635105
28.0756811581
27.6865365821
27.5123204027
27.1760659389
27.1361772699
28.5435071422
29.741780754
29.2669635784
30.3680498416
32.7360891599
31.1431377611
30.4643060203
32.7407155336
32.5207750712
32.0307022597
33.8696260603
34.2876779732
34.298557961
36.5992009692
36.4412443217
37.8172120831
38.8784018327
39.9731242212
40.6677964704
42.018941813
43.1557381442
44.5868380428
45.8088433461
47.0456251858
48.6618536155
49.9770915716
50.8493324139
51.3093822067
51.5608911823
50.5680882123
42.5551633757
0.00294338071371
1.47044527194e-09
0
0
0
0
0
0
0
0
0
0
0
0
0
0
0
0
0
0
0
0
0
0
0
0
0
0
0
0
0
0
0
0
0
0
4.34404436782e-15
7.14941693025e-15
1.14624469963e-13
1.2095008557e-13
26.601591324
26.7408757556
27.4443743925
28.1811727557
28.1731948424
27.9056027619
27.7468988959
27.5948989374
27.3224752795
28.0579979475
29.6214714137
30.130200904
29.2734435988
32.281038842
32.5806271046
31.2681443188
31.9968620454
33.6068082294
32.9437118516
33.3177158805
35.3473680234
35.1290479609
36.9103671687
37.8817564012
37.1902992119
39.470651387
40.4108244183
41.7783894261
42.3770251458
43.2201207457
45.2147430947
46.2001767166
47.4515536664
48.8401137056
49.5467259841
51.0342361334
51.6010873588
52.0520359541
51.8357467377
41.8838188158
7.65382656275e-07
4.51855238928e-10
0
0
0
0
0
0
0
0
0
0
0
0
0
0
0
0
0
0
0
0
0
0
0
0
0
0
0
0
0
0
0
0
0
0
0
8.89739512707e-14
3.00327096803e-13
4.47614469901e-13
26.9856542115
27.0559859012
27.5871046325
26.6297263826
27.8773020275
28.0114647117
27.8944100158
27.8702709163
27.3813025461
27.686264019
29.2454195501
30.6112079977
30.4349016982
31.0930436644
33.6100655946
32.6225028096
31.9675890782
34.2397438102
34.4286701214
33.7125147367
35.9685419614
36.4640814543
36.3533545937
38.1866585954
38.5811970293
39.6624361747
41.2499692249
42.046868682
43.1859822731
44.3227451467
45.5382564091
46.5346970069
47.9831992958
49.3838576604
50.5602972114
51.3579612991
52.9010020694
54.4207240035
55.2045850921
38.3051334097
1.01995514289e-08
1.34017523754e-10
0
0
0
0
0
0
0
0
0
0
0
0
0
0
0
0
0
0
0
0
0
0
0
0
0
0
0
0
0
0
0
0
0
0
4.05081443785e-14
1.45118890393e-13
2.04023194591e-12
1.38348596067e-08
27.221252237
27.3008338693
28.2851257672
27.3588364593
27.7800734636
28.0308798936
27.9774848159
27.9378313227
27.5277437363
27.5415558346
28.4905710627
30.2167333039
31.4137995235
31.1606274399
32.6955628195
34.3528755485
33.0273602486
32.6616150692
35.3635562376
34.5973446171
34.5708278177
37.0365782433
37.0070450914
38.3685610881
39.3599261189
39.6983092948
41.3442865252
42.3640507885
43.7514320351
44.3368554678
45.6733059563
47.5853265468
49.2262904254
50.4337066497
51.7733164107
53.4942466922
54.6716625077
55.0074878317
57.7190134581
31.6850201095
1.51389547738e-10
3.57288698257e-12
0
0
0
0
0
0
0
0
0
0
0
0
0
0
0
0
0
0
0
0
0
0
0
0
0
0
0
0
0
0
0
0
0
2.55604896263e-14
8.49660740646e-14
8.15185205683e-12
2.36298195747e-09
11.410219311
27.1588884251
27.2378757575
28.1564744736
28.3398368833
27.2974699014
27.9713536876
28.0617189542
28.0703543623
27.9555454424
27.5973802036
27.9290335245
29.5135464102
31.152028452
31.9590198273
31.5705007428
34.3135256268
34.8808073559
33.4682230032
35.2764457786
35.9365977982
35.2691831955
37.1507004179
38.0098522953
38.6844330951
39.8040371616
40.9145639337
41.5853985105
43.4161615436
43.8383825854
44.3406037842
46.8559022595
48.4811429
50.0229725388
51.1166795777
53.307056832
54.8314234358
56.5375725201
57.4392139956
62.5957767613
29.4222826483
2.79225815568e-10
2.45489015991e-13
0
0
0
0
0
0
0
0
0
0
0
0
0
0
0
0
0
0
0
0
0
0
0
0
0
0
0
0
0
0
0
0
0
8.21452807157e-14
1.0172342256e-11
2.33927604963e-09
8.78474373703e-05
61.9582452402
27.1486863634
27.2086148509
27.2762906666
28.7087722264
27.4705275447
28.0067502306
28.2600833445
28.3102454572
28.3989604571
27.8997937445
28.0014593535
28.4262345206
30.4363541677
32.1528287316
32.2019496408
32.3536291393
34.9702779871
34.8585157708
34.4345580739
36.316471401
36.654850728
36.8911293746
38.4556331242
39.3435606943
40.2483302898
41.1929637949
42.4053775537
43.409608373
44.2474432837
45.72602485
47.2126071059
48.7114068032
50.4287592993
52.4886190358
55.1444994473
58.1783380202
59.7503796184
63.9256346967
70.8601749675
31.5600155569
1.43288796949e-10
5.97152463057e-13
0
0
0
0
0
0
0
0
0
0
0
0
0
0
0
0
0
0
0
0
0
0
0
0
0
0
0
0
0
0
0
0
2.55604896263e-14
6.06374771192e-12
1.36564326948e-09
2.02156782974e-05
82.4073205522
78.7549512444
27.572562896
27.6413513159
27.6561057029
29.4339892557
29.7435726966
28.8931716988
28.7561877741
28.6937574079
28.7292061083
28.5050205106
28.2410590342
28.615935436
29.5927030449
31.4943396535
32.973921168
32.61259034
33.9098143222
35.555741204
35.3887281216
35.2375695011
37.2075898681
37.8971613405
38.2287345784
39.7197824195
40.683270552
41.4112466568
42.5739941182
43.6008163118
45.5427716897
46.8631958562
48.9337599267
51.3382602729
52.8341080295
54.8903494558
57.6078490706
59.7389480228
63.8043324075
72.0522389666
85.8823682762
77.2631985565
6.43988308479e-11
5.97152463057e-13
0
0
0
0
0
0
0
0
0
0
0
0
0
0
0
0
0
0
0
0
0
0
0
0
0
0
0
0
0
0
0
0
1.27388505862e-12
4.172732781e-10
1.99533516641e-06
38.2598617856
76.7554600789
78.7251093469
28.1891040265
28.2407550005
28.6641851613
29.667287161
30.5781098514
30.1661268296
29.8750758576
29.4143769646
29.2060472848
29.2161567398
28.6591118664
28.8960382588
29.0043962056
30.4956474865
32.2422406182
33.521704079
33.5149900693
35.2801088958
36.1952049042
36.1565029019
36.0367854386
38.1361984972
39.0087255602
39.7198866581
40.7963000047
42.2079182924
43.1156071493
45.2637577922
46.5902825708
49.0181910481
50.4021446473
52.165144806
53.8045263388
55.9415348649
57.6258313616
60.348089391
67.209461888
75.4947218812
93.006198174
72.66514275
3.10583060581e-12
1.60316918891e-15
0
0
0
0
0
0
0
0
0
0
0
0
0
0
0
0
0
0
0
0
0
0
0
0
0
0
0
0
0
0
0
6.40346548683e-14
5.93792271877e-11
1.55376035729e-07
0.0414164673409
71.1159152024
70.906487737
70.5819472703
28.5311475471
28.4572883551
29.0364433369
29.1472186628
30.3165509087
31.4892167946
31.788709455
30.5785679528
29.8603104619
29.6302886549
29.4001396798
28.8890806528
29.3758698054
29.3583018423
30.7739882436
32.8839238645
34.1205847299
34.2923944555
35.9645233544
36.8682912621
37.0464088903
37.0599012849
39.1262495684
40.0333815241
40.9922883591
42.6024354985
44.3144780233
45.7559988738
47.5876596895
48.8386177908
49.9842800974
52.0928013426
54.8612824129
56.5039041847
57.4423945766
61.6705237867
64.6090652562
69.4104398447
74.0358135308
4.33244752642e-09
0
0
0
0
0
0
0
0
0
0
0
0
0
0
0
0
0
0
0
0
0
0
0
0
0
0
0
0
0
0
0
0
0
1.2364097858e-12
6.52670772396e-09
0.000300669878775
58.9707627122
61.6974682155
60.8379491554
60.2059374746
28.6538920273
28.257932934
28.3779190817
28.6082867497
29.1868982602
30.9889783424
32.5592186603
31.3897686261
30.4781769907
29.9956023596
29.8604532679
29.3292845012
29.6433520571
29.7597230978
30.2610373708
31.2779946459
33.7951591105
34.9484986067
35.150318532
36.6700997278
37.5675792909
38.0124877805
38.1744717952
40.0837592961
41.5678398643
42.8359233298
44.2163530024
45.5944323479
47.3964243828
48.7012081095
51.8429365802
53.7844861239
55.2794154373
56.1691930603
58.2062821869
59.8086822696
60.5540717192
61.4306820524
52.0205766817
0.031728159049
0
0
0
0
0
0
0
0
0
0
0
0
0
0
0
0
0
0
0
0
0
0
0
0
0
0
0
0
0
0
0
0
0
9.09366660203e-11
2.55209581451e-06
25.1732821728
53.0458006599
52.2765453151
50.1457054073
49.4326688504
28.9055538087
27.9668555902
27.8836933693
28.0885696012
28.5061933397
29.6704387608
31.3875012723
31.8127879078
30.8926278558
30.3290811755
30.0541538599
29.9964169087
29.3890437983
30.0048972795
30.029054797
31.4430466334
32.5965130104
34.6557883123
35.8112332718
36.1761745722
37.3303659893
38.4304882337
39.2598978499
39.8816232953
41.8143004638
43.4649290389
44.2136267414
46.4292480367
48.0017171031
51.1778253741
52.3688960147
53.5482843004
54.7605465593
56.3693201887
58.5493659003
60.8915919121
62.7609476976
62.8269995576
56.6170559984
44.0738986054
0
0
0
0
0
0
0
0
0
0
0
0
0
0
0
0
0
0
0
0
0
0
0
0
0
0
0
0
0
0
0
0
6.84315428254e-14
9.97349186334e-09
0.00991837513678
48.0043506183
47.2065216401
43.6381440179
39.4807887348
39.6787503774
29.2477131958
27.7913539161
27.5758524982
27.6150465284
27.9306293176
28.6446810215
30.1608244055
31.8607790546
31.3333460275
30.6484036567
30.2563561956
30.1152913304
30.0329817746
29.63768203
30.5925766334
30.54762017
32.1635672061
33.1765204347
35.2015390125
36.4745149055
37.4744394857
37.609257964
39.6333485528
40.7555156484
42.091528718
43.7425522867
45.4679558017
47.2463548735
50.2417340253
51.2636943943
51.8285733658
54.4351699201
56.4819702918
58.5769138785
60.6843414164
61.7143138271
60.9676625294
59.8696025597
45.815843555
13.4114456174
0
0
0
0
0
0
0
0
0
0
0
0
0
0
0
0
0
0
0
0
0
0
0
0
0
0
0
0
0
0
0
0
8.27801395021e-13
2.22028509392e-06
46.7175916029
48.0961483216
39.3120090398
35.4013764875
31.677587356
30.7820805295
28.8744034746
27.7269242458
27.3694675471
27.3669493188
27.4936090201
27.968552661
28.5564389502
30.7648626063
31.7546395772
31.064383319
30.5132319099
30.2346992439
30.2111608914
30.1141403359
30.6819160423
30.9618279076
30.9586145373
32.8906406264
33.9889969206
35.0783776013
37.5101902092
38.419934446
39.3182413553
41.0266303809
42.5754026225
44.0734494638
46.1613664999
48.6148697819
49.8446805576
50.3575853926
53.564405147
55.6267020584
57.6820482005
59.6914333973
61.1141598671
61.5057293556
58.5635371507
54.052336384
28.36573061
4.1281845032
0
0
0
0
0
0
0
0
0
0
0
0
0
0
0
0
0
0
0
0
0
0
0
0
0
0
0
0
0
0
0
0
9.76883384622e-10
0.576021321966
52.0251571556
44.8708132097
35.3358863171
28.3999991423
25.7268513597
26.0532776462
28.1809466562
27.7336022723
27.295498545
27.2656865227
27.3121580995
27.492117859
28.2713966722
29.097491001
31.1060809608
31.452622297
30.850455154
30.4302860974
30.2629867859
30.3642847741
30.1641100949
30.9809003743
31.2704288829
32.4161917216
33.5868433544
34.9886703311
36.4428931929
38.5690306707
39.7222608569
41.185249654
42.5513587944
44.9357725275
46.6616471208
48.4725338649
49.301575264
52.4298326629
54.5631052001
57.1109144546
59.4475592524
61.515086364
63.0143723592
61.5573837374
61.010864627
57.5328264434
48.1526986645
59.6297156671
0
0
0
0
0
0
0
0
0
0
0
0
0
0
0
0
0
0
0
0
0
0
0
0
0
0
0
0
0
0
0
1.85528770574e-14
7.28231099918e-07
50.5338146453
51.9657832858
42.2268793334
33.3545963372
26.0774166686
22.0341893737
22.5097688092
27.8326462882
27.5855627528
27.2958174479
27.1400016873
27.144321468
27.1798097244
27.486142948
28.5682366456
29.3548315882
31.2328812864
31.3776628715
30.8032664385
30.4535292984
30.3536773827
30.3980300884
30.3459004447
31.5188226811
31.8719026825
33.2013483976
34.0098900205
36.372080482
38.4163442241
39.8537240408
41.0847012114
42.7574575909
44.85447433
47.5385870969
48.6144459471
51.4792440917
53.5496265864
56.3883853861
58.3812699243
60.4321432322
62.1850075906
62.8641283309
62.4792529109
63.2160570156
66.6594531696
54.7204254926
79.2408002466
0
0
0
0
0
0
0
0
0
0
0
0
0
0
0
0
0
0
0
0
0
0
0
0
0
0
0
0
0
0
0
5.78633678599e-13
29.2474636982
55.674365839
48.0827778232
39.6059677183
31.9428615933
25.6101433164
21.9386475948
23.2396155958
27.9551687416
27.3427401055
27.2066554846
26.9010425381
26.7819665317
26.7217155625
26.753218437
27.3480682227
28.5261710576
29.5353320603
31.5415725316
31.446850807
30.9214823806
30.6302917465
30.5794956229
30.7435597035
30.8145393063
32.0224127363
32.5607740858
34.3479329854
35.8152869111
38.1853750333
39.8025605213
41.1520208262
43.0444654282
45.6322633078
47.6647213591
50.5223744854
52.5293174775
55.1892834396
57.2697115182
59.857513739
62.0075086793
63.7893978428
64.6349871789
66.0348818434
67.6579694209
71.1771305945
51.854012564
91.3677304751
0
0
0
0
0
0
0
0
0
0
0
0
0
0
0
0
0
0
0
0
0
0
0
0
0
0
0
0
0
0
0
2.45710101768e-08
49.3800963705
52.8104431944
44.4466084434
37.4377562926
31.1577074368
26.1347046657
23.041436995
21.05652229
28.1596515294
27.0911397337
26.7751171342
26.3833280628
26.0964220452
25.9832282905
25.988129846
26.1966915087
27.4466903457
28.2341103879
29.7672054314
31.472347486
31.6414648852
31.2495710143
30.9646019444
30.9952981114
31.3046465726
31.5428807028
32.9716973485
33.931537504
35.9898029897
37.8532034806
39.7314504671
41.7429544919
43.5949434638
45.9500367221
49.0302136061
51.296750177
53.9922013021
56.1537152672
59.1841667477
61.1088920107
62.9571593286
65.0511395553
67.4367730629
69.934311833
70.0006610012
71.7791670362
56.386143842
99.9749484194
0
0
0
0
0
0
0
0
0
0
0
0
0
0
0
0
0
0
0
0
0
0
0
0
0
0
0
0
0
0
4.08746581451e-14
39.351099824
54.0875897977
49.3449320711
42.0120916936
36.2890850366
31.4269028347
27.4653423007
25.0391373004
24.1597585066
27.225302582
26.0590474307
25.4728349841
25.2309327986
25.0068754457
24.9348190617
25.0215073432
25.2346132273
25.957111069
27.3646123537
28.1603371842
29.884298915
31.2556883649
31.7326589589
31.596442631
31.4478879424
31.6654789803
32.1414199058
32.6599625296
34.3396630914
35.8021954209
38.1102941804
40.2514637033
42.2385078209
44.3152812761
47.0213243197
49.316124473
52.5546179999
54.7429826192
57.6644230501
59.8007424785
62.5110309163
64.5871324358
67.8382142908
70.7294706083
71.2936366543
73.928939805
78.2506163749
65.2028587406
99.9997684052
0
0
0
0
0
0
0
0
0
0
0
0
0
0
0
0
0
0
0
0
0
0
0
0
0
0
0
0
0
0
31.9844643088
53.7902346537
52.3739220809
46.9409542226
41.0608547085
36.4019225548
34.2827195271
32.3159293227
29.5274812628
29.1630023955
25.3194993019
23.5693562883
23.5645016259
23.6478079154
23.672636275
23.7635377696
23.9658857657
24.286680175
24.7227749687
26.3374910715
27.5357188743
28.313779333
28.3147865285
31.0986125079
31.7568374465
32.1655735337
32.227542644
32.5235878414
33.246202411
34.1482238498
36.1011236421
37.9558770582
40.4948632106
42.777688382
44.755486221
47.400503114
50.5618056092
53.0565736631
56.0141050015
58.350698756
61.6534865982
63.8573048239
66.8607065583
71.63566861
73.5119612432
76.4131877126
79.7073852345
82.7277701514
61.8574705935
99.9999682388
0
0
0
0
0
0
0
0
0
0
0
0
0
0
0
0
0
0
0
0
0
0
0
0
0
0
0
0
0
2.79379043737e-13
50.4250577182
52.2726361575
50.1460720598
45.8111342906
41.6570738915
38.8493412255
38.4424271978
40.8319329301
36.189150006
39.4633504465
23.9437512386
22.4268536139
22.3123442652
22.3872103785
22.5713479598
22.7835016013
23.0773302809
23.4527850327
23.9097110965
24.5559894963
26.3555848677
28.062590944
28.422313859
28.9559286961
30.3688773496
32.0648259813
32.940286889
33.0546329996
33.8767908824
34.7773151879
36.0180114949
38.4465389414
41.0623887728
43.264025737
45.4858014847
48.3050965064
50.7644339216
54.1183076963
56.4232960448
59.4380031975
62.1671337577
66.0080457054
70.459143619
73.6664383272
76.577313519
80.0539399959
80.5667036811
82.3621398287
54.2587727496
99.9999975172
0
0
0
0
0
0
0
0
0
0
0
0
0
0
0
0
0
0
0
0
0
0
0
0
0
0
0
0
0
47.5841128611
49.931329989
50.7978732567
49.1322031917
45.9301874519
43.1800214953
41.4503471714
40.6983737395
44.4144827271
41.9646726687
40.6663669676
23.3113354266
22.2216988181
21.7703140609
21.8059445942
22.0339566379
22.253505122
22.515696548
22.8625500389
23.2834461539
23.7625326586
24.6404776442
26.6433240436
29.0268128823
29.4583488363
29.9790139751
31.1077045771
32.6777089424
33.8252950867
35.0504967273
35.4439530774
36.8368107298
38.8275661489
41.4395628404
43.7397971083
45.7679836113
48.4767692206
51.695518134
54.1044765842
57.1268532032
59.8569292837
64.8622382204
68.6841311536
72.9934759519
76.3513411983
79.7145868018
80.7136405178
82.8354300592
82.9926000742
49.0566924082
99.9999998677
0
0
0
0
0
0
0
0
0
0
0
0
0
0
0
0
0
0
0
0
0
0
0
0
0
0
0
0
1.76384754854e-07
56.5071165529
52.7801690386
51.020051277
49.3083678502
46.8545830867
44.864846005
43.4833261061
42.5383344747
44.4259163018
43.6273222417
41.1506542634
21.7769960071
21.8015731862
21.4340943251
21.7871572569
22.0716723908
22.1914471461
22.3101021552
22.5160156347
22.8498178768
23.2854271902
23.8584626615
24.928647771
27.1190629973
30.1204962464
31.0624814405
31.299889835
32.2480601406
33.5426429229
34.9488100044
36.4386060821
38.1483180093
39.3110998239
41.744086553
44.0839480473
46.3079345314
49.068564121
51.6548277798
54.9954898135
57.4185097238
62.7094456021
68.1604157497
71.551393279
75.068925931
79.5518200312
81.6132971047
83.8363687123
85.7025053827
83.8171149776
42.660680279
99.9999999951
0
0
0
0
0
0
0
0
0
0
0
0
0
0
0
0
0
0
0
0
0
0
0
0
0
0
0
0
51.0514136277
50.929698759
52.6862112326
51.1930490193
50.0330021263
48.2170023913
46.7008936383
45.5390451472
44.6897235722
46.1982380289
45.0651157606
42.8795945169
19.8425345409
20.7205153452
21.2112939773
22.1056182118
22.3106533214
22.335229347
22.2998421585
22.356979106
22.5355374651
22.8890803761
23.3722995803
24.0265663538
25.3450005498
27.5572569518
30.4677802778
31.6391244554
32.8095125006
33.4493717532
34.7278014104
36.2126386673
38.2297629038
40.0747986036
41.9733854424
44.3449464346
46.6464349177
49.3286158692
52.6211367045
55.0528576881
60.4067384566
66.3107733576
69.2579177323
73.526130555
77.6015827
80.7417302301
83.419445406
87.095582481
85.7645446748
84.629002057
40.8488017788
99.9999999997
0
0
0
0
0
0
0
0
0
0
0
0
0
0
0
0
0
0
0
0
0
0
0
0
0
0
0
36.1424926305
63.8290383855
57.6710342432
54.6383408472
52.54255537
51.2532075725
49.7775242816
48.5516221582
47.589334652
46.9392039493
47.7890379989
46.4160729739
45.7484690912
19.1424599396
19.7883744239
21.0657852358
21.6953197364
21.8594205879
22.0153752426
22.2051896192
22.2471304924
22.3311614784
22.5496433848
22.9518867778
23.5014003959
24.2515540192
25.9735116152
27.8109544694
31.0714634167
32.7978204597
33.7663083007
35.1703325432
36.4844633669
38.3486852208
40.1635251002
42.3289034644
44.6192173303
47.0919585213
50.4514143424
53.1464470171
57.8109847837
63.0398565251
66.6016324309
70.4927667101
74.4091895124
79.1687848541
82.9416436112
87.031987567
88.4150626576
88.0046748696
89.0123881327
41.1491349188
100
0
0
0
0
0
0
0
0
0
0
0
0
0
0
0
0
0
0
0
0
0
0
0
0
0
0
0
68.0001178399
62.8602733655
59.1545240049
55.6533178456
53.6328304238
52.108815908
50.8185284441
49.7605247351
49.0094574396
48.6117155628
48.4177491509
47.2284632368
47.4160841348
18.8168608421
19.1101252442
20.1366701015
20.9080492649
21.1531406984
21.3912545501
21.6570630304
21.9423516894
22.1611025053
22.3192548802
22.6175034874
23.1013239066
23.8047769494
24.7924950159
27.3166619026
30.3172923947
31.6552026854
33.800097682
35.6139009918
36.7366505828
38.2942424682
40.2804184235
42.802083569
44.9403256463
48.2049707554
51.2197390254
54.8040465475
59.1250079439
63.4559778623
67.3554769164
70.8086786999
76.7036707863
81.3512571727
87.1400664438
89.3986413746
89.1191175051
91.9942838029
92.2151915846
54.9981357984
99.9999999999
0
0
0
0
0
0
0
0
0
0
0
0
0
0
0
0
0
0
0
0
0
0
0
0
0
0
10.7985328166
55.8299198963
60.3056054712
57.9535452014
55.7767508034
54.049458733
51.9899303494
50.6245391243
49.4541268769
48.6122692898
48.8270560543
48.1154043966
46.5800021058
47.622685988
18.2588689095
18.3284680774
18.8278694005
20.1152808856
20.4547414033
20.737318584
21.0372373604
21.3739052743
21.7399594308
22.1354271899
22.3827911183
22.8041140189
23.4593571251
24.4095975425
25.7592084662
28.1094268132
31.6016574269
33.5865415656
34.6626453377
37.0871735342
39.2047679513
40.7601971486
42.6617868816
45.9768841385
49.3914493632
51.7569505486
55.6759032785
60.4189314804
64.341310407
67.451569887
73.2846061948
79.4053286603
84.5460086507
88.8797911092
89.0887564473
92.296190637
95.7210524909
96.1802257021
58.2479727817
99.9999999989
0
0
0
0
0
0
0
0
0
0
0
0
0
0
0
0
0
0
0
0
0
0
0
0
0
0
73.9068952968
63.8516527865
60.6128019836
57.2172951658
55.7430579057
53.3757210837
51.045308996
49.3583348957
47.8809416115
46.6257869053
45.6137252095
45.2867931458
44.7659463712
46.9443602907
17.4731594425
17.4640267269
17.6992390822
19.4223843337
19.8165897224
20.121274779
20.4353972092
20.7774874963
21.1623657519
21.5931199862
22.0940013306
22.5762447094
23.1584158303
23.9907738702
25.0898233081
26.6837989165
29.7654455109
32.8552366697
34.8774490441
37.4264065389
38.3711551757
41.0108817594
44.4825400557
47.4725917294
49.1755705106
53.2483941813
57.6868957579
60.7779409664
64.8122515347
70.150801664
76.1981524436
80.5075061327
85.981840249
88.6987099572
92.4289171488
96.2936282427
98.4934669479
95.5664853193
31.4349042225
98.9884044303
0
0
0
0
0
0
0
0
0
0
0
0
0
0
0
0
0
0
0
0
0
0
0
0
0
6.42679935149e-12
58.6093662612
62.2385600119
59.7879644172
57.2653755609
55.1952712847
53.2323876644
49.9338054546
47.9508165512
46.3768434628
45.1718468392
44.3493681356
44.3530293994
43.3557987955
45.0349088924
16.6807369351
16.6638681045
16.8215517476
18.7525371792
19.1857505264
19.5241192947
19.8490635859
20.187870129
20.5583389256
20.9864286453
21.5066077138
22.139040107
22.9268658304
23.7255158954
24.7395605418
26.1862179939
28.0473304204
31.1951248657
34.7296909528
36.7890588709
39.0999334797
42.359310609
45.5505182257
46.7771391909
50.6087452848
54.8829743955
57.8573143123
61.7980706314
66.8569754918
71.091881983
76.6986353969
82.3674511484
87.266505946
91.2071624006
95.3833191713
98.9566954871
99.6465023812
91.5496324543
0.332610354025
99.9999999993
0
0
0
0
0
0
0
0
0
0
0
0
0
0
0
0
0
0
0
0
0
0
0
0
0
76.447199898
58.8323032889
62.755636873
60.2626918018
57.7985678272
55.3572928741
52.5915214718
49.13333893
46.9188914254
45.2890407255
44.1050758588
43.5810398308
43.8411808107
42.5796590564
41.6570819842
15.799101887
16.06678453
16.0118846932
17.6856894785
18.5248677294
18.9296401268
19.273463181
19.5967107317
19.9362947834
20.3403847794
20.8506243113
21.5065650285
22.3157161021
23.3237249418
24.6431143654
26.195521188
27.8009286686
29.8049958846
32.9598655764
36.4350421579
39.3154138616
42.3536546816
44.4632541198
47.349004714
52.1874276518
55.6538514509
57.9857005713
62.1513947674
67.1053202779
73.263148752
78.7072141353
83.0437538102
88.5011953676
93.5627132453
98.0225422768
99.9962909193
99.9512606331
90.6958086801
0.882489489605
99.9999999997
0
0
0
0
0
0
0
0
0
0
0
0
0
0
0
0
0
0
0
0
0
0
0
0
0
84.7583573553
72.996120055
66.8119212961
62.6380946221
59.6578323965
55.7303556053
52.0277234555
48.8851109209
46.5677083658
44.8826086162
43.6286704863
43.2619065415
43.1547761568
41.9384801363
41.3038809809
14.657135098
15.4807338687
14.9375524779
16.4261523947
17.8357917152
18.1551553181
18.3686154885
18.5442257033
18.7741988759
19.1291618668
19.6519549302
20.3775254131
21.3355708209
22.5897670572
24.2109703246
26.1170034757
28.1105294997
30.1718175889
32.16685615
34.3813996265
37.8485563144
41.2302858852
43.9772177247
47.9055093791
52.3675786383
55.5403262428
58.7308890487
63.630746951
69.1689148119
73.0277377823
78.6840228169
85.5437309587
91.3796249906
95.0098354681
99.988292957
99.9999993174
99.9967214343
93.4995292219
31.9265876606
99.9999999997
0
0
0
0
0
0
0
0
0
0
0
0
0
0
0
0
0
0
0
0
0
0
0
0
66.0656699362
62.5200120902
72.5894650119
68.919984195
65.3062962232
60.412017143
57.2262421288
52.3753346057
49.3907193852
46.9703308098
45.2446537523
44.2195244754
44.5266496782
42.9534805904
41.67966926
41.2302271514
13.0087806675
14.3402465296
13.4616281085
15.4413896879
16.2955519052
16.0040202653
15.6099777504
15.4113316207
15.5252569501
15.9908020729
16.8094900976
17.9821299704
19.5052860823
21.4434086612
23.8939448879
26.3897725285
28.2750647571
30.0972442745
32.0813712918
34.469954009
36.956301393
39.5422537787
43.0516383862
48.0731733077
52.6610455859
56.483069499
58.6855529231
62.9607275751
68.0243029311
74.5234147429
82.0734400429
88.3466039019
91.5484569691
97.6610092358
99.9999999994
100
100
99.737468982
42.5900568947
99.9999999993
0
0
0
0
0
0
0
0
0
0
0
0
0
0
0
0
0
0
0
0
0
0
0
0
99.9972029228
88.7626878414
78.726950965
72.8839760113
68.0636778667
62.7086277527
57.5619062599
53.6022608432
50.2829579211
47.6087833229
45.759194544
44.7789069253
44.4460751503
42.6610216824
41.757214584
42.8076208254
11.3558840171
12.2182795359
11.8037953296
13.9179914239
13.5663906055
13.3204401805
12.8478465588
12.8953329561
13.4837122665
14.5027187239
15.8826083956
17.5773140915
19.5309296401
21.7016388285
23.957976665
25.9852086372
27.7940249973
29.7320954063
32.1706916784
35.1495104346
37.637582901
40.2634052926
43.45202868
47.4312022668
51.2768743874
54.1103572136
57.38782249
63.2613636276
69.6231848234
77.5786182685
84.5759440293
87.9316776427
93.8453325808
99.9999706246
100
100
100
99.9999767137
48.331470018
99.9999999981
0
0
0
0
0
0
0
0
0
0
0
0
0
0
0
0
0
0
0
0
0
0
0
1.30208232374e-12
74.005937992
86.3106158492
81.7264222444
75.6147291622
68.7106119624
64.4257229509
58.5520025132
54.4176453216
50.8877330753
47.8718600745
45.6972070448
44.6506432237
43.3259126604
41.9434476733
40.8140483906
42.9521763263
10.7428381924
10.2670714542
10.5700149083
14.0291586392
13.1250357445
11.7082712081
11.1260572958
11.6695205157
12.8358710947
14.3836181588
16.2043093879
18.2572738606
20.4245981098
22.6780233789
24.9453914506
26.7356764033
28.5287855874
30.6130877798
33.0006206655
35.3883864329
37.8298607653
40.7003748686
43.9477413913
47.5203573786
50.4457861739
53.2529722725
57.4666846184
63.5973081582
71.2653534612
78.8631411063
84.7121182333
89.2568934426
96.8545666224
100
100
100
100
99.9999999999
52.6738636189
99.9999999942
0
0
0
0
0
0
0
0
0
0
0
0
0
0
0
0
0
0
0
0
0
0
0
98.916862833
78.2895795376
85.8670120471
84.152244765
78.9600644698
71.2320413974
64.2346763654
59.0792637249
54.6081000992
50.9298677562
47.9113336164
45.4749079817
43.7084947871
41.5802288724
40.0830048454
38.8794194261
41.4965565534
11.759211375
9.70710256656
9.87074953275
14.1031192885
12.7989430388
9.67733592336
10.0373145772
11.4465637142
13.3414548088
15.5161926406
17.9019829091
20.1883408894
21.8895356105
23.621870356
25.3765735905
27.1618888596
29.119449196
31.2970461328
33.6156016759
35.9487001992
38.3651782643
41.0314115751
44.1467772981
47.5329057267
51.0278295327
54.0094312028
58.8311760632
64.704940477
71.2388158472
78.6471928051
85.4381343522
91.8770705097
98.7767960623
100
100
100
100
99.9999999999
65.8219260314
99.9999999816
0
0
0
0
0
0
0
0
0
0
0
0
0
0
0
0
0
0
0
0
0
0
0
99.9999999503
99.9998099646
96.7199600416
88.509861435
82.0855841047
74.4940123976
66.2804277122
59.6158106285
54.4332915552
50.6974003169
47.6765477974
43.6774986657
40.9895843045
38.9268771916
37.7151805638
36.7913996453
39.114671007
12.1150840019
9.43762480797
8.87934977799
9.26203804559
8.4343356082
8.97190042803
10.777215919
13.1993021484
16.0115669767
17.6724968876
19.1589745607
20.6680157919
22.2522460087
23.9857417214
25.8412225342
27.8379738943
29.9961878648
32.2699481255
34.556376975
36.8043148446
39.1785613875
41.8963626227
45.0105856094
48.04823074
51.043772357
54.5977170326
59.4619303591
65.5184821218
72.5802239019
79.6794578129
85.1420702916
91.782017596
99.2117659982
99.7627570972
100
100
100
99.9999999999
65.1334558537
99.9999999599
0
0
0
0
0
0
0
0
0
0
0
0
0
0
0
0
0
0
0
0
0
0
6.48437268065e-12
91.1820232442
99.9996172725
99.9581208572
93.0739774112
84.4512208239
76.8215688382
68.7293861141
60.862012175
54.3708360292
49.5856752947
46.1339496609
43.010023466
40.2835078408
37.152001823
34.7871821194
35.004432193
35.8960967475
9.90744577344
8.66674514614
7.72476891448
7.67490953229
9.018723194
11.6415331531
14.2331609055
15.5089870338
16.7735198933
18.0889876485
19.5418540053
21.1205767629
22.8454366689
24.7364872118
26.8112808099
29.0556698266
31.3746894439
33.6066876438
35.5201995563
37.5456559184
39.7901028043
42.2922877462
45.013889065
47.9431090146
51.1550295201
55.0264001368
60.0704422095
66.3494310571
73.1894820849
79.3298184816
85.6532715025
94.0260138521
98.0311035393
98.5335175737
99.6373851995
100
100
99.9999999999
72.0564752896
99.9999999706
0
0
0
0
0
0
0
0
0
0
0
0
0
0
0
0
0
0
0
0
0
0
99.9999999999
99.999981024
99.9999993569
99.999754006
99.6512080398
90.0128817648
80.0061185307
70.7702727222
62.1519780672
54.2782467128
48.2203643525
44.0491120252
40.3697798544
37.6496559314
35.3495959201
31.2458468564
32.5083519031
32.2274536679
7.69425886443
8.26267909085
7.01007452617
7.0974066177
11.2840402429
13.7728284313
14.8484658645
16.0041736253
17.3001841325
18.7300660198
20.2933603357
21.9954780701
23.8530087959
25.9044368298
28.179079315
30.2664452114
31.9051236411
33.6654925812
35.591882426
37.6717252152
39.9133260318
42.3244649661
44.9340404405
47.8600075067
51.2102346074
55.197701438
60.2438462875
66.5817880625
73.0643029045
79.2389662819
86.0203857211
94.1440355778
96.3920331632
96.5249233745
97.4393168533
99.6862684384
100
100
94.6548217121
99.9999999838
0
0
0
0
0
0
0
0
0
0
0
0
0
0
0
0
0
0
0
0
0
0
100
100
99.9999999998
99.9999998665
99.9995552821
96.9558624971
84.5637802338
73.2476095906
63.5415254474
54.9536373152
47.4205611533
42.4911181532
37.9647368341
34.3664431875
32.1030912741
28.058185681
28.4000371295
30.1490286023
6.53905485525
8.87722107502
6.50391503052
6.71804064733
13.1586378531
14.5219307012
15.6497512042
16.949840375
18.3492333551
19.8518549879
21.4617754838
23.1803452024
25.0156690608
27.0169664802
28.8428935254
30.2649412341
31.829201259
33.7057425059
35.7666189307
37.903692577
40.0811530804
42.34879117
44.8017343094
47.6985675549
51.1351072576
55.0953293719
60.0912960651
66.4357526479
72.9301768373
79.1812369259
86.0637885308
94.2556435593
94.2141622901
93.5349350368
93.5067248906
95.2903448902
99.9894164706
100
99.9810421846
99.9999999934
0
0
0
0
0
0
0
0
0
0
0
0
0
0
0
0
0
0
0
0
0
1.50398297071e-12
100
100
100
99.9999999967
99.999996377
99.9781893304
89.8076778556
76.584590531
65.2759244492
55.8615269934
46.9144199788
40.5378411061
36.5334989894
31.9729910377
27.8272148825
23.8935199574
25.6829273323
31.7410787322
3.78516694668
4.57416305242
5.77365861691
8.52100714738
14.6537673617
16.0237463321
17.334080831
18.7540736419
20.2541076771
21.7729290555
23.2864163277
24.7832663495
26.3349018142
27.66720937
28.9746501694
30.2613608727
31.8340262633
33.8284842539
36.0106604099
38.1185704224
40.2343818004
42.3084867273
44.4251033625
47.1392214088
50.6585990658
54.5385221626
58.9666714839
65.3432739272
73.3926512325
79.172976351
86.0349282394
93.2310312608
91.5572706573
89.2393742602
86.568379925
84.7959305761
88.8658376934
99.674240128
99.999995306
99.9999999974
0
0
0
0
0
0
0
0
0
0
0
0
0
0
0
0
0
0
0
0
0
100
100
100
100
99.9999999997
99.9999999044
99.9997037252
94.4029255094
78.7082101815
66.48792998
55.825748956
46.4603391812
39.2578250937
34.332092763
30.7398979141
27.6923584166
25.343583425
27.282417413
26.2617655873
2.64437422362
3.60151760733
7.09275405924
6.97206150373
15.6901063825
17.909379732
19.7264012572
21.1624056167
22.598342192
23.5036259505
24.565565023
25.7765483159
27.061398291
28.3843445836
29.6256430387
30.6374681442
32.2603260627
34.2952510598
36.0835814722
38.0069347862
39.9782570929
40.9552909163
41.5034854717
44.9266220064
49.8499708837
53.9825958141
57.9460779094
63.4765540688
71.1857468722
79.3078095089
85.7787025034
91.4834054481
88.5067620408
83.5722288984
75.8206848137
69.284664989
33.8244640514
81.9669517089
99.3326283441
99.9999999982
0
0
0
0
0
0
0
0
0
0
0
0
0
0
0
0
0
0
0
0
2.43497295914e-14
100
100
100
100
100
99.9999999933
99.9999685349
98.3151775175
81.0400616463
65.7989864035
55.484514048
47.4253993852
40.2231448338
34.7386800982
31.1882938535
28.1100590518
25.0045932419
23.5024036522
17.0400422998
1.63163672261
7.20958136815
7.17217734682
6.47320269687
7.1839722621
9.8677124827
14.8867146962
16.8272230508
18.5228116325
20.519945552
22.7788138966
25.0557899133
26.8159191865
27.6995982909
27.4581947288
26.6364797001
27.840339341
30.9858431769
33.6787513586
35.8694373756
38.0364407691
39.624567792
41.1514060147
44.3062748293
49.4442596274
54.0738489904
57.9383011295
63.2307309959
71.0820147625
79.133293779
84.6790425382
90.1558926615
86.1717618212
77.8105091899
70.3521559914
5.29623143802
68.8450125941
1.15217644259e-05
7.28380722425e-05
99.9999999978
0
0
0
0
0
0
0
0
0
0
0
0
0
0
0
0
0
0
0
0
4.05081443785e-14
100
2.30444831135
100
100
100
99.9999999989
99.9999935131
99.8889901718
82.0734456069
63.2567459741
52.332824109
45.4245100821
38.9083713554
32.9492587507
28.3907140051
24.9634542621
22.3803940461
21.1751381567
12.2236147691
)
;

boundaryField
{
    frontAndBack
    {
        type            empty;
    }
    upperWall
    {
        type            calculated;
        value           uniform 0;
    }
    lowerWall
    {
        type            calculated;
        value           uniform 0;
    }
    inlet
    {
        type            calculated;
        value           uniform 1.44775692838e-11;
    }
    outlet
    {
        type            calculated;
        value           nonuniform List<scalar> 
20
(
8.33726371532e-14
0
0
0
0
0
0
0
0
0
0
0
0
0
0
0
0
0
7.14941693025e-15
1.62053850784e-13
)
;
    }
}


// ************************************************************************* //
