/*--------------------------------*- C++ -*----------------------------------*\
| =========                 |                                                 |
| \\      /  F ield         | OpenFOAM: The Open Source CFD Toolbox           |
|  \\    /   O peration     | Version:  v1806                                 |
|   \\  /    A nd           | Web:      www.OpenFOAM.com                      |
|    \\/     M anipulation  |                                                 |
\*---------------------------------------------------------------------------*/
FoamFile
{
    version     2.0;
    format      ascii;
    class       volScalarField;
    location    "826";
    object      p;
}
// * * * * * * * * * * * * * * * * * * * * * * * * * * * * * * * * * * * * * //

dimensions      [0 2 -2 0 0 0 0];


internalField   nonuniform List<scalar> 
6400
(
0.143735114562
0.143738458668
0.143748049688
0.143766917915
0.143795215541
0.143832976895
0.143880165871
0.143937884989
0.144007367234
0.144090613844
0.144194014039
0.144321004117
0.144469099601
0.14463821465
0.144830308067
0.145048084888
0.145293492485
0.145566695158
0.145865522905
0.146184537373
0.146518417175
0.146869059041
0.147244353906
0.147652399578
0.148098114541
0.148581400526
0.149098844036
0.149647769248
0.150227620269
0.150838876164
0.151481788863
0.152154257318
0.152850267828
0.153563660046
0.154291439652
0.155031035747
0.155782888449
0.156552222771
0.157337425456
0.158129951705
0.158930254111
0.159749211331
0.160592042893
0.161450626509
0.162313592424
0.163172597313
0.164021203409
0.164854222446
0.165666865815
0.166454851686
0.16721443934
0.167939769386
0.168621489219
0.169248706746
0.16981850758
0.170333705678
0.170789699945
0.171177455733
0.171494786505
0.171748382083
0.171944873358
0.172088702948
0.172185325681
0.172251283859
0.172307175217
0.172366967739
0.172427520594
0.17247499276
0.17250345397
0.172516312963
0.172517986824
0.172511420512
0.172498344211
0.172481368536
0.172461632503
0.172441220584
0.172421782498
0.172407882299
0.172398331605
0.172394180321
0.143730300296
0.143733872293
0.143742644823
0.143761065213
0.14379084315
0.143830042107
0.14387769783
0.143933662859
0.144001096164
0.144084076623
0.144187118731
0.144313117346
0.144461502427
0.144631535854
0.144823763087
0.145040175972
0.145284784992
0.145558612254
0.145858662622
0.14617810676
0.146510091348
0.146858728767
0.147233507227
0.147641663702
0.148087884323
0.148571913351
0.149089737049
0.149639296201
0.150220095449
0.150832108278
0.151475212203
0.152148174416
0.152845150309
0.153558721551
0.154286643658
0.155026572886
0.155778510323
0.156548465804
0.157334938987
0.158128593145
0.158928891443
0.159748745294
0.160594607223
0.161455541118
0.162319849511
0.163180328203
0.164030529675
0.164865441486
0.165679922935
0.166468648705
0.167227835262
0.167954311196
0.1686400098
0.169269316928
0.169840733199
0.170358244364
0.17081301406
0.171198235213
0.171514912645
0.171767423318
0.171961286052
0.172103972225
0.172200810498
0.172267961357
0.172325381238
0.172385753086
0.172446092392
0.172490952223
0.172516324627
0.172526658888
0.17252615952
0.172517572587
0.172502238492
0.172482519323
0.17246090529
0.17243924968
0.172419839345
0.172405203131
0.172395294069
0.172391848513
0.143716660192
0.143722510766
0.143730575311
0.143747573269
0.143776366723
0.14381972208
0.143870934162
0.143925321217
0.143989698298
0.144070959059
0.14417314771
0.144298611134
0.14444730426
0.14461816128
0.144810426034
0.145023521451
0.145265718233
0.145543829796
0.145846708931
0.146164694533
0.14649265548
0.146836491836
0.14721047517
0.147620883806
0.148068118413
0.148552203769
0.149071260101
0.149622623299
0.150205032447
0.15081838525
0.15146240428
0.15213652207
0.15283551852
0.153549030212
0.154276062337
0.155017582446
0.15577015032
0.156539965914
0.157328023639
0.158125115494
0.158931336804
0.159755864959
0.160602600493
0.16146418903
0.162330427771
0.163193454715
0.164046899042
0.164885297138
0.165703419704
0.166496319573
0.167259702225
0.167988364435
0.168673564663
0.169306242139
0.16988414816
0.170403509363
0.170856595374
0.171240039518
0.171554988482
0.171805339352
0.171997096453
0.172136829544
0.17223315036
0.172304152597
0.172367624265
0.17242977106
0.172484633622
0.172522878322
0.172543022686
0.172548661358
0.172543690203
0.172530217931
0.172510072939
0.172486082902
0.172460898719
0.172436689348
0.172415835664
0.172399890007
0.172389567001
0.172385632148
0.143696868932
0.143702932129
0.14371002312
0.143725770607
0.143751251121
0.143794570297
0.143858334589
0.143912998332
0.143972793657
0.14405106118
0.144151810768
0.144276977993
0.144426371244
0.144597338739
0.144789457407
0.145006340014
0.145252234489
0.145527503279
0.145822162969
0.146129551633
0.146453833743
0.146801223253
0.147177746124
0.147589010807
0.148037463801
0.148523064179
0.149044020906
0.149597620563
0.150182349477
0.150797613275
0.151443687619
0.152119473454
0.152820189188
0.153536499115
0.154261740219
0.155001250713
0.155757235607
0.156528429524
0.157316262118
0.158117934658
0.158932240858
0.159763450599
0.160613694969
0.161477812298
0.162347302965
0.163214394548
0.164072517057
0.164915941482
0.165739347716
0.166537699258
0.167306072668
0.168038574951
0.168727536331
0.169365690542
0.169948190448
0.170469087216
0.170921899882
0.171303974672
0.171616678289
0.171864111315
0.17205257952
0.172190406903
0.172290378352
0.17236954814
0.172437753128
0.172496169959
0.172544455772
0.172574815032
0.172586340358
0.172583756265
0.172571069977
0.172550068402
0.172522847429
0.172491829026
0.172459965362
0.172431694476
0.172408744382
0.172389441474
0.172375847964
0.172370193282
0.143665701542
0.143667334556
0.143676028882
0.143692312039
0.143720635763
0.143761792405
0.143820809099
0.143880138199
0.143943508846
0.144022325708
0.144121949223
0.144247045154
0.144397739071
0.144574051169
0.144773352408
0.144990748051
0.145229592436
0.145491962979
0.145776109705
0.146080788432
0.146406423895
0.146755458167
0.147133769183
0.147546837769
0.147996999347
0.148484530082
0.149007611427
0.149564027178
0.150151768958
0.150770097142
0.151418389485
0.15209759504
0.152802133187
0.153517022054
0.15424164149
0.154980622357
0.15573592065
0.156510092043
0.157302466936
0.158110470977
0.158933000359
0.159771836786
0.160627588539
0.161496202236
0.162370554864
0.163243231929
0.164107544684
0.164957554832
0.165787817134
0.166593127635
0.167368143199
0.168106715227
0.168801734325
0.169446220945
0.170033701614
0.170557107232
0.171010470996
0.171391682373
0.171702448584
0.171947469527
0.172134313238
0.172273735116
0.172380185286
0.17246606695
0.172533428648
0.172588112399
0.172629471779
0.172649617276
0.172648722538
0.172633309281
0.172608661918
0.172576844927
0.172539112285
0.172497224258
0.172456715339
0.172422215873
0.172392922875
0.172365838317
0.172348328456
0.172341833662
0.143609528001
0.14361008254
0.143623926106
0.143641111128
0.143672687211
0.143716426842
0.143772122304
0.143832390284
0.143900949778
0.143982289695
0.144080648897
0.144206401061
0.14436598728
0.144551107748
0.144749710013
0.144960873656
0.145189839498
0.145443171185
0.145722379015
0.146024897723
0.146348967545
0.146698480794
0.147078812378
0.147494293732
0.147946789484
0.148436182747
0.148962094949
0.149521586604
0.150113421628
0.150735636447
0.151388285596
0.152069735056
0.152774564652
0.153492975692
0.154215481253
0.154951694618
0.155709035789
0.156488081702
0.157286663042
0.158102241865
0.158933578858
0.15978103362
0.160644125924
0.161519268356
0.162400287191
0.16328019517
0.164152296086
0.165010508236
0.165849264224
0.166663202383
0.16744672853
0.16819357208
0.168896725162
0.169548828288
0.170142258197
0.170669425744
0.171124808938
0.171506801669
0.171817644204
0.172063015826
0.172251935252
0.172396563801
0.172510543082
0.172597718567
0.172662626251
0.172711882414
0.172744697735
0.172751722905
0.172733710962
0.172699826457
0.172658493828
0.172611619971
0.172558478002
0.17250208623
0.172449574765
0.172404386488
0.172363565644
0.172327531839
0.172305972798
0.172296793404
0.14352419808
0.143531057916
0.14355316011
0.143578180867
0.143606300371
0.143651003644
0.143708783905
0.143771850496
0.143844433287
0.143928997648
0.144031792413
0.144161803642
0.14432938766
0.144513843061
0.144707895018
0.14491112261
0.145133831652
0.145384576823
0.145661578329
0.145959269243
0.146280791974
0.146631134057
0.147013308148
0.147430813373
0.147886037725
0.148379427639
0.148906978258
0.149470091582
0.150066865055
0.150696082646
0.151352997071
0.152035107082
0.152740998307
0.153456238707
0.154178888213
0.154916652599
0.15567796291
0.156463012499
0.157268937989
0.158093068014
0.158933976296
0.159791141105
0.16066329662
0.161546973382
0.16243658004
0.163325504319
0.16420711743
0.165075270298
0.16592430983
0.166748758063
0.167542857781
0.168300189621
0.169013527404
0.169674931247
0.170276052707
0.170809224596
0.171269465372
0.171655745344
0.171970849446
0.172221100307
0.172416237456
0.172568074915
0.172685955199
0.172772353953
0.17283900647
0.172881720462
0.172897779529
0.172883689799
0.172842388639
0.172785024676
0.17272204793
0.172654885193
0.172581161372
0.172505960499
0.172435772424
0.172372977336
0.172316121946
0.172271593551
0.172246308166
0.17223455138
0.143422870214
0.143435793772
0.143460954993
0.143496159227
0.143527371058
0.14357439299
0.1436309864
0.143697521917
0.143775217353
0.143858300194
0.143970144028
0.144113446644
0.144279652249
0.144460767144
0.144648237381
0.14484454867
0.145066351373
0.145317489352
0.145589795269
0.145882707705
0.146202265255
0.146552953299
0.146936774704
0.147357334547
0.147816214769
0.148312971749
0.148844743131
0.149408596454
0.150012625403
0.150651259843
0.151310575917
0.151990831385
0.152695441728
0.153409568145
0.154132489065
0.154875544716
0.155643107696
0.156435102934
0.157249184176
0.158082770222
0.1589341729
0.159802249384
0.160685155569
0.161579350625
0.162479547961
0.163379415915
0.164272434472
0.165152455203
0.166013781473
0.166850851516
0.167657775678
0.168427937272
0.16915376547
0.169826824338
0.170438492211
0.170981458868
0.171451424372
0.171847655961
0.17217252485
0.172431825281
0.17263503858
0.172792292963
0.172911458755
0.172999344476
0.17306312308
0.173102526894
0.173095793814
0.173051058649
0.172978980015
0.172891783576
0.172801017426
0.172707315214
0.172608338961
0.172507820963
0.172410655537
0.172321884736
0.172247858755
0.172195737623
0.172168404503
0.172156655653
0.143310655921
0.143327109154
0.143352824683
0.143383990328
0.143422985794
0.143478995527
0.143536653086
0.143605540438
0.143692028154
0.143781279002
0.143891790868
0.144044419141
0.144213846127
0.144389668174
0.144571440538
0.14476768099
0.144989108412
0.145237414066
0.145505360084
0.145795617374
0.146113849906
0.146464107354
0.146848112161
0.147270838586
0.147737261938
0.148236399996
0.148772870913
0.149344559216
0.149950867298
0.15059161202
0.151256997558
0.151942944745
0.15263917219
0.153350239925
0.15407861245
0.154829013008
0.155604160739
0.15640413154
0.157227232896
0.158071190637
0.158934133319
0.159814430756
0.160709779632
0.161616478713
0.162529352173
0.163442250346
0.164348781428
0.165242847789
0.166118734937
0.166970809668
0.167793064335
0.168578690662
0.169319841947
0.170007894272
0.170634485835
0.17119306986
0.171679866324
0.172093205981
0.172432920345
0.172703691665
0.172916288273
0.173079602484
0.173200647995
0.17328454664
0.173335180204
0.173363483897
0.173347125452
0.173263086828
0.173150052762
0.173023903557
0.172896431296
0.172770433339
0.172642439176
0.172507272687
0.172368217613
0.172244086862
0.17215305321
0.172096814242
0.172069662563
0.172060223054
0.143185649034
0.143204277085
0.1432341886
0.143264543184
0.143306784862
0.143363551747
0.143424133635
0.143493767647
0.143581406643
0.143688361657
0.143804748351
0.143958219089
0.144129041164
0.144301708868
0.14447823025
0.144677530713
0.144902357858
0.145145969113
0.145408685803
0.145696708418
0.146014793743
0.146365827926
0.14675048488
0.147172443105
0.147645464353
0.148153363316
0.148687929517
0.149266555707
0.149878599637
0.150524123001
0.151193372667
0.151878427514
0.152574686777
0.153284627273
0.154018124148
0.154776803406
0.155560747498
0.156369814566
0.157202896872
0.158058176445
0.158933778903
0.159827707648
0.160737243071
0.161658464904
0.162586198721
0.163514406493
0.164436822874
0.165347426922
0.166240491358
0.167110305739
0.167950769769
0.168754984649
0.169515089218
0.170222771234
0.170870522723
0.171452776938
0.171965406763
0.172403294108
0.172761365685
0.17304621793
0.173275087566
0.173450361267
0.173572909597
0.173643383002
0.173667274338
0.173657049539
0.173619170207
0.173528731515
0.173362241912
0.173180564814
0.173006242163
0.172846653348
0.172689431477
0.172506680531
0.172299362523
0.17212506938
0.172018129181
0.171964518011
0.171940803981
0.171935623115
0.143042390218
0.143060143078
0.143092835243
0.143128642514
0.143179831613
0.143231812899
0.143293726968
0.143366477376
0.143447189765
0.143564219854
0.143695788655
0.143850642979
0.144022352232
0.144196334311
0.144372663553
0.144573221221
0.144799895093
0.145040821917
0.145299762349
0.14558473676
0.145902048223
0.146255383928
0.146645516068
0.147067952048
0.147537168272
0.148057781651
0.148601223548
0.14918041521
0.149794887615
0.150437019113
0.151113471219
0.151802477295
0.152498335894
0.153211539925
0.153951642436
0.154719008262
0.155512576438
0.156331846069
0.157175981807
0.1580435958
0.158933016239
0.159842051349
0.16076758859
0.161705426778
0.162650328887
0.163596348094
0.164537352855
0.165467389416
0.166380685352
0.16727143719
0.16813351139
0.168960128559
0.169743861351
0.170477370086
0.171154525893
0.171770398113
0.172318691429
0.172788580711
0.173169093184
0.173475217915
0.173740844342
0.17394055695
0.174063372266
0.174107138222
0.174082211377
0.174005912088
0.173902135482
0.173794929302
0.173613920886
0.173362638915
0.173126109423
0.172938700066
0.172766464213
0.172519456521
0.172187544779
0.171930973155
0.171815249055
0.171781828236
0.171770585672
0.171777459675
0.142876625929
0.142890875573
0.142917537614
0.142962801214
0.14302519603
0.143078464992
0.143142381289
0.143222402713
0.143302305697
0.143416744801
0.143560193384
0.1437194715
0.143891614854
0.14406868208
0.144252835773
0.144456821284
0.144682802681
0.144921307311
0.14517824436
0.145460466958
0.145774339896
0.146126150656
0.146526109685
0.146960606409
0.14742553567
0.147946812794
0.148499422037
0.14907793292
0.149701910367
0.150350134193
0.151020736768
0.151707743745
0.15240743727
0.153129729658
0.153878643793
0.154655350763
0.155459308066
0.156289863592
0.157146247354
0.158027326895
0.158931748446
0.159857392072
0.160800823509
0.161757469988
0.162721995697
0.163688586581
0.164651276652
0.165604142464
0.166541287658
0.167456780044
0.168344545879
0.16919825971
0.170011572502
0.170778837995
0.171495314058
0.172155047469
0.172748837955
0.173263760739
0.173674771359
0.174011651044
0.174368246941
0.174618453774
0.174742825148
0.174743068191
0.174642640112
0.17446810775
0.174250933222
0.174066132756
0.173859362409
0.173546809536
0.173240380158
0.173051526482
0.172927182417
0.17260141106
0.171987640072
0.171575256541
0.171494062466
0.17153820189
0.17155709773
0.171599736704
0.142687914813
0.142699233595
0.14271687782
0.142767373643
0.142831470703
0.142893502193
0.142962306786
0.143050548872
0.14313906168
0.143253367567
0.143402452835
0.143565173578
0.143737586798
0.143914045272
0.144108629104
0.144323567069
0.144549814556
0.144786617144
0.145042970859
0.145324180836
0.145634597816
0.145980391661
0.146381916444
0.146837651421
0.147310141261
0.147821622468
0.148385857303
0.148971557751
0.149589127891
0.150242069974
0.150916034644
0.151603135448
0.152307133093
0.153038487529
0.153797771852
0.154585134738
0.155400462132
0.15624333206
0.157113245362
0.158009194559
0.158929957781
0.159873685448
0.160836897237
0.161814648355
0.162801429514
0.16379163576
0.164779561563
0.165759266354
0.166724582426
0.167669364886
0.168587735109
0.169474316576
0.170324653998
0.171135244651
0.171901160678
0.172611927829
0.173264948079
0.173868535945
0.174324046453
0.174704096541
0.175349057368
0.175659254579
0.175739350085
0.175631615675
0.175381808868
0.175037306574
0.174629946457
0.174283656236
0.174010479741
0.1736600228
0.173232452277
0.173107726492
0.173270478728
0.172853962352
0.17165914503
0.170926588661
0.171003884477
0.171267287479
0.171300082239
0.17143644766
0.14247738236
0.142490415701
0.142513449957
0.142553069919
0.142611834296
0.142679846964
0.142754898662
0.142848040113
0.142950152404
0.143068340592
0.143222214322
0.143388271617
0.143562580735
0.143739338173
0.143937851735
0.144163236639
0.144394629958
0.144633962192
0.144891772483
0.145173781492
0.1454831398
0.14582379489
0.146221192906
0.146689818294
0.14717929789
0.147689604826
0.148257798878
0.148853204065
0.149468383156
0.150119408784
0.15079072305
0.151480226883
0.152195285107
0.152937764242
0.153708322222
0.154507482145
0.155335491642
0.156191899617
0.157076444397
0.157988669599
0.158927450626
0.159890956938
0.160875827007
0.161876972351
0.162888768871
0.163905926843
0.164923148701
0.16593441734
0.166933048185
0.167912535203
0.168867365154
0.169793842629
0.170690338816
0.171555206506
0.172378390727
0.173142121128
0.173904206289
0.17472194833
0.175075469083
0.17499326851
0.17518691856
0.175415433511
0.175492474566
0.175398885115
0.175179330914
0.174876125917
0.174528080351
0.174186375427
0.173870369262
0.173555739074
0.173354797123
0.173491490236
0.174221615345
0.174203685356
0.170664837745
0.168959944894
0.17003328509
0.171046093783
0.170977812762
0.171375100625
0.142240084787
0.142254913093
0.142288654192
0.142318477952
0.142370834355
0.142440880705
0.142521136608
0.142620681064
0.142739018396
0.142860835375
0.143018524691
0.143188436793
0.143366410885
0.143547029288
0.143748858121
0.143979896753
0.144217010703
0.14446160732
0.144723025346
0.145007165823
0.145317649452
0.14565716919
0.146046570796
0.146514409308
0.147029592988
0.147549762372
0.148107924122
0.148718719656
0.149344560408
0.149983098271
0.150650088639
0.151345953087
0.152071404763
0.152825964048
0.153609256864
0.154421596052
0.155263426324
0.15613482948
0.157035539363
0.157965356128
0.158923761431
0.159909006595
0.160917637016
0.161944490901
0.1629840621
0.164031687312
0.16508275576
0.166131139038
0.167169190238
0.168189630931
0.169187670297
0.170162461599
0.171115948851
0.172046055823
0.172927948301
0.173721244878
0.174401460922
0.174608704625
0.174832271558
0.175008774112
0.175125843951
0.175281465847
0.17533990358
0.17524808941
0.175030474837
0.174723072268
0.174360875882
0.17398265192
0.173618619502
0.173279399508
0.173004554002
0.172842855455
0.1726982989
0.171498271414
0.170026888432
0.170082913799
0.171510446886
0.172493600502
0.170038912033
0.17154861064
0.141971322549
0.141985843325
0.14201917852
0.142051609833
0.142102046746
0.142174327143
0.142257880084
0.142359121565
0.142493145298
0.142627654842
0.14278912491
0.142963946386
0.143147576473
0.143335145128
0.143542252279
0.14377696031
0.144018904076
0.144269688572
0.144536085799
0.144823509781
0.145136001751
0.145476912977
0.145861263402
0.146322704703
0.146855503207
0.147395875169
0.147948646524
0.148554281553
0.149191506217
0.149837063941
0.150501822573
0.151201249045
0.151935985052
0.152702953853
0.153499946971
0.154326577689
0.155183561426
0.156071248675
0.156989724812
0.157938853116
0.158918518838
0.159927471525
0.160962212279
0.162017248308
0.163087216542
0.164168756345
0.165258762753
0.166350823645
0.167435135154
0.168503296544
0.16955216177
0.170585059644
0.171608404516
0.172625316733
0.173563644129
0.173947556238
0.174204068647
0.174460828075
0.174678759464
0.174841334691
0.174933881609
0.175003933193
0.174992458077
0.174856849673
0.174605646893
0.174266095505
0.173867821703
0.173440895549
0.173009955345
0.172590480085
0.172178167338
0.171768038043
0.171305637692
0.170583116292
0.169962320015
0.169991936482
0.170666623248
0.170844009651
0.171864867832
0.173466325301
0.141672931125
0.141686851995
0.141722046735
0.141755819621
0.14180763498
0.141881344785
0.141967859063
0.142067578795
0.142206119349
0.142358783348
0.142529331818
0.142711012227
0.142902452205
0.143101327631
0.143315009503
0.14355368236
0.143800555028
0.144058265315
0.14433058685
0.144622397109
0.144937731039
0.14528048996
0.145662357606
0.14611553693
0.14665144656
0.147221599805
0.147786739563
0.148381255909
0.149015208448
0.14966520022
0.15033551874
0.151043275236
0.15178832689
0.152567869849
0.153379386097
0.15422173168
0.15509512745
0.156000504646
0.156938247711
0.157908499436
0.158911292355
0.159945871638
0.161009162315
0.16209523441
0.163198374884
0.164316992579
0.165450800478
0.166593363569
0.167731595799
0.168855305696
0.169962847318
0.171062794286
0.17217127066
0.173219500649
0.173460459002
0.173720076059
0.174007460283
0.174250248631
0.174434217403
0.174555753992
0.174608110284
0.174599080213
0.174505867832
0.174304203501
0.173995368086
0.173597445391
0.173133371063
0.172626371041
0.172096126598
0.171557543052
0.170988189918
0.170380097319
0.169747917295
0.169069152158
0.168480128588
0.168351693988
0.168897911063
0.169987348308
0.172065715159
0.17437956432
0.141347764853
0.141360115383
0.141391145865
0.141429712275
0.141487877546
0.141563526028
0.141654860543
0.141755146859
0.141894570584
0.142059103675
0.142238319564
0.142426687109
0.142624781152
0.142838734463
0.14306312995
0.143306431101
0.143559251529
0.143825655022
0.144105399749
0.144402876718
0.144722125756
0.145067215405
0.145448284402
0.145894809699
0.146427019746
0.147017680352
0.147607149039
0.148200829995
0.148826097491
0.149474965327
0.150152585448
0.150869724086
0.151626039198
0.152418579015
0.153245624626
0.154105420412
0.154997122382
0.155921634091
0.156880376933
0.157873501248
0.158901357722
0.159963903187
0.161058486168
0.162178604156
0.16331700112
0.164474622759
0.165658295081
0.16686132574
0.168061084042
0.169247932949
0.17042008403
0.171599333126
0.172708299172
0.172988458346
0.173249198122
0.173499935963
0.173748442871
0.173947911542
0.174079779625
0.174137725986
0.174115950606
0.174012495954
0.173817420034
0.173518735071
0.173116407101
0.172622067172
0.172052277753
0.171423903537
0.170750772934
0.170041735427
0.169282932993
0.168445548912
0.167545044987
0.166623684159
0.165805487301
0.165368239768
0.165569453784
0.166536972716
0.168789416282
0.170804221321
0.140999726666
0.141010773696
0.141036027677
0.141079967156
0.14114371905
0.141221194432
0.141316707859
0.141422141725
0.141560076061
0.141731814581
0.14191756062
0.142111495159
0.142313513468
0.142537991301
0.142779234714
0.143030484294
0.143290578692
0.143567097407
0.14385734009
0.144162857068
0.144487969211
0.144836149666
0.145217997365
0.145659950805
0.146183382298
0.146776392531
0.147391761153
0.148002063032
0.148627468661
0.149275988921
0.14995586086
0.15068070984
0.151448368008
0.152253339615
0.15309724801
0.153976239923
0.154887366379
0.155832981494
0.156814769381
0.157833215028
0.158888442057
0.159980827175
0.161108732066
0.162266607777
0.163447877565
0.164653649307
0.16588969497
0.167147638076
0.168413436881
0.16968249215
0.170929168369
0.172121020794
0.172440564024
0.172722985576
0.172982863024
0.173211317399
0.173402773232
0.173534092119
0.173587783536
0.173555661742
0.173432756519
0.17321568762
0.172899142518
0.172477472267
0.171950793299
0.171326114989
0.170613923248
0.169824510765
0.168964979022
0.168036129296
0.167032433914
0.165892105168
0.164604595564
0.163228675901
0.161834304933
0.160537215587
0.159417035229
0.158326436786
0.156771433846
0.153678083439
0.140630579945
0.14064152984
0.140665392997
0.140714233164
0.14077884564
0.140855760349
0.140950655964
0.141063004844
0.141199368545
0.141375944451
0.141567436859
0.14176692975
0.141973955033
0.14220344309
0.142459625183
0.142723018883
0.142992889043
0.143279521925
0.143581624237
0.143898482369
0.144232944282
0.144585918185
0.144969979954
0.145410301131
0.145925961917
0.146514608232
0.147144051243
0.14777436287
0.148404211383
0.149054879277
0.149743251425
0.150474569281
0.15125162314
0.152070771448
0.152932522523
0.153831700646
0.154764236654
0.155732908322
0.156739704599
0.157785629529
0.158870991451
0.159996440824
0.161162467614
0.162366581587
0.16359940692
0.164852137918
0.166130596277
0.167440916293
0.168788112091
0.170183070199
0.171479578794
0.171827697961
0.17212398668
0.17240693675
0.172643402711
0.17282318889
0.172939992409
0.17298033814
0.172931268396
0.17278522365
0.172537866472
0.172186102223
0.171726641064
0.171156495957
0.170475361245
0.169686296029
0.168793860292
0.16780140104
0.166708480484
0.165508202802
0.164190130102
0.162667908585
0.160866447129
0.158798003679
0.156437138711
0.153693934299
0.150371835576
0.146143787899
0.140884650937
0.139459449116
0.140237027005
0.14024856215
0.140273697977
0.140327683555
0.140392540538
0.140468048937
0.140559667436
0.140676781644
0.140809804117
0.140989518327
0.141186913558
0.141392261863
0.14160558522
0.141841433427
0.142107878952
0.142383883097
0.142665685912
0.142963333637
0.143276636413
0.143606144715
0.143953594744
0.14431425459
0.144701765099
0.145142944329
0.145653355012
0.146235509099
0.146869457243
0.147514828682
0.148160602881
0.148818115758
0.149514197273
0.15025444506
0.151039082786
0.151867624561
0.152744928869
0.153667454845
0.154625292972
0.15561984664
0.156653622474
0.15772900591
0.158847653693
0.160011028854
0.16122356862
0.162482034051
0.163763802115
0.165056111218
0.166374541428
0.167747937653
0.169219840774
0.170821432568
0.17118895498
0.17147753811
0.171771643637
0.172024025243
0.172207521052
0.172313489213
0.172335229431
0.172263610155
0.172090004974
0.171808691631
0.171416178639
0.170909895244
0.170287307733
0.169545906899
0.168683921376
0.167700346522
0.1665935592
0.165359008076
0.163986427565
0.162456356988
0.160735656226
0.158764739273
0.156369402169
0.153416801679
0.149772029974
0.14506026342
0.138472726871
0.128204702874
0.109075132631
0.062875535085
0.13981109694
0.139823158782
0.13985179129
0.139911638109
0.139977677296
0.140052479016
0.140143121694
0.140262098002
0.140391117794
0.140571377322
0.140774385538
0.140985647848
0.141205457917
0.141447964752
0.141722790172
0.14201092229
0.142307198591
0.14261729603
0.142941445857
0.143283350977
0.143646331846
0.144018612323
0.144410500513
0.144854111373
0.145362751505
0.14593823985
0.146569881484
0.147220048406
0.147885405695
0.148563792034
0.149267718323
0.150012609063
0.150807943516
0.151651359149
0.152539561414
0.153480479574
0.154465675857
0.155489495313
0.156554422503
0.157662299929
0.158816830349
0.160025648835
0.161296672564
0.162612716871
0.163939155005
0.165271639146
0.166642684708
0.168105204561
0.169560788572
0.170616858372
0.170888722284
0.171122171403
0.171366742248
0.171556351912
0.171658726519
0.171665419873
0.171570321745
0.171366973987
0.171049875933
0.1706151572
0.170060144947
0.169382506705
0.168579543708
0.167647861565
0.166583277479
0.165380329441
0.164030905223
0.162522015708
0.160832810334
0.158930652483
0.156765268307
0.154267647795
0.151224354349
0.147331371045
0.142318456492
0.135610463539
0.125992224883
0.111051049276
0.0858895549016
0.0440500672598
0.139341529728
0.139354046463
0.139386132651
0.139452323981
0.13951949353
0.139597373162
0.139689196562
0.139808456249
0.139937150732
0.140119126926
0.140327903912
0.140545045412
0.140771220404
0.141019951695
0.14130149674
0.141599478283
0.141912646378
0.142237693323
0.142573584669
0.142927690873
0.143306798923
0.143696020525
0.144094515652
0.144540009673
0.145050121766
0.145621567465
0.14624951616
0.146899512094
0.147573676531
0.148276985937
0.149003850562
0.149758013195
0.150552439809
0.151406172255
0.152314338583
0.153273906863
0.154284085742
0.155338585541
0.15643714033
0.157582008621
0.158779525666
0.160045967059
0.161382554276
0.162754796993
0.164134788979
0.165537038897
0.167018749279
0.168549998893
0.16979521342
0.170230624183
0.170480692238
0.170695904436
0.170876781158
0.170977623373
0.170975299407
0.170861361902
0.170630658419
0.170279032171
0.169803313522
0.169201138119
0.168470427169
0.167608695716
0.166612394861
0.165476377817
0.16419337253
0.162753118914
0.161140835317
0.15933484949
0.157303231125
0.154998993129
0.152352919988
0.149261937798
0.145576648373
0.140901184807
0.134721822366
0.126474909834
0.115061408259
0.0985951984485
0.073747525132
0.0394690889199
0.138819367229
0.138834350284
0.138868186675
0.138934873087
0.139007065413
0.139094190845
0.139192011958
0.139315352035
0.139451507802
0.139631128044
0.139845121744
0.140068280125
0.140300958971
0.140555777288
0.140842989511
0.141147012594
0.141473616753
0.141817666912
0.142168699415
0.142537098333
0.142931394673
0.143341822818
0.143755777699
0.144201076325
0.144712601087
0.145283173162
0.145908525336
0.146558656806
0.14723493536
0.147954041607
0.14870690486
0.149483598807
0.150286461157
0.151141795527
0.152060368067
0.153041475702
0.15407889986
0.155165924713
0.156299844958
0.157485610037
0.158738830922
0.16007492316
0.161478128954
0.162913675396
0.164376220429
0.165901368998
0.167454975841
0.168739167064
0.169344587048
0.169684712686
0.169968956287
0.170165529787
0.170267601526
0.170263410415
0.170139345328
0.169888378842
0.169507511381
0.168995070498
0.168349850596
0.167570636877
0.166655631272
0.165601809115
0.164404269655
0.163055578873
0.16154499704
0.159857367857
0.15797141286
0.155857205034
0.153472550293
0.150757800056
0.147628247953
0.143962593032
0.139586965761
0.134220663709
0.127277677277
0.118022106691
0.105613409992
0.0887003056978
0.0648404499017
0.0346452735675
0.138250414461
0.138269484506
0.138303892828
0.138364424967
0.138444946734
0.138542099072
0.138649213803
0.138781371179
0.138931808332
0.139108672153
0.139324896295
0.139553418599
0.139792881341
0.140054244416
0.140347709794
0.140658484407
0.140992943871
0.141354225845
0.141723974972
0.142110616647
0.142520643512
0.142952097736
0.14339283522
0.14384975589
0.144356504388
0.144925168714
0.145548138869
0.146199364144
0.146876093787
0.147601960888
0.148372205952
0.149177866231
0.150002683136
0.150863731789
0.151786975419
0.152781051974
0.15384335188
0.154965608513
0.156139734948
0.157376384946
0.158699335787
0.160111831609
0.161585925259
0.163101574247
0.164688084902
0.16632257277
0.167602932369
0.168616125258
0.168877103994
0.169162187144
0.169402489698
0.169528520977
0.169530483248
0.169404350452
0.169142413777
0.168740724821
0.168198759709
0.167516996275
0.166695738525
0.16573449133
0.16463135785
0.163382414502
0.161981062198
0.160417303121
0.158676835753
0.15673979823
0.154578950037
0.15215706101
0.149423214987
0.146307584252
0.142713981323
0.138509149912
0.133507415219
0.127450313546
0.119939274618
0.110249236937
0.0974606296978
0.0805414580063
0.0578166459923
0.0303947900492
0.137652399809
0.137672150148
0.137705726007
0.137758424778
0.13784386626
0.137946033982
0.138059991189
0.138197861485
0.138359661328
0.138543053866
0.138763708374
0.138998050615
0.139244887769
0.139513260937
0.139813637842
0.140133107328
0.140476573958
0.14085212493
0.141240959703
0.141650012432
0.14207898607
0.142528974991
0.142994458595
0.143478694598
0.143997643246
0.144563038155
0.145177333224
0.145827311056
0.14650305037
0.147230205472
0.148009019707
0.148833466224
0.149687198621
0.150567493347
0.151500144984
0.152501020238
0.153578557408
0.154732633313
0.155954691379
0.157257022062
0.158660514625
0.160153696175
0.161706937143
0.163323391558
0.164997061191
0.166415062652
0.167544076163
0.168136027383
0.168373916917
0.168584567547
0.168741716442
0.168770395114
0.168654323739
0.168391383254
0.167979103132
0.167417201632
0.166707540027
0.1658523369
0.164852961851
0.163709222946
0.162418767299
0.160976487514
0.159373889632
0.157598349993
0.15563215632
0.153451191846
0.151023087347
0.148304632664
0.145238182657
0.141746688699
0.137726831067
0.133039531749
0.127496946283
0.120844720897
0.112739303697
0.102716598528
0.0900073872944
0.0736927741745
0.0524874652664
0.0272859475599
0.137032968501
0.137051081778
0.137082510282
0.137133015003
0.137214119924
0.137315322348
0.137431994731
0.137571180784
0.137739061952
0.137931290708
0.138159413775
0.138400304482
0.138654977751
0.13893045112
0.139237645344
0.139565989562
0.139918953466
0.140307735738
0.140714076172
0.141144620456
0.14159856678
0.142070068981
0.142560045848
0.143063807677
0.143604291385
0.14418903482
0.144807873345
0.145450179437
0.146121011633
0.146846690393
0.147631041952
0.148463098251
0.149336151381
0.150239194758
0.15118882339
0.152203084238
0.153291798368
0.154470439562
0.155744638474
0.157124866172
0.158615252443
0.160190473053
0.161818951338
0.163464451166
0.165115885069
0.166666570644
0.167125421425
0.167412450168
0.167725360778
0.167912797431
0.167969520792
0.167879899768
0.167630763474
0.167219885006
0.166649108363
0.165921822459
0.165042121144
0.164013575485
0.162838183511
0.16151566433
0.160042901965
0.158413408717
0.15661673415
0.154637740803
0.152455649171
0.150042733001
0.147362521103
0.144367332843
0.140994932668
0.137164025468
0.132768231693
0.127668094438
0.121680615134
0.114565822594
0.106010007045
0.0956056922812
0.0828593747304
0.0670903818931
0.0472793483969
0.0242039738714
0.136385408953
0.136405970521
0.136433498641
0.13648798654
0.136561131854
0.136657638632
0.13677349623
0.13691206174
0.137082376621
0.137277665277
0.137513047158
0.137760100081
0.138021672175
0.138304158887
0.138618287881
0.138954117075
0.139314620192
0.139715989339
0.140138871423
0.140586849396
0.141064127356
0.141558013919
0.142078541843
0.142610933156
0.14316667503
0.143771126579
0.144415581234
0.145065126596
0.145730310482
0.146451329994
0.147242069486
0.148083776192
0.148967475841
0.149886461305
0.150850440661
0.151877840675
0.152979841349
0.154181398767
0.155508891094
0.156973487534
0.158552615971
0.160197881293
0.161871748937
0.163553981334
0.164936389194
0.16601132042
0.166587613197
0.166805417248
0.167019595407
0.167128400601
0.167074978932
0.166852648171
0.166457419027
0.165890410875
0.165156838943
0.164263028304
0.163214905046
0.162016952584
0.160671355317
0.159177383472
0.15753091696
0.155723986357
0.153744244786
0.151574292083
0.149190765317
0.146563097644
0.143651831837
0.140406355298
0.136761898139
0.132635605282
0.127921463918
0.122483858312
0.116149566696
0.108698167709
0.0998511268349
0.089260733817
0.076499760086
0.0610617909444
0.0422392763548
0.0211502385448
0.135697993181
0.135720001653
0.1357501595
0.135806633564
0.135878563858
0.135972504645
0.136086473157
0.13622361558
0.136393251956
0.136586632848
0.13682685272
0.137079666767
0.137345427462
0.137634699213
0.137957020326
0.138300197465
0.138665725423
0.139075335888
0.139514131781
0.13997662138
0.140474602929
0.140993346359
0.141537309943
0.142108174516
0.142695241333
0.143319670208
0.14399321821
0.14466764115
0.145332428013
0.146046398027
0.146835271245
0.147688394375
0.148589632389
0.149526021894
0.150499290049
0.151534187694
0.152644982467
0.153865373246
0.155245393399
0.156796542627
0.158463183656
0.16015126571
0.161816989572
0.163458227379
0.165078806262
0.165538037467
0.165778697587
0.166066944035
0.16623123019
0.166230035208
0.166049127099
0.165683596459
0.165134322176
0.164407090399
0.16351034686
0.162452686192
0.161241338144
0.159881233647
0.158374335434
0.156719166005
0.154910442173
0.152938709949
0.150789894569
0.148444693182
0.145877738049
0.143056453045
0.13993951811
0.136474845676
0.132596962382
0.128223682272
0.123251964737
0.117552891306
0.110965801336
0.103291866875
0.0942877483543
0.083661293725
0.0710687957513
0.0561462775342
0.0383253270148
0.0189571149827
0.134970309824
0.134989669237
0.135027827492
0.135085601111
0.135161051167
0.135256249937
0.135369254404
0.135505250754
0.135673110481
0.135861535012
0.136103307833
0.136362574616
0.136630412181
0.136922913811
0.137255096531
0.137607386058
0.137978689653
0.138390568003
0.138839839886
0.139316301874
0.139829919473
0.14037575726
0.140949818864
0.141549710335
0.14217406228
0.142828254145
0.143534654736
0.144252012948
0.144935268379
0.145642411376
0.146420347277
0.147275871595
0.148193129892
0.149154870282
0.150146585078
0.151185963545
0.152297397736
0.153525658041
0.154950873225
0.156586114794
0.158320962868
0.160063486797
0.161813481468
0.163175201741
0.164115396429
0.164881433624
0.165092161416
0.165265375733
0.165331311391
0.165209952647
0.164889692418
0.164372550876
0.163665129265
0.162777466622
0.161720751165
0.160505219178
0.159138828461
0.157626485634
0.155969572819
0.154165642457
0.152208180099
0.150086341566
0.147784588391
0.145282159252
0.142552320319
0.139561337056
0.136267106538
0.132617385155
0.128547544817
0.123977798457
0.118809863383
0.112923099286
0.106170292472
0.0983735299699
0.0893209314373
0.0787664870978
0.0664308255278
0.0520441093274
0.0351352512128
0.0171832102795
0.134211342456
0.134229845528
0.13427058608
0.134329601417
0.134408837505
0.134506997334
0.134619830702
0.134755434234
0.134923303772
0.135106657465
0.135345694759
0.135611666333
0.135883043911
0.136173631566
0.136512593129
0.136874928903
0.137254023984
0.137667730818
0.138120667478
0.138606009362
0.139132987849
0.139691713264
0.140296026302
0.140929981459
0.141594811382
0.142285816426
0.143026300007
0.143799248664
0.144528552179
0.145245678832
0.146016005656
0.146859721946
0.147780626861
0.148765477901
0.149793369971
0.150850084695
0.151957093462
0.153173268792
0.154626780391
0.156331470181
0.158080160383
0.15981476187
0.161626200438
0.163398764192
0.163696011335
0.163900766515
0.164236158581
0.164380131276
0.164323243996
0.164063966343
0.163595400264
0.162922240011
0.16205634046
0.161011563154
0.159801225917
0.158436546671
0.15692563365
0.15527293206
0.15347895671
0.151540159407
0.149448823514
0.147192903269
0.144755744301
0.14211563604
0.139245154123
0.136110252518
0.132669063444
0.128870360748
0.124651644204
0.119936815191
0.114633450533
0.108629759619
0.101791452351
0.0939590258817
0.0849462408293
0.0745421984306
0.0625134108639
0.0486529125665
0.0325496000668
0.0157179556325
0.133425406654
0.133443259151
0.133482791308
0.133544073161
0.133625073185
0.133724873584
0.133837208057
0.133971051107
0.134143252329
0.134328945023
0.134557255071
0.134827486572
0.135104920859
0.135396368202
0.135732343194
0.136101228199
0.136488418022
0.136906285603
0.137363227221
0.137850507774
0.138389955854
0.138958717186
0.139571862448
0.140230922129
0.140929404105
0.141665913698
0.142448318182
0.143281709969
0.144093172806
0.144849437741
0.145627796643
0.146466690992
0.147382111059
0.148371090476
0.149427536454
0.150528541864
0.151653750711
0.152839520823
0.154277214961
0.156051273182
0.157823874144
0.15948152255
0.160900359044
0.162241924639
0.163081572413
0.163166750419
0.163330028966
0.163381461232
0.163200000776
0.16279269301
0.162168469743
0.161337908031
0.16031661616
0.159121129438
0.157766126867
0.156263141679
0.154619893304
0.152839997289
0.15092290661
0.148863942987
0.146654314829
0.144281050805
0.141726799518
0.13896946019
0.135981616624
0.132729747858
0.129173185145
0.125262779955
0.120939246193
0.116131150736
0.110752560518
0.104700431772
0.097851965889
0.0900624404172
0.0811642391507
0.070969655152
0.059272680443
0.0459021168025
0.0304782824243
0.0144937774902
0.132614644126
0.132632208618
0.132671038771
0.132735105201
0.132814434689
0.132912052243
0.133023760006
0.133153284872
0.133325620496
0.133518724564
0.133735241453
0.134006309546
0.134288782725
0.134585833153
0.134914724844
0.135284231171
0.135677119312
0.136099641339
0.136564702162
0.137055284158
0.13759637313
0.138179785253
0.138798281518
0.139467550483
0.140185870434
0.140950823224
0.141771350188
0.142653696046
0.143570163529
0.144422422106
0.14523393217
0.146085962884
0.147004773607
0.148003349187
0.149073423153
0.150214828673
0.151400604203
0.152589953739
0.153940279832
0.155681514407
0.157539211821
0.159473257231
0.160634038965
0.161518970296
0.162123560099
0.162325565643
0.162383915052
0.162282988542
0.161955229969
0.161393885332
0.16061191906
0.159626295096
0.158455875418
0.157118756759
0.155630118046
0.154001177577
0.152238818568
0.150345564523
0.148319721629
0.146155557336
0.143843425556
0.141369781778
0.138717053648
0.135863346171
0.132781966595
0.129440751301
0.125801167679
0.121817150721
0.117433623801
0.112584653888
0.107191215206
0.10115860232
0.0943736612991
0.0867023014965
0.0779879567654
0.0680537884631
0.0567031777807
0.0437757675487
0.0288982628825
0.0135007530733
0.131781918073
0.131799284963
0.131843922052
0.131908251842
0.131981084955
0.132073684113
0.132184274021
0.132310325925
0.132471890727
0.132666230709
0.132875549457
0.133144330158
0.13342937113
0.133728715715
0.134053058933
0.134421331665
0.134814623057
0.135240036177
0.135712905353
0.136213148499
0.136752124361
0.137342021692
0.137968589733
0.138646322283
0.139373207348
0.140150539461
0.140989254783
0.141896885022
0.142877730404
0.14387554798
0.144791213816
0.145687271672
0.146628035204
0.147637462241
0.148735907601
0.149918176683
0.151178993214
0.152471314508
0.153772406347
0.155271762242
0.156916025444
0.158760205921
0.160657908924
0.161016202999
0.161090873923
0.161306470554
0.161310183729
0.161064168834
0.160581483
0.159864871691
0.158928858402
0.157794918997
0.156484717258
0.155017250521
0.153407508789
0.151665884253
0.149798109099
0.147805482187
0.145685195006
0.143430636815
0.141031608125
0.138474403752
0.135741747139
0.132812569711
0.129661630892
0.126258965347
0.122569123909
0.118550148802
0.114152198354
0.109315721121
0.103969083703
0.0980256015385
0.0913800231439
0.0839048147057
0.0754468075591
0.0658271904596
0.0548395877637
0.0423072546807
0.0278353279607
0.0127576615845
0.130928955524
0.1309474735
0.13099753768
0.131056149296
0.131122680242
0.131211145298
0.131319894767
0.131443409261
0.131592817261
0.131781619561
0.131982795004
0.132243413352
0.132529976392
0.132825921575
0.133145813161
0.13351558005
0.133906549657
0.134327824718
0.13480487602
0.13531203924
0.135853274303
0.136447160407
0.137075440277
0.137762840485
0.138497407863
0.139282378853
0.140121832164
0.141033212183
0.142021982826
0.14309642284
0.144182846872
0.145196876155
0.146204005247
0.147254832083
0.148381430968
0.149607103525
0.150945711851
0.152393056572
0.153817019872
0.155251979497
0.156348491473
0.157493742327
0.159245170797
0.16016315788
0.160133502626
0.160178857976
0.160082999053
0.159708422981
0.15907574601
0.158207400437
0.157124747927
0.155852542463
0.154414274262
0.152829264403
0.151111810853
0.149271118659
0.147311592759
0.145233301801
0.143032461779
0.140701843451
0.138231055071
0.135606681677
0.132812280509
0.129828240862
0.126631513204
0.123195192458
0.119487905797
0.115472911534
0.111106771792
0.106337424656
0.101101458103
0.0953203949627
0.0888958431387
0.0817036321145
0.0735871874098
0.0643530189503
0.0537639833012
0.0415910396949
0.027377591722
0.0123164194287
0.130054436343
0.13007289343
0.130111270562
0.130168643203
0.130236344916
0.130323143519
0.130429227146
0.130548227419
0.130689733724
0.130871343692
0.131067989921
0.131310020234
0.131598433023
0.13189140506
0.132203833641
0.132572672578
0.132966956589
0.133383034771
0.133852176423
0.134361298508
0.134900994245
0.135501709237
0.136132555368
0.136814295658
0.137551974999
0.138344564151
0.13918593876
0.140091095589
0.141069654267
0.142133654698
0.143286647954
0.144463588185
0.145604562471
0.146743671363
0.147924071397
0.149188295904
0.150575437289
0.152141832001
0.153851662826
0.15612047592
0.156357480864
0.156518060087
0.157658408072
0.158789307515
0.158986428464
0.158944221124
0.158716247039
0.158212589149
0.157438608762
0.156426744778
0.155207533398
0.153809115745
0.152255916868
0.150566944435
0.148755405658
0.146829098262
0.144791052144
0.142640208888
0.140372032478
0.137978992967
0.135450900853
0.132775095142
0.129936503509
0.126917598619
0.123698262594
0.120255537368
0.116563184655
0.112590915854
0.108303088149
0.103656602007
0.0985976734232
0.0930570976366
0.0869435654447
0.0801347823843
0.0724660259922
0.0637187324859
0.0536052390096
0.0417997346804
0.0277277177761
0.0123116006036
0.129162341765
0.129179173528
0.12920676003
0.129263234767
0.129332649246
0.129415286072
0.1295145728
0.129626422569
0.129758294952
0.129932183034
0.130129707749
0.130350517497
0.130636606813
0.130933041512
0.13124243319
0.131596523206
0.13199350537
0.132410154761
0.132865651091
0.133375133477
0.133911104911
0.134503619209
0.135142580782
0.135816170308
0.136549565688
0.137335269739
0.13817903971
0.139078933563
0.140044165055
0.14108755752
0.142210898195
0.143422438028
0.144674094078
0.145929942955
0.14719288995
0.148502390982
0.149890230945
0.151392383337
0.153019402733
0.154850006997
0.156464732166
0.156547968357
0.156885269181
0.157215459766
0.157630194382
0.157591973808
0.157230513345
0.156588365808
0.155677348498
0.154531360405
0.153187062876
0.151675382254
0.150020884576
0.148241604954
0.146349308791
0.144350271185
0.142246203075
0.140035103579
0.13771196269
0.135269295256
0.132697512531
0.129985156351
0.127119035188
0.124084302865
0.120864497563
0.117441504588
0.113795331178
0.109903500111
0.10573979104
0.101271975563
0.0964580795013
0.0912405357649
0.0855373238105
0.0792291048635
0.0721406801099
0.0640193481089
0.0545052601853
0.0431312693686
0.0291758994325
0.0129768676489
0.128260800849
0.128277610357
0.128311242799
0.128360090481
0.128421346296
0.128494196239
0.128582696158
0.128686504086
0.128807197248
0.128968236159
0.12916316381
0.12936710966
0.129639069807
0.129942145202
0.130250926997
0.130586212918
0.130980759904
0.131395551688
0.131838852318
0.132345724061
0.132883808102
0.133462650989
0.134099982276
0.134767298142
0.135496639413
0.136272353779
0.137111179412
0.138003452826
0.138955811825
0.139980075871
0.141075475764
0.142245871881
0.143493808572
0.144796268915
0.14612659002
0.147476925009
0.148859256677
0.150280926226
0.151739555688
0.153243586619
0.154749311821
0.156171432284
0.156309629294
0.156125010093
0.156265633369
0.156127867293
0.155632658539
0.154846811495
0.153801105452
0.152530588958
0.151073571444
0.149461994424
0.147719766528
0.145863416934
0.143903015542
0.141843296146
0.139684788579
0.137424787993
0.135058112579
0.13257766519
0.12997483158
0.127239763281
0.124361607187
0.121328741383
0.11812903656
0.114750083956
0.111179234665
0.107403207424
0.103406949125
0.0991713492242
0.094669256714
0.0898589317932
0.0846734393392
0.0790035859836
0.0726695003725
0.0653796942842
0.0566597000748
0.045805375941
0.0318604261171
0.0141637621668
0.127351417436
0.127367021213
0.127403454351
0.127445944974
0.127495528952
0.127560215687
0.127639970894
0.127736537423
0.127847822553
0.127991276246
0.128177518977
0.128376577205
0.128615160392
0.128919085835
0.129225338532
0.129547785128
0.12993132565
0.130346750363
0.130782906727
0.131275291273
0.131812634221
0.132381385061
0.133015654945
0.13368178594
0.134397919532
0.135168773972
0.135993524462
0.136877578666
0.137817001524
0.138820976556
0.139898840256
0.14104299597
0.142261377737
0.143548498938
0.144895841507
0.146274327972
0.147665000476
0.149042565458
0.150355313907
0.151558229131
0.152513794307
0.15394684708
0.154978315357
0.15482764327
0.15477270257
0.15451789638
0.153905002517
0.152987964908
0.151817070939
0.150433698077
0.148877099778
0.147179043026
0.145362189274
0.143441244077
0.141424469756
0.139315128854
0.137112762983
0.13481422566
0.132414460618
0.129907072534
0.127284745734
0.124539582054
0.121663446602
0.118648399862
0.115487229918
0.11217398932
0.10870433109
0.105075365432
0.10128472677
0.0973285061462
0.0931975829764
0.0888715386932
0.0843085252396
0.079427744445
0.0740763210461
0.0679695047688
0.0605435728527
0.0507666629633
0.0367761521551
0.0155186172278
0.126435843069
0.126446894651
0.126472515607
0.126505040141
0.126553779871
0.126616284547
0.126690918197
0.12678040431
0.126880510755
0.127004161749
0.12717360033
0.127372765773
0.12758031356
0.127863979255
0.128175905721
0.128491939792
0.128850267252
0.129266508826
0.129701880137
0.13017393467
0.130709240517
0.131271627794
0.131890698312
0.132560736978
0.133260840925
0.134027743898
0.134840638336
0.135713862475
0.136641468511
0.137630070583
0.1386913135
0.13982222861
0.141026660857
0.142305883884
0.143658145926
0.145071127938
0.146516755614
0.147956268867
0.149281794072
0.150399232248
0.150441524213
0.151289357965
0.153004422934
0.153249968592
0.153143171088
0.152779379779
0.152058185297
0.151022335717
0.149736676564
0.148251665981
0.146607875907
0.144835955522
0.142956658238
0.140982576665
0.138920115178
0.13677117828
0.134534530431
0.13220683953
0.129783442465
0.127258909589
0.124627479759
0.121883461795
0.119021721287
0.116038347944
0.112931495498
0.109702240677
0.106355194718
0.102898571972
0.0993434678338
0.0957021638696
0.091985277788
0.0881973956539
0.084330369385
0.0803522064323
0.0761860643298
0.0716704554417
0.0664334523949
0.0597054428122
0.0488484710313
0.0251861825547
0.125521461319
0.125528413079
0.125542863344
0.125558823663
0.125611928551
0.125673483097
0.125742391786
0.125822584171
0.125909578281
0.126013929329
0.126160468961
0.126348770781
0.126549560997
0.126790111238
0.127099794745
0.127417058178
0.127752531055
0.128155026506
0.128592428287
0.129050589858
0.129573123024
0.130137685228
0.130736755684
0.131402557317
0.132099911561
0.132848753662
0.133656079991
0.134517333016
0.135434815939
0.136410132813
0.137455135302
0.138575523207
0.13977233771
0.141051851195
0.142415512411
0.143864722519
0.145397941085
0.147008676508
0.148589101572
0.150408702491
0.150326935296
0.150621731141
0.150993953765
0.151567122569
0.151482653625
0.150982546768
0.150127453083
0.148968484279
0.147572995782
0.145995221566
0.144275149503
0.142440844611
0.14051024139
0.138493451863
0.136394980227
0.134215501729
0.131953212082
0.129604825569
0.127166296241
0.124633363111
0.122001998583
0.119268882907
0.116432058373
0.113491866094
0.110452108441
0.107321192709
0.104112914741
0.10084658615
0.0975463618298
0.094239803486
0.0909558419901
0.0877223348133
0.0845634715384
0.081496955257
0.0785313077544
0.0756661667705
0.0728793719697
0.0702515743747
0.0675506078485
0.0675297006969
0.124614552943
0.124621342285
0.124638287068
0.124653860672
0.124691215028
0.124743962901
0.124803483577
0.124871057373
0.124945693465
0.125031757164
0.125148458092
0.125312851684
0.125512321623
0.125721305382
0.125995553993
0.126317910655
0.126644722435
0.127013257215
0.127453630932
0.127910417555
0.128407978725
0.128975651193
0.129569151569
0.130218255422
0.130917656891
0.13165133664
0.132445004595
0.133291110299
0.134193918404
0.135154231753
0.136181701465
0.13728630213
0.138469928686
0.13974100346
0.141108281518
0.142573433595
0.144147108251
0.145845382498
0.147685810996
0.150083901924
0.150066563926
0.150122876088
0.150038066544
0.150157235327
0.149845705747
0.149150174306
0.148128286746
0.146835414337
0.145333149508
0.143671265256
0.141885545039
0.139999806339
0.138028333762
0.135978468989
0.133852836886
0.131651046767
0.129370935534
0.127009470909
0.12456340271
0.122029780545
0.119406413374
0.116692428289
0.113889120456
0.111001187459
0.108038199756
0.105015931496
0.101957124113
0.0988914053898
0.0958543513032
0.0928859404218
0.0900288258686
0.0873269625373
0.0848253548902
0.0825713826415
0.0806202051852
0.0790455366964
0.0779506322293
0.0775626470957
0.077926045844
0.0807209683403
0.123718559728
0.123725396415
0.123743808153
0.123774994368
0.123791148856
0.123833190397
0.123881938387
0.123935951077
0.123997953423
0.124063031592
0.124147599595
0.124275784508
0.124451284784
0.124651711376
0.124879708243
0.125186960652
0.125522719749
0.125869883762
0.1262889869
0.126754661814
0.12723976225
0.127792358715
0.128391282206
0.129026233931
0.129714651008
0.130441824425
0.131214763356
0.13204480421
0.132924520149
0.133861255247
0.13486445116
0.135941138515
0.137098640701
0.138344043159
0.139689613806
0.141142209361
0.142706853038
0.144375633756
0.146176966053
0.148172483383
0.149655937778
0.149371431667
0.148962375978
0.148723269696
0.148133371515
0.147227555609
0.146037677443
0.144615482447
0.143016153398
0.141282077315
0.1394427743
0.137516911769
0.135514803082
0.133441019007
0.131296476016
0.129079949305
0.126789143172
0.124421468795
0.121974611548
0.119447020008
0.116838376186
0.114150253962
0.111387198891
0.108558282423
0.105678834231
0.102771803537
0.0998682402098
0.0970066730401
0.0942315306049
0.0915910445784
0.0891352023697
0.0869144036146
0.084979583649
0.0833838748013
0.0821890743644
0.0814720705002
0.0813348202846
0.081946287771
0.0833350475862
0.0861293850417
0.122845462986
0.12284913119
0.122857163318
0.122897446091
0.122914233267
0.122946184903
0.12298344714
0.123022594653
0.123067760285
0.123111896906
0.123168280301
0.12325224485
0.123389427272
0.123572630264
0.123777834104
0.124032115594
0.124368682115
0.124726112375
0.125113965989
0.125578401216
0.12607304049
0.126604697821
0.127198782877
0.127827381123
0.12850060043
0.129217839331
0.129974519663
0.130780204269
0.131635405701
0.132541212301
0.133505241424
0.134539211462
0.135649619589
0.136847238459
0.138145863137
0.13955879798
0.141091929544
0.142735591979
0.144456782842
0.146092283917
0.146117562278
0.147660993246
0.147413960459
0.147030718867
0.146240015167
0.145160669758
0.143828384638
0.142296676974
0.140617853679
0.138827590817
0.136948794332
0.134994914083
0.132972510536
0.130883714634
0.12872808354
0.126503873057
0.124208906244
0.121841219123
0.119399542691
0.116883771038
0.114295443666
0.111638527334
0.108920769953
0.106155592873
0.103364006359
0.100575794861
0.0978294160721
0.0951705082729
0.0926493490982
0.0903178733009
0.0882268564011
0.086423910456
0.0849527556119
0.0838534813425
0.0831679952482
0.0829376239213
0.0832145798707
0.0840739137603
0.08549319578
0.0874833812777
0.122007747555
0.122008167582
0.122011322645
0.122044363295
0.122076726634
0.122090403216
0.122110836465
0.122131275534
0.122154435966
0.122180548145
0.122210304681
0.122258986397
0.122346600152
0.122490634226
0.122684204808
0.122900863905
0.123196794022
0.123560854098
0.123944070517
0.124384459265
0.12488807083
0.125418646532
0.125997355765
0.126622857716
0.127284519363
0.127983951547
0.128723949996
0.129502905321
0.130328542332
0.131196498413
0.132111118923
0.133085780775
0.134125117254
0.135244599297
0.136458090046
0.137790537339
0.139264871602
0.140899194421
0.142816967448
0.145400083854
0.145491870038
0.145724210168
0.145566645581
0.145137991813
0.144159767437
0.142925836379
0.141481228023
0.139868590247
0.138134176981
0.136307426438
0.134405159173
0.132436190261
0.130404003303
0.128308922264
0.126149663435
0.123924357665
0.121631223709
0.119269099601
0.116837850165
0.114338831719
0.111775389852
0.109153801755
0.106484963636
0.103786634128
0.101085419661
0.0984175379721
0.0958278358183
0.0933671636195
0.0910887013213
0.089043994444
0.087279263853
0.0858325601933
0.0847316288215
0.0839923637819
0.0836227147176
0.0836120734383
0.0839656889007
0.0846858745303
0.0857077520914
0.0868377962496
0.12119900446
0.121195154971
0.121197846561
0.121205707153
0.121237657758
0.121249158977
0.121259577759
0.121261496045
0.121261574586
0.121267747788
0.121270755734
0.121289647737
0.121327601207
0.121420187524
0.121578689598
0.121789975628
0.122043276225
0.122385973854
0.122780786002
0.123209628597
0.12369368367
0.124235964574
0.12480973009
0.1254231526
0.126075034611
0.126760497005
0.127475600978
0.12822569976
0.129007710762
0.129824298068
0.130674587216
0.131572034284
0.132520475887
0.133529045869
0.134613655519
0.135799920197
0.137118506397
0.138592348374
0.140322170128
0.142600088435
0.144903703376
0.144215055939
0.143446714626
0.142916640872
0.141827232775
0.140489693665
0.138977409796
0.137322752524
0.135563074539
0.133722796683
0.131814501092
0.129843811929
0.12781228133
0.1257193191
0.123563452379
0.12134313814
0.119057280897
0.11670569041
0.114289434631
0.111811328564
0.109276451009
0.106693304236
0.10407591228
0.10144641814
0.0988369839938
0.096289855925
0.0938552300502
0.0915873430763
0.0895396962177
0.0877603124865
0.0862875183727
0.0851467682515
0.0843474355222
0.0838796863285
0.0837125315335
0.083772517329
0.0840238239347
0.084390043768
0.0849127105447
0.08588915194
0.12040677541
0.120393909088
0.120385380311
0.120365563499
0.120379793954
0.120408820077
0.120423134228
0.120410926061
0.120390213189
0.1203714933
0.120353450958
0.120334757994
0.120340645765
0.120373655649
0.120478502772
0.120666288328
0.120909130697
0.121215932757
0.12160990657
0.122054593262
0.122532412649
0.123059381427
0.123640544874
0.124246629977
0.124884230011
0.125551440541
0.126239402407
0.126948103565
0.127677429288
0.128428405176
0.129203728393
0.130007846035
0.130847475638
0.131722471786
0.13264509817
0.133641381907
0.134717135283
0.135914589605
0.137315258405
0.139100321056
0.141036886881
0.14178025301
0.140765437817
0.140217653715
0.139166236115
0.137826148428
0.136310309411
0.134660126326
0.132908884978
0.131079131017
0.129182180354
0.127222608043
0.125201499229
0.123118370792
0.120972255367
0.118762390299
0.116488639611
0.114151933996
0.111754591609
0.109300867839
0.106797491182
0.104255124206
0.101690967962
0.0991316931581
0.0966150459868
0.0941889083677
0.0919077849479
0.0898275686165
0.0879998628081
0.08646687756
0.0852573822569
0.0843844288984
0.0838428857315
0.0836080736721
0.083628510659
0.0837990340069
0.0840185813034
0.0839180375081
0.0842192193743
0.084771884076
0.119638739391
0.119612409976
0.119582346265
0.11955159878
0.119541952852
0.119566165329
0.119585154223
0.119571120096
0.119539940223
0.11950094814
0.119462911822
0.119417124738
0.119389615744
0.119380160724
0.119425559494
0.119550488648
0.119783711195
0.120080096267
0.120452151215
0.120904828446
0.121404495616
0.121930692594
0.122496905397
0.12310336301
0.123727534052
0.124366762505
0.125020455633
0.12568190033
0.126356875406
0.127039811479
0.127736671877
0.12843993344
0.129155337847
0.129882092606
0.130625553439
0.13139129894
0.132186347505
0.133031682072
0.133967023161
0.135205379208
0.136949521911
0.138453890852
0.137548495728
0.137074372509
0.136189449415
0.134953898009
0.13350061568
0.131898424192
0.130185985899
0.128387963235
0.126517347068
0.124579806264
0.1225773717
0.120510597002
0.118379625672
0.116184857952
0.113927334039
0.111609214863
0.109234085606
0.106807611274
0.104338082637
0.101838299545
0.0993287900184
0.0968410152404
0.0944184036282
0.0921140773231
0.0899857826851
0.0880893726529
0.0864724941221
0.085169505346
0.0841982141358
0.0835595043421
0.0832367914566
0.0832007954243
0.0834149004536
0.0838655226466
0.0844610913007
0.083885168932
0.0841050420441
0.0841538867981
0.11891508495
0.118876192205
0.118830960609
0.118792343529
0.118759609795
0.118747951935
0.118752046619
0.118752206428
0.118721327051
0.118671678748
0.118611492933
0.118547796695
0.11847123171
0.118431863448
0.118424643963
0.118500588461
0.118669270664
0.118969896904
0.119344540943
0.119787164761
0.12030063097
0.120850193126
0.121416964204
0.122006832777
0.122617140821
0.123230450243
0.12384337684
0.124460958438
0.125076734005
0.125691973417
0.126297218561
0.126894814856
0.127482365126
0.128060279497
0.128620808745
0.129146766476
0.129622355873
0.130034248191
0.130293273435
0.130706636301
0.129722154924
0.133875544264
0.134012058274
0.133693252524
0.133010368675
0.131942666678
0.130597496098
0.129072226277
0.12741867279
0.125666730777
0.123832780386
0.121924935585
0.119947118129
0.117901538119
0.115789842608
0.113613836991
0.111375859476
0.109079352846
0.10672914722
0.104332275237
0.101898501686
0.0994428015255
0.0969893052625
0.0945746550424
0.0922481132986
0.0900676221062
0.0880930759628
0.0863786462458
0.0849661202729
0.0838800115345
0.0831252127232
0.0826881251104
0.0825368956404
0.0826337936873
0.0829445889436
0.0834656786959
0.0840570903486
0.0853058089897
0.0839873732133
0.083689623303
0.118244100734
0.118200198219
0.118148968667
0.118097290306
0.118048392692
0.118003663861
0.117979846332
0.117982276621
0.117953579705
0.117897306943
0.117819735126
0.117728264105
0.117621959348
0.11752029708
0.117480388694
0.117481906192
0.117599820426
0.117870567773
0.118276455343
0.118734560414
0.119255176201
0.119811545711
0.120398766581
0.120981081255
0.121566235721
0.122152148854
0.122729189041
0.123295416972
0.123849651711
0.124383128184
0.124894532668
0.12538989166
0.125859053821
0.126293936864
0.126675246425
0.126979005377
0.127143519974
0.12715935528
0.12662294433
0.127660664712
0.128300003778
0.1287726956
0.130188669729
0.13032213416
0.12981577303
0.128898195221
0.127666158526
0.126225056811
0.124636757911
0.12293632609
0.121143482196
0.119268998476
0.117318958921
0.115297434309
0.113207696466
0.111053024056
0.1088370605
0.106564515982
0.104241399621
0.101876061215
0.0994796503388
0.097069432441
0.0946735549689
0.0923343428003
0.0901070523825
0.0880539640159
0.0862360220616
0.084704272151
0.0834932835401
0.0826166605332
0.0820654605192
0.0818083031572
0.0817903315842
0.0819618569131
0.0822881682638
0.0827696070998
0.0833471794117
0.0834386305401
0.0830720581285
0.0829194273957
0.117619320694
0.117583836056
0.117530095634
0.117470549464
0.117406262825
0.117339800152
0.117280776869
0.117266694754
0.117246764038
0.117189815048
0.117102670438
0.116986888153
0.116852412862
0.116710142972
0.11660003645
0.116534233651
0.116560484626
0.116873191285
0.117264119162
0.117744274475
0.118297400894
0.118866775492
0.119443602768
0.120025406175
0.120587395584
0.121136779229
0.121672367475
0.122182125969
0.122665784024
0.123119193046
0.123550693548
0.123945884583
0.124296731061
0.124588011439
0.124799882445
0.124905490379
0.124847227236
0.124643177947
0.123034999295
0.124751140058
0.12648014309
0.126048165468
0.126888561466
0.127147480781
0.126736752053
0.125911209839
0.124765871569
0.123397843313
0.121869357527
0.120217692054
0.118464707641
0.116623270574
0.114701352328
0.112704720516
0.110638140359
0.108506266402
0.10631394231
0.104067069861
0.101772728243
0.0994405322617
0.0970829241773
0.0947196693996
0.0923834835587
0.0901229325854
0.0879993300584
0.086078632288
0.0844216415731
0.0830750207612
0.0820655019173
0.0813964358784
0.0810479713971
0.0809751912343
0.0811055096444
0.0813586920944
0.0816197776299
0.0820787443962
0.0822455643072
0.0822807289845
0.082167110914
0.0821016465367
0.117048590881
0.117026036376
0.116973657452
0.116911966446
0.116838998274
0.116754603354
0.116678244023
0.116615825517
0.116598947396
0.116555672478
0.116471808436
0.116345222214
0.116177550248
0.116003732817
0.115775660746
0.115742250713
0.11572307029
0.116032018086
0.116419264263
0.116890784844
0.117430120545
0.118026872235
0.118594699082
0.119151137894
0.11968396694
0.120194216501
0.120675691478
0.121126573145
0.121541473919
0.121928204866
0.122273979793
0.122566672732
0.122797307235
0.122951315983
0.123011856498
0.122965248502
0.122814182965
0.122735732529
0.12103095761
0.121656153779
0.123467371166
0.12353532873
0.123961595826
0.124177048478
0.123803714938
0.123028134123
0.121938225118
0.120623094915
0.119141112259
0.117529283275
0.115810257856
0.113998137936
0.112102192273
0.110129463909
0.108085886343
0.105977262342
0.103809438184
0.101589386137
0.0993251103533
0.0970274494248
0.0947100428385
0.09239548474
0.0901217403684
0.0879441555337
0.085929914903
0.0841475770844
0.0826561784204
0.0814964347162
0.0806865580452
0.0802203916026
0.0800712244373
0.0801936354643
0.0805401552927
0.0810059230354
0.0810826724747
0.0812661463339
0.0813065734001
0.0813146802391
0.0812838940791
0.081263603205
0.116546301652
0.116522804196
0.116474942502
0.116414351455
0.116341107751
0.11624790836
0.116146392035
0.116060002444
0.11601487647
0.116000683797
0.115938126248
0.115815394025
0.115633642299
0.115430347776
0.115265056167
0.115209474652
0.115332427118
0.115373481388
0.115764847846
0.11618401692
0.116724148382
0.117294411136
0.117852969815
0.118375308293
0.118866161362
0.119326660621
0.11975497618
0.120142826487
0.120497093637
0.120807754799
0.12106252107
0.121254989447
0.121374376087
0.12140470238
0.121328261401
0.121134548438
0.120827859257
0.120539137503
0.119121883742
0.118695226241
0.119794160899
0.120758788475
0.121221505389
0.121418361172
0.121047255065
0.120283254183
0.119213951559
0.11792530658
0.116470899287
0.114885550049
0.113191202054
0.111402123495
0.109528090273
0.107576836799
0.105555012972
0.10346926032
0.101326167022
0.0991336344578
0.0969004209497
0.0946385767363
0.0923628399958
0.0900991222698
0.0878914559021
0.085802447682
0.0839046579893
0.0822676582705
0.0809463476618
0.0799727487116
0.0793541546021
0.0790738055786
0.0790997087777
0.0793797615537
0.0798561690956
0.0804009966215
0.0811975329377
0.0805610637665
0.0804397812986
0.0804098977527
0.0803983866006
0.0803932162616
0.116107442988
0.116070661158
0.116026165974
0.115974124335
0.11590804466
0.115812408213
0.11568626671
0.115565830604
0.115541854023
0.115525285305
0.115507731172
0.115408724218
0.115242186768
0.115062932217
0.115036671122
0.115049859577
0.11510721063
0.115178506416
0.115293063582
0.115707863726
0.116158062112
0.116710195664
0.117226599174
0.117701116863
0.118139067689
0.118540228244
0.118906827145
0.119234591754
0.119517541353
0.119746033731
0.119916318354
0.120020588556
0.120046008301
0.11997634681
0.119788857525
0.119452499663
0.118891636801
0.11804729544
0.117502113842
0.11687576618
0.116962743932
0.118346424072
0.118855808523
0.118965097222
0.118515202029
0.117704227187
0.116612613738
0.115319353104
0.113870305668
0.112295675482
0.110614891734
0.108841141819
0.106983817434
0.105050695834
0.103048640976
0.100984799235
0.0988662130865
0.0967015823644
0.0945002347595
0.0922754697878
0.0900430158894
0.0878327926851
0.0856958405485
0.083702430824
0.0819298072738
0.0804468715937
0.0793019737006
0.0785148719729
0.0780768254518
0.0779554336162
0.0781132299629
0.0784880007499
0.0790283788129
0.0797033091392
0.0796632248297
0.0795076531497
0.079461184371
0.0794599029752
0.0794675594288
0.0794691313381
0.115720271301
0.115670711029
0.115622971815
0.115594043706
0.115546006382
0.115457272091
0.115320234405
0.115128213291
0.115183546974
0.115174287395
0.115169202493
0.115114319894
0.114950971806
0.114949585078
0.114976115903
0.115006725747
0.115024348804
0.115082955378
0.115176738561
0.115347816194
0.115820601982
0.116272526793
0.116717264914
0.117125262835
0.117495172842
0.117829643777
0.118126862746
0.118383646561
0.118589840192
0.118742894829
0.118838654153
0.118869563428
0.118826011995
0.118694480994
0.118448441682
0.118031818042
0.117301010721
0.116475974024
0.116682499391
0.116547176607
0.116004732144
0.116811958705
0.116978029274
0.116841424803
0.116214086635
0.115292957133
0.114136191223
0.112807970625
0.111342446983
0.109762866217
0.108084446974
0.106318100872
0.10447198916
0.102553327801
0.100568721362
0.0985255232133
0.0964309529786
0.0942944238786
0.0921256447063
0.0899392757575
0.0877519005437
0.0855983716426
0.0835377056588
0.0816479865691
0.0800101356148
0.0786909024576
0.0777310548833
0.0771376920844
0.0768858548406
0.0769214348426
0.0771732018238
0.0775451001321
0.0782146119798
0.0783781066054
0.0784294232217
0.0784185593907
0.0784330863512
0.0784599510607
0.0784824458854
0.0784912417336
0.115379036148
0.11532505414
0.115270931726
0.115277920392
0.115265041117
0.115200910837
0.115060782497
0.114990863885
0.114950162448
0.114938955031
0.114935649175
0.114948911994
0.114924956172
0.1149315377
0.114963637311
0.114993911642
0.115006301061
0.115035397166
0.115094896495
0.115309011737
0.115610721322
0.11595710792
0.116302531352
0.116627873961
0.116921426933
0.117179513294
0.117401418169
0.117581272979
0.117713230386
0.117795166571
0.117824231423
0.117797528752
0.117711263423
0.117559091847
0.11731679333
0.116943407546
0.116312709508
0.116221197578
0.116146453253
0.116563052226
0.115523509332
0.115720346485
0.115396398145
0.114947993519
0.114095576457
0.113024025633
0.111770099051
0.110382661026
0.108882502493
0.107284622824
0.105598862471
0.103832917508
0.101993034209
0.100085392686
0.0981159602725
0.0960920896768
0.0940209445421
0.0919126474717
0.0897771049687
0.0876305552968
0.0854902613256
0.0833972279372
0.0814193278141
0.0796420851957
0.0781481966091
0.0769995814621
0.0762274529189
0.0758293600373
0.0757801012929
0.0760219821111
0.0764311693101
0.0767242963721
0.0770887758941
0.0771883112639
0.0772594375925
0.0773080034798
0.0773610641307
0.0774099757405
0.07744337416
0.0774625774325
0.115095251523
0.115007330552
0.114952781766
0.115037339122
0.115070107904
0.115046558146
0.114955600626
0.114948428046
0.114917856267
0.114918760691
0.114905280944
0.114872583089
0.114907997626
0.114927453542
0.114948278302
0.114971670475
0.114989331066
0.115008720389
0.115088638812
0.115236130513
0.115450518068
0.115694108672
0.115947428021
0.116185910369
0.11639795443
0.116577970705
0.11672105948
0.116823347853
0.116881171791
0.11689347814
0.116861466088
0.116787506411
0.116676905273
0.116530703838
0.116343080293
0.116128930597
0.115907909149
0.115936214995
0.115548589669
0.113755089976
0.11425807778
0.11463132992
0.113957627351
0.113199521767
0.112105743016
0.110862105204
0.109490094741
0.108026766905
0.106479284887
0.104853659156
0.103153586814
0.101382889562
0.0995454295046
0.0976460614506
0.0956898836273
0.0936841756578
0.0916358820028
0.0895559453193
0.0874542923253
0.0853490994162
0.0832580792076
0.0812300167895
0.0793424248457
0.0776875161658
0.0763471780595
0.0753739448264
0.0747825847366
0.0745550211967
0.0746646365804
0.0750473671925
0.075593258557
0.0764202250504
0.0760609042455
0.0760501199658
0.0760978715416
0.0761610994033
0.0762292160756
0.0762921134003
0.0763294489164
0.076353954079
0.114931589168
0.114896742255
0.11489854416
0.114921809498
0.114961168513
0.114963421734
0.114931258421
0.114928262074
0.114896715316
0.114892312942
0.114868304569
0.114853751918
0.114872230314
0.114900612774
0.114921317778
0.114949174503
0.114965438143
0.114988654427
0.115051542756
0.115154257058
0.115294661698
0.115457289345
0.115624874753
0.115781349955
0.115913444011
0.116013804928
0.116078213466
0.116101822003
0.116083447546
0.116024685381
0.115930718105
0.115809156578
0.115672965431
0.115530565424
0.115406191945
0.115311869843
0.115209992419
0.114772601243
0.115602836015
0.113977407205
0.113466813814
0.113775150528
0.112708569944
0.111569059269
0.110197724491
0.108765426924
0.107264051968
0.105716972346
0.104116562614
0.102459016843
0.100741406364
0.098963356926
0.0971261705871
0.0952333325014
0.0932890326177
0.0913005775514
0.0892746166767
0.0872231664977
0.0851559900159
0.0830937366863
0.0810542389426
0.0790961890804
0.0773073431042
0.075785698218
0.0746101337238
0.0738213030554
0.0734160249809
0.0733505828211
0.0735368592242
0.0738845734486
0.0747175582247
0.0748337529206
0.0747988759826
0.0748260661856
0.0748822400314
0.0749475693314
0.0750107442568
0.0750709392493
0.0751082551231
0.0751249607332
0.114886024214
0.114880859659
0.114883270889
0.114888486847
0.114908929127
0.114910940824
0.114890327067
0.114858164106
0.114865434493
0.1148581114
0.114850912909
0.114848519503
0.114853374043
0.114874916221
0.114881709592
0.114916872894
0.114921026632
0.114946783797
0.114988647156
0.115053600938
0.11513684233
0.115230863013
0.115323955736
0.115403349623
0.115458236018
0.115480700699
0.115465255862
0.115408209756
0.11530992876
0.115174599961
0.115008970187
0.114824041971
0.114642019096
0.114497459873
0.114447350894
0.114527815071
0.114769595966
0.114951481227
0.11625929593
0.114877236669
0.113349140879
0.113146889733
0.111566243354
0.109976569484
0.108298128558
0.106675915764
0.105050026246
0.103424108746
0.101774580817
0.100087569384
0.0983536986557
0.0965686590553
0.0947314622196
0.0928445054939
0.0909112699315
0.0889393894678
0.0869352359484
0.0849123187897
0.0828800179077
0.0808621907593
0.0788762694458
0.0769935290989
0.0753120543501
0.0739339730138
0.0729321156804
0.0723348073715
0.0721322799095
0.0722769204448
0.0726227363712
0.0728678214331
0.0733620813886
0.0734846626819
0.0735158343926
0.0735575349846
0.0736105015465
0.0736651907676
0.0737130171944
0.0737536182776
0.0737862806238
0.0737921614858
0.114877842228
0.11487728316
0.114878103472
0.114874062628
0.114882659282
0.114878406348
0.114863041158
0.114840887886
0.114861866812
0.114850033656
0.114845579463
0.114833009414
0.114827109733
0.114875996389
0.114882238489
0.114836687349
0.114864139473
0.114882293272
0.114904738751
0.114936473894
0.114973639985
0.115008371692
0.115035393772
0.115044881337
0.115026911076
0.114973347566
0.114878164519
0.114737716539
0.114553849548
0.114330560498
0.11406951518
0.113786054476
0.11352359923
0.113347686067
0.113342490165
0.113625476433
0.114330617552
0.115750923666
0.117094568903
0.115981707314
0.113594410633
0.112430548081
0.110279771821
0.108259788622
0.106297408668
0.104518986598
0.102799022267
0.101116509993
0.0994330566151
0.0977263921335
0.0959821991761
0.0941934006561
0.0923575963129
0.0904767698705
0.0885541582625
0.0865982292189
0.0846151791756
0.0826206100118
0.0806232211267
0.078651040884
0.0767202800767
0.0749181246423
0.0733522278358
0.072126087438
0.0713023642689
0.0708950853015
0.0708757779911
0.071134772279
0.0715684307486
0.072598149437
0.0722301031961
0.0722059718658
0.0722131930135
0.0722459720644
0.072288828612
0.0723317332687
0.0723681849322
0.0723946941787
0.0724177849071
0.0724264290512
0.114857664099
0.114871473753
0.11487481937
0.114866633335
0.114863643112
0.114853319824
0.11483931045
0.114827964933
0.114849192255
0.114816883365
0.114815812819
0.114789563564
0.114748116507
0.114767932859
0.114905871124
0.114819354438
0.114812335078
0.114808173761
0.114806976498
0.114807784824
0.114803739206
0.114789399497
0.114758616841
0.11470450525
0.114618328601
0.114490586496
0.11431474713
0.114087290531
0.113808890629
0.113472823266
0.113075113274
0.112655070574
0.112258180247
0.111961513131
0.111896487296
0.112279648447
0.113396698879
0.11647664178
0.117831576759
0.116801887559
0.113569963071
0.111040949105
0.108436344738
0.106187425798
0.104067097363
0.102218388723
0.10046571245
0.0987674281626
0.0970762057917
0.095366111793
0.0936212169859
0.0918339123558
0.0900019084216
0.0881278207464
0.0862153451443
0.0842744623215
0.0823113503141
0.0803444916875
0.0783814773457
0.0764557484669
0.074581074137
0.0728646717673
0.0714216086193
0.0703530798455
0.0697100833281
0.0694952590627
0.0696452054916
0.0699873405016
0.0705007639655
0.0708671844157
0.0708423849565
0.070843673952
0.0708576077545
0.0708867520993
0.0709227609404
0.0709586641508
0.0709896182649
0.0710117246992
0.0710291843205
0.0710416667056
0.114859574091
0.114866039563
0.114876320755
0.114865419196
0.114846533086
0.114828474576
0.114808633342
0.114787835849
0.114766765624
0.114764996081
0.114771236109
0.114745957575
0.114706086175
0.114700288266
0.114694174561
0.114734212606
0.114736325683
0.114725110437
0.114704797768
0.11467541571
0.114634002062
0.114576314181
0.114494844109
0.114382905107
0.114232012636
0.114032397168
0.113774674173
0.113455139436
0.113063304036
0.112579181077
0.112019998808
0.111415375154
0.110794201066
0.110223097243
0.109832002588
0.109819543256
0.110516770618
0.112696844209
0.118154957964
0.11221505888
0.111551413247
0.108432249707
0.105683630108
0.103555269839
0.101509892711
0.0997270359764
0.0980268841153
0.0963657499114
0.0946989741469
0.0930045660852
0.0912698187237
0.0894895803574
0.087663599465
0.085796365055
0.0838928670816
0.0819653670192
0.0800201862675
0.0780796608432
0.0761496438989
0.074270597446
0.0724522022849
0.0708268528812
0.0695127094569
0.0686044100185
0.0681421083309
0.0681079814475
0.0683694052855
0.0688209874263
0.0697470350259
0.0695338881912
0.0694658435554
0.0694492647175
0.0694584029117
0.0694837554748
0.0695158852564
0.069548648123
0.069577625201
0.0695976568879
0.0696147563213
0.0696287711763
0.114857797603
0.11485569736
0.114874019675
0.114849013639
0.114827822143
0.114805238196
0.114780371485
0.114753638625
0.114721629024
0.114726573482
0.114732303188
0.114713994865
0.114687709212
0.114681364004
0.114685325308
0.114685349461
0.114671834555
0.114645091663
0.114603202097
0.114545981123
0.114470722461
0.114373506892
0.114247196937
0.114082205697
0.113870739018
0.113599055834
0.113258220626
0.112836899121
0.112309679043
0.11167092888
0.11093029892
0.110085351657
0.109135881843
0.108128581369
0.107152837154
0.106284736491
0.105640710572
0.105360727509
0.106039036842
0.103243582104
0.106462902301
0.104340895297
0.101946954319
0.100324677785
0.098628832622
0.0970626692785
0.0954998996391
0.0939252601834
0.0923116777648
0.0906491919814
0.0889331082892
0.0871635659505
0.0853441570311
0.0834823691333
0.081585289026
0.079668195577
0.0777376664041
0.0758210320631
0.0739214701312
0.0720885225872
0.0703256088086
0.0687966532046
0.0676165345624
0.0668717303413
0.0665905792537
0.0667034576013
0.0670404737346
0.0676898301523
0.0679494099734
0.0679716823903
0.0679786119326
0.0679920291604
0.068013264278
0.0680430704968
0.0680763998838
0.0681094856865
0.0681396827414
0.0681613599664
0.068179714638
0.0681937497256
0.114848606185
0.114841619029
0.114824559902
0.114828976615
0.114810284629
0.114785140792
0.114756957874
0.114728018073
0.11469602611
0.114701765499
0.114704654966
0.114691563669
0.114675560344
0.114672917011
0.114679768995
0.114648924178
0.114615786226
0.114568831507
0.114503251253
0.11442146373
0.114317471779
0.114185750269
0.114017756962
0.113805079593
0.11353494206
0.113192382412
0.112767785309
0.112237680011
0.11158056045
0.110785979282
0.109841873048
0.108710246937
0.107370448224
0.105887588577
0.104271429719
0.10245014682
0.100304425995
0.0976521874868
0.0933233310192
0.0952496202633
0.097027441147
0.098436549708
0.0975440082872
0.0967568105364
0.0955821329476
0.0943235831285
0.0929464470146
0.0914850323698
0.0899395504062
0.0883165136374
0.0866218446828
0.0848625585588
0.083047203672
0.0811869589059
0.0792916281537
0.0773800985772
0.0754592497809
0.0735627116296
0.0716896517733
0.069901349788
0.0681918080255
0.0667632525401
0.0657189797444
0.0651429769597
0.0650421464617
0.0652447726906
0.065688305478
0.0666632433302
0.0664690611557
0.0664632466713
0.0664837878841
0.0665144993523
0.0665497688163
0.0665887715846
0.0666281664725
0.066665120688
0.0666976759324
0.0667252748268
0.0667475015815
0.0667626175463
0.114840759234
0.114836855815
0.114830002419
0.114831534636
0.114801207797
0.114769960814
0.114738103784
0.114707850585
0.114679250413
0.11468411886
0.114684699758
0.114674200893
0.11466337326
0.114668944281
0.114647320298
0.114612113522
0.114563664772
0.11449525496
0.114410945352
0.114307644158
0.114175652949
0.11401353886
0.113811091733
0.113554197383
0.113226871519
0.112820604228
0.112315694977
0.111683519455
0.11090299446
0.109954882087
0.108796607414
0.107360685318
0.105682066882
0.103795789552
0.101609252386
0.0989517920978
0.0955421626915
0.0900498165614
0.088329047373
0.0886029045804
0.0894806261872
0.092852611018
0.0933801315835
0.0933334649576
0.0926250332947
0.0916525852757
0.0904515922137
0.0890978935997
0.0876164201828
0.086028623958
0.0843504536043
0.082595636765
0.0807778300986
0.0789120073158
0.0770110678486
0.0750978802559
0.0731796547083
0.0712978165984
0.0694458415387
0.0677005049235
0.0660419946823
0.064717597074
0.0638072026086
0.0633945834035
0.0634427970229
0.0637349406616
0.0643976227504
0.064812522023
0.0648696197295
0.0649246943381
0.0649796993466
0.0650367149847
0.0650925736471
0.0651482320657
0.0652013715785
0.0652494478586
0.0652900973817
0.0653247249101
0.0653490288816
0.0653618000875
0.114837742253
0.114837276561
0.114834344965
0.114836278953
0.114794728186
0.114757369266
0.114722099463
0.114690783703
0.114666524276
0.114670396732
0.114669605749
0.114660010387
0.114648749677
0.114638451535
0.114620228948
0.114576965582
0.114513548147
0.114429948839
0.11432823795
0.114201796578
0.114049175542
0.11386472285
0.113628872142
0.113328031346
0.112956751502
0.112494829621
0.111912026903
0.111189938762
0.110302132896
0.109204263508
0.107830977754
0.106147331867
0.104217447281
0.102016672311
0.0994412425338
0.0963200157678
0.0924323092865
0.0866328543508
0.0858952041948
0.0857116306355
0.085871288515
0.089029055013
0.0900897255456
0.0904013999679
0.0899593421195
0.0891714236638
0.0880924344596
0.0868144337764
0.0853761957418
0.0838084867516
0.0821343638194
0.0803727305416
0.0785416880778
0.0766595694491
0.074742549712
0.072817597811
0.0708923712729
0.0690177973385
0.0671798031987
0.0654761376831
0.0638675828686
0.062657873153
0.0618967545205
0.0616455502046
0.0617213925393
0.0620575773139
0.0633065292083
0.0632315548241
0.0633046460788
0.0633915733338
0.0634808538135
0.0635705644626
0.0636562843572
0.0637373250903
0.0638119899812
0.0638779736315
0.0639333595594
0.0639758854619
0.0640014425279
0.0640094782424
0.114835979202
0.114837385054
0.114834757476
0.11483641803
0.114788020364
0.11474583136
0.114707717375
0.11467486816
0.114649648337
0.114660466315
0.114659291302
0.114650675037
0.114642485788
0.114631667732
0.114600976247
0.11454489046
0.114467334346
0.11437077129
0.114252622698
0.114110532927
0.113942826534
0.113734203595
0.113468266929
0.113140314377
0.112734102134
0.112215844918
0.111570943778
0.110778416386
0.109790699793
0.10855879086
0.107013858487
0.105148946187
0.103032598876
0.100622651097
0.0978319333288
0.0945379865402
0.0906394638053
0.0853704552441
0.0853322900921
0.0853591773621
0.0849645611584
0.0868864973678
0.0877250234729
0.0880462936703
0.0876698013551
0.0869480149858
0.0859201499424
0.0846725609947
0.0832466433055
0.0816761907179
0.0799877462061
0.0782032662038
0.0763441841109
0.0744313964167
0.0724844350993
0.0705341889959
0.0685890559428
0.0667112740096
0.064877385469
0.0632134425695
0.0616523909131
0.0605730495215
0.0599997684462
0.0599707486191
0.0601595465022
0.06041396181
0.0612726056763
0.0614992303812
0.0616828316406
0.0618390129697
0.061982270203
0.0621167076556
0.0622441364777
0.0623594135648
0.062461859692
0.0625497293007
0.0626217164633
0.0626742863018
0.0627073404245
0.0627197739017
0.114834104479
0.114838842829
0.114832350686
0.114833987999
0.114780849917
0.1147348858
0.11469505954
0.114660672024
0.114655772326
0.114658079379
0.114654345506
0.114645686093
0.114639822836
0.114631550915
0.114586953826
0.114514690401
0.114422663503
0.114313810933
0.114185672517
0.114033110399
0.113850874404
0.113625498601
0.113344841744
0.112998421505
0.112556506158
0.111995074509
0.111306101123
0.11045688602
0.109392349084
0.108056811925
0.106377223346
0.104383750295
0.102146449326
0.0996142026317
0.0967260548568
0.0934083639348
0.0896441044723
0.0848953513284
0.0851457457563
0.0841085421748
0.0844236742104
0.0856686462975
0.0860569971796
0.0861999766596
0.0857543418365
0.0850022714396
0.0839589779367
0.0826949281392
0.0812469513626
0.0796470910932
0.0779222377788
0.0760953623784
0.074190019817
0.0722287208401
0.0702344512781
0.0682414842172
0.0662594776178
0.064363477819
0.0625186064306
0.0608880167208
0.0593663671378
0.058435441798
0.0580541585683
0.058120465254
0.058435431861
0.0599676705826
0.0597292347638
0.0598603812353
0.060063411687
0.0602769261157
0.0604854773652
0.0606781829767
0.0608563645869
0.0610136776509
0.0611497755442
0.0612640981353
0.0613559295854
0.0614206579848
0.0614648046952
0.0614873227319
0.114827967624
0.114835284034
0.114821612302
0.114824207971
0.114771240597
0.114725039507
0.114689283783
0.114663787837
0.114654931715
0.114656951945
0.114652238055
0.114642347438
0.114636517992
0.114629953175
0.114573061917
0.114486919686
0.114380795895
0.114259042178
0.114121538232
0.113965753463
0.113780231488
0.113548301813
0.113259922919
0.112896956482
0.112430389871
0.111844450812
0.111126741775
0.110236363547
0.109112495575
0.107703815396
0.105942458779
0.103868159218
0.101557007992
0.0989628125992
0.0960439594803
0.0927579883558
0.0891263400967
0.0846336424922
0.0852265880928
0.0842048161978
0.0840226189911
0.0849207483709
0.084883622702
0.0847681829932
0.0841750585788
0.0833254781409
0.0822134073753
0.0808912856616
0.0793882136865
0.0777316747743
0.0759467006468
0.0740556719766
0.0720831616509
0.0700523632192
0.0679899317901
0.0659326582411
0.0638925032913
0.0619581771529
0.0600802156236
0.0584656748569
0.056957719726
0.0561931916886
0.0560269748649
0.0561979593308
0.0567121692304
0.0575190787736
0.05771847082
0.0580324600604
0.0583638472302
0.0586821644487
0.0589799933538
0.0592514317992
0.0594913426306
0.0596984522044
0.0598735337905
0.0600178199165
0.0601312622819
0.0602132511862
0.0602703152325
0.0603024220944
0.114815971565
0.114806680451
0.114805852156
0.114809367849
0.114756426391
0.114712255352
0.114679123766
0.114658244506
0.11465314506
0.114656582072
0.11465122537
0.114638845623
0.11463094965
0.11462461503
0.114563362252
0.11445906135
0.114336981657
0.114205437062
0.114065228332
0.113909562827
0.113724946039
0.113497514877
0.113210575985
0.11283958759
0.112360835907
0.111761754364
0.111028067826
0.110118684148
0.108970538816
0.107523534585
0.105710382202
0.103594446635
0.101250294319
0.098635606383
0.0957229156613
0.0924913693445
0.0889888456516
0.0847585297688
0.0854659321896
0.0845269788786
0.0839464083083
0.084488667217
0.0840645690769
0.0836647764852
0.0828842129769
0.0818953387826
0.0806761443829
0.079262538159
0.0776754295179
0.0759365543305
0.0740677774721
0.0720897811739
0.0700272003702
0.0679030926943
0.0657481235138
0.0636004590323
0.0614766340162
0.0594800047056
0.0575439682978
0.0559237221147
0.0543849898778
0.0537492439561
0.0536746717575
0.0539557242187
0.0551813949856
0.0554799845891
0.0557313466529
0.0561443734055
0.0566122524129
0.0570629332704
0.0574711510928
0.0578370057423
0.0581524033078
0.0584183679411
0.058637951439
0.0588152232871
0.0589515563041
0.0590541333684
0.0591237819212
0.0591639591421
0.114809181384
0.114792012282
0.114794360999
0.114794302026
0.114744764152
0.114707147862
0.114680311565
0.114660823473
0.114657700559
0.114659977395
0.11465153241
0.114634670049
0.114622346619
0.114606884601
0.114542862294
0.114430239599
0.114296377204
0.11415597705
0.114014122986
0.113863444611
0.113688862654
0.113470326425
0.113186897488
0.112816862947
0.112340799195
0.111748810913
0.111022716904
0.110113748748
0.108960660382
0.107501319122
0.105676472762
0.103557389419
0.101212517423
0.0986048346604
0.0957138156869
0.0925309811537
0.0891214416755
0.0850950560211
0.0857605660464
0.084939222863
0.084068849624
0.0842550106028
0.0834949990733
0.0828174804973
0.0818360490852
0.0806858855357
0.0793347295544
0.0778048320953
0.0761099666934
0.0742659988306
0.072290942668
0.0702030334762
0.0680260598416
0.0657822437375
0.0635065470999
0.061236964012
0.0589983777871
0.056909879331
0.0548901094769
0.0532603736897
0.0517006251901
0.0512081010952
0.0510080363674
0.0512904758349
0.052945250898
0.0531365556486
0.0535907474095
0.054156980038
0.0548002658467
0.0554164898003
0.0559682218233
0.0564468293964
0.0568531298911
0.0571893385277
0.0574603244857
0.0576742699734
0.057837153672
0.0579587367961
0.0580394048466
0.0580837259668
0.114800577233
0.114785145645
0.114787373086
0.114787020015
0.114739675101
0.114705703957
0.114681778467
0.114663806144
0.114662277039
0.114663013714
0.114651997939
0.114629392077
0.11460826789
0.114550282735
0.114536612971
0.114409761262
0.114255657166
0.114099535636
0.113954579135
0.113819057825
0.113669935002
0.113469525969
0.113195990498
0.112833355972
0.112369631882
0.111797250978
0.11109045307
0.1102009976
0.10907025477
0.107637943129
0.105845922533
0.103753711179
0.101435619302
0.0988550490051
0.0959886627925
0.0928280349226
0.0894434273828
0.0854948430242
0.0860345382647
0.0853690944189
0.0843044525901
0.0841423934177
0.0831033118517
0.082173218802
0.0809937074992
0.0796735682473
0.0781760761328
0.0765127489505
0.0746917940069
0.0727235743108
0.0706218447182
0.0684017565613
0.0660851916562
0.0636928472069
0.0612638376988
0.0588339783959
0.0564415911659
0.0542191489516
0.0520726640861
0.0504204611631
0.048901440265
0.0487942979024
0.0487666225971
0.0486981982924
0.0501018797375
0.0506674052001
0.0513291430149
0.0520893913835
0.0529334104529
0.0537623358568
0.0544863619841
0.0551016599232
0.0556147001445
0.0560327549587
0.0563623161419
0.0566176469827
0.056810758272
0.0569513326121
0.0570438446056
0.0570907623388
0.114778635575
0.114781529579
0.114780561978
0.11477566651
0.114738182224
0.114708234949
0.114685679756
0.114667467202
0.114666855772
0.114664799439
0.114653050872
0.114627434319
0.114600248893
0.114572729429
0.114588273817
0.114409727499
0.114214068942
0.114032540073
0.113886768315
0.113777755022
0.113667395216
0.113491295494
0.113233925976
0.112887284727
0.112443827418
0.111897119539
0.111220995093
0.110365589207
0.109282745047
0.107920206863
0.1062120739
0.104183597131
0.101919693894
0.0993883313346
0.0965489021451
0.0933753162964
0.0899231866442
0.085868344626
0.0862442816646
0.0857536340211
0.0845962979128
0.0841112588434
0.0828481318635
0.0816972436072
0.0803300500879
0.0788390547601
0.0771885544563
0.0753813107832
0.073421250868
0.0713137167623
0.0690678405323
0.0666949449647
0.0642135837408
0.0616419578548
0.0590219787599
0.056384914515
0.0537896452513
0.0513757059911
0.0490371066749
0.0472990234194
0.0456996610007
0.0457653355291
0.0460865330583
0.0485216442528
0.0477962596705
0.0482176020431
0.0489828278099
0.0499473469085
0.0510161442802
0.0521029733111
0.0530444147119
0.0538230070809
0.054458403619
0.0549693237965
0.0553685109241
0.0556716540855
0.0558954517685
0.0560535345191
0.0561586929383
0.0562078176992
0.114770989625
0.114776620712
0.114768374526
0.114756606283
0.11474531744
0.114716496586
0.114692780311
0.114675480403
0.114668241677
0.114664862696
0.114654992958
0.114632453698
0.114610972105
0.114600311222
0.114610172131
0.114411017275
0.114161565234
0.113950257672
0.113821579277
0.113743741265
0.11368547931
0.113538093924
0.113296002527
0.112964762746
0.112547198597
0.112038180945
0.111407000663
0.110606040899
0.109589957797
0.108319886547
0.106747150941
0.104841340322
0.102671642811
0.100226956039
0.0974336046601
0.0942229803843
0.090598446474
0.0861672840823
0.0863756298733
0.0860499923653
0.084927220106
0.0841531742899
0.0827007634463
0.0813601697482
0.0798224196183
0.0781666988765
0.0763632409428
0.0744076262823
0.072300602258
0.0700431469642
0.067639433745
0.0650959974839
0.0624262401471
0.0596443342364
0.0567913778441
0.0538906431161
0.0510281519621
0.0483402588179
0.0457357559303
0.0438902834039
0.0421108972639
0.0420502858752
0.0424733058014
0.0443417026158
0.0445345365832
0.0453305809769
0.0464213435145
0.0476962580245
0.0490551694414
0.0504301377872
0.0516487550455
0.0526278250012
0.0534048956247
0.0540164994803
0.0544898470979
0.0548455992713
0.0551036173976
0.0552782446137
0.0553949288912
0.0554490490646
0.114757824627
0.114754583517
0.114758027043
0.114755825641
0.11475614193
0.114723749976
0.114696526404
0.114675334238
0.114657062718
0.11467465731
0.114656701464
0.114633818719
0.114610338302
0.114597055314
0.11454901445
0.114412155882
0.114098957849
0.113860607812
0.11376178015
0.113740189026
0.113720441234
0.113591514269
0.113373148269
0.113059703947
0.112666487543
0.112203651539
0.111633838726
0.110903503656
0.109968058454
0.108813943619
0.10742210134
0.105711207919
0.10370269994
0.101413032182
0.0987267141911
0.0955041002419
0.0916225632347
0.0863131532579
0.0864175148079
0.0861870338992
0.0852350528289
0.0842131485081
0.0826085897705
0.0811291555643
0.0794554887724
0.0776495429696
0.0756975161945
0.0735929029761
0.0713351044202
0.0689215106077
0.0663507932183
0.06362328351
0.0607450210633
0.057724108604
0.0545954113399
0.0513707671298
0.0481614510592
0.0450667778669
0.0420521808402
0.040057000715
0.0382436812652
0.0385996209345
0.0389676324798
0.0401436770891
0.0409037985628
0.042142388956
0.0436744792024
0.0453568788963
0.047076837456
0.0487706532205
0.0503068630205
0.0515291236854
0.0524710381313
0.0531941015636
0.0537416676515
0.054146695892
0.0544389876557
0.0546342059157
0.0547600206636
0.0548252288576
0.114752758837
0.114750135019
0.114755535772
0.114756494863
0.114757309315
0.114723808064
0.11469692983
0.114676540513
0.114662842838
0.114676199313
0.114643628814
0.114628272256
0.114600121625
0.114579514297
0.114573296974
0.114531604693
0.113995828844
0.113749577535
0.113739352571
0.113727995974
0.113701650739
0.113658417467
0.113469922585
0.113157213455
0.112773214982
0.112369782677
0.111883992969
0.111245559109
0.110392132564
0.109345879422
0.108159316113
0.106743501085
0.105033670488
0.102997695538
0.100554604534
0.0974786337315
0.0934402881522
0.0866514942447
0.0864381693821
0.0859772837808
0.0851152427454
0.0841504241822
0.0825640617619
0.0810253921561
0.0792505438789
0.077301050963
0.0751981721782
0.0729420854996
0.070531715574
0.0679601421029
0.0652188164548
0.0622993564268
0.0591972532209
0.0559111803042
0.0524638150984
0.0488577449596
0.0452229664555
0.0415692543092
0.0379300961859
0.0353984476765
0.0328723073165
0.0339541479957
0.0376565025929
0.036012498639
0.0369261348165
0.038667183808
0.0407742137494
0.0429736128437
0.0451278722356
0.0471776226268
0.0490456156692
0.0505402013535
0.0516640725746
0.0525073421466
0.0531355062396
0.0535903113621
0.0539109197794
0.0541253304055
0.0542604277544
0.0543350029458
0.114750264584
0.114749530227
0.114754251755
0.114755284645
0.114754528764
0.1147186765
0.114691755109
0.114669035055
0.114647908861
0.114613977623
0.114647379169
0.114626710374
0.114589400839
0.114571702761
0.114524196552
0.114218915411
0.11370728139
0.113717103922
0.113728183279
0.113662683578
0.113596049466
0.113572709864
0.11350233504
0.113223659817
0.112832247252
0.112509850837
0.112139312001
0.111629242854
0.110840215487
0.109834632708
0.108850680314
0.107794486979
0.106570610401
0.105030413195
0.103043528757
0.100582183106
0.097337045696
0.0927313212018
0.0866979868695
0.0818595882247
0.084002618585
0.0842617157457
0.0828674495984
0.0812102565195
0.0792769088291
0.0771462095328
0.0748713349105
0.0724567090854
0.0698948857788
0.0671701294599
0.0642631898168
0.0611532785603
0.0578205055436
0.0542467902836
0.0504317913338
0.0463683800759
0.0421939669468
0.0378452355715
0.0336011927816
0.0304449454306
0.0261971223334
0.026836584988
0.0300166810836
0.0297928664168
0.0319628500928
0.0347860710603
0.0377587584678
0.0406228784269
0.0432809925547
0.0457101805559
0.04790583827
0.0496797607609
0.0509899495887
0.0519531414062
0.0526607959665
0.0531700187585
0.0535214666455
0.0537506888466
0.0538890616248
0.0539535052324
0.114750040171
0.114749628906
0.114752129579
0.114750662558
0.114748513013
0.114707744114
0.114682168212
0.114661913273
0.114645133336
0.114630465881
0.114652340262
0.114617692431
0.114560962516
0.114479744877
0.114327951047
0.11393038454
0.113745520806
0.113768069937
0.113784699391
0.113579684957
0.113447682335
0.113460527992
0.113418768886
0.113259895148
0.112666046878
0.112540947297
0.112352716536
0.112127062491
0.111351592994
0.110175187786
0.10935011616
0.108649827809
0.107985429589
0.107164355212
0.1060469801
0.104459681503
0.102469789591
0.0995246395285
0.0951262633569
0.0851363421074
0.0852750150246
0.0855871236879
0.083949312548
0.0818323642928
0.0795547343891
0.0771682348466
0.0746979766115
0.072126148641
0.06942573003
0.0665658462881
0.0635134750837
0.060232828975
0.0566844784689
0.0528238344609
0.0486079412995
0.043986883402
0.0390260272328
0.0336319617262
0.0287239651139
0.0253532858252
0.0200576156194
0.019006900656
0.0187856333641
0.0217066716194
0.0262179588352
0.0307119966113
0.0348258511244
0.0384655117165
0.0416584895633
0.0444622643778
0.0469520096144
0.0489761703403
0.0504575649448
0.0515330000903
0.0523091658193
0.0528631276053
0.0532440782856
0.0534879388658
0.0536278940504
0.0536807060469
0.114750205328
0.114750448586
0.114750928438
0.114744530509
0.114730081753
0.114677648921
0.114660840505
0.114647255343
0.114632895752
0.114617520492
0.114602709438
0.114586211737
0.114538015753
0.114472438852
0.114299419753
0.114033944995
0.113922639743
0.113989711583
0.113932152179
0.11338231251
0.113413149324
0.113429410376
0.11332676688
0.113040160862
0.112772109124
0.112721230457
0.112521023339
0.112272190576
0.112095585321
0.110167266227
0.10946623417
0.109214732427
0.109157632695
0.109179763009
0.109192147873
0.109187770822
0.109165492132
0.109078383949
0.108599166277
0.0942490680993
0.0908519901593
0.0884977210379
0.0855922640265
0.0826572347095
0.0799169828411
0.0772662180774
0.0746264117899
0.0719320860194
0.0691303071055
0.0661744765952
0.0630193401143
0.0596163291302
0.0559086069541
0.0518243081775
0.0472693428314
0.0421084030625
0.0361956466017
0.0292195005971
0.022046341458
0.0143236144513
0.0047165145937
0.00919568584856
0.00233877718176
0.0119785714911
0.0203095059202
0.0269640226554
0.0323446696685
0.0367481052595
0.0404230686863
0.0435463968079
0.0462635233157
0.0484675960165
0.0500798805737
0.0512443870461
0.0520761911224
0.0526634788384
0.0530664292271
0.0533247867949
0.0534733934399
0.0535306207926
0.114750872905
0.114751857716
0.114747094306
0.114735601822
0.114712296984
0.114684230098
0.114664656845
0.114648881768
0.11463333455
0.11461750644
0.11460141413
0.114583595254
0.11457681733
0.114532793382
0.114396016307
0.114176434221
0.11400964051
0.113922577906
0.11377834453
0.113561393339
0.113489478784
0.11347240326
0.113347423637
0.113095957315
0.112849444538
0.112653478581
0.112372820522
0.112039768123
0.111320636566
0.110352779721
0.109788386148
0.109557697831
0.109457454707
0.10940602056
0.109383402185
0.109396820229
0.109456886401
0.10958548163
0.109898656376
0.109677369501
0.0992881968297
0.0912796691287
0.0866224935703
0.0831002529408
0.0801004815469
0.0773205953585
0.0746045468828
0.0718575948092
0.0690133561794
0.0660178083028
0.0628202344887
0.0593664473593
0.0555918000488
0.0514114924484
0.0467050996133
0.0412841300741
0.0348378200417
0.0267135511086
0.0158404794951
-0.00359956995704
-0.0220188698777
-0.00312472614964
0.000454629908961
0.00141649295208
0.0159077210884
0.0244683314674
0.0308421741748
0.0357673735663
0.039744743103
0.0430581161224
0.0459092974267
0.0482075536639
0.0498845337649
0.051097766914
0.0519628485409
0.052569056057
0.052982492251
0.0532493361401
0.0534090318903
0.0534726404895
)
;

boundaryField
{
    frontAndBack
    {
        type            empty;
    }
    upperWall
    {
        type            zeroGradient;
    }
    lowerWall
    {
        type            zeroGradient;
    }
    inlet
    {
        type            zeroGradient;
    }
    outlet
    {
        type            fixedValue;
        value           uniform 0;
    }
}


// ************************************************************************* //
