/*--------------------------------*- C++ -*----------------------------------*\
| =========                 |                                                 |
| \\      /  F ield         | OpenFOAM: The Open Source CFD Toolbox           |
|  \\    /   O peration     | Version:  v1806                                 |
|   \\  /    A nd           | Web:      www.OpenFOAM.com                      |
|    \\/     M anipulation  |                                                 |
\*---------------------------------------------------------------------------*/
FoamFile
{
    version     2.0;
    format      ascii;
    class       volScalarField;
    location    "330";
    object      alpha;
}
// * * * * * * * * * * * * * * * * * * * * * * * * * * * * * * * * * * * * * //

dimensions      [0 0 -1 0 0 0 0];


internalField   nonuniform List<scalar> 
6400
(
0.846960414632
1.2944835629
2.00408330813
2.3612057328
2.71274171103
3.09427094791
3.68490486815
4.36893018892
4.57316716711
4.98248094832
6.11850801657
6.71105791844
7.16788795591
7.74700752443
8.5683002558
9.41699804294
10.0845269793
10.7201016407
11.2725140566
11.5235526988
11.4885641355
11.504798563
11.8136054823
12.4541624961
13.1929400247
13.8227151264
14.2647330108
14.65650826
15.1252461273
15.6833458264
16.2769973029
16.6580453106
16.7578177143
16.7388967203
16.6181771754
16.3160847615
16.2011809267
16.4610981535
16.2783009123
15.7866147026
15.7384631943
16.302323073
16.90495368
17.1952218328
17.2548656396
17.1552621358
16.9711736875
16.7640620377
16.5429232505
16.3222652292
15.9607111521
15.1071182699
14.1255962102
12.9885931091
12.2568622502
12.1288185304
11.5273478969
9.91082388155
8.09475779142
7.15782072102
6.02222350745
4.82060757471
3.58164969025
5.17742882587
9.27835669225
14.2542375551
17.275000103
17.0101069508
15.0345408688
13.3868272321
12.4669966434
12.5827588645
13.0351140004
12.8628312841
14.8029598801
14.2115204794
16.0200297407
9.92576244717
12.8796578885
4.81859885899
3.09892569215
2.42166506794
2.97542418358
4.18228587037
3.90725601283
3.58448106181
3.64548420505
3.9596862477
4.44040923032
5.07157681373
5.86717787803
6.66004385915
7.33877953604
7.98624310435
8.63524901638
9.39343538328
10.1865842979
10.9753948956
11.9975722828
12.0412295149
11.7478872186
11.6820830655
11.8906927102
12.4818110262
13.4470053583
13.968522132
14.357083812
14.813476752
15.3128561168
15.8342799551
16.3756737518
16.9236936116
17.0254989965
17.0188345863
16.9699930768
16.4810186542
16.4764947496
16.7513228734
16.4472642041
15.6839642843
15.5763962195
17.418012756
18.6687318596
18.8076031775
18.7647242375
18.4648803791
18.0114639771
17.6100587832
17.0172069867
16.4704315597
16.2595589485
16.4935309209
15.9807167391
13.2127551119
12.7216652691
12.1024071914
10.3133759786
8.78017659911
7.43942074449
6.13764335697
5.04646468012
5.23095827815
3.90089384565
5.43742500408
9.35433197078
15.2051780437
18.9610121701
17.7807127872
15.6365862018
13.7096147944
12.9485788749
13.2783854691
14.2749432372
13.6640726182
13.4601032185
12.8913474268
11.6520815092
9.78460836833
8.20490703848
4.29296876388
3.09333097439
2.64834546946
3.14149433811
3.27607063487
3.60903714678
3.9417204532
3.8736683474
3.89397097907
4.36144669431
5.05447107118
5.84564291072
6.65784199724
7.38944243292
8.04907466089
8.55765004146
9.23497787187
12.2307847076
14.3237510038
14.5792938125
13.6433962874
11.5835932449
11.2044003267
12.0744302698
12.7270510649
13.2838500397
13.9289137843
14.485851665
14.9471090554
15.4241962807
15.9613840024
16.44360818
17.1448985423
17.2833920439
16.8777928884
17.4513373375
16.9800303401
16.3313516284
17.0262471823
16.7032901652
15.9335780621
15.8202965073
16.4172450533
17.0482789847
17.3590024992
17.4425252229
17.3870107025
17.2295713621
16.9913296725
16.6737721076
16.3031239842
15.8844843629
15.3170637918
14.4945021353
13.802517906
13.2484578433
11.7945403016
10.2272283852
8.8413382597
7.57140290414
6.42654303922
5.53442610702
4.7017365604
4.18295176452
6.37647031148
11.4402060166
16.09881028
18.4057410414
18.5469228205
16.9680039732
15.2809081281
14.5441247547
14.3955377019
13.7076090134
13.0809751216
12.9966643581
12.5926105783
11.5605656073
9.91351208133
7.48211714477
7.64297655096
2.93511942291
5.3609954112
3.30403250317
3.30775930138
3.94505131292
11.735792679
10.0637427066
4.63292893991
4.36791412947
5.07449507235
5.8703418883
6.69212085457
7.40024952098
8.13130117311
10.0285931742
12.2850155118
13.9295412915
14.1058389621
12.4879458552
11.0586426032
11.1409355346
11.4751417878
11.9474930786
12.6324637701
13.378198241
14.0823174529
14.6857700388
15.1058664041
15.6416403945
16.0453002318
16.7988217656
17.0967028139
17.7696869161
17.4730467341
16.6939242746
17.1671794197
16.6357164542
16.0833216059
16.044753436
16.0454318002
16.1780936702
16.5924554239
17.065671159
17.370240352
17.4919738523
17.4714435349
17.3403559364
17.1205355357
16.8220536303
16.4559498382
16.0155086275
15.4618068707
14.7746232088
14.0160072259
13.0837552392
11.8150903481
10.3800991534
9.0297045512
7.84549609713
6.86238113192
6.11514422079
5.59014453513
5.60079248122
7.19904076747
10.7291307596
16.430084368
20.0099355933
20.2260768243
18.5749125875
16.2339633534
14.6156098795
13.7922465038
13.9059541273
15.2165060513
15.0951247145
13.7278194718
13.5319185976
16.7621877499
13.1911422797
11.230738272
5.37025690145
7.36597270977
3.84647284164
4.16525347415
6.25019501596
11.6174245972
7.81269831794
4.86812635642
4.86580904948
5.29824678063
6.02260133997
6.87016266991
8.31615847272
10.8676457682
11.8437908948
12.0517265477
11.7210669209
11.019638152
10.6970735645
11.1201711168
11.2854104119
11.4672596682
12.020612819
12.7409827521
13.5229949031
14.2819405894
14.8195533289
15.4695585589
15.7585963016
16.5561549369
16.795168345
18.1505224906
17.6372706964
16.8695277003
17.0250710115
16.2782978335
16.0574535005
16.0608792827
16.1453671417
16.2529210608
16.4324839084
16.7581744743
17.1353015059
17.4208058438
17.564520762
17.5722307145
17.4657946719
17.2670201225
16.9903096612
16.641719235
16.2123688525
15.6822773283
15.0388567704
14.2661782237
13.2701533106
12.0022531978
10.6308246415
9.37302597147
8.33500329984
7.55071756134
7.03203424444
6.83017813483
7.21485624181
8.05230314994
10.7263108475
15.8972755468
20.075549838
21.4913251458
20.3229514006
17.5724615015
15.1091055047
14.7482933998
16.8958478542
17.7021981246
16.6174035288
15.655563661
18.2353881677
21.2042962597
16.5604322222
15.68184468
9.70361996077
8.82821356049
4.77178442655
5.50397290124
11.8803553826
11.3064015528
5.79991283833
5.36015425831
5.43225454028
5.63299159083
6.32105919334
9.1982322753
12.6337071198
12.9525543585
12.4084687541
11.0732546856
10.1938963444
10.1585591041
11.0277430665
11.124693532
11.0941361601
11.5155843272
12.1712768028
12.9535570018
13.6379773252
14.4194281946
15.3923857541
15.5454225732
16.603340042
16.5331158597
18.2807187603
17.7671697668
18.7679061941
17.3457101686
16.0730726229
15.8162736128
15.9516041439
16.1367399047
16.3031622796
16.458934457
16.6597386292
16.9434515254
17.2612546949
17.5243352365
17.6762231312
17.7043163784
17.6198210411
17.4443541656
17.1956561391
16.8779578527
16.4806227939
15.9842810776
15.362540899
14.5693731907
13.5445936449
12.3158387453
11.0548214691
9.94157632182
9.05987192076
8.45375253279
8.13705090501
8.29369375048
9.34661719587
8.68785976902
12.2227087326
17.6227653692
21.2980659582
22.7147991191
21.7923135027
18.4605235345
16.3017375026
18.0228310276
20.149378361
19.5824590593
18.5376088436
18.5682904705
23.0349718814
24.5804906999
19.6252414424
19.424029815
11.7762267057
8.46524281474
5.80704831463
5.47957614515
11.7583135723
7.83437862439
5.78783626753
5.87264871458
5.9511756857
6.62853792714
6.98618606806
12.5487777666
13.069399997
12.9878553374
11.2821414399
9.72532924635
9.62300118839
10.9911521582
11.056792493
10.7255789581
11.1032362675
11.6291788515
12.2838627092
13.0631446037
14.044891953
15.0311627378
15.3756377194
16.8435387459
16.5614132198
18.5038189846
17.7968507518
18.9850042403
17.8962001942
17.0223706193
15.7211651959
15.6644135862
15.9805095844
16.2669706549
16.4737697939
16.6585598032
16.8773659967
17.1439410581
17.4283625526
17.6728953296
17.8269228008
17.8690510746
17.8053189756
17.6580707995
17.4464301217
17.1720241444
16.8192686298
16.3608055565
15.7568284091
14.9595715844
13.9499153232
12.8036621494
11.6844760599
10.7279880358
9.97629865471
9.43705852762
9.23198937832
9.45786218403
9.62275420567
10.0292808757
13.4449940099
20.0542488354
22.6116787432
23.0382779592
21.9962996812
19.7647796803
19.5215421872
22.0070088557
22.3984803404
21.5088932314
20.8736013879
22.759547507
25.4239740055
26.8323777138
22.2882495453
21.1564885747
11.3827376009
7.85849162874
6.86647911149
11.7891653243
11.7511029925
6.43925563674
6.35554522303
6.45062044655
6.61197370973
7.13431210159
12.3620593756
13.2396663202
13.1690763646
12.5008267741
9.79790756451
9.11667670436
10.7903783752
11.2036204703
10.5601476828
10.5700558617
11.1557964975
11.8532121602
12.5142146374
13.3706187369
14.1191680469
15.5072099075
15.5033462806
16.7960195159
18.3982550876
18.5695210047
17.3284944472
18.221938587
18.118866225
16.0155936975
15.6326502562
15.7800544589
16.0932320084
16.4046656562
16.6474341757
16.8598972022
17.0953596162
17.361013167
17.629836534
17.8610155588
18.0141639378
18.0672154512
18.0257215287
17.9132154905
17.7482223201
17.5280068949
17.229965213
16.8166936206
16.240786394
15.4674444507
14.5172234769
13.4915265383
12.5221772359
11.6694587547
10.9105971425
10.3104835758
10.1229637778
10.3816050004
10.8830719308
11.7095102655
12.4974874522
20.047442654
24.2722045487
24.4170467939
23.8778282742
22.9974569725
23.8593152029
25.1778759428
24.4489280639
23.7018868605
23.8390391762
26.0539303851
26.6530557975
27.1780179006
24.3115592872
22.1875502229
10.4988597513
7.53994193969
7.507062541
12.7036209954
10.4639568262
6.8272619658
6.967937988
7.17850544472
8.67640793705
7.12462576782
13.1355102889
13.6861909184
13.1609392457
10.9988679238
9.17643360363
9.24317325212
10.9088860044
10.8026606132
10.3860612293
10.599282145
11.1469684477
11.9710734472
12.7697462713
14.1470787188
15.3493652989
15.3772674199
17.5870971441
16.4991720391
18.7052239286
17.5174662404
19.0965539683
17.1754114524
16.3580751255
15.8435863626
15.7675036459
15.9518617838
16.2372674593
16.5484452711
16.823748482
17.0703130293
17.3248402162
17.5955852343
17.8603138732
18.0847214898
18.2360344426
18.29935439
18.2842384659
18.2141062416
18.104586233
17.948459412
17.7157843336
17.3599293566
16.8319196767
16.1166338783
15.2662860084
14.3821141313
13.5279475175
12.6495496859
11.6838318248
10.9180112924
10.8894653885
11.6437456275
12.6382831966
13.490524935
14.1048390849
16.7439084763
24.4052105918
26.1461901589
26.2849548741
27.0260996329
28.1187275233
27.7522730079
26.6763603148
26.3750960217
27.2355583189
28.299157092
28.0590447503
27.3925680098
26.3536988142
24.9775651119
9.73080629451
7.77599926935
8.68848509214
12.7077240595
8.03432021921
7.83312571246
7.58227674934
7.83048217532
11.392783539
9.9450499043
13.9640105896
13.8949659698
13.1513430883
10.0528285927
9.09591769419
10.9163240464
11.1732188878
10.4735545729
10.3338374078
10.7782772469
11.2750888651
12.0408624356
12.6922366145
14.3295551444
16.6664140434
15.2395129659
17.4964468187
18.6391610118
18.9552558161
19.3072563921
17.8409135866
17.6797901871
15.8895725221
15.6981454369
15.909674246
16.1366422053
16.4000165888
16.7004384044
16.9998034331
17.2861452697
17.5697667189
17.8522510148
18.1182180765
18.3407531658
18.4930830682
18.5675073948
18.5822262674
18.56224724
18.5173438586
18.4345704642
18.2787057342
17.9967060829
17.5424294226
16.9222609671
16.2066338345
15.4603056817
14.6142358825
13.4530269487
12.088327569
11.3529783807
11.9460485135
13.4240894689
14.7913562113
15.7766698625
16.3974567726
16.1351204312
16.9922525467
27.9576314629
30.8346096067
31.9916591791
31.9153159317
30.4803072252
29.4558054635
29.5589518569
30.5041887149
30.6726405467
30.3108319647
29.9444802427
30.2390820508
30.4002897957
9.44254451027
8.4558989807
12.3186853781
12.6908646592
7.84081650928
8.52934221505
8.17312063081
8.83026439081
10.6493688846
13.6489627513
14.6874707775
14.0649215852
13.2717826417
9.84418302879
9.19289459022
11.4983815713
11.2005061218
10.3824423971
10.3501385729
10.929027473
11.7130456632
12.3854221006
12.886647741
13.9009418162
16.8171686228
17.9543689234
16.8429190694
18.7999851292
17.2284323848
19.3516568236
19.3975886406
17.536369412
15.7786976086
15.7908885142
16.085391395
16.3315859318
16.5842877351
16.872179256
17.1792104649
17.5029879883
17.8279810427
18.1317773868
18.4040088388
18.6282345994
18.7845687746
18.8740347597
18.9231990411
18.958322666
18.9841741618
18.9829056707
18.9155993463
18.7263229106
18.3770163465
17.8938265126
17.3398272062
16.6706453193
15.551974091
13.7760037344
12.2832246301
12.1630420701
13.8117611504
16.0240027065
17.6552967467
18.6963004213
19.0885379555
18.677685438
17.7682171841
19.2995789931
32.5422188226
37.7821795824
36.5578998985
34.160871382
33.1545874687
33.3251728494
33.7896095233
33.8741634783
34.0199868045
34.4441154109
34.9994927079
35.6467567216
9.55365502134
9.20958785157
13.8917158412
13.1910744525
11.0247270775
9.67270258222
8.96095022398
10.3424804798
9.86013608918
14.5827514928
15.2185924818
14.2919978431
13.1787780688
10.27560001
9.95793656194
11.9979183693
11.1358666493
10.4045686857
10.4608939701
10.9706674941
11.8966676185
12.8345529763
14.6799821625
14.0490881331
16.2305269518
18.3466278499
16.5646355683
19.1112625124
19.6725744742
18.1076885175
18.0866529332
16.3317730063
16.0946876422
16.1164574374
16.3135261869
16.5533931696
16.8003300133
17.0775289862
17.3713164912
17.7101477395
18.0873957724
18.43738848
18.7226954656
18.9476331486
19.1111682945
19.2214823627
19.3097346678
19.4020554453
19.5001141231
19.5836049588
19.6119231506
19.5350969311
19.3325885699
19.0332684195
18.6308269661
17.8023859121
15.9462548737
13.751707623
12.8020392344
13.8501951782
16.8217597556
19.5684021502
21.3697948976
22.6189056319
22.9870438464
22.3410088486
21.0471210345
19.3837092339
28.7866725016
38.9663473766
41.8212507557
39.1292492447
38.0820439582
37.997339816
38.1026963678
38.0873944111
38.832311422
39.5533841012
39.486984731
39.6970870381
9.99257573732
9.77346077903
13.5139339087
13.5275969224
13.4809974286
10.6390052415
9.88342672773
13.3832048483
10.0114046887
15.4240566302
15.6194571707
14.5333988193
13.1024057984
10.7410594112
13.0042291013
13.0887380472
11.2126551527
10.5637432741
10.7026191747
11.1254038126
11.8620427467
12.7904278124
16.1595735091
17.1284720111
15.5389915772
18.4437048204
19.2341922808
18.5650758609
19.6441353587
19.6949125084
18.5836788582
16.2989410954
16.2839597815
16.4388080848
16.5922477804
16.7975693158
17.0210857211
17.3119578947
17.6224686863
17.942958619
18.3356383819
18.7432452533
19.0713980428
19.3058187756
19.476493475
19.6123328477
19.7442867282
19.8927099377
20.0564801664
20.2160293279
20.3371364108
20.3934561061
20.3892845231
20.3086493486
19.9435066954
18.4862120113
15.7091755721
13.7907282954
14.1690651171
17.085999741
21.195819438
24.2898090474
26.1972601177
27.8514327789
27.6547199072
26.156778054
24.2109400068
21.8320963573
25.2042948356
36.3312189052
43.571987309
44.9753688824
43.0399036981
42.7502021251
42.5083395812
42.9484026197
44.1178864984
44.795081799
44.8380831833
45.0805561789
10.4900300129
10.3624144677
10.0575678684
13.7609050163
13.8901057511
11.226287404
10.7280150402
14.2435232724
10.4852580086
16.266311695
15.964532361
14.7841230993
13.1509316054
10.9394532321
14.1940429229
13.4857216494
11.4928275651
10.8834871648
11.0216777282
11.4541022794
11.9533536388
12.6997487606
16.7517939003
18.1548546102
15.8183791151
18.5451306119
19.7676951612
17.7060978244
19.2631370764
19.0516431406
16.7868256157
16.6541644354
16.7215643247
16.7991439716
16.8932521545
17.0999059982
17.3068687136
17.5331935181
17.8679692624
18.2322467577
18.6224712316
19.0514726605
19.428153663
19.6960057009
19.8860174386
20.0525492865
20.2293943999
20.424632763
20.6388312515
20.8534746942
21.0397250371
21.2456538422
21.4978502962
21.654048128
21.0057146945
18.1693781972
15.1248716878
15.3054839271
18.512942149
23.2273937277
27.0041643052
27.4826199364
25.2243065844
22.334984602
18.3115669338
16.094498485
16.2469524836
16.6207227897
15.7085370573
16.7764155959
42.2275428173
46.0643117052
47.0389755904
44.8771582897
43.522120845
46.7165080664
49.4162582424
50.2865065334
51.4368153742
52.1379318214
11.1590527505
11.2265186415
14.3489726254
14.2826983034
14.1949525572
11.7058880665
11.6872564021
14.9258805202
11.3714847845
16.9680459911
16.2752283748
15.0444294994
13.2646385774
11.2406692731
14.3911021791
13.4914389889
11.7774117811
11.2480740864
11.3511127306
11.7318025866
12.1965144618
12.7744438005
15.9703315559
18.9470983986
19.0324516202
17.6959822525
19.9637592043
20.5840803348
17.4750065699
16.8034124781
16.6601646677
16.8476774313
17.0128646976
17.1274047063
17.2594577489
17.4079169032
17.6065002206
17.8492862262
18.1221244923
18.5133281859
18.9501815539
19.3954612099
19.7981377174
20.1046242986
20.3372206431
20.5445655599
20.7637686498
21.0081109148
21.2504485469
21.4482529699
21.6432796649
21.9979984266
22.5381048484
22.8320504773
21.1363327732
16.9397911695
16.1009963641
17.7592481629
20.779940195
22.2211484727
16.094508006
0.104020780394
0.00029560435143
5.11685537309e-09
4.00241945419e-09
9.71695406219e-09
6.5499952908e-08
3.06798122513e-07
1.133313796e-06
7.20203206475e-06
5.6390303355e-06
0.000489216540443
0.278445954557
25.8334513848
47.3160604712
48.1345704731
51.7592709066
56.6920390249
59.3159024311
59.7550992307
11.7655884834
11.9486915978
15.892041755
14.775858853
14.061433237
12.2090440403
12.6389758511
15.4431311418
15.4319654887
17.8098747272
16.620260238
15.3766349208
13.430239982
11.6923807356
14.5952382203
13.4510248864
12.0717474813
11.625122846
11.6684742052
11.9782340788
12.4283637346
13.0628656671
15.2832455081
19.1907833986
20.4361004072
17.0944708903
19.5162420206
20.5177153427
19.8610112125
17.4166848738
16.7859722295
17.0557857352
17.3404623436
17.5366454445
17.570633981
17.7347533535
17.9051329264
18.1601656872
18.4417071691
18.8142750694
19.2895847871
19.7776902483
20.1904567158
20.5113097995
20.8031510655
21.1257959172
21.4415671035
21.7051892624
21.8421175755
21.9411475396
22.1329015736
22.5264422596
23.3369150298
23.4620070106
19.055907889
15.0503630853
11.0317564945
0.230355211586
0.0066614998243
9.69792263765e-05
7.87935720649e-08
1.314746259e-10
9.26770671774e-12
0
0
0
0
0
0
0
0
1.28897995751e-15
4.34746254719e-13
6.50287731503e-11
3.77276116931e-08
5.26962145423e-05
2.85363469878
59.278219579
55.6019988627
64.0377125189
12.2474735664
12.4550571345
18.1291544258
15.1132993625
13.6155222118
12.6627379978
13.2978093113
15.2805269261
16.998093718
18.7843422403
17.1077397551
15.8246769296
13.8255814903
12.4610384387
15.009488975
13.5770803237
12.4605169007
12.0613406707
12.0253856208
12.2584024939
12.6446889564
13.2413569914
14.9818077829
19.0477513833
21.4097790388
20.4391768515
18.8629861339
19.8389392278
19.3713373902
17.0107468815
17.2460687064
17.5672950529
17.9255704392
18.0002917286
18.0461585314
18.0754528365
18.273512728
18.4807382769
18.7826648691
19.1586406988
19.6276080368
20.1607245321
20.6686261097
21.0147570844
21.3559091747
21.7986760479
22.2364790368
22.4971147216
22.5280068632
22.5297631246
22.6148901068
22.7821718668
23.0031833293
22.1106942054
15.1797706401
0.0823558726948
2.70091404002e-05
1.09213808884e-06
1.48909740716e-08
4.08350978414e-11
0
0
0
0
0
0
0
0
0
0
0
0
0
1.66085052802e-14
1.65041619555e-13
3.61806989438e-12
1.75435206101e-10
9.74231955382e-07
63.4893686474
0.0156316998816
12.6126837724
12.8068048242
20.25856576
15.3400914681
13.4838781357
13.0949463775
14.0833293018
14.2903459548
17.9465743944
19.469558829
17.5876586959
16.2888546605
14.4370782657
14.5141039921
15.5877816018
13.9559987023
13.0572037446
12.7129664578
12.4909348304
12.6282793345
12.9155912299
13.4437323731
14.9032681613
18.9109023372
21.7935810473
22.1101905814
18.0985711515
18.3106294312
17.4602893289
17.1100065405
17.4822894591
18.0840111027
18.4133103516
18.4796178394
18.5233868112
18.7055039206
18.6868324712
18.8691227588
19.1429574403
19.4929004973
20.0442134126
20.6323708468
21.1640689481
21.4627820388
21.8578641339
23.414926678
25.6156454242
26.2538082692
24.6889674633
24.2946073031
24.1812570652
23.8826101442
22.9960614356
20.6926546843
0.656826600044
2.9466273995e-12
2.97760349068e-09
4.85862832083e-11
0
0
0
0
0
0
0
0
0
0
0
0
0
0
0
0
0
0
2.56596199566e-13
1.73762708156e-12
3.20432840341e-10
78.0423574874
12.9544079411
13.1175433553
19.9759532365
14.4438939889
13.501875164
13.4586971536
14.9769902372
14.0456572241
18.7280500933
20.124211578
18.0581344209
16.729643631
14.8906546474
16.9272301007
16.4286110226
14.5443888474
13.7550296401
13.8100745874
13.1840577523
13.170996192
13.2895926081
13.6688518836
14.9817733074
18.7570659993
21.6388434158
23.2286470279
21.4298420449
20.0797449334
18.9666463563
17.4245170632
17.800551284
18.8467298545
18.7551854047
18.9270633426
19.4091050058
19.2206070849
19.2064497729
19.3720849366
19.6417217598
19.9709603184
20.3909633351
21.0295869604
21.7436598592
22.7577316785
24.2145013393
26.3433261428
27.9652498996
27.829849835
27.8072351716
28.7138844238
29.941534549
31.1444961429
30.1624786096
1.80908387635
0.000237771958958
3.22939894465e-06
0
0
0
0
0
0
0
0
0
0
0
0
0
0
0
0
0
0
0
0
0
0
7.89542369529e-13
0.0574671273391
13.3913847369
13.539028412
19.4725598369
13.8389673671
13.6860266487
13.741945539
15.7213529279
14.3705829752
19.364461462
20.7649446982
18.5352612102
17.1911072895
15.2799902519
17.5671949094
17.19766636
15.2085806368
14.4350698999
14.6371592201
14.0302192538
13.9433982028
13.8856783011
13.9107043059
15.2302491812
18.7241557864
21.3379092157
23.5783136495
22.6705925661
20.3769132747
17.7194905236
17.9603162833
18.4175276654
19.4143268057
19.8597363185
20.1110203909
20.2231353173
19.8131810112
19.7883994758
19.9765052787
20.2353173829
20.5787098642
20.9755696161
21.6865178076
22.879683872
24.8966048441
26.2405379821
26.5106645621
27.384802399
28.2068455556
31.2915464143
34.9076935213
39.9562631862
42.0704993973
2.39789210013
0.000413504198721
8.48118405969e-07
2.05345780547e-08
6.89276082905e-11
0
0
0
0
0
0
0
0
0
0
0
0
0
0
0
0
0
0
0
0
0
1.32685250658e-13
1.75554705815e-13
14.0896687121
14.2407307428
18.9309870024
13.9469649219
14.1844185944
14.1353734932
15.4941269187
15.0521112988
19.7651752483
21.3634063225
19.05301957
17.7122543263
15.8139000945
18.1660270987
17.907414604
15.9998803638
15.1981931836
15.454566109
14.8421272905
14.8681697569
14.7984369758
14.3290005139
15.6885715497
18.8609006568
21.1913533755
23.6745868381
23.1478167156
20.8297999179
18.0241483052
18.1204103453
19.1730768877
19.3065607811
19.5518590628
20.0999716995
21.1717471682
20.8121320805
20.6907906246
20.6487968567
20.8482210175
21.2848028407
21.8023260253
22.6091136611
25.0036479427
27.2823231105
27.3265632988
27.4569356414
28.9604995577
33.5573136708
39.6427519651
44.64789758
45.6359195102
0.0857086216436
3.54682319012e-06
1.16288692179e-09
7.29649179441e-12
1.47893975576e-11
2.2710995958e-12
0
0
0
0
0
0
0
0
0
0
0
0
0
0
0
0
0
0
0
0
0
9.80715628293e-15
4.45314149604e-14
15.1825989093
15.2753737195
18.9967581013
14.7960199499
15.3449861846
14.913899618
15.5741830922
16.4518255411
19.5927578875
21.7599937367
19.6442106526
18.3163750486
16.4706127843
18.8504529487
18.6497037093
16.9781694835
16.1798199184
16.4497459294
15.656408952
15.9043647699
16.07489891
15.0214939996
16.1806068341
19.15996527
21.2238547078
23.4735935427
23.3425301368
21.2758156491
20.4669654358
19.0203809042
19.6301195252
20.4266982434
21.4544345926
20.6026572543
21.0805704485
21.897097892
21.6382166423
21.7589333393
21.781252244
22.0416789702
22.6860224957
24.8828391155
28.3661779232
29.2244665753
28.7081116953
30.1445556121
35.9706187845
44.1879118691
49.9637480673
42.2963733732
0.00129853188329
1.21235657107e-08
8.29534331484e-11
0
0
0
0
0
0
0
0
0
0
0
0
0
0
0
0
0
0
0
0
0
0
0
0
0
0
0
16.7587585605
16.5540312582
19.5900719906
16.7462167579
17.391020992
16.1195598297
16.3889356165
18.5349956548
19.6126475138
22.2728722782
20.3719366427
19.0173300372
17.2304852618
19.5704046453
19.3862253112
18.0726417611
17.7245109216
17.7914429347
16.5574987055
17.0633298562
17.695371269
16.0924656058
16.5046311273
19.5249463619
21.4358557966
23.2573944368
23.5043305414
21.2762972294
21.651983981
20.6958329839
20.8158813413
19.755757461
20.6634944786
22.0728018395
21.9950971601
22.3918773231
22.5953712632
22.6833797147
22.9499902586
23.1883279762
24.6630872002
28.8201500703
31.4171759218
31.4737728121
32.0987466172
36.7548753976
45.589384736
51.3171690833
28.5208242654
1.15883234924e-05
2.02588353702e-08
9.27626240921e-11
0
0
0
0
0
0
0
0
0
0
0
0
0
0
0
0
0
0
0
0
0
0
0
0
0
0
0
0
18.4572336143
17.7474497797
20.2763121137
19.4366909893
19.0947708585
17.562608202
17.3081064845
19.6341716025
18.4132689346
22.6382967054
21.2213286284
19.8080526645
18.0863700954
20.3074310521
20.0685058764
18.9712149282
20.0216713907
19.4319437
17.5924951382
18.3951207491
19.0671451616
17.511517227
16.4496856537
19.4398241594
21.5651737771
23.0713615763
23.5271760087
21.2877062966
21.928231392
21.9998281515
22.0570501901
20.457046857
21.0157052289
21.6715093112
22.9195899388
23.6086272718
23.8124730444
23.8145059495
23.9926751309
24.9639929455
28.805940435
33.0069796835
34.6681054014
35.3163859675
38.0044785371
44.3016919625
46.8520278514
11.5026049243
3.12025648337e-05
4.51722957429e-08
1.58202094187e-10
0
0
0
0
0
0
0
0
0
0
0
0
0
0
0
0
0
0
0
0
0
0
0
0
0
0
0
0
0
19.2329931148
18.5868958122
20.6888081353
20.4207981278
20.098926654
18.9577161573
18.4538145053
21.0034165747
19.383138548
23.1378220547
22.0779619739
20.650821847
19.0315496377
21.0816219454
20.7769117885
19.729506555
20.938192501
20.4717576326
18.6218802009
19.7437518477
19.7237595851
18.2001408552
17.5580978107
17.7330609404
21.0390661362
22.5315033335
23.2750572105
21.2305767366
21.9355145672
22.4634773052
23.0241235848
22.5097275216
20.9952043969
21.5807767567
23.0612797947
24.4313844722
25.145935405
25.463789188
25.6410489091
28.7574267015
33.6965024897
37.0250574134
38.2444072017
39.6393087194
43.162651371
41.7378115022
16.3409226005
0.000164838612336
1.48486670295e-07
4.22897724297e-10
0
0
0
0
0
0
0
0
0
0
0
0
0
0
0
0
0
0
0
0
0
0
0
0
0
0
0
0
0
0
19.2334722617
19.1454058168
20.9570760144
20.5699992745
20.7520560835
20.0579986835
19.4678696941
22.3469570336
21.1059290899
23.8060832032
22.9944901791
21.5304044111
20.0589577959
21.9072481513
21.5637282683
20.6431825648
21.6840227133
21.3838818501
19.7382655091
20.7267509465
19.1036344965
18.8769247829
18.5660120183
18.8953517211
19.7913471783
20.6559171744
22.392588015
21.0811241961
21.3175666076
22.4237775393
23.4180578494
23.8621224181
22.5985684563
22.3040363579
23.028529486
24.3275853392
25.8746317488
27.175816204
28.6389753916
33.480387791
38.0821645314
40.5328041758
41.0617332994
41.5634951415
37.4891328564
25.7851746648
0.00111800829921
5.15776721912e-07
1.15538810581e-09
0
0
0
0
0
0
0
0
0
0
0
0
0
0
0
0
0
0
0
0
0
0
0
0
0
0
0
0
0
0
0
19.4571550959
19.5582892837
21.2248790567
19.420497789
21.0169181624
20.6564620979
20.1584514065
22.8988749575
21.9072947577
24.5216535784
23.9702209096
22.4242474063
21.1805174585
22.7721337625
22.4007970143
21.7002561578
22.4911856965
22.4087152292
20.9748105835
22.0959160428
20.4320592459
20.6150631758
19.7991321731
20.1432222334
21.7625806634
22.3504601253
22.0082727667
20.881271421
20.7144105651
22.3582937671
23.4086888799
24.0511174166
24.155365882
23.3684142014
24.6470194011
25.0551237249
26.4838711884
28.8343670496
32.4866536065
38.0076616184
41.8142281665
43.0721293764
41.1437108614
35.4427722676
30.1734981315
0.0423077602572
4.32801767131e-06
9.85294401068e-09
0
0
0
0
0
0
0
0
0
0
0
0
0
0
0
0
0
0
0
0
0
0
0
0
0
0
0
0
0
0
0
0
20.176491833
20.2498166448
21.4892516416
19.8278040164
21.2419443638
20.9712237024
20.6568981761
23.0370827272
22.4892842481
25.0493963938
24.9519635747
23.2799764374
22.3905332798
23.6363223366
23.2145546725
22.7346427128
23.2619209248
23.5286638582
22.2620830654
23.4558142363
22.2175586216
22.785769565
22.4414876476
20.9602784136
22.3419233766
23.3921093983
23.4526461285
20.7566761297
20.0162132785
22.2602266589
23.5510878945
23.473835966
23.7087278028
23.6471086008
24.7585978609
25.5402216941
27.2491133083
30.5979615394
36.4258804286
42.3399260585
45.0553266998
43.9367155398
36.0365738611
33.1723537113
19.5167700156
4.92098748582e-05
6.8659187333e-08
2.78414531114e-10
0
0
0
0
0
0
0
0
0
0
0
0
0
0
0
0
0
0
0
0
0
0
0
0
0
0
0
0
0
0
0
0
21.0896326572
22.3075056685
21.8946601285
20.849770689
21.7712259405
21.3486767387
21.143844599
23.157473901
23.0366599696
25.2138932349
25.9288814675
24.0657851345
23.4715493191
24.3262327931
24.0053142394
23.5032603946
23.4091912433
24.5609854437
23.6502850226
24.6374444051
24.2679427329
24.0518923646
23.7966045431
23.3331045049
22.4202016206
23.2740940965
24.4172786222
20.029171562
19.5153838306
21.4577719037
23.5766893495
24.1561072808
24.7134619348
23.6533736567
24.540524945
25.7705470469
27.6560841081
32.2356458732
40.203990346
46.342850907
47.7087093036
40.7875022773
36.3260205468
31.7743344625
0.0037118230071
4.65378199941e-07
1.18775710208e-09
0
0
0
0
0
0
0
0
0
0
0
0
0
0
0
0
0
0
0
0
0
0
0
0
0
0
0
0
0
0
0
0
0
21.7819020355
23.0313543987
22.6013118802
21.7734698553
22.4850785522
21.9292180423
21.7071028115
23.3732239289
23.5826577569
25.1038203184
26.8147907437
24.8544159563
24.1105110984
24.9018215167
24.9034451305
24.210112521
23.5326879078
25.2903327814
25.1271322717
25.6659368669
25.5822630579
25.6484490358
24.0867635877
24.0384993007
23.4931788694
25.0132348591
25.7775548298
22.3609357844
19.1134366003
20.3886378001
22.9329657844
24.4424179949
24.81569771
24.2870874892
24.1454865864
25.7255547813
27.5962180848
33.5157828483
43.686974185
50.2960549012
47.516614437
36.5500292037
35.8898836625
21.8506115461
1.59559253474e-05
1.37218678478e-08
4.61132687382e-11
0
0
0
0
0
0
0
0
0
0
0
0
0
0
0
0
0
0
0
0
0
0
0
0
0
0
0
0
0
0
0
0
0
22.3106915512
23.4247698933
23.2345226754
22.4240285354
23.1984942508
22.6687702367
22.3576375079
23.7683065335
24.1920449565
24.6128718744
27.4258584185
25.72774751
24.5770416203
24.8216806384
25.8433642083
25.083372755
24.0924711712
25.9011317131
25.9047560919
26.504062787
26.5434294641
26.8593437746
26.8680265413
26.7578931322
26.2713841144
25.7578728102
27.0476805164
24.3698272791
19.2182105683
19.5497659556
20.9368519428
23.2470140131
24.7468684542
25.8905288949
24.8693646278
25.025193179
26.8425529524
33.7217979861
46.8455102575
53.102456854
45.6615505629
39.4667194236
35.2659114755
0.00356158175834
1.96605669965e-07
5.37558093805e-10
0
0
0
0
0
0
0
0
0
0
0
0
0
0
0
0
0
0
0
0
0
0
0
0
0
0
0
0
0
0
0
0
0
0
22.8300392597
23.7932226057
23.7699933769
22.8987977545
23.8336745548
23.5211294497
23.0229082787
24.2917725633
25.0173628
23.9916067787
27.7835135045
26.7049880076
25.2645297481
24.3195623564
26.6531770091
26.0311510445
25.021010105
26.6934311937
26.4765319734
26.8680011143
27.5873876816
26.5936757636
28.1893081451
28.5795778188
28.4175323586
28.3780720275
28.7077748174
27.4875400325
21.6927639665
19.2481228014
20.0149930286
21.1418991039
23.1627070481
24.3294863618
26.2605644015
25.4924894511
26.0794501113
30.9060312755
51.1033301774
54.6869666659
40.8523224749
39.8211841721
33.5841851129
1.8969728898e-05
6.67047598141e-09
0
0
0
0
0
0
0
0
0
0
0
0
0
0
0
0
0
0
0
0
0
0
0
0
0
0
0
0
0
0
0
0
0
0
0
23.3329445858
24.1397990248
23.829240089
23.2640941024
24.3663453733
24.3178778953
23.5968858275
24.320781551
26.0902333054
25.0299790165
28.0138283625
27.7429263045
26.2259414326
25.0792696502
27.4241819765
26.9689291789
26.2748539448
27.7315884238
27.3838391869
26.6877357032
28.7070074967
28.0497055889
29.2238708295
29.5830181828
29.8581113363
30.3295240038
30.8422884529
30.7375598461
27.82820531
20.5028700504
19.9567807501
20.7117981866
22.9962419343
23.368257704
24.7870100844
26.2612743066
26.8487365214
27.1214243524
48.7782752296
52.8715083965
42.826437982
36.6667285298
0.048109001795
3.33714933519e-07
5.4915759085e-10
0
0
0
0
0
0
0
0
0
0
0
0
0
0
0
0
0
0
0
0
0
0
0
0
0
0
0
0
0
0
0
0
0
0
0
23.7821094492
24.4348595614
23.7834411987
23.7997654446
24.901764885
24.8297576538
24.1453804192
24.2188212094
26.6184483722
26.1295706481
27.8743054999
28.7872944732
27.2414526634
26.4377077736
28.2042513397
27.8605197586
27.6824009212
28.6870305978
28.6490137408
27.9142220963
29.6974234443
29.632490819
30.3567751213
30.2747789348
31.4180693982
31.7776341461
32.8115439284
33.7228579345
34.0639027583
28.9233760192
21.5858003163
22.2510183797
21.7039127076
24.0167680971
25.1510101605
25.9753892126
26.8218989822
27.1881963692
26.3943586725
45.9955839067
45.5172716795
36.1844346884
7.13255617542e-05
1.36573756158e-08
1.67282637092e-11
0
0
0
0
0
0
0
0
0
0
0
0
0
0
0
0
0
0
0
0
0
0
0
0
0
0
0
0
0
0
0
0
0
0
0
24.2495956051
24.3913394008
24.5829609525
25.1238944423
25.5481753604
25.3679363582
24.815455002
24.6973455361
26.6011235178
26.8738366685
27.6192862365
29.6790595053
28.186572352
27.5686421028
28.747596736
28.7632711131
28.3378184289
29.2287388098
29.8782140683
29.543058633
30.6531806839
30.7668687564
31.2684043797
32.0567519237
32.7208926435
32.2562615497
33.9840342886
35.2318930993
36.5930097508
37.6635227297
31.8231922079
23.878424728
23.3002535091
23.0623935974
23.5591163704
24.2077965023
24.6168095975
24.6760384764
23.2111443068
26.710321627
38.3852786297
30.3051360003
1.27507295063e-06
1.02066899142e-09
0
0
0
0
0
0
0
0
0
0
0
0
0
0
0
0
0
0
0
0
0
0
0
0
0
0
0
0
0
0
0
0
0
0
0
0
24.7404250533
24.8152435651
26.375074175
26.2731696106
26.1054511285
25.8860375082
25.5818454907
25.4063625746
26.8410714259
27.7028458456
27.0170921688
30.0442437396
29.1719830135
28.0792685677
28.5105438052
29.7316653909
28.92148496
28.5909356911
30.7290216686
30.4112727692
31.2914875933
32.059087706
31.173206709
33.4428646433
33.9480251914
34.7188119223
35.4912950207
36.436177097
37.9559692289
39.5998323029
40.6206017144
35.7416564867
29.5761102633
25.0612555877
23.7050050282
23.457588609
24.4719101274
25.0818274955
25.451306282
29.7991808602
34.1694858315
0.00223359458291
4.96556853039e-08
1.29035689444e-10
0
0
0
0
0
0
0
0
0
0
0
0
0
0
0
0
0
0
0
0
0
0
0
0
0
0
0
0
0
0
0
0
0
0
0
3.91435072615e-15
25.1298372344
25.3267954587
25.554995545
26.4319277346
26.3802973445
26.3021715962
26.315826086
25.9976018456
27.1775162185
28.4257990287
27.6168817439
29.8072651065
30.3619924404
28.836521867
28.0333508122
30.470691589
29.8910470912
29.3107092448
31.3121925346
31.2265887949
30.8917644186
33.3934230007
32.8834457145
34.1980679754
34.6411403613
36.2727517507
36.8036446511
37.7009201936
39.1383660721
40.6803943574
41.9249179386
43.9417446239
41.8110234318
38.1848201468
35.9572397713
35.372433009
35.390908048
35.4637330338
37.2384868753
45.2475543586
36.0706796709
1.30834420155e-05
4.15735848698e-09
0
0
0
0
0
0
0
0
0
0
0
0
0
0
0
0
0
0
0
0
0
0
0
0
0
0
0
0
0
0
0
0
0
0
0
0
9.80715628293e-15
25.4534038063
25.6933114534
25.5525542827
26.5012737382
26.8295528732
26.7494140642
26.8209892897
26.3978306936
26.966129104
28.7442356111
28.3736389423
29.1905109627
31.469836363
29.9875238074
29.2288519092
30.8889132739
31.0237665877
30.4799221075
31.7174501375
32.4679944099
32.1633080097
34.0591799549
34.2116110269
34.9243028031
36.1720846666
37.0331633186
38.0814180498
39.2653401199
40.2940794444
42.0199198689
42.8224009318
45.3649491551
46.7546184734
48.558803515
47.3916168939
47.1198862216
46.7728489053
48.4850421558
51.9628955135
52.2594577481
50.7236516042
3.5793750666e-07
5.61785109569e-10
0
0
0
0
0
0
0
0
0
0
0
0
0
0
0
0
0
0
0
0
0
0
0
0
0
0
0
0
0
0
0
0
0
0
0
9.80715628293e-15
9.80715628293e-15
25.8274244019
26.0972790838
26.5759984109
27.5052930857
27.6041944501
27.2620170071
27.1662961499
26.7426218216
26.8901087513
28.6024282261
29.1813702118
28.2364171803
31.3066142339
31.3065074429
30.041887858
30.418963615
32.0966182567
31.3189519419
31.1616606434
33.2953933701
33.1761464666
34.4982205588
35.5494777106
34.855759249
37.0928334683
37.1114827806
39.5427493018
40.0710493371
40.9439840183
42.9699741904
44.3749186182
45.7834958025
47.1266398618
48.8897163202
49.8195944147
49.9135618537
50.6120719402
52.4194822188
53.8276775939
49.9826090082
46.9149325941
1.18172659078e-08
7.819124503e-11
0
0
0
0
0
0
0
0
0
0
0
0
0
0
0
0
0
0
0
0
0
0
0
0
0
0
0
0
0
0
0
0
0
0
4.78650382318e-15
9.80715628293e-15
9.80715628293e-15
26.204025165
26.4334769605
27.5663436205
28.6559049466
28.0376362927
27.6471415626
27.4718273856
27.133657821
27.0924407377
28.5024398815
29.7023534048
29.2252352002
30.3274547486
32.6984953157
31.1002225689
30.4175456701
32.6968721924
32.4737302862
31.9793141065
33.8194288772
34.2348248139
34.2417371435
36.5437252299
36.3803868869
37.7546542292
38.8128987132
39.9041420076
40.5933533302
41.94041394
43.0718106462
44.4975733521
45.7135078614
46.9440424936
48.5567100714
49.8695980504
50.744247171
51.2163358753
51.4998993985
50.577932121
42.6319134848
0.00403755927807
2.01707170362e-09
0
0
0
0
0
0
0
0
0
0
0
0
0
0
0
0
0
0
0
0
0
0
0
0
0
0
0
0
0
0
0
0
0
0
5.95890859784e-15
9.80715628293e-15
1.57235212569e-13
1.65912325885e-13
26.5619381687
26.7010765414
27.4061799039
28.1443601315
28.135986129
27.8671903845
27.7073387143
27.5538631252
27.2794063571
28.0157489682
29.5817664091
30.0902219505
29.2302330767
32.2426716784
32.5407585536
31.2231129182
31.9510606836
33.5617119487
32.8938926255
33.2653816422
35.2962453179
35.0734215986
36.8547708067
37.8235607288
37.124567272
39.4050285232
40.3414971264
41.7054040573
42.2973844848
43.1339927276
45.1255789283
46.1042795831
47.3496657219
48.7337222262
49.4356466822
50.9266947295
51.5031140114
51.9808322326
51.7903035688
42.0873133938
1.04990762178e-06
6.19828859984e-10
0
0
0
0
0
0
0
0
0
0
0
0
0
0
0
0
0
0
0
0
0
0
0
0
0
0
0
0
0
0
0
0
0
0
0
1.22049315872e-13
4.11971326205e-13
6.1401161852e-13
26.9473338517
27.0175241094
27.5502203392
26.5906456317
27.8404594466
27.974221634
27.8560224956
27.8307299954
27.3392180912
27.6436359754
29.2052563965
30.5726180407
30.3944644556
31.0524059908
33.572373142
32.5805844671
31.9217231812
34.1962258467
34.3825170418
33.6609697928
35.9188201337
36.4116128796
36.2961154556
38.129110435
38.5189893036
39.5967528679
41.1819313111
41.9733644151
43.1070296216
44.2377324015
45.447419625
46.4360871496
47.8777624724
49.2718428853
50.4424830257
51.2353751729
52.7814460097
54.3115834646
55.0748096927
38.4515843317
1.39911542235e-08
1.83837481144e-10
0
0
0
0
0
0
0
0
0
0
0
0
0
0
0
0
0
0
0
0
0
0
0
0
0
0
0
0
0
0
0
0
0
0
5.55667275425e-14
1.99065693269e-13
2.79867207944e-12
1.89778595428e-08
27.1842009633
27.2636276724
28.2503250085
27.3223421379
27.7440189802
27.9947891641
27.9404191946
27.8996158188
27.4871896952
27.4994588338
28.4493535222
30.1778375599
31.375733408
31.1204651126
32.6566053032
34.3148758654
32.98418932
32.6148520714
35.3198627136
34.5483348044
34.518079693
36.9858956954
36.95180351
38.3115434457
39.2994755486
39.6323348352
41.2759531381
42.2906451455
43.6727819649
44.2500598371
45.579730004
47.4851012415
49.117375108
50.3139123462
51.6425815829
53.3549472114
54.5215866128
54.8473532349
57.5250399369
31.8016876905
2.07667418021e-10
4.90107953713e-12
0
0
0
0
0
0
0
0
0
0
0
0
0
0
0
0
0
0
0
0
0
0
0
0
0
0
0
0
0
0
0
0
0
3.5062400036e-14
1.16551541927e-13
1.11822387611e-11
3.2414018621e-09
15.6518783416
27.122884031
27.2016399231
28.1223133877
28.3061728536
27.2616108749
27.9364230888
28.0260971152
28.0336628085
27.9172027267
27.556599252
27.8874646032
29.4741717245
31.1144404443
31.9213410728
31.5300635866
34.2764158318
34.8425053905
33.4241935356
35.2333006847
35.8915489706
35.2188537963
37.1007305971
37.957306145
38.6284220178
39.7450276927
40.8519657945
41.517434746
43.3452441122
43.7596366767
44.2522902827
46.7629408444
48.3786910894
49.9084059401
50.985427442
53.1605025163
54.662725579
56.3453941728
57.224089786
62.3565848993
29.6164803119
3.83025810107e-10
3.36747621386e-13
0
0
0
0
0
0
0
0
0
0
0
0
0
0
0
0
0
0
0
0
0
0
0
0
0
0
0
0
0
0
0
0
0
1.12682140899e-13
1.39538302551e-11
3.20888347e-09
0.000120504029315
62.1186308985
27.1138613833
27.1735149767
27.2414002402
28.6766575779
27.4358482953
27.9727871315
28.2259375875
28.2751301727
28.3627317589
27.8609765088
27.9612512263
28.3854305314
30.3984420924
32.1167155126
32.1640164869
32.3139274043
34.9334760871
34.818664738
34.3906955352
36.2733930658
36.6085476715
36.8412518374
38.4049181284
39.2899528514
40.1910280028
41.1316158083
42.3400562892
43.3391042622
44.1697374073
45.6403585759
47.1169636587
48.603411531
50.3052817706
52.3459155116
54.9784244459
57.9836374609
59.5065782527
63.6431650631
70.5283822533
31.8410502279
1.96555277022e-10
8.19139181148e-13
0
0
0
0
0
0
0
0
0
0
0
0
0
0
0
0
0
0
0
0
0
0
0
0
0
0
0
0
0
0
0
0
3.5062400036e-14
8.31789809591e-12
1.87331038337e-09
2.77306972529e-05
82.6289707629
78.8061494815
27.5393073729
27.607763028
27.622429997
29.4033699328
29.7132587396
28.8613009675
28.723744667
28.660277925
28.694686978
28.4686754721
28.2026164885
28.5767242377
29.5541081715
31.4581533197
32.9388557979
32.574955422
33.8725264534
35.518950479
35.3486525953
35.1935577004
37.1641029838
37.8511769097
38.1788239457
39.6682967116
40.6285575737
41.3518740665
42.5102063822
43.5311491001
45.4675660761
46.7780878466
48.8393371295
51.2330487166
52.7100587388
54.7416269313
57.4278309869
59.5085457457
63.5023285591
71.6694580646
85.3406851061
76.7529810118
8.83385882687e-11
8.19139181148e-13
0
0
0
0
0
0
0
0
0
0
0
0
0
0
0
0
0
0
0
0
0
0
0
0
0
0
0
0
0
0
0
0
1.74744178138e-12
5.72391327984e-10
2.73708527628e-06
42.6242861856
76.7816708641
78.6967493038
28.1576250124
28.2087595491
28.6325846819
29.6372174753
30.5492137887
30.1366939408
29.8450690925
29.3829009237
29.1733624837
29.1824151629
28.622895724
28.8588426777
28.9659651416
30.4589275822
32.2075114002
33.4874649984
33.4786272235
35.2446129336
36.1587011731
36.1165676028
35.9925311645
38.0926052858
38.9626175171
39.67022852
40.743689198
42.15202071
43.0538809634
45.1979191468
46.5165354491
48.9377988297
50.3104782104
52.0603277449
53.6798442672
55.7897867084
57.4335979345
60.0936493147
66.8756762847
75.0265720839
92.3207127416
71.8300468642
4.26039863623e-12
2.19913468987e-15
0
0
0
0
0
0
0
0
0
0
0
0
0
0
0
0
0
0
0
0
0
0
0
0
0
0
0
0
0
0
0
8.78390327412e-14
8.145298654e-11
2.13135851481e-07
0.0568127124018
71.0950453467
70.9005746757
70.5667748699
28.5014870882
28.4268110043
29.0065991588
29.117390419
30.2883615964
31.4625451307
31.7622835404
30.5499759391
29.8299521352
29.5987510583
29.3671034366
28.8537857092
29.34015763
29.3210489588
30.738179918
32.8506035097
34.0874901543
34.2571031638
35.9296881976
36.832104005
37.0068075941
37.0160171124
39.0825579491
39.9869335223
40.941965115
42.548685384
44.2564588802
45.6923247063
47.5180409023
48.7603835137
49.8943789367
51.9898803801
54.7432848142
56.3611218276
57.258247628
61.4377021693
64.283408347
68.9164414689
73.4167948184
5.94300072211e-09
0
0
0
0
0
0
0
0
0
0
0
0
0
0
0
0
0
0
0
0
0
0
0
0
0
0
0
0
0
0
0
0
0
1.69603537147e-12
8.95295984082e-09
0.000412441534671
59.0262696284
61.7901979659
60.8313912075
60.2053704341
28.626277096
28.2290321631
28.3489805915
28.5795468493
29.1587424182
30.9631134618
32.5352528086
31.3640493555
30.4506031149
29.9665792729
29.8302965679
29.2969730921
29.6103401703
29.7255559336
30.2263103761
31.2435281483
33.7634774247
34.9166605206
35.1161621005
36.6357873987
37.5316577305
37.9733363571
38.13114743
40.0395737322
41.5208970684
42.7845432123
44.160529251
45.5334307551
47.3300317202
48.6260542678
51.7611563973
53.6915900965
55.1725102588
56.0428392884
58.0556206376
59.6243186391
60.3360437675
61.2199241345
52.0808171396
0.043522851919
0
0
0
0
0
0
0
0
0
0
0
0
0
0
0
0
0
0
0
0
0
0
0
0
0
0
0
0
0
0
0
0
0
1.24741654349e-10
3.50081730385e-06
28.3209754216
53.0770996621
52.2497019233
50.1338821962
49.4324328449
28.8802853607
27.9396988097
27.8563102222
28.0612991125
28.479288476
29.6449534724
31.364156287
31.7897513339
30.8678810683
30.3028287232
30.026633477
29.9676859745
29.3579481592
29.9735712387
29.9961534212
31.4108639988
32.5645680258
34.6256536134
35.7807422097
36.1434766663
37.2964576623
38.394938928
39.2215787207
39.8390974379
41.7698921594
43.417569292
44.1607071481
46.372809599
47.9385069347
51.1100214043
52.2930043938
53.46434755
54.6664607927
56.2634059744
58.4305720875
60.7648309694
62.6443264097
62.7684202401
56.825484793
43.3236375004
0
0
0
0
0
0
0
0
0
0
0
0
0
0
0
0
0
0
0
0
0
0
0
0
0
0
0
0
0
0
0
0
9.38704291157e-14
1.36810587974e-08
0.0136054528625
48.0473567965
47.1018379296
43.5815190082
39.4528375845
39.6679648933
29.2248923627
27.7661875992
27.5503080955
27.5894066356
27.9052240156
28.6201144732
30.1382506205
31.8399748925
31.3115051404
30.6250360471
30.2316430709
30.0893863593
30.0057525545
29.6083336172
30.5630938734
30.5160641495
32.1333270504
33.1462928106
35.1724153115
36.4451814731
37.4436619195
37.5748848763
39.5979960858
40.7170634611
42.0497164001
43.698028533
45.4196089189
47.1925680066
50.1844428042
51.2009075828
51.7596822702
54.3625522322
56.40400873
58.4933333481
60.5962008873
61.6229640044
60.8728669476
59.7379531349
45.7819124967
11.4186503506
0
0
0
0
0
0
0
0
0
0
0
0
0
0
0
0
0
0
0
0
0
0
0
0
0
0
0
0
0
0
0
0
1.13553003432e-12
3.04565856505e-06
46.8836878498
47.9847667143
39.1835874202
35.3179612766
31.6234840149
30.7465654069
28.8532629353
27.7039680041
27.3459288492
27.3432758592
27.4699201826
27.9453749271
28.5339210916
30.7449767957
31.7355582815
31.0440544121
30.4915133999
30.211685986
30.1869719481
30.0883204601
30.6553631347
30.9341148093
30.9291064658
32.862392226
33.9604244288
35.0493266223
37.4821322873
38.3894173854
39.284393514
40.9906724027
42.5367645785
44.0313463193
46.1154949822
48.5652496529
49.7908802849
50.2988820711
53.5037930992
55.5620860709
57.615886039
59.6268076361
61.057232063
61.4725217387
58.5791547746
54.190151342
29.7816393996
5.66280453114
0
0
0
0
0
0
0
0
0
0
0
0
0
0
0
0
0
0
0
0
0
0
0
0
0
0
0
0
0
0
0
0
1.34003207767e-09
0.790152705029
51.9583254353
44.6996782139
35.190753006
28.2735400026
25.6320654326
25.9841634976
28.1612597097
27.7129228872
27.2741036518
27.2441009509
27.2904863019
27.4705639585
28.2507678739
29.0778138096
31.0885641642
31.4352157174
30.8318512047
30.4103193205
30.24172146
30.3417584366
30.1398355119
30.9563644926
31.2443700121
32.3897089751
33.5602501466
34.9617857684
36.415377039
38.5408138298
39.6911165724
41.1515063666
42.5146990769
44.8969085331
46.6183585947
48.4258882657
49.250491076
52.3767627647
54.506103266
57.0532636781
59.3920245546
61.4671583045
62.9863763042
61.5750824278
61.1264274496
57.8745780212
49.1604663138
60.1591944785
0
0
0
0
0
0
0
0
0
0
0
0
0
0
0
0
0
0
0
0
0
0
0
0
0
0
0
0
0
0
0
2.54497627673e-14
9.98945267377e-07
50.4970915224
51.8084995871
42.075919974
33.2092282619
25.9278756108
21.8858394901
22.3886128263
27.8146841922
27.5668434364
27.2765779427
27.1204462857
27.1246886282
27.1601603983
27.4668444928
28.5503040276
29.3378244971
31.2176506577
31.3622361748
30.7865295417
30.4354206406
30.3342623831
30.3772425247
30.32334157
31.4959754277
31.8475193016
33.1767969012
33.9840338118
36.3462857795
38.3895558485
39.8246817026
41.0528636353
42.7228926561
44.816889891
47.4988343604
48.5700112747
51.4322498094
53.4984277574
56.3357683414
58.3278129291
60.3818811685
62.1444384697
62.8460670767
62.5056221175
63.3234782776
66.884590415
55.5515947581
79.3064049082
0
0
0
0
0
0
0
0
0
0
0
0
0
0
0
0
0
0
0
0
0
0
0
0
0
0
0
0
0
0
0
7.93736184635e-13
29.4648136407
55.5337140744
47.9343693437
39.460265954
31.7932604282
25.4440116427
21.7576317406
23.0940669667
27.9391982495
27.3257798363
27.1894472337
26.8834972101
26.7643332154
26.7040797598
26.7356875887
27.3313384288
28.5107741759
29.520901104
31.5287107687
31.433468257
30.9067619153
30.6141815025
30.5619753887
30.724552845
30.7936904503
32.0011509484
32.5379832421
34.3246277709
35.7904596627
38.1599609673
39.7753144901
41.1219692885
43.0114913762
45.5968715345
47.6259202916
50.4809221318
52.4835501693
55.140892061
57.2186083315
59.8065745984
61.9596950833
63.7502118388
64.6122910908
66.0407758478
67.7081190414
71.2737652588
52.3757000864
90.9751862207
0
0
0
0
0
0
0
0
0
0
0
0
0
0
0
0
0
0
0
0
0
0
0
0
0
0
0
0
0
0
0
3.37050894058e-08
49.256455973
52.6694927487
44.2985489059
37.2868663703
30.9967986263
25.9539814523
22.8403977751
20.8427097819
28.1458199993
27.0760913193
26.7598454557
26.3678233875
26.0807897361
25.9676304099
25.9726454901
26.1815218864
27.4328303149
28.2209879001
29.7552394827
31.4614113327
31.6300618185
31.236982653
30.9504583301
30.9796106143
31.2873535578
31.5236735119
32.9517591426
33.9098351058
35.967173597
37.829111007
39.7055553015
41.714692153
43.5635178369
45.9155410346
48.9932714184
51.2559969469
53.9483445959
56.1061039939
59.1348631295
61.0579721531
62.9074813862
65.0062189425
67.4005067208
69.9121898374
69.9953643016
71.7738223799
56.5866863223
99.965635692
0
0
0
0
0
0
0
0
0
0
0
0
0
0
0
0
0
0
0
0
0
0
0
0
0
0
0
0
0
0
5.6069489911e-14
39.2153127422
53.9489686681
49.198519542
41.8557209937
36.1240531936
31.247812319
27.2662423373
24.8193783536
23.9435358933
27.2131996093
26.0458409518
25.4592673096
25.2173229612
24.9932204217
24.9212149319
25.0080483318
25.2213479999
25.9445783606
27.3532355329
28.1494060844
29.8742979945
31.2464560246
31.7232380594
31.5857349663
31.4355320152
31.6513638456
32.1255026482
32.6419951604
34.3205527284
35.7812565012
38.088106915
40.2272818115
42.2116596119
44.2854003905
46.9885788369
49.2794685965
52.5152368862
54.6993745766
57.6178776775
59.750423723
62.4590973236
64.5336817726
67.7852992919
70.6786506561
71.243922351
73.8780114874
78.1771319278
65.2408225927
99.9996823117
0
0
0
0
0
0
0
0
0
0
0
0
0
0
0
0
0
0
0
0
0
0
0
0
0
0
0
0
0
0
31.9215269556
53.5829645779
52.2049881601
46.7776905013
40.8872810736
36.2130463005
34.0898499337
32.1160697692
29.2991314884
28.9332818657
25.3088067216
23.5571506076
23.5524185949
23.635915807
23.6608494554
23.7518520874
23.9543421838
24.2753225679
24.7116940006
26.3276434915
27.5266875739
28.305065189
28.305857601
31.0907621514
31.7486628329
32.1563909238
32.2165278744
32.5106233963
33.2311986851
34.130946824
36.0823663383
37.9350241505
40.4720167803
42.752235488
44.7267965546
47.3685836929
50.5267345082
53.0173739577
55.9714799773
58.3035746492
61.6032568579
63.802706541
66.8020837715
71.5757027773
73.4476175115
76.3437340542
79.6263085218
82.6204478541
61.8657983199
99.9999564318
0
0
0
0
0
0
0
0
0
0
0
0
0
0
0
0
0
0
0
0
0
0
0
0
0
0
0
0
0
3.8323599964e-13
50.2208942038
52.0838961679
49.9725077303
45.6347594196
41.4681598119
38.647477306
38.2407846389
40.6523481242
35.9663412489
39.2710506655
23.9345388064
22.4165157936
22.3020171323
22.3770667112
22.561382154
22.7736493002
23.0676072082
23.4432224611
23.9003250729
24.5470408285
26.3479336356
28.0560189988
28.4155012834
28.9486371356
30.3616749859
32.0574452236
32.931972856
33.0444887022
33.8646133865
34.7627619305
36.0010700812
38.4276409443
41.0411970763
43.2400554099
45.458662859
48.274717241
50.7297308186
54.080204666
56.3803180925
59.3906831808
62.1141477637
65.9502576015
70.3965766254
73.5974758279
76.5008813538
79.9687430228
80.4609403621
82.2371724908
54.2852567038
99.9999965942
0
0
0
0
0
0
0
0
0
0
0
0
0
0
0
0
0
0
0
0
0
0
0
0
0
0
0
0
0
47.3896802955
49.7677635011
50.6187644876
48.9547733729
45.7436202506
42.981269062
41.241047787
40.4825395636
44.2278458532
41.7552012485
40.44423913
23.3036434829
22.2133485267
21.7618502494
21.7976602034
22.0258276506
22.2454534921
22.5077275877
22.8547151522
23.2757870549
23.7550946395
24.6335909282
26.6376940785
29.0221773766
29.4533612015
29.973197868
31.1012967677
32.6708701188
33.81739183
35.0411216695
35.4322267447
36.8224897908
38.8105265647
41.4201631765
43.7175422513
45.7422172373
48.4473059636
51.6623023465
54.0663306209
57.0842831344
59.8079476161
64.8086188297
68.62341894
72.9267466885
76.276105269
79.6303555899
80.6143365325
82.717861517
82.8643754728
49.1270716904
99.9999998185
0
0
0
0
0
0
0
0
0
0
0
0
0
0
0
0
0
0
0
0
0
0
0
0
0
0
0
0
2.41954396233e-07
56.290438006
52.5942418642
50.8331573132
49.1217864147
46.6592340436
44.659670689
43.2698372483
42.3185864204
44.2239841162
43.4156809588
40.9214932852
21.7703253234
21.7948873491
21.4273695405
21.7806975995
22.0653462153
22.1851671304
22.303869296
22.5098715515
22.843826325
23.2796201822
23.8528830124
24.9236067758
27.1150462107
30.1172669939
31.0588868819
31.2952764549
32.2424626242
33.5360414322
34.9410665304
36.4292342418
38.1367588347
39.2964150636
41.726737264
44.0636216398
46.2840184551
49.0407832126
51.6223603969
54.9589494161
57.375496803
62.6613727575
68.106906696
71.4900386373
74.9986206695
79.4735446151
81.5226826142
83.7318842939
85.5795944018
83.6952986183
42.7941678041
99.9999999932
0
0
0
0
0
0
0
0
0
0
0
0
0
0
0
0
0
0
0
0
0
0
0
0
0
0
0
0
50.873797764
50.7633793432
52.5008929162
50.9996181222
49.8384680202
48.0155855022
46.4925119282
45.3249303423
44.4716558722
45.9965524018
44.8538254784
42.6524719298
19.8367572545
20.7150709026
21.2061138811
22.1008182033
22.3059726528
22.3306374323
22.2953053407
22.3525075759
22.5311655797
22.8848556507
23.3682303006
24.0226605421
25.3414946497
27.554397718
30.4653888967
31.636198354
32.8055971006
33.4441948758
34.7213433454
36.2046027438
38.2199353225
40.0625285505
41.958126491
44.3266719972
46.6245225651
49.3025450221
52.5910444033
55.016869191
60.3659311487
66.2647613305
69.2032632237
73.4638237268
77.5295913009
80.6584317596
83.3232356571
86.9892510181
85.6354383744
84.5144931195
41.0343497208
99.9999999996
0
0
0
0
0
0
0
0
0
0
0
0
0
0
0
0
0
0
0
0
0
0
0
0
0
0
0
36.1124395213
63.5581598449
57.4491352958
54.4275265101
52.337447235
51.0509935687
49.5722477789
48.3423053695
47.3765524591
46.7250901044
47.5856627813
46.2027552396
45.5318667063
19.1379895817
19.7840818557
21.0619565404
21.6917626777
21.8560261146
22.012164014
22.2021615343
22.2442231957
22.3283523032
22.5469384262
22.949306953
23.4989256544
24.2491385907
25.9713683243
27.8090193033
31.0694177056
32.7950923781
33.7626658413
35.1654956256
36.4780044092
38.3404983097
40.1531914644
42.3159623982
44.6032153521
47.0723497331
50.4282834042
53.1183722298
57.778112137
63.0013475038
66.5552967495
70.4382791489
74.3446747111
79.0944549475
82.8552733423
86.9350406421
88.3057531831
87.87711822
88.9118080382
41.3795153399
100
0
0
0
0
0
0
0
0
0
0
0
0
0
0
0
0
0
0
0
0
0
0
0
0
0
0
0
67.7326884729
62.6198033791
58.9309907239
55.4388733197
53.4251396416
51.9035824749
50.6124313773
49.5523565118
48.799813697
48.4026601927
48.2120901457
47.0152399201
47.2064106933
18.8136240914
19.1069585741
20.1338717528
20.9055928689
21.1508690137
21.3891888344
21.6552249532
21.9407419857
22.1596812173
22.317969347
22.6163329312
23.1002522061
23.803750565
24.7914546116
27.3155183686
30.3160204949
31.6534544265
33.7976309564
35.6104870853
36.7319355683
38.2879816427
40.2721575232
42.7915581103
44.9268134666
48.1885234766
51.1993615997
54.7790824437
59.0945646622
63.4187550221
67.3104078234
70.7535106875
76.6398710261
81.2753548819
87.0544960551
89.299902984
89.0048111833
91.8726307112
92.1161181306
55.246674148
99.9999999999
0
0
0
0
0
0
0
0
0
0
0
0
0
0
0
0
0
0
0
0
0
0
0
0
0
0
12.0011360529
55.6597899358
60.1018357897
57.7459472187
55.5712350557
53.8477138232
51.785653907
50.4194573972
49.2473946758
48.4046564151
48.6255802057
47.9135347232
46.3671794314
47.4196245163
18.2567010241
18.3263403371
18.8259893707
20.1137828682
20.4534313824
20.7362262662
21.0363909655
21.3733264422
21.739645367
22.1353434171
22.3828786911
22.8043083726
23.4595719356
24.4097026026
25.7591267797
28.1090421794
31.6008581332
33.585163616
34.6605136454
37.08421533
39.2005967477
40.7543798448
42.653838023
45.9667076395
49.3784078075
51.7397650377
55.6543330526
60.3918297412
64.3070696381
67.4080438591
73.2324853138
79.3429939969
84.4709904273
88.7919324831
88.9814194197
92.1758658112
95.5918028623
96.0814494937
58.651347411
99.9999999985
0
0
0
0
0
0
0
0
0
0
0
0
0
0
0
0
0
0
0
0
0
0
0
0
0
0
73.6968253404
63.6827100148
60.4249363096
57.0192335711
55.5479886265
53.1783447979
50.8438053578
49.1549544947
47.6753950193
46.4181425211
45.404315919
45.0793354629
44.5542629625
46.7495429245
17.4719070768
17.462823069
17.6982156415
19.4216807694
19.8160780161
20.1209932962
20.4353812548
20.7777648183
21.1629467342
21.5939924809
22.095109919
22.5775097781
23.1597366675
23.9920252573
25.0908669055
26.6844902102
29.7657170058
32.8550519186
34.876742011
37.4252517738
38.3691905852
41.0078371423
44.4780728286
47.4662373366
49.1660243035
53.235693073
57.6701967077
60.7549889217
64.7820134476
70.1122849001
76.1502687001
80.4459917972
85.9069983257
88.6049339427
92.3162587173
96.160090313
98.3329388892
95.4538561829
32.0865767933
99.2955294246
0
0
0
0
0
0
0
0
0
0
0
0
0
0
0
0
0
0
0
0
0
0
0
0
0
8.81591131891e-12
58.4276192453
62.0681977136
59.6045167001
57.0767106238
55.0060349445
53.043709767
49.7360049136
47.7506789474
46.1752578982
44.9697167537
44.1483024828
44.1563978479
43.1519330443
44.8457988673
16.6802541432
16.6634441665
16.8212705289
18.7524711127
19.1858831756
19.5244943173
19.8497322058
20.1888667953
20.5596741949
20.9880850103
21.5085422606
22.1411703255
22.9290875171
23.7277524211
24.7417110316
26.1882066845
28.0490916027
31.1965001921
34.7307566614
36.789972497
39.1006005009
42.3594057297
45.5496705692
46.7743647901
50.6037224486
54.8754625276
57.8456442321
61.7805064455
66.8324713628
71.0580871283
76.6540880112
82.3096629804
87.1926294509
91.1129726699
95.2638156712
98.8019997921
99.5150924297
91.4569641253
0.456255629664
99.9999999991
0
0
0
0
0
0
0
0
0
0
0
0
0
0
0
0
0
0
0
0
0
0
0
0
0
76.2133525664
58.6814647303
62.5814751784
60.080322262
57.6140262256
55.1741517341
52.4060449561
48.9397425992
46.7232600107
45.0928408286
43.9092439515
43.3887986722
43.6554029881
42.38735512
41.4622740206
15.7992338366
16.0669742811
16.0122049021
17.6861241314
18.525484481
18.9305150325
19.2746713198
19.5982864541
19.9382366933
20.3426598316
20.8531791167
21.5093382702
22.3186517299
23.3267610591
24.6461988226
26.1987139306
27.8043670924
29.8086819338
32.963492341
36.438451644
39.3188864549
42.3570205895
44.4659657965
47.350471347
52.1874386168
55.6516632055
57.979883946
62.1403195887
67.0871358451
73.236251289
78.6688833793
82.9906414223
88.4316626869
93.4723134645
97.9058598599
99.9949120978
99.9331421578
90.6073054024
1.21054799671
99.9999999996
0
0
0
0
0
0
0
0
0
0
0
0
0
0
0
0
0
0
0
0
0
0
0
0
0
84.4448288195
72.7633021684
66.6096568001
62.4472553503
59.4756550402
55.5477247504
51.8425753926
48.696526888
46.3785182423
44.6939366141
43.4408536513
43.07940707
42.9769372333
41.7556530937
41.1227440596
14.6577329396
15.4813500763
14.9383410232
16.4269566871
17.8366970518
18.1563313644
18.3701367023
18.5461066131
18.7764158462
19.1316749854
19.6547298727
20.380551261
21.3388679159
22.5933806097
24.2149785401
26.121558547
28.1157567022
30.1777075312
32.1733970644
34.3885047289
37.8558082162
41.2374296014
43.9841741142
47.9121581723
52.3733687037
55.5447038977
58.7325666294
63.6274277401
69.158789367
73.0081425628
78.6532506663
85.5003402443
91.3196582213
94.9268025932
99.9839409562
99.9999990636
99.9955026533
93.4054799928
32.3252550504
99.9999999996
0
0
0
0
0
0
0
0
0
0
0
0
0
0
0
0
0
0
0
0
0
0
0
0
66.0111345093
62.3430623461
72.3650110737
68.7124856985
65.1139939419
60.2247141918
57.0478924179
52.192368441
49.2095300468
46.7904657048
45.0667440903
44.0452595928
44.3624623026
42.7849635394
41.506070212
41.0587919719
13.0097216482
14.3411365422
13.4627517282
15.4423530844
16.2966159129
16.0054313455
15.6117982486
15.4135290905
15.5277702476
15.9935951811
16.8125809301
17.9855987547
19.5092619723
21.4480016014
23.8992023828
26.3958506083
28.282266603
30.1055788838
32.0907753011
34.4805591732
36.9682132982
39.5551216519
43.0650251853
48.0864089835
52.6737484646
56.4946839458
58.6953445568
62.9663796087
68.0235500367
74.5148023209
82.0559499231
88.3163205706
91.4978472254
97.5902751021
99.9999999992
100
100
99.640073221
43.0072765533
99.999999999
0
0
0
0
0
0
0
0
0
0
0
0
0
0
0
0
0
0
0
0
0
0
0
0
99.9961631313
88.5078403587
78.4916362162
72.6721547837
67.8693014773
62.5230061318
57.3805403956
53.4258198482
50.1109737077
47.4402338316
45.5942774719
44.6192876755
44.2924300971
42.5021369485
41.5958147704
42.6573808601
11.3570431868
12.2194233599
11.8051509995
13.9190772649
13.5677163438
13.3221172594
12.8499022031
12.8976710333
13.486289575
14.5056123468
15.885965033
17.5813260311
19.5357988765
21.7075149172
23.964996397
25.993520771
27.8037933612
29.7434673944
32.1836738805
35.1639717489
37.6538852053
40.2816442406
43.4721951697
47.4525127297
51.2984805685
54.1317445044
57.4079866174
63.2783802303
69.6359693687
77.5855001008
84.5741902857
87.9152811826
93.8104090335
99.9999597046
100
100
100
99.9999680573
48.6920046669
99.9999999974
0
0
0
0
0
0
0
0
0
0
0
0
0
0
0
0
0
0
0
0
0
0
0
1.7861211574e-12
73.873808796
86.0881489053
81.4971227857
75.4000040096
68.5067352908
64.2403212955
58.3722600781
54.2472019861
50.724964765
47.7148378556
45.5450465083
44.5054638037
43.182375458
41.7973663363
40.6642079803
42.8182539926
10.7440197152
10.2684781643
10.5715133168
14.0301787612
13.1263451602
11.7100388975
11.1282066541
11.6719325967
12.838639535
14.3869556155
16.2084140606
18.2623280928
20.4307327116
22.6852944603
24.9538566231
26.7457083634
28.5406696443
30.6270813839
33.0169373629
35.4072113023
37.8513032116
40.7244273304
43.9744309366
47.5491912636
50.4768123702
53.2857916942
57.5004780384
63.6304602595
71.295497522
78.8881675677
84.7287126718
89.2605409451
96.8412064943
100
100
100
100
99.9999999999
52.9540770471
99.9999999921
0
0
0
0
0
0
0
0
0
0
0
0
0
0
0
0
0
0
0
0
0
0
0
98.7200023711
78.0964560169
85.6216564583
83.9158881748
78.7382643837
71.023116413
64.0393773925
58.9000533102
54.4423171584
50.7755546664
47.767513957
45.3392250579
43.5785772357
41.4491405726
39.9492776545
38.7429422036
41.3778421236
11.7601616941
9.70849968701
9.87224741194
14.1039816549
12.7999996427
9.67919917919
10.0395428049
11.4491923468
13.3446739408
15.5201440973
17.9066917922
20.193953023
21.896451081
23.6302387032
25.3865594965
27.1737475165
29.1335234736
31.3136838484
33.6350961055
35.9713328144
38.3912969977
41.0613128667
44.1804521926
47.5700893401
51.0681145229
54.0541617094
58.8791792338
64.7554933986
71.2902203749
78.6957045699
85.4797988956
91.9077018955
98.7904029243
100
100
100
100
99.9999999999
65.9594002692
99.9999999748
0
0
0
0
0
0
0
0
0
0
0
0
0
0
0
0
0
0
0
0
0
0
0
99.9999999319
99.9997393204
96.420923427
88.2367596573
81.8412550024
74.2727777369
66.0793381171
59.4351754806
54.2709904909
50.5519767446
47.5454144301
43.5506575671
40.8680240689
38.8075954783
37.5958463054
36.6722895069
39.0114395788
12.1158401126
9.43880494528
8.88074075811
9.26329521014
8.43579775496
8.97369112199
10.77945366
13.2020291868
16.0147356275
17.6765806618
19.1641475931
20.674411021
22.2600361193
23.9951312786
25.8524475409
27.8513426069
30.0120618466
32.2887209642
34.5784464504
36.830149643
39.2086605002
41.9311069829
45.0501423961
48.0931751693
51.0946523892
54.6551474932
59.5257458709
65.5879736318
72.6539840116
79.7548997584
85.2170027821
91.8507134594
99.2634435652
99.7849225408
100
100
100
99.9999999999
65.1367369117
99.999999945
0
0
0
0
0
0
0
0
0
0
0
0
0
0
0
0
0
0
0
0
0
0
8.89488707908e-12
90.9817004093
99.9994749966
99.9425526162
92.7628140862
84.1720805301
76.5785934754
68.5178721364
60.6775409215
54.2100471405
49.44499151
46.010290747
42.8985359122
40.1805983683
37.0503876992
34.6823565645
34.9066798906
35.8081626939
9.90817567775
8.66768381268
7.72597235723
7.67609121683
9.01984660979
11.6429279764
14.2349853139
15.5115932163
16.7769796192
18.0934074043
19.5473965001
21.127425391
22.8537993579
24.7465883974
26.8233735606
29.0700360625
31.3916385634
33.626687293
35.5441237588
37.5741237519
39.8237905603
42.3318481885
45.0599061553
47.9962189736
51.2162648129
55.0969390823
60.1507183584
66.4394765699
73.2890954074
79.4385349807
85.7684305112
94.1404394253
98.1389571458
98.6149451182
99.6621951455
100
100
99.9999999999
71.8395817604
99.9999999596
0
0
0
0
0
0
0
0
0
0
0
0
0
0
0
0
0
0
0
0
0
0
99.9999999998
99.9999739698
99.9999991178
99.9996625596
99.5215473797
89.6983465173
79.7367359908
70.5411782898
61.9579333901
54.112985012
48.079767368
43.9301278885
40.2657656304
37.5572866113
35.2652941297
31.1545320548
32.4305823388
32.1553046433
7.69496395021
8.26335808726
7.01104297523
7.09849882874
11.2849025473
13.7741252974
14.8503907358
16.0068063024
17.3036645324
18.7345552972
20.2990395007
22.002541556
23.8616682531
25.9149208441
28.1915772099
30.2813606556
31.9232043724
33.687258072
35.6180233084
37.7030448002
39.9506590644
42.3686602121
44.9860156148
47.9209167156
51.2817471008
55.2816802228
60.3416323213
66.6940025785
73.1932241267
79.3863757315
86.1860453744
94.3201453278
96.579128999
96.7009021182
97.5638798418
99.6943681759
100
100
94.2598071848
99.9999999778
0
0
0
0
0
0
0
0
0
0
0
0
0
0
0
0
0
0
0
0
0
0
100
100
99.9999999997
99.9999998168
99.9993899617
96.6028229743
84.2605081632
72.9955838552
63.3332556894
54.7821325909
47.2771945337
42.3742847031
37.8661208477
34.2827573312
32.0317415798
27.9841680332
28.3362828804
30.0959820757
6.53955188964
8.87754548716
6.50457153991
6.71908065521
13.1593720051
14.5231905487
15.6515533499
16.952337622
18.3525826054
19.8562295151
21.4673725908
23.1873905887
25.0244199159
27.0276331776
28.8558240066
30.2807223693
31.8483079812
33.7288188296
35.7944909557
37.9372909971
40.1215256151
42.3970003818
44.859025079
47.7666042175
51.2162923048
55.1925540547
60.2065388515
66.5705111404
73.0899728662
79.3718432792
86.2890324126
94.5064775752
94.5117689987
93.8583913953
93.8144638939
95.4723297532
99.985482127
100
99.9739947663
99.999999991
0
0
0
0
0
0
0
0
0
0
0
0
0
0
0
0
0
0
0
0
0
2.06307677738e-12
100
100
100
99.9999999955
99.9999950302
99.970081386
89.4712825262
76.3093022335
65.0521774305
55.6810004346
46.7640777755
40.4156045893
36.438063128
31.894009097
27.7597664906
23.829570153
25.6378896949
31.7118613405
3.7856375988
4.57458494445
5.77419532914
8.5216936362
14.6543941468
16.0248124106
17.3356352876
18.7562721138
20.2570847312
21.7768675648
23.2915540134
24.7899185302
26.3433715658
27.6779344847
28.987916134
30.2775816746
31.8537745884
33.8525032067
36.0398073378
38.1539747027
40.2772071321
42.3599856134
44.4869553041
47.2138926155
50.7492679575
54.649036536
59.1010961942
65.5031201779
73.5799685984
79.4076796784
86.3244671982
93.5728338173
92.0001208328
89.7872546638
87.2023508987
85.3919139807
88.9524469977
99.553141465
99.9999935611
99.9999999964
0
0
0
0
0
0
0
0
0
0
0
0
0
0
0
0
0
0
0
0
0
100
100
100
100
99.9999999996
99.9999998688
99.9995935874
94.0356031889
78.4016835034
66.246597878
55.6294342418
46.2987732551
39.1284884163
34.232389479
30.6657919126
27.6393493967
25.3067642357
27.261918276
26.2427586292
2.64458726624
3.60186833671
7.09315200744
6.97309417566
15.690649928
17.9102458028
19.727671335
21.164258714
22.6008698154
23.5071446291
24.5703525612
25.7829399492
27.0697327193
28.3948985597
29.6386403245
30.6534596659
32.2798321367
34.3192989416
36.1136958611
38.0441146179
40.0236185555
41.0118307672
41.5755650683
45.0121399377
49.950395067
54.1049852705
58.0973335827
63.6619613838
71.4095516509
79.5815014814
86.1298900725
91.924149332
89.1249420473
84.4481210886
77.129210398
70.0305862597
35.8908583794
81.9855748514
99.084538195
99.9999999976
0
0
0
0
0
0
0
0
0
0
0
0
0
0
0
0
0
0
0
0
3.3401549508e-14
100
100
100
100
100
99.9999999908
99.999956838
97.9237904778
80.7107599884
65.5342403611
55.2763828284
47.2629543173
40.0970301203
34.6449189883
31.1237555442
28.0680074616
24.9787416377
23.4897477264
17.0280504808
1.63173392979
7.20969704465
7.17260459919
6.47430324623
7.1859424516
9.87014216169
14.8890310635
16.8302759968
18.5265744478
20.5245621321
22.7844712603
25.0627689857
26.8247343826
27.7109865416
27.4732243422
26.6568236538
27.865687409
31.0152532393
33.713835465
35.9117221493
38.086890357
39.6854370585
41.2258612471
44.3961032527
49.5495308842
54.2006007019
58.0956373307
63.4261793843
71.3213300405
79.4317150022
85.0769737677
90.6741979687
86.9519120423
79.2430077226
71.4512948421
7.26506370099
69.1968666431
1.58048894731e-05
9.99150510871e-05
99.999999997
0
0
0
0
0
0
0
0
0
0
0
0
0
0
0
0
0
0
0
0
5.55667275425e-14
100
2.38097406821
100
100
100
99.9999999984
99.9999911017
99.8477231437
81.7263500494
62.9609460713
52.0981529036
45.2456349159
38.771562334
32.8463623827
28.31787708
24.9166764315
22.3544669544
21.1659135701
12.2197494311
)
;

boundaryField
{
    frontAndBack
    {
        type            empty;
    }
    upperWall
    {
        type            calculated;
        value           uniform 0;
    }
    lowerWall
    {
        type            calculated;
        value           uniform 0;
    }
    inlet
    {
        type            calculated;
        value           uniform 1.98594914729e-11;
    }
    outlet
    {
        type            calculated;
        value           nonuniform List<scalar> 
20
(
1.14365757412e-13
0
0
0
0
0
0
0
0
0
0
0
0
0
0
0
0
0
9.80715628293e-15
2.2229609161e-13
)
;
    }
}


// ************************************************************************* //
