/*--------------------------------*- C++ -*----------------------------------*\
| =========                 |                                                 |
| \\      /  F ield         | OpenFOAM: The Open Source CFD Toolbox           |
|  \\    /   O peration     | Version:  v1806                                 |
|   \\  /    A nd           | Web:      www.OpenFOAM.com                      |
|    \\/     M anipulation  |                                                 |
\*---------------------------------------------------------------------------*/
FoamFile
{
    version     2.0;
    format      ascii;
    class       volScalarField;
    location    "531";
    object      p;
}
// * * * * * * * * * * * * * * * * * * * * * * * * * * * * * * * * * * * * * //

dimensions      [0 2 -2 0 0 0 0];


internalField   nonuniform List<scalar> 
6400
(
0.152119782216
0.152122423857
0.152129940769
0.152144563911
0.152166102565
0.152194445553
0.152229603108
0.152272614403
0.152324130563
0.15238521714
0.15246144416
0.152555750586
0.152665417528
0.152790430792
0.152932617862
0.153094289521
0.153276761994
0.153479827507
0.153701641408
0.153937216772
0.154180934346
0.154433726196
0.154702243144
0.154993698052
0.155312757676
0.155659325185
0.156030038945
0.156422404798
0.156836108304
0.157271837573
0.157730115565
0.15820919282
0.158703211714
0.159206246488
0.159715768369
0.160228717231
0.160745031506
0.161271231284
0.16180611592
0.162340041222
0.16287409524
0.163421807461
0.163990264273
0.164571393591
0.165154622276
0.165732962605
0.166301110181
0.166855223745
0.167391859541
0.167908087766
0.168401697312
0.168867857379
0.169298763125
0.169684375686
0.170023822186
0.170323868667
0.170581871385
0.1707894234
0.170945616779
0.171059556737
0.171138569678
0.171188046515
0.171212931506
0.171222631539
0.171222398276
0.171207030503
0.171172245458
0.171124663355
0.17107454855
0.171026884857
0.170982353131
0.170939805354
0.170898460434
0.170860846194
0.170826946989
0.170797616085
0.170773507401
0.170757897697
0.170748015724
0.170743865617
0.152115891725
0.152118688373
0.152125474914
0.152139764444
0.15216271133
0.152192418017
0.152228020949
0.152269449663
0.152319129968
0.152380077956
0.15245596712
0.152549205807
0.15265910658
0.152785011635
0.152927383999
0.153087742174
0.153269496209
0.15347321673
0.153696402656
0.153932707583
0.154174549632
0.154425157028
0.154692922822
0.154984176206
0.155303581322
0.155650880404
0.15602183346
0.156414728339
0.156829354848
0.157265811644
0.157724092606
0.158203535267
0.15869857526
0.159201671841
0.159711340675
0.16022453703
0.160740594452
0.161267239103
0.161803243828
0.16233771724
0.162870316915
0.163418139554
0.163990480101
0.164574541222
0.165159229238
0.165739174096
0.166308953635
0.166865052531
0.167403524006
0.167919955343
0.168412171157
0.168879509678
0.169316348984
0.169704284468
0.170045254
0.170348446886
0.170604477
0.170808209796
0.170963376735
0.171075866986
0.171151598148
0.171200105963
0.171224620102
0.171234392808
0.171234426178
0.171218984066
0.171182123066
0.17113136918
0.171078290816
0.171028054275
0.170981457743
0.170937091854
0.170893914701
0.170854523508
0.170820345509
0.170791636556
0.170769239598
0.170754172978
0.170744634269
0.170741479623
0.152105009245
0.152109659397
0.152115750312
0.152128867055
0.152151063634
0.152184258994
0.152222937443
0.152263131092
0.152310269938
0.152369776973
0.152444887787
0.152537525064
0.152647590275
0.152774168206
0.152916575475
0.153073631628
0.153253128254
0.15346181166
0.153688128857
0.153923194031
0.154160907282
0.154406027626
0.154672449674
0.154965914656
0.155286064487
0.15563302495
0.156005102831
0.156399747564
0.15681586663
0.157253555002
0.157712572373
0.158192971785
0.158690200111
0.159192832636
0.159701071255
0.160216190442
0.16073223309
0.161257651288
0.1617947361
0.162332267042
0.162871326647
0.163423924097
0.163995703229
0.164579354259
0.165165467337
0.165747586379
0.166320573252
0.166880250309
0.167422585805
0.167943805815
0.168441029024
0.168910677152
0.169345318275
0.169736804418
0.170086075335
0.170390808323
0.170643972176
0.170845146549
0.170997889843
0.17110757631
0.171181313416
0.171226810277
0.171249442788
0.171260789739
0.17126197584
0.171243805879
0.171203117158
0.171147130624
0.171087129961
0.171030466583
0.170978411893
0.170929632675
0.170884393035
0.170844460542
0.170809931122
0.170781760544
0.170760982261
0.170747033437
0.170738444925
0.170735420978
0.152089655582
0.152094383047
0.152099443677
0.15211150248
0.152131039057
0.152164092771
0.152213333029
0.152253581233
0.152297119994
0.15235411297
0.152427958749
0.152520218006
0.152630728277
0.152757121135
0.152899450328
0.153061035733
0.153244904007
0.153451015749
0.15366944232
0.153893303476
0.154126546702
0.154374968213
0.154643609893
0.154937431382
0.155258507496
0.155606791212
0.155980630448
0.15637734715
0.156795620009
0.15723497243
0.157695990578
0.158177854039
0.158676516491
0.159182616182
0.159688059529
0.160199656074
0.160719387832
0.161244915074
0.161779340195
0.162320642874
0.162868107465
0.163427382333
0.164001910413
0.164587300748
0.165176121486
0.165761946037
0.166339476982
0.166904229435
0.167452078082
0.16797916062
0.168481818854
0.168955554349
0.169394136912
0.169791828536
0.170145750598
0.170451221057
0.170703461409
0.170902518421
0.171052208063
0.17115844044
0.171228721435
0.171270987499
0.171293545246
0.171307473769
0.171308647293
0.171286525222
0.171237735743
0.171171089303
0.171099527938
0.171032524299
0.170972993125
0.170919971766
0.170872389949
0.170829219627
0.170792372017
0.170765213127
0.170747072723
0.170733846012
0.170724935351
0.170721358194
0.152065659673
0.152066517745
0.152072749946
0.152085125941
0.152106840033
0.152137978914
0.152182885994
0.152227247019
0.152273657069
0.152331221243
0.152404103138
0.152496206385
0.15260767233
0.152739300919
0.152888991295
0.153051506661
0.153229099602
0.153422682471
0.153630275198
0.153851089839
0.154085418888
0.154334927882
0.154604780152
0.154899927623
0.155222317556
0.155572265698
0.155947947912
0.156347267049
0.156768252956
0.157210510149
0.157673463807
0.158158964934
0.158661986076
0.159165256125
0.159669468684
0.160179269187
0.160695910989
0.16122310731
0.161761025148
0.162307833251
0.162863089745
0.163429514988
0.164008794132
0.164597923971
0.165191018787
0.165782026386
0.166365564354
0.166936944688
0.167491923125
0.168026467656
0.168536431313
0.169016946887
0.169462285484
0.169866937188
0.170225929723
0.170533552353
0.170785813665
0.170983338469
0.17113046325
0.171233813815
0.171301515551
0.171342194217
0.171364716922
0.171377512986
0.171372669672
0.171344302545
0.171286346575
0.171205671137
0.171117390608
0.171035389893
0.170965664918
0.170906016514
0.170851230048
0.170801694006
0.170763924064
0.170738854744
0.170721984195
0.170707819837
0.170699682963
0.170697193477
0.152021678608
0.15202156863
0.152032069468
0.152044912695
0.152068924483
0.152102138077
0.152143982161
0.15218910209
0.152239652069
0.152299244029
0.152370792206
0.152463494107
0.152583430294
0.152723218955
0.152872371215
0.153029198738
0.153197329282
0.153382045339
0.153584935223
0.153803600257
0.154035811514
0.154285093895
0.154556332712
0.154853346201
0.155177598057
0.155528889231
0.155907203188
0.156309229972
0.15673403655
0.157179748188
0.157647199223
0.158134788049
0.158637239562
0.159144544513
0.159644623844
0.160148890768
0.160665846142
0.161196606876
0.161739588941
0.162292941912
0.162856127858
0.163430336113
0.164016079352
0.164610923066
0.165210024468
0.165807798638
0.16639890321
0.166978545831
0.167542397059
0.168086286598
0.168605786504
0.169095811969
0.169550578232
0.169963952613
0.17032952547
0.170641110194
0.170895321457
0.171093339358
0.171239995063
0.171342446399
0.171409067607
0.171448730698
0.171469928919
0.171474950599
0.171461881617
0.171421614833
0.171348837325
0.17124987247
0.171139997317
0.171038353352
0.17095400486
0.170880809055
0.170813008307
0.170758335402
0.170721497332
0.170698794509
0.170682297356
0.170669958304
0.170664281191
0.170662194815
0.151954597096
0.151959636117
0.151977122129
0.151996187124
0.152016845677
0.152050416464
0.15209418458
0.152141103213
0.152194776091
0.15225684588
0.152332242502
0.152428279523
0.152555551181
0.152694882408
0.152839743336
0.15298884249
0.153150710056
0.15333308303
0.153534112992
0.153747681455
0.153976844329
0.154226402248
0.154498784461
0.154797043833
0.155123341005
0.155478470743
0.155857670939
0.15626314215
0.156692403804
0.157145253175
0.157616719022
0.158104348076
0.158607408862
0.159109200186
0.15960764224
0.160111370809
0.160630654126
0.161166009974
0.161714999322
0.162275590502
0.162847109835
0.163429873757
0.164023600446
0.164626021531
0.165232931115
0.165839167171
0.166439519161
0.167029205015
0.167603888753
0.168159339103
0.168690960834
0.169193423848
0.169660517855
0.170085237617
0.170460192515
0.17077904344
0.171038881382
0.171241220286
0.171390835984
0.171494458682
0.171560040737
0.171596410016
0.171610767997
0.171603560505
0.171584687103
0.171529132275
0.171431300337
0.171305264573
0.171167667115
0.171039534499
0.170930319527
0.170833756679
0.170751587996
0.170694489509
0.170660339431
0.170641151607
0.170627663788
0.170620952156
0.170619867706
0.170619142635
0.151875477208
0.151885424493
0.151905550066
0.151933122154
0.151955887513
0.151990775087
0.152033310615
0.152082643852
0.152140344239
0.152200541111
0.152283524348
0.15239126094
0.152516934555
0.15265319669
0.152791472302
0.152933562988
0.153094466763
0.153277428096
0.153473603616
0.153682130363
0.153908883174
0.15415825484
0.15443163055
0.154732281784
0.155061576172
0.155419326002
0.155802638172
0.156207535619
0.156644398474
0.157106939546
0.15757967911
0.15806373502
0.158564524904
0.159063003109
0.159559105367
0.160066737768
0.160590712954
0.161131390286
0.161686928977
0.162255378406
0.162835835388
0.163428048248
0.164031194864
0.164642970276
0.165259515126
0.165876006428
0.166487433595
0.167089138026
0.167676871806
0.168246424606
0.168793106223
0.169311317799
0.169794297838
0.170234233295
0.170623123406
0.170954642109
0.171226028989
0.171438267745
0.171594435559
0.171699393007
0.171760452368
0.171786853091
0.171786484133
0.171765679247
0.171733291595
0.171670296721
0.171542813491
0.171376991887
0.171198672975
0.171029639144
0.170881276706
0.170754002242
0.170659387309
0.170602523026
0.170574829943
0.170563663683
0.17056113409
0.170563908553
0.170569836578
0.17057268189
0.151788499258
0.151801436716
0.151821939006
0.15184545205
0.151874566579
0.151917225649
0.15195988532
0.152010652676
0.152075339528
0.152140422317
0.152221165768
0.152337006242
0.152465159707
0.152596112734
0.152728701735
0.152870294438
0.153030411555
0.153210407588
0.153402012579
0.15360759221
0.153832499397
0.154080686066
0.154353449393
0.154655383458
0.154992155414
0.155351107768
0.155738871265
0.156151815216
0.15658985022
0.157053075408
0.157531379377
0.158021250162
0.158509562227
0.159002296459
0.159502349064
0.160015706826
0.160545515056
0.161092303124
0.161654964391
0.162231893126
0.162822030492
0.163424690447
0.1640386539
0.164661503409
0.165289532903
0.165918173077
0.166542669413
0.167158590969
0.167761867963
0.168348395582
0.16891348206
0.169451337383
0.169954769182
0.170415440689
0.170825097265
0.171177352155
0.171468696794
0.171697689124
0.17186286821
0.17196672326
0.172017939488
0.172028716499
0.172009236525
0.171966440171
0.171905373424
0.171827487808
0.171688111208
0.171469055827
0.171229642085
0.170997697667
0.170792006379
0.170628690517
0.170523296294
0.170471484209
0.170458346361
0.17046710849
0.170485603346
0.170503327333
0.170517858031
0.170525328693
0.151692323762
0.151707247864
0.151731127096
0.151753830885
0.151785156616
0.151828279484
0.151872693117
0.151923557126
0.151987944424
0.152068063328
0.152153310712
0.152269147965
0.152397925432
0.152525014494
0.152652052211
0.152796014407
0.152959005872
0.153133833408
0.153319931587
0.153522956881
0.153747213376
0.153995241642
0.154267741127
0.15456784691
0.154910638622
0.155277980427
0.155661586035
0.156081900389
0.156524772066
0.156992409616
0.157473136134
0.157959915187
0.15844629567
0.158934945611
0.159438197428
0.159957933861
0.160494497605
0.161048236623
0.161618667352
0.162204697055
0.162805311078
0.16341950294
0.164045695593
0.164681311508
0.165322704328
0.165965505481
0.16660524826
0.167237818158
0.167859410781
0.16846612336
0.169053410572
0.169615536436
0.170145247689
0.170634214397
0.171074267876
0.171458570033
0.171780871515
0.172034235947
0.172209207545
0.172309164609
0.172347327335
0.172338949265
0.172293814013
0.172218218069
0.172118030486
0.171994034036
0.171831873486
0.171588387001
0.171254282514
0.170924313581
0.170641053839
0.17043627917
0.170322182361
0.17028482625
0.170302829497
0.170351745998
0.170404523557
0.170442595916
0.170466622783
0.170477839523
0.151582817581
0.151597057303
0.151622937503
0.151650226089
0.151689097009
0.15172715429
0.151771973941
0.15182488752
0.151882172709
0.151969983272
0.15206778858
0.152184055353
0.152312834667
0.152439940709
0.152565861432
0.152710007146
0.152874032863
0.153045477225
0.15322736331
0.15342695462
0.153650027417
0.153899385636
0.154176310533
0.154475809979
0.154812988046
0.155193393009
0.155585041468
0.15600445296
0.156448581845
0.156909723466
0.157397644793
0.157886366723
0.158369619579
0.158859239963
0.159367029069
0.159893275734
0.160437140778
0.160998641203
0.161577581088
0.162173352638
0.16278522904
0.163412064206
0.164051928299
0.164702018312
0.165358695024
0.166017789072
0.16667516342
0.167327066291
0.167970017251
0.168600430047
0.169214145723
0.169805905859
0.170369104866
0.170896249284
0.171379700207
0.171811093145
0.172177221947
0.172463907632
0.172651889066
0.172750943935
0.172777337232
0.172745890178
0.172664910703
0.172544359392
0.172400675392
0.172216823699
0.171969897395
0.171667857756
0.17126567926
0.170784725412
0.170394485887
0.170138982547
0.170021564791
0.170018110164
0.170097701775
0.170219673656
0.170327364764
0.170389064066
0.170421273775
0.170433110777
0.151456802915
0.151467973854
0.151488175274
0.151523202271
0.151571692057
0.151609780313
0.151655491449
0.151713780588
0.151769530927
0.151853849517
0.151961224663
0.152080297673
0.152208350571
0.15233694813
0.152468876458
0.152614832166
0.152776987356
0.15294505374
0.153124165429
0.153320432296
0.153539570131
0.15378639863
0.154071963296
0.154382677695
0.154713915591
0.155093739179
0.155493744285
0.155909832099
0.156364002
0.15683027964
0.157309019246
0.157792219142
0.158276478913
0.158773606972
0.159287994517
0.159821138194
0.160372799319
0.160942846634
0.161531161121
0.162137404823
0.162761281516
0.163401836621
0.164056847112
0.164723152889
0.165397085539
0.166074734991
0.166752343932
0.167426526609
0.168094129936
0.168751989064
0.169396632149
0.17002393269
0.170629064469
0.171206722888
0.1717502355
0.172247118237
0.172669571915
0.17300847759
0.173224664784
0.173336640731
0.173356587962
0.173293268656
0.173157619495
0.172971655288
0.172796532128
0.172574343726
0.172190733868
0.171719475301
0.171158098656
0.170518600469
0.169988879484
0.16966968942
0.169560966338
0.169628328334
0.169825140207
0.170083102952
0.170282635541
0.170360924807
0.17039164544
0.170395786534
0.15131395364
0.151322395488
0.151334260326
0.151373551574
0.151422667497
0.151467676529
0.151516915096
0.151581182157
0.151643502022
0.151726476674
0.151837704782
0.151958483246
0.152085349633
0.152211860516
0.152351769489
0.152506187337
0.152666844829
0.152831999573
0.153009412444
0.153203781824
0.15341877666
0.153658840987
0.153943943902
0.154274795617
0.154612110063
0.154979690325
0.155391092169
0.155812759876
0.156257610806
0.15672770396
0.157207505314
0.157687951766
0.158173474744
0.158677291211
0.159199510064
0.159740554211
0.160300651574
0.160879898729
0.161478531727
0.162096302111
0.162733048157
0.163388262305
0.164059792131
0.16474409321
0.165437336515
0.166135933866
0.166836606586
0.16753629234
0.16823205665
0.168921178454
0.169601196488
0.170269996099
0.170926188006
0.171568637199
0.172191726702
0.172774632595
0.173260912122
0.173710788695
0.17400517595
0.17416470737
0.174188086943
0.174074178992
0.173848598928
0.173538154821
0.173409578378
0.173292655813
0.172678491754
0.171787358707
0.170910955893
0.170044984904
0.169364954426
0.168962720356
0.168886644182
0.169072480828
0.169470193333
0.169987383094
0.170346590874
0.170386942772
0.170385903771
0.170361108954
0.151155255767
0.151164981471
0.151181541479
0.151210597152
0.151254382719
0.151303912701
0.151357726551
0.151424954769
0.151498253288
0.151583036757
0.151697048449
0.151819246519
0.151946134738
0.152071366256
0.15221262558
0.152374921275
0.15253840664
0.15270416212
0.152881396134
0.153075177967
0.153288029396
0.153522311107
0.153801869228
0.154143168872
0.154495614188
0.154859977689
0.155274222737
0.155703953154
0.156143557122
0.156610066614
0.157083514233
0.157563009631
0.158057651448
0.158569967889
0.159100576291
0.159650311338
0.160219851465
0.160809138617
0.161418671753
0.162048937154
0.162699819512
0.163370839731
0.164060132819
0.164764077802
0.165478702211
0.166200779708
0.166927597005
0.167656295048
0.168383878403
0.169107930133
0.169827229139
0.170542672186
0.171258350607
0.171979725765
0.17270148935
0.173395178782
0.173959384497
0.17475470113
0.175144573908
0.175337600763
0.175298955808
0.174972025711
0.174402012191
0.17368578255
0.173468386703
0.173477395687
0.173271333493
0.172023276347
0.170397516252
0.169158130367
0.168185879935
0.167624867745
0.167661862154
0.16811153283
0.16888666585
0.169979059624
0.17068949933
0.170513206893
0.1704101763
0.170300583469
0.150976768191
0.150987788712
0.151013496044
0.151033220344
0.15107075902
0.151121479096
0.151178952074
0.151250588351
0.15133707845
0.151423080282
0.151538698032
0.151662579911
0.151790845747
0.151917899204
0.152060210359
0.152225694873
0.152392194396
0.152560583838
0.152739151344
0.152933073645
0.153145337917
0.153377431415
0.153647931828
0.153985770369
0.154361530116
0.154733316528
0.155135212615
0.155580020452
0.156028249381
0.156477657003
0.156943718428
0.157426643177
0.157928747961
0.158449935162
0.158989939275
0.159549344606
0.160128949063
0.160729348816
0.161350906705
0.161994378009
0.162660447645
0.163348690956
0.16405718491
0.164782319019
0.165520249625
0.166268348742
0.167024615384
0.16778621807
0.168549471431
0.169311639232
0.170072969882
0.170838394566
0.171618864898
0.172428530466
0.173267432819
0.174186461264
0.174418360232
0.174636411163
0.174893137237
0.175039215904
0.174988243073
0.17473650762
0.174330000898
0.173852048446
0.173466207603
0.173178223312
0.172477128769
0.171269592606
0.170001459352
0.168954958186
0.168201287376
0.167868317977
0.16800658281
0.168582518274
0.1695919965
0.171139082746
0.172008198887
0.170620572639
0.170305363472
0.170134854575
0.150774791003
0.150785216454
0.150809649062
0.150831280053
0.150866478348
0.150918588647
0.150977964973
0.151049748774
0.151148683292
0.151243919432
0.151360918821
0.151487275687
0.151618505902
0.151749964804
0.151894977297
0.152061562672
0.152230096128
0.152401707036
0.152582474255
0.152777178435
0.152989161774
0.15322088887
0.153485284208
0.153814777612
0.154204583128
0.154593319089
0.154986769899
0.155423880943
0.15588166814
0.156335149704
0.156795711531
0.157279105541
0.157787132648
0.158317081182
0.158866891887
0.159436456598
0.16002695016
0.16063914087
0.161273812993
0.161931680617
0.162613894581
0.163320656742
0.164049996288
0.164797950417
0.165560771354
0.166337174244
0.16712663365
0.167925779391
0.168728366887
0.169530743037
0.170335694715
0.171151366178
0.171992366822
0.172874539931
0.173778913212
0.174031185246
0.174282063612
0.174503469003
0.174711628256
0.174825417554
0.174764666301
0.174516684312
0.174110646199
0.173604154118
0.173076149345
0.172528625252
0.171794504227
0.170831068355
0.169785730034
0.16882173531
0.168058541966
0.167625974836
0.16760222831
0.167998683749
0.168756837838
0.169739710532
0.170159176396
0.170967481617
0.171248995286
0.169549592487
0.150551227914
0.150560867917
0.150586209053
0.150608297918
0.150643932721
0.15069648369
0.150757321585
0.150826359004
0.150927297505
0.151036962979
0.151159982721
0.151290379292
0.151426294535
0.151565855617
0.151714272898
0.151881909621
0.15205235999
0.152227685699
0.152411198196
0.15260732561
0.152819402805
0.15305051651
0.153310768479
0.153630330801
0.154019649486
0.154434340954
0.154835962694
0.155259318346
0.155710568596
0.156164969072
0.156627455226
0.157116403939
0.157631395008
0.158169980769
0.158729998079
0.15931068608
0.159912680767
0.160537470814
0.161186059124
0.161859500013
0.162559014058
0.163285338371
0.164037126489
0.164809931182
0.165599386603
0.166405966408
0.16723195004
0.168073122349
0.16891864067
0.169763387287
0.17061364825
0.171479193579
0.172377582953
0.173272075903
0.173568145453
0.173843568375
0.174076065349
0.174264802986
0.174399964404
0.174431811605
0.174309462676
0.174020750809
0.173585806455
0.173042272175
0.172429069522
0.171747023251
0.170935969004
0.169972147429
0.168935461982
0.167958180113
0.167131029027
0.166550909979
0.166313480869
0.166436036543
0.166862754881
0.167508017293
0.168184588863
0.169185395347
0.169814187441
0.17214827266
0.150308419012
0.150316536039
0.150337739933
0.150363026816
0.150403464274
0.150456624712
0.150520413218
0.150588602632
0.150688628638
0.150806947029
0.150935464199
0.151069544504
0.151208884177
0.151359501876
0.151514701656
0.151683657161
0.151856674167
0.152037130361
0.152224378232
0.152422710245
0.15263547302
0.15286588817
0.153122944826
0.153434009885
0.153817218647
0.15424778823
0.154669117793
0.155087661626
0.155526677803
0.155976046502
0.156441942005
0.156936561249
0.157458795771
0.158005927426
0.158576657084
0.159169722869
0.159784669724
0.160422780706
0.161086346217
0.161776282818
0.162494175707
0.163241628829
0.164017704475
0.164817379424
0.165633932551
0.16647066582
0.167338684094
0.168231690273
0.169122841544
0.170009069068
0.170904855823
0.171822158455
0.172728776458
0.173046362376
0.173331546748
0.173582185108
0.173780257535
0.173913162631
0.173964777424
0.173905085323
0.173703420632
0.173349021724
0.172852509675
0.172236271298
0.171522340962
0.170716323035
0.169803234081
0.168784856878
0.16771345013
0.166674940033
0.165727751766
0.164926716691
0.164353465497
0.164043436691
0.163978886441
0.164145003888
0.164537808082
0.165460626936
0.167739514026
0.17001544211
0.150049451929
0.150056294825
0.150072170193
0.150101219827
0.150145751364
0.150199288035
0.150265359459
0.150336831506
0.150433680999
0.150556430442
0.150688540928
0.150825218842
0.150965501674
0.151122386762
0.151289858643
0.151462860158
0.151639281524
0.151825746946
0.152019239199
0.152221507992
0.152436313997
0.152666138207
0.152920805183
0.153224734048
0.153596876965
0.154025296568
0.154467295569
0.154896667429
0.155331671493
0.155777224949
0.156241260677
0.156739478897
0.15726871988
0.157822879647
0.158405183486
0.159011743489
0.159639827414
0.160292616952
0.160972500892
0.161680751349
0.162418432423
0.163187571972
0.16398857564
0.164818199479
0.165671388752
0.166550544752
0.167462123023
0.168392456778
0.169324180679
0.170262606192
0.171211075167
0.172178868392
0.172500104971
0.172776265505
0.173028569442
0.173235071745
0.173371302119
0.173422040217
0.173373069886
0.173205105155
0.172899334959
0.172447879372
0.171856316143
0.171138467023
0.170308818172
0.169375349017
0.168339431544
0.167210955877
0.166023399801
0.164827657688
0.163672945033
0.162562202662
0.161527097067
0.160606413821
0.159771111385
0.158969394732
0.15814811176
0.157312673398
0.156337788288
0.154060132993
0.149775491521
0.149782048535
0.14979634356
0.149829179
0.149873668362
0.149925563494
0.149989714481
0.150066107341
0.150159658017
0.150284594323
0.150419533604
0.150558719777
0.150700865631
0.150859007721
0.151036931342
0.151217433209
0.151399153302
0.151591055654
0.151791613167
0.152000378728
0.152219960943
0.152450179569
0.152703050615
0.153001822438
0.153363365699
0.153783744413
0.154233832883
0.154676790053
0.155109931056
0.155553183724
0.156022132396
0.156521866651
0.157055698324
0.157618944633
0.158213364624
0.158833574154
0.159475992092
0.160144582881
0.16084187902
0.161569638821
0.162329021345
0.163122213473
0.163952793337
0.164822561406
0.16572363884
0.166643156555
0.167584240661
0.168546505574
0.169532708447
0.170543312283
0.171610445621
0.171937947211
0.172198583479
0.172440957281
0.172644751329
0.172779592566
0.172826682145
0.172773176912
0.172607123203
0.172315404407
0.171886381516
0.171314825895
0.17060361793
0.169761141016
0.168796967664
0.167718376034
0.16653067675
0.165243393852
0.163876393165
0.162456647761
0.161010925904
0.159496298359
0.157873222201
0.156138609122
0.154200298877
0.151875537715
0.148902757371
0.14502109956
0.140276564775
0.139695318556
0.149483769668
0.149490569936
0.149505535831
0.149542583808
0.149586446503
0.149636065627
0.14969609776
0.149775500465
0.149864246439
0.149989837323
0.150127664171
0.15026952707
0.150414599515
0.150575361445
0.150759185799
0.150947374806
0.151136054788
0.151333876597
0.151540311766
0.151756245608
0.151983354569
0.152216081805
0.152467492414
0.152762627737
0.153115259673
0.153525565895
0.153975293073
0.154426628338
0.154869571696
0.155312861247
0.155784803009
0.156288596279
0.156824051375
0.157389814108
0.157992999286
0.158630078421
0.159290209885
0.15997663994
0.160692199305
0.16144024239
0.162223495899
0.163044909084
0.163913899143
0.164832615217
0.165775775912
0.166726068955
0.167697767778
0.168714262836
0.169793317903
0.170977427239
0.171332761763
0.171591392057
0.171827513334
0.172024911316
0.172152375933
0.172190934685
0.172127486573
0.171951177498
0.171652419533
0.171222274966
0.170653462061
0.169942493079
0.1690905479
0.168102146303
0.166982712659
0.165736594358
0.164366892282
0.162877438111
0.161274213547
0.159561875366
0.157736339555
0.155748962779
0.153458818889
0.150748001859
0.147426784935
0.143060408489
0.136800127907
0.126855137192
0.108101118517
0.0624623322948
0.149167772264
0.14917477206
0.149192323216
0.149234148932
0.149278141467
0.149326157037
0.149384235083
0.14946375924
0.149547224946
0.14967129041
0.149811687774
0.149956179452
0.150104237251
0.150267724262
0.150455513633
0.150650750882
0.150848445445
0.151053047152
0.151264567535
0.151486962434
0.151723199393
0.151961466631
0.152211515697
0.152503724486
0.152849847067
0.153249343196
0.153692227601
0.154141633844
0.154597164018
0.155054047761
0.155526955448
0.156029249973
0.156569955093
0.157144913274
0.157750326236
0.158397434539
0.159076742963
0.159783348266
0.160520749709
0.161290997221
0.162099048376
0.162956125662
0.163876439744
0.164844651241
0.165821217097
0.16680308033
0.167833761953
0.168955150533
0.170211589918
0.17063129198
0.170916558361
0.171169043691
0.171371343243
0.171495421209
0.171525464275
0.171450073506
0.171259416794
0.170945293381
0.170500870458
0.169920244948
0.169198725497
0.168333664595
0.167324761059
0.166173251893
0.164880402858
0.163446087825
0.161868040798
0.160141647122
0.158258830842
0.156203892359
0.153944792952
0.151426152632
0.148444599493
0.144718371384
0.139954066153
0.133529651348
0.124204645484
0.109575931881
0.0847965439468
0.0434921185846
0.148818486533
0.148825654565
0.148845749536
0.148892486234
0.148936468311
0.148986153177
0.149044105513
0.149121961965
0.149203352983
0.149327023762
0.149470039082
0.149617020285
0.149767865343
0.149933556125
0.150123595477
0.150323613481
0.150532198124
0.150745220968
0.150962208935
0.151190420093
0.151435397914
0.15168344418
0.151933580586
0.152221763806
0.152563609201
0.15295396808
0.153388102176
0.1538311771
0.154287369443
0.154761451847
0.155249405198
0.155753677344
0.156285717987
0.156864303427
0.157483037002
0.158139413555
0.158834094938
0.159561017138
0.160321189498
0.161117199718
0.161957054544
0.162862580766
0.163839796827
0.164851290989
0.165868542223
0.166913275852
0.168053591938
0.169315140029
0.169821203217
0.170141648914
0.170437954824
0.170665441431
0.170800490065
0.170831427249
0.170748894971
0.17054515545
0.170214089173
0.169750760594
0.169150973463
0.16841098378
0.167527520844
0.16649800198
0.165320480507
0.163993006388
0.162512509169
0.160873532304
0.159067002159
0.157078777564
0.154887065315
0.152457343398
0.149733423252
0.146624344691
0.142972528212
0.138395189107
0.132406672377
0.124405506421
0.113267603498
0.0971154053041
0.0726664221647
0.0389150675199
0.148428554074
0.148437674255
0.148458895624
0.148505222818
0.148552490813
0.148609054478
0.148670815796
0.148750067511
0.148836297123
0.148955876079
0.149100826792
0.149250280508
0.149403909141
0.149571533906
0.149762674303
0.149963853361
0.150179545721
0.150404247036
0.150629540468
0.150864881157
0.151116846866
0.151377811283
0.151635984892
0.151916893192
0.152254220226
0.152637654664
0.153063199838
0.153500197334
0.153950851451
0.154432308818
0.154936880523
0.155455510702
0.155987645554
0.156559256821
0.157179965685
0.157848907393
0.158560416423
0.159308615932
0.160091569358
0.160916071675
0.161801121966
0.162767013512
0.163798822448
0.164859850506
0.165949910311
0.16711077787
0.168410736734
0.169056357906
0.169365660401
0.169662783614
0.169910229166
0.170063630335
0.170105627267
0.170025341773
0.169815101705
0.169470577834
0.168989185431
0.168368850426
0.167607487943
0.166702763802
0.165651974405
0.164451962786
0.163098864718
0.161587497331
0.15991037676
0.158056445677
0.156009504004
0.15374606443
0.151231997089
0.148417037296
0.145226126168
0.141546284969
0.137210655676
0.131916933244
0.12509426001
0.116037677524
0.103891507973
0.0872930712788
0.063827712853
0.0341334168021
0.148002773329
0.148015211115
0.148036559481
0.148076838746
0.148130301323
0.148194208128
0.148262547464
0.14834741553
0.148444102562
0.148558898015
0.148703133353
0.148854392669
0.149010916859
0.149180713581
0.149373256262
0.149575965114
0.14979331831
0.15002807804
0.150264547498
0.150509691003
0.150768676501
0.151042212977
0.15131795351
0.151602082418
0.151927133671
0.152302145336
0.152718960976
0.153150214673
0.153593453737
0.154073226588
0.154585390347
0.155123153045
0.155667349855
0.156235222569
0.156850903285
0.157522526265
0.158247679062
0.159018982037
0.159828833254
0.160691868082
0.161635760198
0.162666384297
0.163754690113
0.164880501955
0.166078395751
0.16731479181
0.168083329367
0.168605223222
0.16886438836
0.169109980308
0.169289480545
0.169350079401
0.169279451213
0.169070946278
0.168720154615
0.168225718972
0.167587714984
0.166806221926
0.165880647212
0.164809404401
0.163589698432
0.162217304966
0.16068621127
0.158987993436
0.157110862868
0.155038353548
0.152747551237
0.150206610867
0.147371091594
0.144178453481
0.140539938888
0.136328958796
0.131364685948
0.125393529216
0.117991746771
0.108444608178
0.0958574699022
0.0792118517206
0.0568651554584
0.0299242220142
0.147555302918
0.147568178048
0.147588540517
0.147621658848
0.147678438667
0.147745443965
0.147818336261
0.147906385887
0.148010774765
0.148128750716
0.148274118364
0.148427456111
0.148587225093
0.148759461853
0.148953854101
0.149159606528
0.149379734515
0.149621681724
0.149869202648
0.150127492792
0.15039684151
0.15068012956
0.150969963561
0.151270914114
0.15159805718
0.151962322863
0.152363329868
0.152786140455
0.153220060876
0.153692449722
0.154203386614
0.154748419023
0.155311355246
0.155887367277
0.156502308727
0.157169178084
0.157896937438
0.1586864928
0.159531093193
0.160446720667
0.161458509286
0.162555039334
0.163705395355
0.164914116144
0.166196684406
0.167205297885
0.16766890324
0.167950432228
0.168257493183
0.168471751149
0.168561354015
0.16851105943
0.168313173136
0.167964443813
0.167464441293
0.166814708088
0.166017406549
0.16507411691
0.163985112942
0.162748966287
0.161362282213
0.159819424123
0.158112111469
0.156228784953
0.154153660691
0.151865393789
0.149335231894
0.146524435039
0.143380617019
0.139832541349
0.135782817932
0.131097871894
0.125594478406
0.119021767579
0.111041242877
0.101173317141
0.0886527047451
0.0725729499889
0.0516539776388
0.0268515222318
0.147091845435
0.147103152756
0.147121488054
0.147152392096
0.147204860486
0.147270099386
0.147344228762
0.147431991331
0.147539712661
0.147663001218
0.147811986733
0.147967937269
0.148131222337
0.148305910228
0.148502052375
0.148710866442
0.148934123292
0.149182173484
0.149439121437
0.149709717912
0.149994619868
0.150288810981
0.150591812777
0.150900586775
0.151237545294
0.15160943216
0.152005616231
0.152413181086
0.152834400497
0.153296248707
0.153802477705
0.154343153988
0.154913352389
0.155500111982
0.156120383895
0.156789369434
0.157515318263
0.15831504702
0.15919792446
0.160177217361
0.161260922063
0.16242184125
0.163626075278
0.164825828712
0.16595486695
0.166682528554
0.167154058876
0.167387219191
0.167609122691
0.167735233487
0.167716392421
0.167540465386
0.167203606773
0.166706556075
0.166052565476
0.165245736082
0.164289825818
0.163187309559
0.161938732112
0.160542316046
0.158993689947
0.157285604363
0.155407521377
0.15334498656
0.151078697896
0.148583187761
0.145824996597
0.142760163148
0.139330778309
0.13546028433
0.131047152796
0.125956547995
0.120009580548
0.112969805328
0.104526599248
0.0942766299948
0.0817288656231
0.0661972189713
0.0466507762556
0.0238957151725
0.146606360371
0.146619441039
0.14663447763
0.146668376655
0.146713571738
0.146774124477
0.146846654575
0.146932753155
0.147040940785
0.147164869708
0.147317363625
0.147475635165
0.147641581646
0.147818677572
0.148016765573
0.148227366448
0.14845203936
0.148705524354
0.148970712845
0.149249583577
0.149547351993
0.149852058208
0.150172637533
0.15049695469
0.150835985629
0.151214198537
0.1516232712
0.152027648459
0.152435943615
0.152883679905
0.153385729649
0.153924228451
0.154491787988
0.155081167878
0.155702097785
0.156371722669
0.157097740497
0.157906189148
0.15882738559
0.159875308525
0.161030834031
0.16224376791
0.163477265629
0.164691578278
0.165659411825
0.166187509249
0.166432205937
0.166699168524
0.166869776149
0.166890564378
0.166747400921
0.166434203505
0.165950620108
0.16530117443
0.164492246115
0.16352999662
0.162419278525
0.161162921688
0.159761239862
0.15821171158
0.156508745019
0.154643413002
0.152603060725
0.150370699503
0.147924113126
0.145234594007
0.142265211649
0.138968477307
0.135283233512
0.131130563194
0.126408503327
0.120985369237
0.114691561273
0.107309880954
0.0985646578613
0.0881106284468
0.0755226607761
0.0602982743297
0.0417602569471
0.0209493576123
0.146089269978
0.146103278277
0.146120259617
0.146155409414
0.146199000088
0.146256719084
0.146326842282
0.146410760787
0.146516931781
0.146637665712
0.146791817719
0.14695213609
0.147118486357
0.147297976571
0.147499196016
0.147711437899
0.147935546783
0.148190584481
0.148463023989
0.148747135055
0.149054501196
0.149371260834
0.149702164708
0.150050253152
0.150405570642
0.150789865338
0.151211707106
0.151627939901
0.152025814595
0.152456731706
0.152945932434
0.153483187297
0.154053602978
0.154645852826
0.155261505804
0.155924943436
0.156645747669
0.157458415432
0.158416194593
0.159533269778
0.160755784097
0.161986388121
0.163178315613
0.164324351916
0.164984214842
0.165555593193
0.165784921107
0.165963312225
0.166030206211
0.1659302779
0.165651360731
0.165192395418
0.164557765477
0.163755378266
0.162793922157
0.161680943542
0.160421840857
0.159019319541
0.157473066601
0.155779546751
0.153931832608
0.151919381592
0.149727674776
0.147337649246
0.144724857288
0.141858288813
0.138698777896
0.135196900721
0.131290252425
0.126899985897
0.121926512116
0.116244317117
0.109695968941
0.102085626553
0.0931727086156
0.0826676324663
0.0702292807593
0.0554952241248
0.03790590948
0.0187666957215
0.145539662164
0.145551345443
0.145574640159
0.145610454033
0.145656333083
0.145714401756
0.145782982283
0.145865119109
0.145968491209
0.146083796222
0.146237074242
0.146400060017
0.146565216607
0.146744364207
0.14695017948
0.147165684771
0.147390084401
0.147641276227
0.147915845615
0.148204579164
0.148517047818
0.14884818628
0.149195775392
0.14955798539
0.149934220331
0.150330258064
0.150765955914
0.151207269704
0.151609115718
0.152023416887
0.152490477012
0.153017275632
0.153587964509
0.154189125274
0.154806095129
0.155458289081
0.156166108751
0.156972040624
0.157959187697
0.159143547542
0.160415538411
0.161683176649
0.162908853332
0.164070640536
0.164490213358
0.164687306254
0.164976610838
0.165122553223
0.165079625912
0.164847755549
0.164425705127
0.163817187663
0.163031172689
0.162078626251
0.160969931183
0.159713374528
0.158314367077
0.156775081027
0.155094294875
0.153267315187
0.151285889211
0.149138032636
0.146807710877
0.144274316806
0.141511897679
0.138488079634
0.135162636499
0.131485638386
0.127395113959
0.122814167364
0.117647525018
0.111777562975
0.105060004911
0.0973197475775
0.0883475887877
0.0779000325367
0.0657002180603
0.0514794858866
0.0347737748104
0.017031318632
0.144964180861
0.14497506054
0.145000221377
0.145036700175
0.145085121134
0.145144993896
0.145212876666
0.145294084192
0.145396234433
0.145506264238
0.145655425061
0.145821353802
0.145986731048
0.146161531265
0.146369460629
0.14658907244
0.146815512282
0.147062363982
0.147333218763
0.147622515312
0.147938529692
0.148271884669
0.148636442722
0.149016322109
0.149413868385
0.149826470645
0.150275828943
0.150748540046
0.1511774488
0.151587830626
0.152035681913
0.152538054222
0.153097402308
0.153701667833
0.154334524543
0.154983675646
0.155671998321
0.156451178743
0.157452216606
0.158686972544
0.159953403856
0.161181652862
0.162343808715
0.162947241733
0.163802461295
0.163983989509
0.164133453005
0.164176403983
0.164014529127
0.163643678344
0.163073252421
0.162314161342
0.161379416812
0.160282174125
0.159033775728
0.157642618963
0.156113638075
0.154448145778
0.152643839389
0.150694843326
0.1485917008
0.146321256412
0.143866380796
0.141205500894
0.138311899763
0.135152753432
0.131687865352
0.127868057255
0.123633174079
0.118909676179
0.113607831077
0.107618599219
0.100810451648
0.0930266321166
0.0840836332994
0.0737732221804
0.0618646519356
0.0481523146344
0.0322313233587
0.0155942930179
0.144365241993
0.144375603327
0.144399729799
0.14443765538
0.144487104937
0.144547893654
0.14461506945
0.144694561083
0.144799107181
0.144910032477
0.145049101975
0.145216103977
0.145383981497
0.145557129109
0.14575913603
0.145979934289
0.146208647991
0.14645325937
0.146720942993
0.147005018952
0.147323966218
0.147657553589
0.148019435784
0.148409092156
0.148822829735
0.149260240239
0.149728869786
0.150234918614
0.150717274288
0.151144234771
0.151585225183
0.152068960225
0.15260779418
0.153195887445
0.153832320525
0.154498650553
0.155182959527
0.155917479615
0.156890447554
0.158184472187
0.159487449835
0.160673202047
0.161910568573
0.162611133212
0.162884369
0.163137258361
0.163232544931
0.163137216084
0.162833733633
0.16231722635
0.161597455433
0.160690336877
0.159612342614
0.158378113775
0.156999265475
0.155483748372
0.153835630842
0.152055147548
0.150138856279
0.148079783716
0.145867487758
0.143487988124
0.140923535866
0.138152196968
0.135147231323
0.13187624349
0.1283000787
0.124371428856
0.120033113702
0.115216013065
0.109836663835
0.103794613493
0.0969697614028
0.0892201939649
0.080381233125
0.0702681863853
0.0586782674526
0.0454422159326
0.0301866238812
0.0143886641875
0.14374379478
0.143753928472
0.143777400095
0.143817114622
0.143865120729
0.143924114991
0.143990720005
0.14406685623
0.144170939216
0.14428684407
0.144415443896
0.144581163247
0.144751014422
0.14492651014
0.145119323867
0.145336685196
0.14556561253
0.14580858049
0.146076839641
0.146357309329
0.146669963835
0.14700747915
0.147363404421
0.147750981123
0.148170238254
0.148618090655
0.149103901118
0.149633828303
0.150184404367
0.150672407457
0.15112067942
0.151598787694
0.152121653662
0.152699953661
0.153322790431
0.153994437354
0.154698340635
0.155414296791
0.156278666514
0.157545384514
0.158946864098
0.160168906184
0.161284641842
0.161943191577
0.162008093143
0.162174803536
0.162202197571
0.161983471416
0.161534839234
0.160869876353
0.160003183422
0.158953826099
0.157740523715
0.156378753582
0.15487987399
0.153250969719
0.151494979332
0.149610960333
0.147594379821
0.145437346241
0.143128726122
0.140654116921
0.137995658273
0.135131673767
0.132036133099
0.128677921257
0.125019887526
0.121017635207
0.116618001505
0.11175718075
0.106358469629
0.100329680917
0.0935603991843
0.0859195351523
0.0772538351428
0.0673900555992
0.0561355626136
0.0433328795623
0.0286156518609
0.0134029141367
0.143100881615
0.143111003823
0.143138586739
0.1431782465
0.143221518722
0.143276879158
0.143342800682
0.1434165403
0.143512224135
0.143628392735
0.143750913654
0.143913388133
0.144083379879
0.144258518734
0.144444747451
0.144657514324
0.14488211023
0.145122283041
0.145391297203
0.145673220652
0.145975699057
0.146309579619
0.146662447933
0.147047571225
0.14746275243
0.14790845701
0.148396181824
0.148931523465
0.149517190892
0.150106923096
0.150616889883
0.15110396048
0.151623591694
0.152189663572
0.152811155502
0.153484077686
0.154206528865
0.154966917054
0.155759662762
0.156788396732
0.158131197112
0.159384410324
0.159877885102
0.160928844172
0.161110823024
0.161157621715
0.161058351843
0.160711000891
0.160118950604
0.15930681813
0.158297744477
0.157113846792
0.155774803384
0.154296057207
0.152688205501
0.150957166333
0.149104612065
0.147128435791
0.145023157723
0.142780220718
0.140388148207
0.137832550854
0.13509598162
0.132157641149
0.12899293488
0.125572868538
0.121863249063
0.117823629755
0.113405916159
0.108552534718
0.103194075242
0.0972463616952
0.0906070083755
0.0831517984805
0.0747314272619
0.0651715284208
0.0542707931082
0.0418568078159
0.027543025505
0.0126550343998
0.142436807876
0.142447806718
0.142479146824
0.142514699096
0.142553691646
0.142606379284
0.142671304845
0.142743713716
0.142830583778
0.142942241712
0.143058520874
0.143213738633
0.14338325021
0.143553679629
0.143734021341
0.143944577009
0.144162712298
0.144394660225
0.144661324442
0.144941687325
0.145237875308
0.145566117413
0.14591077117
0.146294136327
0.146703915348
0.147145101345
0.147620428666
0.148144056973
0.14872090439
0.149356849142
0.14998935419
0.150546676502
0.151092244676
0.151663811878
0.152284741741
0.152963828349
0.153704661931
0.154505206795
0.15534749712
0.156283691314
0.157419937651
0.158832882007
0.159470211736
0.159799650021
0.160068615745
0.160072186461
0.159822183046
0.159326338033
0.158588981489
0.157633816775
0.1564892336
0.155179938166
0.153725712039
0.152141142985
0.150435589597
0.148613600999
0.146675561683
0.144618313069
0.142435646387
0.140118643382
0.137655861906
0.135033374158
0.132234669455
0.129240437648
0.126028239325
0.122572048143
0.118841612719
0.114801543662
0.110409988604
0.105616725549
0.100360486237
0.0945653259985
0.0881359067779
0.0809517963511
0.0728610139974
0.0636756661459
0.0531650908025
0.0411068544286
0.0270547445071
0.0121957878342
0.141749344098
0.141760405627
0.14178360321
0.141818167159
0.141858458591
0.141910523415
0.141974135882
0.142044165741
0.142126124932
0.142232563042
0.142345599658
0.142486587188
0.142656033833
0.142822402444
0.142995022217
0.143201634475
0.143417988721
0.143641286133
0.143895641093
0.144169943712
0.1444570627
0.144782058883
0.145119515352
0.145487083839
0.145888008031
0.146324167983
0.146787495685
0.147292536124
0.147847030373
0.14845957729
0.14913402328
0.14981635889
0.150450407358
0.151072853267
0.151717166607
0.152408989086
0.153162135861
0.153985982054
0.154875804684
0.155875831708
0.156905267851
0.158345226299
0.158844931212
0.158789475802
0.158935566074
0.158863019448
0.158476602224
0.157829827202
0.156947879322
0.155856349645
0.154585481545
0.153161264334
0.151603019804
0.149923953878
0.148131848315
0.146229783209
0.144216930115
0.142089267565
0.139840127251
0.137460560335
0.134939543832
0.132264050735
0.129419012738
0.126387202359
0.123149047439
0.11968235242
0.115961847349
0.111958421612
0.107637841524
0.102958693295
0.0978692418423
0.0923028320334
0.0861714203687
0.0793569544742
0.0717002271495
0.0629897841127
0.0529462068301
0.0412538580601
0.0273505494742
0.0121583763184
0.141040368654
0.141050309672
0.141066046054
0.141100159101
0.141142235919
0.141192263871
0.141252041111
0.141318194665
0.141394642658
0.141496206283
0.141610283128
0.141735825044
0.141902534161
0.142070070333
0.142238718047
0.142431239241
0.142645687246
0.142864890455
0.143102046286
0.143369250138
0.143645884333
0.14395515579
0.144288895126
0.144637735024
0.145023757213
0.145440769519
0.145893230294
0.146380715605
0.14691023436
0.147493108855
0.148129954495
0.148830851701
0.149552670821
0.150266537044
0.150971328919
0.15170127689
0.152476012729
0.153312700696
0.154212026389
0.155243996482
0.156149858568
0.156826954472
0.157812714572
0.157740729317
0.157714897119
0.157523064278
0.157010596392
0.156221306526
0.155200366633
0.153980907744
0.152594275004
0.15106638167
0.149415489325
0.147653093189
0.145785220132
0.143813480947
0.141735978228
0.139548064301
0.137242904192
0.134811851803
0.132244672221
0.129529650814
0.12665363267
0.123602034671
0.120358844919
0.116906569096
0.113226005762
0.109295655177
0.105090494555
0.100579778339
0.0957234243859
0.0904663648874
0.0847300159099
0.0783998051882
0.0713071783045
0.0632085004696
0.053754608863
0.0424944241789
0.0287187249318
0.0127776117376
0.140314171453
0.14032430511
0.140344336084
0.140373676778
0.14041100724
0.140455444141
0.1405090312
0.140571014166
0.140641322152
0.140735153364
0.140848184515
0.140962407662
0.141118358863
0.141289732896
0.141456584701
0.14163231271
0.141841150139
0.142053999904
0.142275451644
0.142533409693
0.142803246219
0.143091156687
0.143412502799
0.143744406786
0.144114598182
0.144509136324
0.144944507634
0.145410542061
0.145914457764
0.146467272991
0.147068137255
0.147719316368
0.14842594864
0.149170732564
0.149931337982
0.150707565768
0.151518399684
0.15237818406
0.15329116049
0.15423799382
0.155150038932
0.155056060727
0.156298903205
0.156515330197
0.156416445587
0.156080486112
0.155433457973
0.15450634332
0.153353219421
0.152014791288
0.150523165843
0.148902969356
0.147170662096
0.14533573324
0.14340238304
0.141370831627
0.139238302584
0.136999778823
0.134648551384
0.132176590733
0.129574784799
0.126833096393
0.123940702952
0.120886175586
0.117657712819
0.114243361734
0.110631064284
0.106808281803
0.102760892356
0.0984709793674
0.0939130077562
0.0890475379745
0.0838110988396
0.0780996846841
0.0717412829492
0.064455698401
0.0557825109814
0.0450426433446
0.0312877547396
0.0139010021343
0.139570550693
0.139580096466
0.139602250018
0.139628291882
0.139659016307
0.139699244566
0.139748408971
0.13980711813
0.139872991297
0.139956625432
0.140065017796
0.1401767938
0.140309790188
0.140480801288
0.140644821779
0.14080920371
0.141006195604
0.141214139342
0.141424249575
0.141663294481
0.141922680712
0.142192034219
0.142498981335
0.142817592695
0.1431629995
0.143539540952
0.143947436313
0.144390031909
0.144867573833
0.145386214538
0.145955635746
0.146568215459
0.147233836611
0.147949812426
0.148717212312
0.149522311251
0.150371056272
0.151275168874
0.152250367134
0.153292065601
0.154420866324
0.154675560058
0.154973197871
0.155251770457
0.155076628831
0.154567319558
0.153761892844
0.152692673288
0.151412587096
0.149964263826
0.148378530938
0.146677372612
0.144874656299
0.142977590515
0.140988555298
0.13890652599
0.136728069251
0.134448059402
0.132060188039
0.129557321485
0.126931755711
0.124175435006
0.121280218052
0.1182382659
0.115042557197
0.111687424218
0.108168892409
0.104484542903
0.100632602461
0.0966099443846
0.0924086050337
0.0880100250605
0.0833755984668
0.0784299230137
0.0730293118682
0.0669027506683
0.0595052239573
0.049838352289
0.036031416001
0.0151543401602
0.138808993603
0.138815859649
0.13883146187
0.138852190601
0.138883669741
0.13892402213
0.138971669213
0.139027731664
0.13908871338
0.139161722378
0.139260892163
0.139374481804
0.139487230223
0.139643615142
0.139810662351
0.139969067806
0.14014426955
0.140347522111
0.140550732115
0.140765537082
0.14101297073
0.141266376559
0.14154889732
0.14185676655
0.142173443748
0.142531418372
0.142911986715
0.1433297191
0.143779149306
0.144265872737
0.144802556618
0.14538524924
0.146020059732
0.146710060538
0.147461290876
0.148277868126
0.14916100726
0.150127279542
0.151207171059
0.152407927504
0.153935092181
0.154181683966
0.154029010602
0.154046992716
0.153674160993
0.152968536616
0.151992144815
0.150779671973
0.149379984953
0.147832638369
0.146164691191
0.144394282742
0.142532125758
0.140583034009
0.138547693676
0.136424057672
0.134208289755
0.131895413181
0.129479767974
0.126955351317
0.124316093919
0.121556153427
0.118670335855
0.115654732782
0.112507554247
0.109229985676
0.105826787937
0.102306341725
0.0986799144329
0.0949600007813
0.0911576656172
0.0872785455934
0.0833170910545
0.0792465166019
0.0750008350659
0.0704363506466
0.0652110420574
0.0586024641359
0.0479597831043
0.0248397230307
0.138033509832
0.138038155441
0.138047307335
0.138059099566
0.138094252585
0.13813571051
0.138181967606
0.138234641029
0.138290188066
0.138353705146
0.13844043902
0.138549342273
0.138659202994
0.13878719477
0.138951743459
0.139109778111
0.13926561955
0.139453796086
0.139651028345
0.139846830291
0.140074083919
0.140316473629
0.140568906869
0.140857654143
0.141156858501
0.141483397472
0.141842117847
0.142231648431
0.142653622869
0.143111186239
0.143613933738
0.144166923784
0.14477319519
0.145438434825
0.146169954211
0.146976994631
0.14787491619
0.148877127978
0.150033876254
0.151278662361
0.152923778664
0.15336541405
0.152965302765
0.152741209317
0.152139042738
0.151237095541
0.150099904243
0.148757141771
0.147252366479
0.145620594372
0.143884186001
0.142057013406
0.140146552042
0.13815538786
0.136082801131
0.133926031018
0.131681123604
0.12934350238
0.126908372344
0.124371048579
0.1217272603
0.118973534462
0.116107802519
0.113130323996
0.110044849536
0.106859754059
0.103588777638
0.10025107789
0.0968704834449
0.0934740244639
0.0900900509064
0.086746134331
0.083467644149
0.0802761515562
0.07719182027
0.0742359250715
0.0714348827091
0.0689521037141
0.0666655748065
0.0677610176829
0.137246824203
0.137252140799
0.137263830944
0.137276235789
0.137303433712
0.137341361481
0.137384266704
0.13743211111
0.137483245731
0.137538782466
0.137609839
0.137706422237
0.137818048347
0.137926745485
0.138067772709
0.138227769254
0.138375277707
0.138534331508
0.138725020121
0.138910301305
0.139106867856
0.139336996831
0.139570228345
0.139830343652
0.140114186236
0.140409592229
0.140738954239
0.141097201961
0.141489108996
0.141914531854
0.142382676944
0.142903220104
0.143476276832
0.144109361391
0.144814437901
0.145596272205
0.146471132432
0.147455084353
0.148624962361
0.149803885984
0.151390127009
0.152046047581
0.151485104297
0.151146923457
0.150384214139
0.149325527687
0.148059101021
0.146613039965
0.145025705398
0.143328203688
0.141538997872
0.139668297211
0.137720820172
0.135697387083
0.133596312302
0.131414501385
0.129148188533
0.126793435957
0.12434649587
0.121804139262
0.119163995772
0.116425044627
0.113588440608
0.110658755161
0.107645454126
0.104564200218
0.101437527395
0.098294610536
0.0951701605145
0.0921027227494
0.0891330015746
0.0863026607578
0.0836553244117
0.0812388091588
0.0791176479661
0.0773836144688
0.0761970955964
0.0758842334598
0.0767006600355
0.0805267236045
0.136449750862
0.136456097228
0.136470435109
0.136493414332
0.136510410881
0.136543491548
0.136582361325
0.136625251183
0.136672392396
0.136719488599
0.136774696331
0.136852024062
0.136952349057
0.137057943232
0.137169981551
0.137318446892
0.137468477394
0.137607733631
0.137775245533
0.137954630736
0.138129587059
0.138333919649
0.138554258739
0.13878542424
0.139041564283
0.139313588618
0.139607516123
0.139934425033
0.140287731332
0.140675324493
0.141107101445
0.141585277618
0.142115307685
0.142704562825
0.143366024613
0.144104840401
0.14492994479
0.145844136815
0.146929734823
0.147906385058
0.149271693898
0.150212889852
0.14956946913
0.14918663804
0.148356911355
0.147206775726
0.145856071489
0.144341690257
0.142699253751
0.140957300007
0.139132004602
0.137231237938
0.135257883359
0.133211673269
0.131090486131
0.128891303408
0.126610848909
0.124246037287
0.121794311456
0.119253988352
0.116624642606
0.113907726368
0.111107654586
0.10823339112
0.105300193465
0.102330921689
0.0993563712322
0.0964144151006
0.0935481417372
0.0908034278355
0.0882267375593
0.0858635222425
0.083759354637
0.0819616159879
0.0805352531447
0.0795616807295
0.0791989318782
0.0796992948771
0.0813170741738
0.0846039169588
0.135647481019
0.135653289952
0.135664285001
0.135694184073
0.135714203539
0.135743384027
0.13577807867
0.135815782081
0.135857402228
0.135897293738
0.135940577637
0.135995762099
0.136076082985
0.136174805828
0.136274018911
0.136388904268
0.136535063486
0.136674552663
0.136811595482
0.136977206079
0.137144394515
0.137316507604
0.137514436718
0.137721541262
0.137946617751
0.138191085755
0.138452837307
0.138740788292
0.139056005626
0.139403431458
0.139785065495
0.140209254134
0.140683442305
0.141216596263
0.141817420913
0.142492199103
0.143243301315
0.144067841404
0.145010181723
0.145703269871
0.146595705934
0.14784262758
0.147252309513
0.1468660562
0.146051898718
0.144881655264
0.14349563718
0.141948761301
0.140278715732
0.138513334844
0.136668126833
0.134750081904
0.132761316237
0.130701211474
0.128567735575
0.126358325282
0.124070457249
0.121702071387
0.119251900657
0.116719852082
0.114107440016
0.11141856358
0.108660902502
0.105847871185
0.103000550818
0.100148793504
0.0973309132144
0.0945918815037
0.0919804118666
0.0895454864224
0.0873331673972
0.0853835836948
0.0837303997646
0.0823986728335
0.0814197089039
0.0808100005402
0.080679755955
0.0811297916584
0.0822855199368
0.084044119654
0.134845237359
0.13485055707
0.13486077613
0.134889036269
0.134920165613
0.134942997909
0.134971280003
0.135002182741
0.135036218285
0.135071298307
0.135105533096
0.135145234349
0.135201197215
0.135281052674
0.135375696193
0.135467225665
0.135584826019
0.135720046359
0.13584351967
0.13597958917
0.136134635768
0.136287441253
0.136454244513
0.13663744994
0.136832350875
0.137042134416
0.137270886477
0.1375182881
0.137794512521
0.138094405273
0.138419078032
0.138782288073
0.139186363962
0.139643516378
0.140158756588
0.14074405809
0.14140277323
0.142119375771
0.142879501447
0.143460389304
0.143397597339
0.14493065169
0.144602526593
0.144263753143
0.143519146294
0.142383910832
0.141002957774
0.139452558751
0.137777232166
0.136005990557
0.13415471426
0.132230512015
0.130235567929
0.128169514336
0.126030826945
0.123817689436
0.121528524931
0.119162415938
0.116719436948
0.114201087135
0.111610774889
0.10895479312
0.106244091467
0.103496614808
0.100739304167
0.0980087458437
0.0953499233154
0.0928132392185
0.0904504490978
0.0883102071951
0.0864340990964
0.0848523475948
0.083581665719
0.0826168299209
0.081935853198
0.0814493205249
0.0812088329995
0.0811070452231
0.081415914748
0.0826454827585
0.134036297637
0.134040839081
0.134052426303
0.134070547943
0.134104759109
0.134130716527
0.134156997913
0.134181885884
0.134208286412
0.134238329709
0.134265106702
0.134295309318
0.134329818493
0.134384865125
0.134463516472
0.134551322101
0.134640079571
0.13475337798
0.134870864945
0.134983397726
0.135107035504
0.135245042033
0.135385998634
0.135537744134
0.13570220385
0.135879795809
0.136068747149
0.136276037338
0.136499284135
0.136740822892
0.13699948802
0.137287648036
0.137609038801
0.137970090553
0.13837723439
0.138843886329
0.13937186995
0.139916809271
0.140360672498
0.140739611682
0.139594727641
0.14162128323
0.141803862786
0.141546040646
0.140865614722
0.139777696119
0.138419045287
0.136880397855
0.135213239877
0.13344803036
0.131600943724
0.129679361695
0.127685862078
0.125620644465
0.123482933598
0.121271832155
0.118986817742
0.116628172579
0.114197316889
0.111697309115
0.109133376088
0.106514145031
0.103853874785
0.101175180554
0.098510937201
0.0959041849607
0.0934056654295
0.0910695326595
0.0889481955006
0.08708719317
0.0855211729157
0.0842699031372
0.0833384035479
0.0827058189716
0.0823244632724
0.0820438194778
0.0818272819732
0.0809370853877
0.0808271075264
0.0819815237194
0.133211823284
0.133213225463
0.133220834093
0.133228058119
0.133255647021
0.133294000782
0.133327310085
0.13335018437
0.133371265343
0.133394890064
0.133418023814
0.133438163808
0.133462955913
0.133493615718
0.133546514404
0.133622077116
0.133700187502
0.133783964118
0.133884997933
0.133987608835
0.134084795145
0.134190075299
0.134309726842
0.134431193524
0.134561814213
0.13470296391
0.134850295925
0.135004901852
0.135166639706
0.135337676503
0.135520205555
0.135722597253
0.13595246755
0.136206987204
0.136496362175
0.136836904734
0.137204527212
0.137557279533
0.13778249091
0.137118244129
0.136992290779
0.138552675487
0.139119151859
0.138898438716
0.138212614288
0.137134048444
0.135786578439
0.13425989438
0.132605503836
0.13085264583
0.129016437704
0.127103902345
0.125117841868
0.12305905135
0.120927575965
0.11872349943
0.116447386083
0.114100722523
0.111686239838
0.109208497718
0.10667444729
0.104095005217
0.101487843476
0.0988804747232
0.0963118311922
0.0938311112336
0.0914938609711
0.0893563380729
0.0874693777031
0.0858727975914
0.0845915361284
0.083632553277
0.0829894893944
0.0826346943998
0.0825620518163
0.0827860087273
0.083355669026
0.0817169065526
0.0821289499742
0.0821887027765
0.132376120196
0.132372530156
0.132371908617
0.132375241236
0.132392579078
0.132430397471
0.132471295025
0.132499781021
0.132521730345
0.132541905484
0.132563271659
0.132579268704
0.132597809852
0.132616020658
0.132644587059
0.132691361072
0.132758126696
0.132824281646
0.132897120242
0.132981605748
0.133065890121
0.133143388402
0.133227158108
0.133321147278
0.133417288262
0.133513682737
0.133611780701
0.133707907863
0.133807911447
0.133906950273
0.13401623509
0.134127974095
0.134250634851
0.134390883817
0.134566924436
0.134784160466
0.135055575416
0.135410563532
0.135991915964
0.135998763564
0.13633459193
0.136315459788
0.136750419971
0.136409440291
0.135620018918
0.13449222908
0.133131029843
0.131609201276
0.129967935689
0.128230771538
0.126409895474
0.12451113994
0.122537200036
0.120489375726
0.11836851921
0.116175698813
0.113912550548
0.111581738022
0.109187241197
0.106735051102
0.104233740353
0.101696505275
0.0991446243923
0.0966108310152
0.0941402682371
0.0917879462787
0.0896132100402
0.0876728814719
0.0860144364931
0.0846702850805
0.0836539884358
0.0829563654797
0.0825470838647
0.0823591852213
0.0823908013556
0.0826362250885
0.0831227522524
0.0851686122204
0.0829657172632
0.0824496587108
0.13154254648
0.131534353305
0.13152796575
0.131528563274
0.131535528101
0.131557105701
0.13159371742
0.131633899473
0.131662124046
0.131683709376
0.131702701308
0.131719449585
0.131729166098
0.131743757308
0.131757048327
0.131780488242
0.131817657179
0.131869585976
0.131921418494
0.131977267669
0.132040187138
0.13210142074
0.132156050345
0.132212594233
0.132271652899
0.132324353638
0.132369418057
0.132413184281
0.132448620982
0.132480304627
0.132498526162
0.132507923412
0.132516679423
0.13254214139
0.132600517795
0.132714713368
0.132979104305
0.13355863936
0.135087296034
0.135239209097
0.135616825661
0.135017769149
0.134721182861
0.134010057051
0.133041177757
0.131835527053
0.130450874345
0.128933319713
0.127308034123
0.125590336817
0.123788713622
0.121907600519
0.119949540603
0.11791634912
0.115809698959
0.113631644556
0.111384864995
0.109073161341
0.106701686811
0.10427779411
0.10181157461
0.0993185499843
0.0968239082229
0.0943660142147
0.0919963535705
0.0897752616512
0.0877646961308
0.0860204360244
0.0845850637625
0.0834830934554
0.0827188787617
0.0822728360311
0.0820970085413
0.0820908246192
0.0822054300614
0.0821065471601
0.0823586427249
0.082883226738
0.0822965973701
0.0820386404577
0.130716971836
0.13070745359
0.130699469361
0.130695116233
0.130695229306
0.130701775341
0.130724754896
0.130767708629
0.130801510376
0.130825263918
0.13084262878
0.130857031421
0.130864170039
0.130868603535
0.130875578562
0.130879667225
0.130890717004
0.130914337386
0.130950339101
0.130984318271
0.131021239571
0.131054953372
0.13109013752
0.131112738448
0.131129701716
0.131139549112
0.131139275082
0.131125880851
0.131096093012
0.131041274987
0.130961433157
0.130873628952
0.130772488507
0.130666352933
0.130562648626
0.130490995429
0.130498381735
0.130655762197
0.130147875361
0.13377226954
0.13425919791
0.13315331544
0.132403051322
0.131432719459
0.130352759585
0.129113613016
0.12773035833
0.126231209161
0.124630593245
0.12293806447
0.121159803376
0.119299672285
0.11736048938
0.115344797944
0.1132551787
0.111094701054
0.108867059228
0.106577154118
0.104231229477
0.10183794167
0.099408802671
0.0969617832065
0.0945264112083
0.0921471671994
0.0898819387407
0.0877956872939
0.0859515033103
0.0844021541237
0.0831831183442
0.0823093116869
0.0817756950181
0.0815569308156
0.0816174547045
0.0819323726153
0.0824761516042
0.0819966051107
0.0820935557139
0.0819618661616
0.0816488912549
0.0814852756124
0.129896781954
0.129891761624
0.129884000736
0.129876600093
0.129870705747
0.129868327949
0.129876028293
0.129907771933
0.12994543029
0.129971084108
0.129987680688
0.129997857114
0.130004067332
0.130001462566
0.129998141388
0.129987549675
0.129977812415
0.12997831691
0.129985060647
0.129997874848
0.130014106725
0.13002273567
0.130023993563
0.130017385427
0.129994948015
0.129960274147
0.129912480952
0.129838363589
0.129733101388
0.129594045603
0.129439626295
0.129249964036
0.12902099776
0.128752153035
0.12844610469
0.128124532035
0.127810725152
0.127585689861
0.12597395898
0.128247525789
0.130344775804
0.129782255648
0.129362003796
0.128513186057
0.127493030757
0.126306463918
0.124967931479
0.123508599736
0.12194362701
0.120282204403
0.118530822193
0.11669412418
0.114775878404
0.1127796696
0.110709106716
0.108568311243
0.106361959888
0.104096018131
0.101777731884
0.0994170220208
0.0970267277751
0.0946274928284
0.0922537518283
0.0899566300274
0.0878003668904
0.085853658329
0.0841791099626
0.0828245044969
0.0818158722476
0.0811556740796
0.0808228007281
0.0807713429652
0.0809582057153
0.0813589220034
0.0819169329539
0.0831287612506
0.0817454296513
0.0812858730104
0.0810101254229
0.0808853854493
0.129086423255
0.129087664131
0.129081174047
0.129072362763
0.129062252762
0.12905313292
0.129050594109
0.129061118266
0.1290935076
0.129122574647
0.129139851041
0.129147434324
0.129147763248
0.129141886571
0.129124550297
0.12910818188
0.129084163384
0.129064378124
0.129044552825
0.129030382318
0.129018027664
0.129004860155
0.128972196599
0.128928471156
0.128868062058
0.128791680141
0.128689482584
0.12855402323
0.128379858234
0.128182671418
0.127941182894
0.1276366283
0.12726718605
0.126822614755
0.126298260409
0.125711277241
0.125105340134
0.124883161591
0.122888325729
0.123780341528
0.125340210466
0.125704458914
0.125891591626
0.125382478858
0.12452991927
0.123452164659
0.122188360437
0.120783487967
0.119260954609
0.117633739123
0.115910684758
0.1140982743
0.112201746437
0.110225958415
0.108175610078
0.106055882188
0.103872374961
0.101632082599
0.0993431542748
0.0970167634413
0.0946669831549
0.0923174775907
0.0900082774393
0.0877976489332
0.0857559111034
0.0839543440211
0.0824534759432
0.0812947759197
0.0804941185039
0.0800427384621
0.0799050142428
0.0800141783567
0.0802821496627
0.0805734730543
0.0811041182165
0.0812080748762
0.0807676112752
0.0804921103951
0.0803187107567
0.0802385386749
0.128295654032
0.128296543202
0.128290592456
0.12827974306
0.128266761684
0.12825279822
0.128242763513
0.128239288312
0.128251716508
0.12828029278
0.128300711194
0.128307317612
0.128302790382
0.128289396446
0.128265338036
0.128236103077
0.128205819989
0.128163802687
0.128124772878
0.128084497937
0.128042598721
0.127997198359
0.127935332054
0.127853991796
0.127755502552
0.127635406076
0.127484312565
0.127292598854
0.127070249729
0.126801350621
0.12646362458
0.126050117463
0.125546502152
0.124934302537
0.124196867127
0.123349176088
0.122425186596
0.121918633889
0.119889694447
0.120313318394
0.12112234719
0.121876189477
0.1224661022
0.122273401408
0.121586780578
0.120618713796
0.119431842586
0.118081706725
0.116600289058
0.115005464229
0.113309042182
0.11151963803
0.109644073656
0.107688488793
0.105658610796
0.10356062189
0.101400943876
0.0991875599783
0.096929410157
0.0946389470368
0.0923313821468
0.0900339090268
0.0877929484306
0.0856742589261
0.0837535238538
0.0821028273401
0.0807785031448
0.0798142036527
0.0792155960476
0.0789673366773
0.079032486617
0.0793664610827
0.0798482347124
0.0799567838309
0.0801045779147
0.0800488828067
0.0798473283626
0.0796961496787
0.0795960165905
0.0795475374272
0.127523733694
0.127518667226
0.127511185813
0.127497866797
0.127482111574
0.127464878686
0.127447450427
0.127436525586
0.12743485718
0.127447634219
0.127469926825
0.127478180301
0.127471344049
0.127452155696
0.127423093749
0.127382554817
0.127335015359
0.127280647363
0.127220056328
0.1271580994
0.127088048283
0.127008114907
0.126913273444
0.126798299443
0.126663014654
0.126499440742
0.126301306713
0.126065795228
0.125784437328
0.125438565736
0.12501959538
0.124512152937
0.123897262354
0.123149130983
0.122241228229
0.121162340449
0.11985219588
0.118438038236
0.116540573765
0.117220524465
0.118441856707
0.11882701962
0.119372200466
0.119346885183
0.118765895336
0.117870619517
0.116738888768
0.115429595036
0.113979467502
0.112409949522
0.110735109873
0.108965210591
0.107108311033
0.10517158671
0.103161577984
0.101085338452
0.0989499589818
0.0967643749119
0.0945381881419
0.0922852142854
0.0900217066641
0.0877791272044
0.085611202755
0.083591386361
0.0817995368662
0.0803059527516
0.0791591919802
0.0783806767975
0.077962762573
0.0778874117336
0.0781123426469
0.0785795550274
0.0791522994887
0.0800068292477
0.0792828691862
0.0790827194304
0.0789511465443
0.0788734467446
0.0788247167691
0.0787939037637
0.126764208752
0.126754145057
0.126743336551
0.12672896063
0.126711745808
0.126693117375
0.126673200648
0.126653740285
0.126644440432
0.126639023739
0.126646969663
0.126656912914
0.126651131036
0.126629504012
0.1265938297
0.126546130597
0.12648430742
0.126414043619
0.126336312166
0.12625008802
0.126150917979
0.126038482091
0.125911289474
0.125764468124
0.125590408532
0.125384200096
0.125140879176
0.124855516243
0.124512947981
0.124106188271
0.123622396328
0.12304515244
0.122353435802
0.121521295716
0.12051308562
0.119271636151
0.117689383694
0.11559206202
0.114350306504
0.113522861015
0.11552296057
0.116260082249
0.116682390782
0.116685600792
0.116131769581
0.115254356261
0.114140763806
0.112848065659
0.111412819367
0.10985733281
0.108196321974
0.106440628696
0.104598842005
0.102678715713
0.100687265151
0.098632231358
0.0965211805678
0.0943639805615
0.0921707494672
0.0899568268594
0.0877394022349
0.0855552476201
0.0834664474982
0.0815542866227
0.0799015900898
0.078574502172
0.0776100736418
0.0770100635623
0.0767435633213
0.076784146029
0.0770827040707
0.0776159888961
0.0783598521187
0.078346307444
0.0781535003791
0.0780670934848
0.0780230419316
0.0780046888807
0.0779934997448
0.0779814482841
0.126012312608
0.126002064306
0.125990291266
0.125978361494
0.125963172691
0.125945325107
0.125924861737
0.125901415987
0.125879609527
0.125864872101
0.125849807724
0.125845914602
0.125837348074
0.125816195242
0.125776958829
0.12572144154
0.125651268691
0.125564642153
0.125466956601
0.125356163852
0.125230836072
0.125088762732
0.124929907306
0.124747104075
0.124533365725
0.124284970274
0.123995503654
0.123658806886
0.123266064042
0.122809419771
0.122276202756
0.121652294924
0.120922438685
0.12006001148
0.119013180841
0.117699892004
0.116040290625
0.113662154518
0.113525114998
0.112161422696
0.113352745261
0.114293136193
0.114473182506
0.114343762539
0.113718783495
0.112793986877
0.111654046609
0.110348501191
0.108908401931
0.107353541191
0.105697209745
0.103949464908
0.102118529282
0.100212173859
0.0982374904639
0.0962027144771
0.0941156724048
0.0919871864625
0.0898277243288
0.0876544069305
0.08548521431
0.0833636200605
0.0813611183964
0.0795667764967
0.0780651963303
0.0769171101968
0.0761479813688
0.0757417297266
0.0756450052037
0.075778658658
0.0760165736474
0.0766803320988
0.0769941713348
0.0770530774629
0.0770344344909
0.0770368985666
0.0770601507555
0.0770882979727
0.0771046005437
0.0771155256662
0.125282627406
0.125273185155
0.125266829554
0.125259693545
0.125248300001
0.125231631375
0.125209714615
0.125182518738
0.125149946229
0.125123405003
0.125094270146
0.125064285586
0.125034729067
0.125011874298
0.124969876454
0.124909528042
0.124828604464
0.124729348849
0.124611187313
0.124476921264
0.124324636599
0.124153426308
0.123961487726
0.123740744774
0.123487596287
0.123197437933
0.122863770366
0.122481386121
0.12204394479
0.121545687386
0.120977930761
0.12033142702
0.119595884757
0.118744267864
0.117725913358
0.116503290693
0.115009194765
0.112719286002
0.113485378815
0.111851682239
0.112072522949
0.112922947433
0.112723358334
0.112312377382
0.111520367515
0.110486141089
0.109277265492
0.107930437995
0.106466456923
0.104899295904
0.103238777287
0.101492839579
0.099668470357
0.0977729288878
0.0958130121691
0.0937973048789
0.0917336857101
0.0896340238902
0.0875089407608
0.0853777109182
0.0832588690375
0.0812043591664
0.0792959386333
0.0776298690983
0.0762904672727
0.0753303750749
0.0747632438588
0.0745685310328
0.0747129821486
0.0750824261863
0.0752035781303
0.0757226625188
0.0758053826502
0.0758718650238
0.0759198469892
0.0759739646547
0.0760365690975
0.076098747546
0.0761298907303
0.0761537157092
0.124605622431
0.124600592849
0.124596844589
0.124590405522
0.124579230504
0.124560704917
0.124534347796
0.124500284951
0.124458444256
0.124412405703
0.124371828892
0.124328209083
0.124280728753
0.124230552274
0.124175640694
0.124108141792
0.124018035809
0.123903870228
0.123769959418
0.123610998254
0.123431842167
0.123230783756
0.123004509065
0.122745818355
0.122453314566
0.122122532489
0.121746394857
0.121320761068
0.120842823216
0.120309436749
0.119715845137
0.119056970931
0.118331500511
0.117514031776
0.116604134638
0.115589009253
0.11441340809
0.112606645468
0.113932962049
0.112199429077
0.111490367832
0.112005040764
0.111331477196
0.110527112476
0.10949168395
0.108300950242
0.106991096441
0.105581549357
0.104079385701
0.102490128031
0.100818547918
0.0990694770776
0.097248046047
0.095360648746
0.0934135346447
0.09141560283
0.0893746111984
0.0873036728917
0.0852133242615
0.0831255009894
0.0810588931562
0.0790761063957
0.0772695990588
0.0757416757811
0.0745734243538
0.0738054397859
0.0734355744069
0.0734236277819
0.0736867545705
0.0741065861512
0.0751509500122
0.0747280561403
0.0746871098873
0.0747200338726
0.0747805658432
0.0748494791571
0.0749160679183
0.0749845698128
0.0750242923808
0.0750399764677
0.123982233733
0.123984481755
0.123979764971
0.123971615044
0.123957052168
0.123933003554
0.123898918665
0.123855168171
0.123802224158
0.123739681122
0.123678390516
0.123622663436
0.123569191165
0.123494276801
0.12341478954
0.123324259423
0.123218823952
0.123091293085
0.122939261762
0.122758331431
0.122552603935
0.122320931094
0.122058071746
0.121761518952
0.121430244078
0.121058565928
0.120641350409
0.120174372199
0.119657362875
0.119090655056
0.118470777843
0.117795057964
0.117066963576
0.116298269951
0.115532147658
0.114784119623
0.114093849806
0.113162017603
0.114707551961
0.113060642747
0.1114338765
0.11134476217
0.11014088251
0.108878740008
0.107554641423
0.106185256856
0.104760874588
0.103279627654
0.101733241026
0.100117465569
0.098431338741
0.0966762451233
0.0948552864841
0.0929739387946
0.0910378511345
0.0890563630519
0.0870369963439
0.0849944439516
0.0829388610825
0.080895527218
0.0788826611768
0.0769762001408
0.075279039644
0.0738973759731
0.0729052814466
0.0723306157595
0.0721611449123
0.0723299606755
0.0726920176075
0.0731110567961
0.0735170442709
0.0734765403167
0.073485806548
0.0735287036006
0.0735901060526
0.0736534093553
0.0737070278732
0.0737532787879
0.0737932868624
0.0737946853857
0.123385007701
0.123395153501
0.123394898731
0.123388628494
0.123370734723
0.123339963602
0.123296862306
0.123242484556
0.123177811935
0.123103525638
0.123021060105
0.122939384628
0.122865392729
0.122786615751
0.122687917773
0.122569623018
0.122437716447
0.122288560022
0.122113808081
0.12191321619
0.121684131755
0.121417763012
0.121119882985
0.120787355565
0.12041839936
0.120008020428
0.119549786419
0.119041821337
0.118485919337
0.117882364899
0.117218673175
0.116496046767
0.115746068948
0.115014775695
0.114367429119
0.113913698084
0.113796220865
0.114054575235
0.115607963362
0.114202490015
0.111704093322
0.110660310066
0.108909741905
0.1072058125
0.105601701238
0.104068683374
0.102542117131
0.10099692829
0.0994108788354
0.0977708195552
0.0960707424692
0.0943091434706
0.0924875207837
0.0906107590283
0.0886841012743
0.0867176408021
0.0847186109454
0.0827037901484
0.080682574379
0.0786845106526
0.0767264672598
0.0749011379601
0.0733207130556
0.0720918566871
0.071276321949
0.0708873171135
0.0708937008428
0.0711789356869
0.0716510743215
0.0725237237576
0.0723083195697
0.0722537505356
0.0722572763489
0.07229699879
0.0723518488449
0.0724063783541
0.0724514018401
0.0724826574043
0.0725123926632
0.0725221648763
0.122810596452
0.122824466873
0.12283173009
0.122827833504
0.122806399686
0.122769748921
0.12271904185
0.122655397618
0.122579876563
0.122493533781
0.122396533297
0.122290482339
0.122183344399
0.122080295378
0.121969296147
0.12183611914
0.121680568761
0.121501662804
0.12129990361
0.12107470686
0.120816957302
0.120522949426
0.120192387946
0.11982564907
0.119420971575
0.118971296906
0.118472481818
0.117922317239
0.11732392916
0.116661477874
0.1159150974
0.115124514998
0.114320172797
0.11355588928
0.11294315504
0.112682176193
0.113067192578
0.114937150677
0.116517839641
0.11521032868
0.111768171467
0.10945829018
0.107285207162
0.105304708977
0.103514299607
0.101879054975
0.100291297501
0.0987074081124
0.0970967279924
0.095440878522
0.0937311182492
0.0919645800334
0.0901421912909
0.0882689367466
0.0863500871843
0.0843969749153
0.0824165394279
0.0804283349199
0.0784404844141
0.0764880160082
0.0745852816029
0.0728461827533
0.0713900916681
0.0703208700412
0.0696867202212
0.0694838991101
0.0696215482187
0.0699417531716
0.0706304139747
0.0709080667517
0.0709315418029
0.0709431366268
0.0709701703239
0.071015416183
0.0710683841205
0.0711193896779
0.0711619787044
0.0711909328991
0.0712148071709
0.0712326980989
0.12227815603
0.122283851913
0.122290079373
0.122280589098
0.122254219415
0.122213642048
0.122158853686
0.122088964099
0.122004794313
0.121907374557
0.121797371525
0.121674928541
0.121541372151
0.121403230353
0.121263449984
0.121116840985
0.120941276294
0.120737904689
0.12050890241
0.120251019573
0.119961834504
0.119639078901
0.119277749211
0.118877836291
0.11843728485
0.117950019278
0.11740777261
0.116812867305
0.116152226707
0.115393014876
0.114557734631
0.113673651876
0.112753802112
0.11185051382
0.111086117015
0.110660263918
0.110976303698
0.113010543572
0.116490636326
0.111847605983
0.110180566707
0.107249623898
0.104970873709
0.10300839554
0.101205218334
0.0995677894906
0.0979809656011
0.0963957529013
0.0947822496082
0.0931228313916
0.0914096288199
0.0896406303929
0.0878176375483
0.085946651425
0.0840335677162
0.0820915548727
0.0801272674758
0.0781639161978
0.0762076151952
0.0743004091469
0.0724525429172
0.0708045791699
0.0694789173625
0.0685739243435
0.0681278875949
0.0681189700249
0.0683921624933
0.0688290151363
0.0695959188
0.0695619601054
0.0695715650307
0.0695978548036
0.0696369316738
0.0696878450447
0.0697421604267
0.0697934044611
0.0698365872504
0.0698647409451
0.0698896060331
0.0699109972347
0.121780246514
0.121774828161
0.121768694874
0.121751202764
0.121720096076
0.121675462719
0.121616452648
0.121542006953
0.121451519882
0.121344888912
0.121223149211
0.121086881926
0.120936106769
0.120772194935
0.12060265249
0.120424180674
0.120218587817
0.119993297943
0.119736936339
0.119447879579
0.119125325575
0.118770211299
0.118379099216
0.117945323381
0.117469763806
0.116939225731
0.116351300534
0.115698672194
0.114949315259
0.11410322945
0.113177305703
0.112166122581
0.111065747952
0.109907705662
0.108741053465
0.107687113653
0.107000394999
0.107062387711
0.109148508635
0.105782276534
0.106485297058
0.103955793319
0.101918168439
0.100275632323
0.0986616568454
0.0971340593211
0.0956133941847
0.0940648784287
0.0924700917309
0.0908187303739
0.0891076239508
0.087337874086
0.0855136135683
0.0836427543255
0.0817324493489
0.0797983147213
0.0778467086161
0.0759055783634
0.0739779940589
0.0721149938916
0.0703205364992
0.0687679920028
0.0675764139138
0.0668391703437
0.0665795904227
0.0667066719177
0.0670372361098
0.0678406793217
0.0679766820125
0.0680648002056
0.0681371738475
0.0682020049665
0.0682620258744
0.0683235447469
0.0683827659617
0.068436693361
0.0684833227769
0.0685149905833
0.0685418588777
0.0685632149573
0.121301757344
0.121290743102
0.121272651059
0.121251960743
0.121216124393
0.121165265025
0.121099049312
0.1210177596
0.120920301629
0.120805907324
0.120673610182
0.120524433365
0.120358262666
0.120174269259
0.119975003898
0.119755566417
0.11952470061
0.119268395343
0.118977368753
0.118660364801
0.118308097524
0.117920552268
0.117494022281
0.117027706043
0.116511629767
0.115933974183
0.115296858423
0.114575850038
0.113753838299
0.112830403728
0.111803987731
0.110640864274
0.109313391244
0.107806360682
0.106093676246
0.104169361557
0.101903690369
0.0988697925311
0.0937285337581
0.0964420423983
0.100417427193
0.0997212661149
0.0983447880688
0.0972429295461
0.0959723903695
0.0946362066212
0.0932252108616
0.091737635457
0.0901746784369
0.0885377224525
0.0868307741509
0.0850595013873
0.0832313809825
0.0813568427378
0.0794448388571
0.0775139482118
0.0755701723367
0.0736474527745
0.0717444043523
0.0699238065664
0.0681804737319
0.0667270276496
0.0656707739098
0.0651064242227
0.065033246228
0.0652765099222
0.0657394363766
0.066552442144
0.0665128004217
0.0666057411973
0.0667056948375
0.0667961965426
0.0668765251273
0.0669510204076
0.0670184663019
0.0670772185567
0.0671263370527
0.067166495379
0.0671985546126
0.0672209653593
0.120846466352
0.120834080027
0.120811317788
0.120786927428
0.120745027832
0.12068669517
0.120611945168
0.120521031696
0.120413992835
0.120290031769
0.120147885184
0.119986311938
0.119804181299
0.119600200982
0.119371242889
0.119121874601
0.118857632131
0.118563449356
0.118241829979
0.117892685729
0.117502203624
0.117082380811
0.116625625594
0.116120899147
0.1155561906
0.114939587249
0.114253034774
0.113471132141
0.112586687038
0.111593997946
0.110460966679
0.109128618133
0.107571326585
0.1057256639
0.103544101306
0.100909372884
0.0975909036263
0.0924317697348
0.0907324799967
0.0914414957729
0.0923519589943
0.0948162596027
0.0947563218822
0.0942427286977
0.0933177594226
0.0921756140353
0.0908757198368
0.0894498056679
0.0879182229038
0.0862938383526
0.0845878693855
0.082810676109
0.0809733772842
0.0790890904638
0.0771689651457
0.0752348858004
0.0732924052452
0.0713828022451
0.0694982390514
0.0677169075793
0.0660206443756
0.0646695235347
0.0637515869487
0.0633593977303
0.0634161716487
0.0637402582786
0.0645437888112
0.064922508591
0.0650308665191
0.065162089732
0.0652895409794
0.0654070244614
0.0655098271247
0.0656027522576
0.0656854359809
0.0657564969667
0.065814259876
0.0658625951206
0.0658960968794
0.0659138683635
0.120421859894
0.120409769001
0.120385440423
0.120354707039
0.120305662565
0.120239086676
0.120155099072
0.12005407169
0.119936066877
0.11980061531
0.119647043407
0.119472695405
0.119275493161
0.119052497033
0.118802187212
0.118524000694
0.118216424669
0.117885522398
0.117530177867
0.117135259992
0.116711660668
0.11626175119
0.115763964305
0.115208504492
0.114613262612
0.113960677051
0.113219387732
0.11239042372
0.111461989917
0.110398663118
0.109153430641
0.107686491255
0.105948803563
0.103868737048
0.101382192592
0.0983851534417
0.0946986604119
0.0891907400096
0.0885774498832
0.0881053587159
0.0890343544578
0.0913952613601
0.0918274744963
0.0915967726011
0.090868132033
0.0898483076726
0.0886226175742
0.0872376553184
0.0857242024156
0.0841024899856
0.0823889129396
0.080597492402
0.0787426375549
0.0768399107813
0.074902966852
0.0729571652945
0.0710076497964
0.0691044927514
0.0672307564063
0.0654841842104
0.0638259968738
0.0625744756914
0.0618011041646
0.0615873650875
0.0617066665512
0.0621390868491
0.0632174127974
0.063351329775
0.0635426781792
0.0637248812511
0.0638905667869
0.0640421080813
0.0641760529222
0.0642950653468
0.0643999832333
0.0644897880369
0.0645636026861
0.0646193687806
0.064651875289
0.0646604989949
0.1200296413
0.120018608893
0.119991360054
0.119952409376
0.11989679419
0.119821504234
0.119727858388
0.119616700424
0.119488112488
0.119341363891
0.119174946526
0.118986823926
0.118773641274
0.118532399727
0.118260862768
0.117954760453
0.117610996008
0.11723616652
0.116832564901
0.116397120049
0.115938251833
0.115439292357
0.114889872265
0.114307637471
0.113686977021
0.112983884739
0.112202651622
0.111346635619
0.110373641309
0.109250228653
0.107934094048
0.106376080773
0.104521403386
0.102301785444
0.0996874162925
0.0966419627869
0.0930575772794
0.0881930011344
0.0882674290745
0.0880753910459
0.0879972189431
0.0893864785685
0.08964200997
0.0893886766477
0.0886947362095
0.087707645593
0.0865041765687
0.0851284813341
0.0836120982438
0.081977485633
0.080243419627
0.078426010838
0.0765422369259
0.0746095942359
0.0726445666157
0.0706760080708
0.0687091032478
0.0668046171789
0.064934269248
0.0632212124285
0.0615922904309
0.0604311750898
0.0597820584726
0.0597036995187
0.0599238926179
0.0606129133539
0.0614101693997
0.0617451864958
0.0620382610581
0.0622881624188
0.0625064073578
0.0627004823916
0.0628760189736
0.0630285671748
0.0631603791186
0.0632711021287
0.0633606352007
0.063424846374
0.0634645566637
0.0634779365698
0.119668633638
0.119658697639
0.119627115855
0.119581785256
0.119519269724
0.11943360758
0.119329361431
0.119208145891
0.119069894865
0.118913004116
0.118734893153
0.118532485294
0.118302424877
0.1180420248
0.117746492626
0.117410027198
0.117031659699
0.116614063944
0.116160174079
0.115674960105
0.115163155338
0.114614599002
0.114032006025
0.113426281718
0.112759513503
0.11201668517
0.111215830541
0.110339175715
0.109340281249
0.108180026885
0.106816225225
0.105209245372
0.103300013862
0.101029689091
0.098427002485
0.0954840209103
0.0921690235105
0.0880351035164
0.0883241333671
0.0877158755194
0.087506008021
0.0881412819125
0.0880109343744
0.0875657656132
0.0867940461487
0.085766715109
0.0845369679651
0.0831378694169
0.0815952155602
0.07992953903
0.0781594858301
0.0763017236588
0.0743749955866
0.0723981167221
0.0703908252088
0.0683852713034
0.0663876597346
0.0644717116474
0.0625970102978
0.060923014881
0.0593332040031
0.0583016127595
0.0577799419123
0.0576232346503
0.0577995607771
0.0594244665094
0.0597979601289
0.0601802911814
0.0605342951262
0.060849748429
0.0611336812575
0.0613829794962
0.061606496269
0.0617985747238
0.061961644232
0.0620967893386
0.0622043117154
0.0622779663686
0.0623286048262
0.0623546519781
0.119341000818
0.119329845798
0.119295968777
0.119248625678
0.119173824577
0.119075015763
0.118959429241
0.118829569556
0.118684181017
0.118519739337
0.118331982932
0.118116560651
0.117869352879
0.117586377896
0.117262126762
0.116890557256
0.116471263685
0.116008772025
0.115506265731
0.114973444211
0.114409925064
0.113811992456
0.113194175872
0.112547237695
0.11183806615
0.111072962564
0.110258210775
0.109368562971
0.108354009739
0.107184359375
0.105820578521
0.10420133089
0.102272011946
0.100024816515
0.0975073746128
0.0947239182217
0.0916927681087
0.0880502337796
0.0884372158813
0.0878861193306
0.0871650385492
0.0872402779632
0.086738409844
0.0860386545462
0.0851270193494
0.0840127022239
0.0827209427223
0.0812713446526
0.079681089768
0.077966300532
0.0761437765237
0.0742296054338
0.0722435960454
0.0702052949494
0.0681382510107
0.066077382978
0.064031457542
0.0620889459282
0.0601959546394
0.0585591342241
0.0570160189378
0.0562141058882
0.0560253648152
0.0560256168623
0.0557699872725
0.0572894396163
0.0579463207323
0.0585147257704
0.0589854448334
0.0593958606761
0.0597603292885
0.0600825786682
0.0603614693347
0.0605984312369
0.0607962945277
0.0609579166498
0.0610837514548
0.0611731123652
0.061236331732
0.0612734127862
0.119055871561
0.119038244327
0.119005750733
0.118955491853
0.118867074192
0.118760978619
0.118642283486
0.118512468345
0.118366335739
0.118197260266
0.11799929364
0.117767022756
0.117495587657
0.11718023386
0.116814022638
0.116392292621
0.115922690501
0.115414694838
0.11487166799
0.114293015167
0.113675150074
0.113032258225
0.11237066273
0.11167228916
0.110923496483
0.11013485934
0.109314858003
0.10843394068
0.107437673696
0.106289470988
0.104929023273
0.103314199287
0.101427229316
0.0992572394148
0.0968509304637
0.094235613114
0.0914508881049
0.0882018399428
0.0885664481265
0.0881169605254
0.0869916867242
0.086501548044
0.0856721740445
0.0847154219983
0.0836415205362
0.0824197020212
0.0810464099554
0.079528170191
0.0778735587024
0.0760935384621
0.074202288471
0.0722147042135
0.0701511150006
0.0680313118623
0.0658832860596
0.0637437851958
0.0616266455022
0.0596364104694
0.0577035108
0.0560866860432
0.0545542940061
0.0539495623232
0.0539194056099
0.0541884313487
0.0561567752188
0.0559206378585
0.0563293546124
0.0568737044178
0.0574191327056
0.0579337744496
0.0583896894916
0.0587942605352
0.0591394068773
0.0594281017343
0.0596646451553
0.0598544860418
0.0599988006359
0.0601080056955
0.0601828612328
0.0602284939549
0.118822496096
0.11879613358
0.118764930998
0.118712711941
0.118621283533
0.118513838715
0.11839895
0.118272969276
0.118124945266
0.117946099392
0.117729986639
0.117470821456
0.11716357691
0.116803946656
0.116387184622
0.115914867321
0.115398743206
0.114844154719
0.114250472381
0.113613470403
0.11294183036
0.112249956392
0.11153608865
0.110789801189
0.110010978723
0.109216943324
0.108414247602
0.1075516925
0.106579295777
0.105450372374
0.104116330713
0.102567638808
0.100764584209
0.0986831458563
0.0964005166174
0.0939383400936
0.0913472093204
0.0883844685909
0.0886689643508
0.0882710940303
0.086861726845
0.0857632585497
0.0846631307038
0.0835024750138
0.0822842214327
0.0809598176102
0.0795016855004
0.0779061675952
0.0761757168622
0.0743169953994
0.07234162774
0.0702631424541
0.0681019018664
0.0658775527641
0.063623042292
0.0613754649302
0.059157483339
0.057090458178
0.0550900941431
0.053483028847
0.0519577282422
0.0515263770338
0.0513734345424
0.0516898878908
0.0531928685155
0.0536621081547
0.0543678841495
0.0551006993498
0.0558012575821
0.0564483575152
0.0570268909796
0.0575267216241
0.0579506283976
0.0583009605115
0.0585822121225
0.0588033822413
0.0589706108993
0.0590965647181
0.0591805630682
0.05922861165
0.118633179568
0.118603363382
0.11856916036
0.118513429676
0.118421804713
0.118316551222
0.118210438111
0.118085513203
0.117928370193
0.117730853377
0.117487822553
0.117193515226
0.11684368605
0.116437472617
0.115972123148
0.115452808319
0.114888269662
0.114278631792
0.113621625304
0.112921320598
0.112193841912
0.111447463238
0.110683959408
0.109900727549
0.109108608809
0.10832214993
0.107533232499
0.106689579221
0.105747130471
0.104662251427
0.103405552436
0.101960197678
0.100254171892
0.0982835060437
0.0961250720737
0.0937875879293
0.0913235729306
0.0884980551358
0.0886832569102
0.0881170143829
0.0864301317738
0.0848065200465
0.0835715025114
0.0823258926501
0.0810191223305
0.0796160442353
0.0780810801941
0.0764065479615
0.0745929053991
0.0726443718691
0.0705705147627
0.0683834410321
0.0661028681803
0.0637478745679
0.0613563881631
0.0589638664451
0.0566069053402
0.054420918158
0.0523073783516
0.0506891910416
0.0492102838709
0.0491330062904
0.0491172459873
0.0492640209897
0.0507526663031
0.0514041803527
0.0522855475756
0.0532360101733
0.0541473965378
0.0549650842426
0.0556851333963
0.0562996297271
0.0568146404539
0.0572362484014
0.0575683179793
0.0578256361769
0.0580205010659
0.0581630162811
0.0582576135593
0.0583061045838
0.118465785794
0.118439139702
0.118400025041
0.118332412644
0.118246290719
0.118162143926
0.118064073993
0.117931837666
0.117756183379
0.117529692982
0.117249943793
0.116912402152
0.116518321707
0.116068965601
0.115561337572
0.114998596584
0.114382286248
0.113711884692
0.112989337195
0.112224459309
0.111432315149
0.110625092091
0.109810754217
0.108994087815
0.10818882975
0.107408907605
0.106637484768
0.105826834111
0.104939455309
0.103937110635
0.102788839465
0.101464790935
0.0998902770133
0.0980607956499
0.0960241238481
0.0937869373745
0.091413072667
0.0889019137312
0.0885565619684
0.0847900876652
0.0849059703845
0.0835423143628
0.0823866900715
0.0811807587759
0.0798474012002
0.0783918057245
0.0767900364439
0.0750369414359
0.0731347075902
0.0710868558688
0.0689012152303
0.066588117418
0.0641654535725
0.0616509318691
0.0590861949816
0.0565027076424
0.0539582519746
0.0515959000992
0.0493036848456
0.0476133774536
0.0460620526917
0.0461267926433
0.046426565736
0.0487698893299
0.0484318659397
0.0490470003588
0.0500462728557
0.0512432724065
0.0524286688863
0.0534839238123
0.0543833683766
0.0551337604382
0.0557513625681
0.0562532640925
0.0566478859789
0.0569485330325
0.0571711733205
0.05732846764
0.0574350677634
0.0574838362991
0.118310638647
0.118294033628
0.118256119775
0.118195312113
0.118131031714
0.11805518303
0.117945606758
0.117789786966
0.117580414747
0.11731586044
0.117000440656
0.116630614108
0.116205237724
0.115720341197
0.115172718771
0.114561632355
0.113886763745
0.113148738466
0.112352663292
0.11151332639
0.110647884238
0.109771796974
0.108897702043
0.108042906865
0.107226514774
0.106459165076
0.10571776218
0.10496484974
0.104155775164
0.103252115943
0.102238891347
0.101077372105
0.0996846416257
0.0980306336894
0.0961132786563
0.0939118714141
0.091431827117
0.0885525309234
0.0866671224555
0.0822509781316
0.0830432343029
0.0822262940736
0.0812452549765
0.0801323217661
0.0788052429843
0.0773096664434
0.0756448260351
0.0738115758063
0.0718153902281
0.0696597788316
0.0673504901519
0.0648951187379
0.0623079228412
0.0596037493408
0.0568243491579
0.0539937326038
0.0511974881643
0.0485756514893
0.0460300904942
0.0442494755535
0.0425394826399
0.0424995220068
0.0429352598109
0.0446830155357
0.0452113843307
0.0462391701557
0.0475671404198
0.0490928625536
0.0506353869181
0.0519933617681
0.0531269603954
0.0540459660927
0.0547815694958
0.0553681757574
0.0558285206901
0.0561779289312
0.0564329619104
0.0566040884855
0.0567214713026
0.056774768768
0.118186270149
0.11817821196
0.118148259541
0.11810409931
0.118049590328
0.117958885686
0.117819827021
0.1176315868
0.117395474365
0.11711050338
0.116772471124
0.116376664085
0.115919379822
0.115396262154
0.114802905855
0.114135696831
0.113393758879
0.112580261696
0.111705315509
0.110784909898
0.109835355504
0.108878730687
0.107941888818
0.107053433907
0.106228314573
0.10547167823
0.104772776758
0.104094728407
0.103383792304
0.10260891459
0.101760988616
0.100787144902
0.0996213089531
0.098222223485
0.0964833640213
0.0943267087982
0.0917603197881
0.0886702599577
0.0855235875481
0.0801199761945
0.0813965360154
0.0811356023167
0.0803102400763
0.0792702139248
0.0779451485359
0.0764028108633
0.0746682429516
0.0727488514707
0.0706524985577
0.0683818684861
0.0659393115755
0.0633279054942
0.0605558955668
0.0576331718859
0.054596132839
0.0514579418247
0.0483301209235
0.0453151725755
0.042370074552
0.0404485551027
0.0386921679
0.0390512479961
0.0395633919645
0.0407217840416
0.0416832844788
0.0431358456318
0.0448980876187
0.0468252095417
0.0487837154688
0.0505162400009
0.0519296684686
0.0530509809449
0.0539239878314
0.0546035073673
0.055126273576
0.0555187045227
0.0558065241652
0.0559981433166
0.0561233576795
0.0561895837744
0.11809768828
0.118091532072
0.118066251406
0.118029550818
0.117970514155
0.117853725004
0.11769275489
0.11748975912
0.117238391627
0.116934287464
0.116572621161
0.116148248141
0.115656127139
0.115090742518
0.114444951585
0.11371534273
0.112908808309
0.112028945516
0.111078207932
0.110067877679
0.109020048468
0.107968749653
0.106959232986
0.106031814759
0.105193470254
0.104446651096
0.103802589737
0.103224154414
0.102640414348
0.102006059219
0.10133069763
0.100585881011
0.0997100881021
0.098638539208
0.0972062141831
0.0951605885768
0.0925709200975
0.0893001342594
0.085292649281
0.0789454709764
0.0803093084443
0.0804881330453
0.0797364992535
0.0786886626006
0.0773228269026
0.075705563319
0.0738826521911
0.0718662383953
0.0696632048678
0.0672727098425
0.0646911312591
0.0619141324217
0.0589405839071
0.0557719700769
0.0524333390764
0.0489292674357
0.0453907894843
0.0418306809039
0.0382746887091
0.0358309867819
0.033354161898
0.0344174285387
0.0380337875403
0.0366401280723
0.0377681520811
0.0397271383885
0.0420617388368
0.0444987186763
0.0469109065777
0.0490800877739
0.050814641943
0.0521611566927
0.0531863223757
0.0539652882351
0.0545563421312
0.0549912100039
0.0553035695635
0.0555148910008
0.0556496788482
0.055726676643
0.118030143223
0.118021433239
0.118002633387
0.117969481331
0.11789987808
0.117765440808
0.117593724908
0.117376646006
0.117108690209
0.116784555477
0.116398525161
0.115944246339
0.115415594938
0.1148053782
0.114109265587
0.113332151986
0.112477483992
0.111534768298
0.110499877607
0.109384728099
0.108218114988
0.107048318165
0.10595087481
0.104990994837
0.104145730226
0.103407617036
0.102829030304
0.102380709234
0.101956282481
0.101446185882
0.100937854497
0.100452608588
0.0999125919676
0.0992383517391
0.0982853937519
0.0965315155662
0.0940517187173
0.0907821498328
0.0865070758483
0.0791952176732
0.0801273596702
0.0804847868105
0.079678394428
0.0784805520144
0.0769829776477
0.0752389837447
0.073299405525
0.0711734753089
0.0688602916057
0.066350769247
0.0636317628734
0.0606877592162
0.0575033631349
0.0540642663202
0.0503733032077
0.0464259830206
0.0423613873068
0.0381192410741
0.0339739174461
0.0309284534651
0.0267555883057
0.027409407865
0.0304941917322
0.0305004161151
0.0328702443641
0.0359043860835
0.0390999524514
0.0421985806593
0.0451094103963
0.047729164158
0.0498160066654
0.0513928026672
0.0525741893654
0.0534512658812
0.0541082240458
0.0545911388165
0.0549310275684
0.0551563406205
0.0552939840223
0.0553590486839
0.117989417208
0.117980637927
0.117962043386
0.117921590012
0.117840818297
0.117700377966
0.117519586247
0.117289044998
0.117004991523
0.116661490748
0.11625223258
0.115769790158
0.115206414709
0.114558061006
0.113825690328
0.113013436346
0.112116782857
0.111113099176
0.109988494942
0.108757440466
0.107450841517
0.106124647834
0.104891323186
0.103928670588
0.103130788577
0.102406574253
0.101872358296
0.101535567172
0.101334323268
0.100936131266
0.100503506068
0.100360202696
0.100192292187
0.0998244094689
0.0997939358702
0.0983040360745
0.0964657571631
0.0934141262513
0.0896609581477
0.0815980144236
0.0814265919252
0.0813940089593
0.0802502700078
0.0786770583352
0.0769153587068
0.074986321028
0.0729085890528
0.0706706388785
0.0682546393353
0.0656386212505
0.0627973937867
0.0597017963142
0.0563179605255
0.0526059766873
0.0485268515355
0.0440340225894
0.039195178939
0.033919664259
0.0291210638309
0.0258604760527
0.0206328723098
0.0197038940822
0.0194551881197
0.0225002856153
0.0271837861785
0.0318771781331
0.0362087014525
0.0400803484847
0.0435205306482
0.0465629182553
0.0489852607396
0.0507713637236
0.0520937496443
0.0530640271286
0.0537753988707
0.0542945481175
0.0546601336189
0.0548991967567
0.0550380385917
0.0550897792542
0.117969865046
0.117961469262
0.117932977432
0.117882148478
0.117801051243
0.117659367014
0.117472138947
0.117227654422
0.116928795287
0.116570147936
0.116144765318
0.115641629274
0.115052215178
0.114372909304
0.113605366151
0.112762597209
0.111837289692
0.110781989497
0.109573708441
0.108232005861
0.106774146541
0.105273990632
0.104186283808
0.103400502394
0.102658658455
0.102054126901
0.101688106481
0.101482888383
0.101249343903
0.100563709843
0.100449379011
0.100258749675
0.100194960155
0.100064956301
0.0998710161305
0.0997803733359
0.0983025902823
0.0974186124384
0.0968506455303
0.0873665086763
0.0851491633605
0.0833121866715
0.0812435690905
0.0790909625351
0.0769990961637
0.0748824107468
0.0726843683388
0.070358330584
0.0678665233614
0.0651743453775
0.0622461288294
0.0590410718884
0.0555087222335
0.0515825827201
0.0471731968773
0.0421494137133
0.0363690654951
0.029524565934
0.0224777676088
0.0148829642616
0.00536533427346
0.00981045981016
0.00308364486722
0.0128012196148
0.0213044930696
0.0281569066665
0.0337542492114
0.038388895955
0.0423057749474
0.0457003365807
0.0483861176888
0.0503236851173
0.051751241928
0.0527971397189
0.053554304872
0.0540994704663
0.0544826972104
0.0547342103519
0.0548820911144
0.0549399506373
0.117962581664
0.117951866592
0.117910053994
0.117853280885
0.117771469575
0.117651202618
0.117465339848
0.117205348853
0.116899724304
0.116536572601
0.116102818933
0.115583836805
0.114968626349
0.114254197763
0.113451246634
0.112599529562
0.11168869133
0.11062365974
0.109357684662
0.107941249804
0.106415235098
0.104950668525
0.103913415673
0.103197598677
0.102558200976
0.1020154997
0.101648784227
0.101389484144
0.101059708492
0.100690355843
0.100505363754
0.100440264857
0.100241153406
0.100060559825
0.0998447629065
0.0996215257167
0.0986753472371
0.0975536963665
0.097491896018
0.0974711007982
0.0906693294884
0.0851497785725
0.0818913346525
0.0793353446136
0.0770608357724
0.0748525186416
0.0725999856242
0.0702357829322
0.0677120071339
0.0649881438837
0.0620238634886
0.0587732273817
0.05517832204
0.0511599984888
0.0466027662891
0.0413227157443
0.035013787979
0.0270294934452
0.0163068877326
-0.00293398440862
-0.0211876947614
-0.00241677748784
0.00119312918681
0.00217647676539
0.0168983789401
0.0256689837593
0.0322637568279
0.0374223247745
0.0416446978706
0.0452484003632
0.048080843413
0.0500953188802
0.0515733173557
0.0526612987086
0.0534472458108
0.0540070972283
0.0543975839384
0.0546562056647
0.0548157709345
0.0548811115776
)
;

boundaryField
{
    frontAndBack
    {
        type            empty;
    }
    upperWall
    {
        type            zeroGradient;
    }
    lowerWall
    {
        type            zeroGradient;
    }
    inlet
    {
        type            zeroGradient;
    }
    outlet
    {
        type            fixedValue;
        value           uniform 0;
    }
}


// ************************************************************************* //
