/*--------------------------------*- C++ -*----------------------------------*\
| =========                 |                                                 |
| \\      /  F ield         | OpenFOAM: The Open Source CFD Toolbox           |
|  \\    /   O peration     | Version:  v1806                                 |
|   \\  /    A nd           | Web:      www.OpenFOAM.com                      |
|    \\/     M anipulation  |                                                 |
\*---------------------------------------------------------------------------*/
FoamFile
{
    version     2.0;
    format      ascii;
    class       volScalarField;
    location    "912";
    object      alpha;
}
// * * * * * * * * * * * * * * * * * * * * * * * * * * * * * * * * * * * * * //

dimensions      [0 0 -1 0 0 0 0];


internalField   nonuniform List<scalar> 
6400
(
0.911321549804
1.48660977575
2.37839717351
3.02152637841
3.63414798696
4.23857150395
4.96588345242
5.77384725277
6.33074309635
7.13849814629
8.47611618621
9.49630991591
10.3796063694
11.3446309862
12.4893009258
13.6984980775
14.8263951203
15.8949868072
16.808563955
17.4219779949
17.8535249219
18.4533742064
19.4083546969
20.678114899
22.0436600435
23.3049184501
24.4044567942
25.4435062863
26.5150282949
27.6343027809
28.7459832395
29.675809911
30.3474031309
30.8664988918
31.2842309669
31.6209714011
32.1161883938
32.7870819285
33.1832814929
33.3856530955
33.9133461759
34.8763587334
35.8192828015
36.3966443123
36.6374066531
36.635861601
36.4555884144
36.134740934
35.6860586663
35.1277918672
34.3908204831
33.2871739478
31.7833365431
29.9694358909
28.2284925915
26.558011044
24.4157573994
21.6340728474
18.7330913244
16.1290103215
13.5029797388
10.7756742052
8.32602923114
7.63925340139
10.0104018318
14.2216402345
16.8384609589
16.2762545502
14.0701921186
12.3151563306
11.3861439938
11.6207522587
12.2516095754
12.1983727806
14.4075532122
13.8986926301
15.8805892906
9.77350074394
12.8502374405
4.79751692591
3.18340261765
2.5835710833
3.24233123627
4.53719903115
4.58620524496
4.6381367729
4.97247574553
5.52623551364
6.29158431972
7.2516451048
8.38811853089
9.52658760992
10.5534790923
11.5446855712
12.5646269093
13.7207552184
14.9412181591
16.1046331622
17.2410207115
17.7006317594
17.9733530795
18.5635780664
19.5107382338
20.7744428612
22.2356415232
23.4529191363
24.5290027481
25.5983831613
26.6808876709
27.7734227245
28.8627133303
29.8610294655
30.5261077182
31.0367917277
31.4789322784
31.7554893618
32.2850550237
32.9808501152
33.348919126
33.4531861998
33.9589559136
35.2894111718
36.439285153
36.9430571396
37.1380385073
37.085922412
36.843418448
36.4797175368
35.919431196
35.2390709027
34.5485363259
33.8079493663
32.4370201585
30.1911363296
28.5272734576
26.7024775959
24.1831572697
21.4574869579
18.7175248054
15.9836086921
13.3688124926
11.0292902852
8.67546049552
8.12967436509
10.3374177922
15.2708703995
18.6026644509
17.0801952997
14.711003377
12.6478541564
11.9012624685
12.354730868
13.5566495405
13.0181743863
12.952679963
12.5076952687
11.3886117312
9.60614896398
8.1145733013
4.19371862866
3.34250307113
2.98598730543
3.51859957727
3.90356135239
4.57328380645
5.09793243657
5.14989326449
5.41074613815
6.18310636728
7.22110643492
8.37023414782
9.52768023493
10.5958821055
11.585861931
12.4622278296
13.5231258621
16.0364781957
18.0558153334
18.6850123106
18.4579755274
17.7798462347
18.2895572511
19.6086257818
20.9168316521
22.1809096809
23.4471039576
24.6087503524
25.6800280114
26.7435770674
27.8285338981
28.8919069684
29.9612872536
30.6158715143
30.9482865138
31.6212927557
31.9191312213
32.2253989443
33.0539644776
33.4791567084
33.6529754151
34.1734001886
35.1084358764
36.0210618967
36.5977035088
36.8633252017
36.9012027821
36.7537482703
36.4403500355
35.9643422894
35.3437798489
34.5734483986
33.5411643829
32.1263271774
30.5311363516
28.8399546533
26.651704991
24.1118663958
21.4338223941
18.7106275893
16.0216540104
13.452664988
10.9846423233
9.20081084917
9.42194477157
12.5969601998
16.3069852575
18.0660833691
17.8903374689
16.1372088406
14.3732594731
13.6512135792
13.5597385257
12.9012420228
12.3446431751
12.4082875612
12.1648546775
11.2694191936
9.69057823696
7.25396276718
7.47218346424
3.4693476861
5.6229036405
3.93951193835
4.13307548953
4.88401125275
11.9976849676
10.447006605
5.8876301452
6.13291844542
7.20332408517
8.38565624902
9.56546732916
10.6081193622
11.5924022307
13.2630198854
15.3266125445
17.086198725
17.7817143945
17.2655415257
17.0125137628
17.6342841108
18.5115169185
19.6114506474
20.9073618651
22.2484196039
23.5386962644
24.7223146407
25.7786924267
26.8522496788
27.8838325767
29.0352396946
29.9565861223
30.8158043806
31.121950129
31.2895477883
31.9749604867
32.3673774877
32.7833247827
33.3449941886
33.8603668062
34.4704100436
35.2782716086
36.0803244692
36.652932337
36.9555427761
37.0280183816
36.9066168682
36.6124346507
36.1541517377
35.5363999997
34.7384727886
33.694496645
32.3592573105
30.7835857412
28.9379329425
26.7069986297
24.1580476312
21.4674040733
18.7548846929
16.1163893126
13.6666204179
11.6418876097
10.6560831904
11.0150333697
12.6415716547
16.8085653821
19.7635067379
19.6610479959
17.835994725
15.3743185392
13.6944896299
12.865294612
13.0541988796
14.5544349446
14.5576251834
13.2960846354
13.2276965722
16.5911661009
12.9540700784
10.9395727552
5.90397961945
7.73644087704
4.84035337286
5.16431512851
6.8602695932
11.9005045279
8.59061366332
6.46280467309
6.66217220091
7.41427125832
8.51609319068
9.70505476707
11.1695063902
13.3408159793
14.4610154002
15.0750230499
15.4683513482
15.7522471607
16.2468870099
17.0446991099
17.746550166
18.5688781465
19.6966857393
20.9913796809
22.3391698252
23.6508794926
24.8156835966
25.9626471316
26.9431596391
28.0966262878
29.0706175362
30.397487799
30.7619166097
30.8526476482
31.3361156615
31.658843183
32.2130588316
32.8643622863
33.4999672599
34.098142453
34.7401908975
35.479131257
36.2049156851
36.7633470506
37.0911038819
37.1951872953
37.1007023006
36.8285746569
36.3894002262
35.7813853971
34.9810498542
33.944915405
32.6421817328
31.0617641783
29.1470462677
26.8547407969
24.2845463797
21.6055933868
18.9567714454
16.4763978902
14.3625542241
12.9413645823
12.5375364611
12.5213427112
13.3473519519
16.6894990903
20.0022526575
21.0315144982
19.6836559292
16.8106005932
14.2308257833
13.8393905562
16.1309603773
17.0306098998
16.0287470338
15.1567071927
17.8955228992
20.9599656194
16.2072108665
15.3117155911
10.1718818459
9.36940320118
6.03857169756
6.50641302545
12.1951990755
11.7133176652
7.24938835999
7.11341161657
7.31941425204
7.77030506595
8.73205222252
11.2451288211
14.3098377829
14.8942659948
14.7854973041
14.3140753517
14.4445030131
15.1729094509
16.2930106971
16.9905606233
17.6623087578
18.633171811
19.8196264387
21.1326707476
22.4213120786
23.7365137285
25.0837035067
26.0517266197
27.3181136057
28.1457379113
29.6501735697
30.2352406281
31.1817914234
30.9889220391
30.9300294152
31.4774527261
32.2477735478
33.0077173415
33.7024308098
34.35099845
35.0135273408
35.7169061183
36.3935114099
36.9361864402
37.2792020486
37.4098515023
37.3418413094
37.094319412
36.6786233395
36.0903754834
35.3061183428
34.2890050699
33.0009171847
31.3992418974
29.4336874239
27.1144666438
24.5675958878
21.9674549951
19.4786621668
17.2867814463
15.6231099414
14.7698125705
14.7247720206
13.9745938244
15.3787021479
18.8391245181
21.5296547316
22.4373500745
21.2829375851
17.7941147688
15.4785478467
17.1880781106
19.3611256419
18.8248472148
17.8505776015
17.9533901526
22.630810809
24.2589258466
19.1788361743
18.9814188401
12.3262549683
9.37635710024
7.32995735956
6.87381996284
12.1970467978
8.87244068205
7.6011546347
7.75458833589
7.93822662377
8.68008170049
9.28869045548
13.8683087741
14.7096796469
14.9090597525
13.9522018253
13.4731287872
14.1089033313
15.5257883535
16.2130228788
16.7299770976
17.6596694536
18.7243107753
19.9143342414
21.2229873602
22.6461057115
24.0102914678
25.096293414
26.6327856357
27.4101604512
28.9873572535
29.4605799115
30.6648091385
30.784008338
30.8074221892
30.8291219169
31.4703460937
32.3509095202
33.1867605901
33.9282423125
34.6160984107
35.299677581
35.989535743
36.6385444817
37.1696202562
37.522919011
37.6758150853
37.6341695783
37.4151948855
37.0300707192
36.4726864472
35.7178862831
34.7260840949
33.4484542587
31.8332251491
29.8532436594
27.5629633904
25.112338755
22.683606343
20.4460422756
18.5732978842
17.2729788392
16.6150608963
16.1482615852
16.0389213551
17.4643364149
21.7182683614
23.2106593945
23.0175882723
21.6496203649
19.213993754
18.7540594207
21.1454239546
21.481557942
20.6177210663
20.0249042232
22.0611951036
24.8962701415
26.4277926972
21.77680951
20.6275010031
12.1221011223
9.19404661017
8.52649535522
12.4557765584
12.3866274801
8.16036244365
8.30563419892
8.49638701546
8.59802093413
9.22286607308
13.5555769117
14.5514475725
14.7947869351
14.5301569085
12.9929558347
13.1446472296
14.7395656668
15.6040872737
15.893298723
16.5980703728
17.6707083757
18.8521866317
20.0785075595
21.4304743991
22.7207635179
24.2698964813
25.1435796625
26.6390295085
28.3185516525
29.1203640721
29.2206708991
30.2481743374
30.795679353
30.4571864526
30.8487765721
31.6219897256
32.5140226408
33.3816834126
34.1687596643
34.8971190356
35.6054822894
36.2978402276
36.9362043043
37.4619912072
37.824062462
37.9972077034
37.9833966433
37.7983154136
37.4521685065
36.9367196787
36.2234453745
35.2669208911
34.0118916877
32.4135851279
30.4777467841
28.2970296329
26.0312285284
23.8339284188
21.8211360574
20.1408702263
18.9883413705
18.3774200574
18.1487415562
18.3485644786
18.3323860666
22.5456576619
25.3801443584
24.794752646
23.8182247887
22.5873999419
23.0854911277
24.1886755548
23.3561556688
22.6070362047
22.8016161738
25.2299034557
25.9889549506
26.6594711565
23.7592681165
21.5995167399
11.5095383154
9.25620672257
9.2195065693
13.4799061706
11.5471431077
8.90402027153
9.07327465807
9.39802485306
10.4497331941
9.39219203842
14.3198890406
15.1107756558
14.8634021187
13.4847039091
12.7490680417
13.2666714316
14.7747157062
15.3576286816
15.784792766
16.5926169542
17.6499391807
18.8877396239
20.1984885047
21.88868987
23.3328561358
24.2325839531
26.1706543669
26.5760751043
28.4304225242
28.7554344775
30.025787207
29.7639625851
29.9704656693
30.4040860064
31.0228865492
31.8251874875
32.7107289431
33.5951685234
34.4245592271
35.1978239055
35.937188242
36.643129115
37.284132988
37.8124156588
38.1847056464
38.3787367672
38.3963865782
38.25195116
37.9538707139
37.4919349915
36.8343774816
35.9314357783
34.7291280717
33.2020604603
31.3923694896
29.4153278581
27.3973606538
25.3919530725
23.4503879247
21.8349293633
20.8708021955
20.5794708674
20.645894348
20.682325168
20.4716568288
21.0056731631
26.0841642867
27.1351736475
26.5812047894
26.6926344554
27.2719532148
26.5668557756
25.3249391099
24.996207626
25.9842319938
27.2862900553
27.259527107
26.7516694296
25.7814924375
24.4295536486
11.1226696651
9.80119479919
10.3666499028
13.5995070723
9.8826019517
9.93814125083
9.84555416118
10.1412823588
12.9644405041
11.8216297067
15.1523689992
15.4203411906
14.9921819816
12.9563855231
12.8247019095
14.3566811051
14.9649907604
15.1362837312
15.7338517584
16.7017572153
17.7484246399
18.9302768822
20.1006470051
21.9858709425
24.1527417093
24.1734254258
26.0936490842
27.6070344064
28.6153383658
29.5716211594
29.5184996127
29.9023862964
29.7527013793
30.3417025127
31.1871639338
32.0507297493
32.9359333535
33.8300774416
34.6961301778
35.5181824352
36.2980643352
37.0283500428
37.682244569
38.2208562344
38.6081092748
38.8264371223
38.8806991227
38.7849352705
38.5451547707
38.1497094492
37.5663437541
36.7461980758
35.6458543845
34.2680313377
32.6853432942
30.9965890138
29.2094895363
27.2196847791
25.2135981213
23.8339507144
23.3983945131
23.5717624423
23.7616410287
23.5868199444
23.0149726837
21.5358487436
20.6167127342
29.2440490541
31.4397091607
31.7479831327
30.9606008451
29.0237089604
27.7211204634
27.7780357326
28.9219245334
29.3850961935
29.3557286945
29.2619349467
29.73206509
29.9947367719
11.2548222838
10.7247851165
13.6450003495
13.8807286322
10.1517392172
10.7404688032
10.6185658098
11.0426243426
12.6358513478
15.1602386262
16.0459300989
15.7573298404
15.3137365245
13.0909613496
12.9973766196
14.8125024517
15.0848957269
15.122968109
15.73461795
16.7931222028
18.038009671
19.2525953436
20.2271319669
21.6004100561
24.2726930302
25.6603123256
25.8079305726
27.6666946722
27.7713295068
29.5523515841
30.2674846521
29.8864622679
29.7464269627
30.443438056
31.3748153695
32.2842773611
33.1841874375
34.0906369751
34.9862220527
35.8572682611
36.688128084
37.4550492549
38.1319468126
38.6888400377
39.0977935279
39.3473991466
39.4460107779
39.4075271367
39.2365375721
38.9223384659
38.4368400079
37.7402939103
36.8106095437
35.6823556374
34.4330885174
33.061835963
31.3588243331
29.210127701
27.3265500778
26.6965149407
27.1881854424
27.7888162099
27.9817624062
27.5476503897
26.4837726428
24.57822808
22.0117960541
21.7484629218
33.2213142839
37.5449957341
35.5087976109
32.3196929162
30.8408876147
30.9156075876
31.5975561714
32.125433148
32.8951903678
33.8193559892
34.6282086981
35.4214529011
11.7370969443
11.658643996
15.3241811979
14.7098798085
12.9869328023
12.0087265353
11.6260696368
12.475023838
12.2652168705
16.1399841808
16.7712829733
16.1787074708
15.520499071
13.8062031746
13.7472270128
15.2387685546
15.1400302715
15.2157266724
15.8240156563
16.7998626511
18.1303647634
19.6709257923
21.4212848619
21.6608425199
23.7646827348
25.9617267071
25.7284088866
27.8336509046
29.0093985065
28.934693489
29.570731445
29.4865037104
29.997691513
30.7339679311
31.6150778585
32.5366948278
33.4578419198
34.3831141897
35.3015166704
36.2132619177
37.1031250652
37.924336346
38.6362105176
39.2189001061
39.6582762101
39.949719938
40.1032183563
40.1315192484
40.039496715
39.8216007767
39.460938304
38.9394630515
38.2684763885
37.5028662527
36.6577616242
35.5132644828
33.7618448605
31.6669389321
30.2909818209
31.1891143253
33.5771723498
34.332996304
34.4834014489
33.8913353922
32.5801504517
30.196046607
26.6758755635
21.8162934752
28.6003291145
38.6808332141
40.6394171853
36.8272648848
35.144765234
34.9361176958
35.1185813035
35.6458748065
37.5220157594
39.0732536214
39.2998056696
39.7039837333
12.41924103
12.3559813452
15.1504100203
15.2856848659
15.3454295218
13.2260104603
12.7585255671
15.2139571424
12.7526840865
17.0086995515
17.3260415279
16.6053472871
15.7149679409
14.4927083813
16.0981421875
16.2595547002
15.3838369679
15.4482829864
16.0493373141
16.8986145407
18.0479797944
19.6405876369
22.5366423806
23.5670677465
23.2883114861
25.947974622
27.1379794317
27.4203041585
28.9292596455
29.7270705489
29.8151239297
29.525026763
30.1785570447
31.032156413
31.9078052445
32.8218441779
33.7514080385
34.7055785096
35.660864567
36.6031486041
37.5403544588
38.4264961883
39.1939966713
39.8156833669
40.2955723232
40.6422497641
40.8646076613
40.9702524507
40.9653828499
40.8556122323
40.6468716083
40.36014102
40.046339791
39.7354224576
39.2592555982
38.2034948438
36.947079278
35.9286998925
34.5416095475
37.1584957903
36.4821174395
34.6025677401
32.0045965321
29.0454233329
24.7258249902
19.4368579473
16.0597626692
1.37846698845
0.0582000479023
27.8593095071
36.9304991433
36.5503605567
32.141818894
31.6643786509
33.8231830188
36.4724973686
41.5666902407
44.5164410062
44.8932093506
45.2683729911
13.1501664985
13.1019306821
12.7528137267
15.6686918203
15.9449517683
14.0769936516
13.7665049827
16.2626795471
13.4917640002
17.9202212136
17.8336238398
17.043374418
16.0005646704
14.8608585702
17.2249830984
16.918553114
15.8911341
15.8662807039
16.3890512895
17.1676981096
18.084661246
19.4748784388
22.9551667344
24.5982115086
23.5888090334
25.870944615
27.5779659141
27.0354078869
28.5068606381
29.3537940158
29.1843434113
29.8282081842
30.5738494202
31.3796064356
32.231603024
33.1526349962
34.0918807452
35.0462852153
36.0414308829
37.0402796681
38.0223461846
38.9637352028
39.7964827398
40.4769101264
41.0153839057
41.4355823158
41.743892487
41.9366689641
42.0232616697
42.0276563133
41.9912394135
42.0004760222
42.1334909672
42.2891090838
41.9602850975
41.2286330631
41.6570909226
34.3004583952
26.6451861284
8.74987801983
1.00900858821e-09
2.04906916065e-13
7.0969956136e-16
7.24090763606e-17
5.74608897595e-18
1.61855733292e-18
1.90516376416e-17
1.94660692096e-16
2.19889807469e-15
5.74331877702e-15
9.53722847603e-12
2.50347580507e-09
2.2844612268e-06
0.00118331760613
2.99084656389
39.9613047737
43.2733774832
48.2007273875
51.6454692439
51.9744167852
14.0558189326
14.1571311143
16.321897882
16.3732169234
16.463049417
14.8026167448
14.8339393746
17.1797025829
14.5499672548
18.7274159041
18.327325483
17.5064599322
16.3648457086
15.2846628318
17.5422769374
17.207525939
16.3861916393
16.3480195162
16.7790024139
17.4722044973
18.2998161988
19.4204516982
22.4216366188
25.3605027124
25.6494705891
25.2950927619
27.7215477624
28.8048200194
27.6570055426
28.1698944723
29.1009312332
30.0282854778
30.9022166674
31.7426905038
32.606570866
33.5130820086
34.4656086173
35.4474423405
36.4521634963
37.5016254686
38.5516064018
39.5522036508
40.4466399725
41.1962248511
41.8173175614
42.337606204
42.7544181556
43.0488352445
43.2234771482
43.3268496895
43.4760688983
43.8362634655
44.4520468765
44.8683839124
44.1062403827
42.1365734735
27.3464020462
2.40667506954e-19
2.64709300397e-22
4.96235308481e-24
8.41152854183e-26
2.43366390751e-28
6.91594158639e-31
1.19713639854e-35
9.36403642759e-36
2.2733727148e-35
1.53243294976e-34
7.17783037987e-34
2.65149412527e-33
1.68498308033e-32
1.31930413797e-32
1.14456806892e-30
6.51450476751e-28
6.5484673707e-26
4.96918053057e-24
1.14428220074e-21
1.92618702283e-17
40.1313527718
55.7725768487
51.7089529805
14.9090625013
15.1047709533
17.9578516816
17.118595681
16.68649665
15.5201890901
15.8590244427
17.9771380697
17.9602439092
19.7351449505
18.8938898136
18.0663905103
16.8183202202
15.8431459273
17.8775053687
17.418104587
16.8422217893
16.8294662746
17.1796552938
17.7811879076
18.5593026029
19.5927774339
21.9332909744
25.5674758174
26.9273234117
25.1012376064
27.1553300067
28.8705920527
29.0982822469
28.488889152
29.120145216
30.1965876531
31.2177514988
32.1365461568
32.9848930697
33.9030182775
34.8646324497
35.8772987811
36.916909759
38.0005637402
39.1176689295
40.195316245
41.1523661505
41.9652086177
42.686524265
43.3613390987
43.9388674979
44.3362371951
44.5472385414
44.7264286689
45.0935931887
45.832478931
46.9169905658
46.981120019
38.7788512577
15.7022366277
1.3308688644e-25
5.38937664398e-28
1.5585204832e-29
2.26892013419e-31
1.84344966219e-34
3.07597242199e-37
2.16826707691e-38
0
0
0
0
0
0
0
0
3.01568973835e-42
1.0171297168e-39
1.52140925655e-37
8.82672928871e-35
1.23287745879e-31
6.67634653895e-27
1.01388381859e-22
7.90462660257e-16
61.6113411271
15.6001380547
15.8174674303
20.0450377145
17.7040076918
16.6729119209
16.1446079081
16.5985854649
18.1247200498
19.5299859115
20.8762422143
19.6104983962
18.760145762
17.5175425088
16.6787009934
18.4163519242
17.7714587068
17.3641972679
17.3493455008
17.6145844898
18.1244747541
18.8234088587
19.7777888518
21.7086825549
25.3940540566
27.8587681791
27.308494181
26.6224832959
28.1883393783
28.9037349803
28.586963502
29.4934073555
30.5816345801
31.6506213846
32.5742157055
33.4511803693
34.331300793
35.3101459451
36.3384210491
37.4200586461
38.5483913844
39.7186750821
40.8788064997
41.932171877
42.8132142055
43.6381904299
44.5001606812
45.2795152873
45.7814534024
46.0145120943
46.2528062979
46.8360493041
47.9950503705
49.216907524
37.3104710177
0.160483742324
1.92679303298e-28
6.31904220635e-32
2.55515968901e-33
3.48388331719e-35
9.55375487472e-38
0
0
0
0
0
0
0
0
0
0
0
0
0
3.88571588341e-41
3.86130378204e-40
8.46481451441e-39
4.10447150634e-37
2.27930720994e-33
1.89721237154e-24
3.65718308119e-29
16.1262618927
16.3360803984
22.0431317171
18.1469763655
16.8667966018
16.7071823302
17.3848848186
17.6203900408
20.4506670763
21.6879045203
20.2920913277
19.4613571109
18.3987411352
18.4627705288
19.1731631034
18.3623589422
18.0750562689
18.0547325815
18.1542530168
18.5500270272
19.1367886703
20.0048157644
21.6563434619
25.1822550558
28.2104416747
28.8743990752
26.5989296006
27.2450889844
27.8574409617
28.629922834
29.7449379851
30.989377469
32.0796533271
33.0577637976
33.9668047352
34.8996935292
35.81942597
36.8588331861
37.9663023635
39.1264620045
40.3779783469
41.6351594943
42.7779769272
43.6879777961
44.5673225796
45.9121127612
47.4949977464
48.2196361411
47.9146580662
48.0256195795
48.7319600701
50.0605155761
36.7737459563
1.01962441169e-22
1.53670755397e-27
6.89391170098e-39
6.96638317717e-36
1.13672175306e-37
0
0
0
0
0
0
0
0
0
0
0
0
0
0
0
0
0
0
6.00330921688e-40
4.06534184524e-39
7.49682741626e-37
95.3846671216
16.5603878901
16.7371795723
21.9084679095
17.6747649556
17.1019226321
17.1821091485
18.2669927163
17.6855853853
21.2343468638
22.4297548525
20.9242877685
20.0989495066
19.0821093727
20.5598433592
20.2028061165
19.1477332324
18.8904590967
19.0836070467
18.9108826211
19.1408279981
19.5455635501
20.2789398767
21.7373281471
24.9569566128
28.0196538768
29.9010988541
28.9541154919
28.3439351263
28.5190857255
28.7709230852
29.9456580436
31.4856527742
32.4920480409
33.5540659997
34.6606817429
35.4852176637
36.4122046502
37.4700935291
38.6111931763
39.8000235562
41.0557915585
42.3935526953
43.6811816433
44.8869961722
46.1726582208
47.8509574581
49.3768698344
49.9505676509
50.2734924983
50.5247977571
50.8452839277
40.2565635949
4.63685397542e-22
4.23252173156e-27
5.56289841837e-31
7.55548230341e-33
0
0
0
0
0
0
0
0
0
0
0
0
0
0
0
0
0
0
0
0
0
0
1.84720856822e-39
1.34449744699e-28
17.0383193727
17.1905708607
21.5708096206
17.3951056113
17.3913719955
17.5597272027
19.0210478305
18.1607985106
21.9272117114
23.1527209193
21.5380615918
20.7165597994
19.6371293219
21.3219440529
21.1427585752
19.9811291636
19.6842007953
19.9673521032
19.8104126749
19.9428059407
20.1427126436
20.6130167253
21.9753150104
24.8646026989
27.6647104449
30.1284889039
30.0687545234
28.9326210103
28.1619541705
29.1623877299
30.3195125109
31.8361049644
33.1687800909
34.3807889151
35.4415348102
36.1842264218
37.0882265346
38.1628685137
39.3361285076
40.5759457777
41.8667628781
43.2971178172
44.8535721877
46.5119786967
47.8263388268
48.8665464087
50.2319124212
51.5268411438
53.423099514
54.5248107344
44.5483573569
4.22507568324e-21
5.61009390246e-27
9.67431930638e-31
1.98425270997e-33
4.804257503e-35
1.61262616846e-37
0
0
0
0
0
0
0
0
0
0
0
0
0
0
0
0
0
0
0
0
0
3.10429612584e-40
4.10726731444e-40
17.7404282001
17.8918986234
21.2801997941
17.6745677424
17.9180415545
18.0230148248
19.0619575368
18.8570285593
22.4375380407
23.8356233669
22.1713878404
21.3657559876
20.2860848369
21.9955934843
21.968811251
20.8720110474
20.5111864037
20.812351481
20.6830450344
20.878993882
20.9904784602
21.0969369624
22.4043456998
24.9778119588
27.4518555864
30.1174485427
30.5736358745
29.7324293685
28.6634609117
29.310578538
30.7717021705
31.9863335737
33.2337148862
34.6305404052
36.2855647393
37.1679887913
37.9994803987
38.9678832518
40.1172147383
41.4349363707
42.840064956
44.4044259582
46.4424678454
48.2536386132
49.0647689902
50.0341830376
51.9736905822
55.5270193192
61.2870605833
49.0927427555
1.2071172812e-21
2.00523374528e-28
8.2981261546e-33
2.72068323209e-36
1.70708282174e-38
3.46011853722e-38
5.31345092367e-39
0
0
0
0
0
0
0
0
0
0
0
0
0
0
0
0
0
0
0
0
0
2.29447637199e-41
1.04185429997e-40
18.8085654789
18.9241593979
21.5877680307
18.5675967564
19.0160009008
18.8400673466
19.3850720427
20.1036715104
22.5317759851
24.3533117622
22.8529400657
22.0701426168
21.0264511913
22.7621113181
22.8135682491
21.903434326
21.4955069074
21.7829802595
21.5576240883
21.8984019325
22.1227668737
21.7835497868
22.9185342726
25.3039642386
27.4430526342
29.9112396697
30.7591292132
30.3995555277
30.4528178559
30.0760341215
31.0462262138
32.5699936288
34.3429675267
35.1713541323
36.5858777847
38.1236936755
39.0367323426
40.0530077597
41.1247055214
42.3822365868
43.920297377
46.0509344496
48.570166553
49.8013969133
50.2413321143
51.7718482355
55.9232423325
62.1715118854
55.570393493
33.2698263904
3.03803736632e-30
2.83642212534e-35
1.94077352133e-37
0
0
0
0
0
0
0
0
0
0
0
0
0
0
0
0
0
0
0
0
0
0
0
0
0
0
0
20.3078490357
20.2070431137
22.3991612984
20.3599331228
20.8735732754
20.0458285109
20.2949695471
21.9048997309
22.7682088725
24.9602939764
23.6322476038
22.8391358715
21.8326106406
23.5605750297
23.6507073066
23.0328027694
22.9194806891
23.0477040058
22.5215540148
22.9965353701
23.5270221844
22.7498015533
23.3192066273
25.7216079111
27.6460419479
29.7325200161
30.8409874526
30.53256829
31.5699369043
31.561023024
31.9653976235
32.3091197379
34.1316130117
36.2164183194
37.4770045621
38.8683688239
40.0717782363
41.141324697
42.3301136122
43.6141491885
45.4673568812
48.402719498
50.6766012648
51.4825728922
52.4247162418
55.760350788
62.7091105334
58.7730776027
34.2058489774
2.71119717859e-32
4.73974491075e-35
2.17026876133e-37
0
0
0
0
0
0
0
0
0
0
0
0
0
0
0
0
0
0
0
0
0
0
0
0
0
0
0
0
21.8856821329
21.4000656287
23.2578931772
22.7337119943
22.5000460706
21.4215450632
21.2752876713
22.9778050074
22.0839396847
25.4288684003
24.4916112689
23.6632065029
22.6917995875
24.3585265901
24.4195387613
23.9680685064
24.8491997987
24.5560931105
23.5858421514
24.1822416577
24.7779007277
23.9677096265
23.4653547302
25.6537653779
27.748972288
29.5718740909
30.8098374987
30.5243529971
31.8998096647
32.7628514697
33.2952390452
33.0018721968
34.1990762457
36.1336130572
38.305345935
40.0203179482
41.3267437294
42.3905264441
43.5756303822
45.1756762366
47.9360149102
51.0677427256
52.9583786183
54.1345227194
56.5029952431
61.3198613175
60.1753186953
33.2923195086
7.30013325893e-32
1.05684830812e-34
3.70128665884e-37
0
0
0
0
0
0
0
0
0
0
0
0
0
0
0
0
0
0
0
0
0
0
0
0
0
0
0
0
0
22.6325238838
22.1970754494
23.7737535229
23.7114399138
23.4822258764
22.6933522642
22.3699313702
24.257669798
23.0614713611
26.022531619
25.3559999908
24.5147990017
23.5973003724
25.1663945405
25.1734447473
24.7255061853
25.7574122808
25.5953248442
24.5722280164
25.3036112628
25.4442181304
24.6972925441
24.3242961474
24.5337856607
27.0883873174
28.9084866287
30.4440480315
30.3342997388
31.8398903598
33.2131964773
34.366472884
34.6491425477
34.5549758917
36.097747598
38.4493375281
40.8260296529
42.6913038557
44.0173591774
45.1952154775
47.5835996715
51.0082737312
53.875743466
55.5901374146
57.5518300576
61.2363134654
57.9221855165
35.1496419206
24.6937524603
3.47398518714e-34
9.89408966448e-37
0
0
0
0
0
0
0
0
0
0
0
0
0
0
0
0
0
0
0
0
0
0
0
0
0
0
0
0
0
0
22.6389912922
22.6394046231
24.0378424876
23.8509642242
24.056811947
23.6450807562
23.2963676431
25.5108715764
24.6285648692
26.7620250171
26.2591675372
25.3765727895
24.5436375924
25.9992575863
25.9725278782
25.583585902
26.488396137
26.4678902642
25.5652374069
26.2207605472
25.2976416388
25.3338518195
25.2110273314
25.4327766553
26.193209501
27.2970574667
29.3521937836
29.847318799
31.2538879809
33.0676336995
34.6734759507
35.8761745616
35.946551673
36.7710689301
38.5780450288
40.979228674
43.5771803409
45.7105986066
47.4968091261
50.7001507633
54.1874607823
56.6567537449
58.1606964124
60.1724593278
55.964899821
37.6468842769
39.7752921674
1.20670810937e-33
2.70313904742e-36
0
0
0
0
0
0
0
0
0
0
0
0
0
0
0
0
0
0
0
0
0
0
0
0
0
0
0
0
0
0
0
22.7656617671
22.8978917557
24.2233011418
22.9166858128
24.2392939642
24.114006118
23.8693453654
26.0371553889
25.3753065328
27.4781613956
27.1662314824
26.2130183316
25.5354392149
26.8443555108
26.7945346546
26.5607001241
27.3144744081
27.4467565525
26.6860909517
27.5147121529
26.5203078439
26.7959204499
26.3491348601
26.6345501199
27.8059990017
28.4067874293
28.7061169929
29.2388279936
30.5465342367
32.7250841542
34.39290814
35.9037761202
37.0035281378
37.7068549036
39.6426297149
41.5731812239
44.25539648
47.2475656037
50.3030258188
54.1064020166
57.3119247143
59.1869463376
59.2501255561
57.2274620835
57.2679929499
35.0265128003
1.01258040536e-32
2.30518884118e-35
0
0
0
0
0
0
0
0
0
0
0
0
0
0
0
0
0
0
0
0
0
0
0
0
0
0
0
0
0
0
0
0
23.3066249023
23.404907286
24.4027125438
23.1733718515
24.3686980031
24.3070385748
24.2141724825
26.1380898701
25.8387841757
27.9647516659
28.0189893878
26.9636046484
26.5577200078
27.6485718776
27.5514609649
27.4877039871
28.0956967057
28.4952633232
27.8517493463
28.8370466749
28.1720886904
28.6757661224
28.5441224669
27.5522605043
28.4927636992
29.342480923
29.5557839087
28.6913218405
29.7155306756
32.2718121356
34.1829577728
35.2936908289
36.5631315771
37.7443585949
39.8300607868
42.0707298271
44.9965431167
48.7622222285
53.289029917
57.6685378805
60.2858776241
60.9611736178
59.4365300866
54.7358859674
35.3638247193
47.7516231359
1.60634620792e-34
6.51376958654e-37
0
0
0
0
0
0
0
0
0
0
0
0
0
0
0
0
0
0
0
0
0
0
0
0
0
0
0
0
0
0
0
0
24.0094954691
25.0289311286
24.6992940896
23.9428218699
24.7359886833
24.5266823598
24.5126366743
26.1784543085
26.2292266469
28.0902669383
28.8087227369
27.5872399988
27.4230822001
28.2564697615
28.211596844
28.1390035255
28.3332378164
29.4100564419
29.0470490792
29.9559627658
29.9201838379
29.8854466145
29.7969229365
29.4326448352
28.7249842998
29.3085029908
30.1651823631
27.8276227178
28.7098025728
31.1626796761
33.8020791294
35.3492514462
36.6903176245
37.2748482902
39.2606563435
41.9513692871
45.3080283722
50.122450152
56.2959249801
61.1840781548
62.9391690653
60.1224000827
58.7233257689
61.7973653159
41.9027538578
1.08879603118e-33
2.77886935597e-36
0
0
0
0
0
0
0
0
0
0
0
0
0
0
0
0
0
0
0
0
0
0
0
0
0
0
0
0
0
0
0
0
0
24.4670188435
25.5359147087
25.1871012641
24.5881078997
25.2152829456
24.8769342987
24.8421306518
26.2592581278
26.5779003521
27.9262861196
29.4625742715
28.1325395555
27.8670576552
28.6881408472
28.8691919972
28.6600591424
28.4569743663
30.0066238964
30.2286744191
30.8871654714
31.0725798278
31.3164428032
30.2977024151
30.3066206465
29.7616029646
30.5935586536
31.120634352
28.8763219557
27.5744220123
29.4906561147
32.425167828
34.8723928084
36.4205003969
37.186400159
38.2121812227
40.9811092382
44.7595381982
51.0090751955
59.1489755178
64.7836608412
64.7400669235
61.0357710237
54.9545583104
31.7691654521
52.7022301414
3.21035992984e-35
1.07886325559e-37
0
0
0
0
0
0
0
0
0
0
0
0
0
0
0
0
0
0
0
0
0
0
0
0
0
0
0
0
0
0
0
0
0
24.701163851
25.6694619649
25.545545491
24.9365888231
25.6364698849
25.3123483597
25.2039771095
26.4435948972
26.9282674408
27.3649679444
29.8281817353
28.6714477888
28.0938007877
28.4996088763
29.4914729082
29.2454393713
28.8395359801
30.4513047249
30.8170415926
31.5965553762
31.8860270659
32.4243472982
32.6203515149
32.6354639225
32.2418455845
31.5973015304
32.2809179494
30.2579739318
26.8214308504
27.6308948408
29.6205209472
32.6244832617
35.1325966071
37.2118311587
37.6726805514
39.0881863226
42.6754051187
50.5322847478
61.6703887541
67.3850202892
65.2030529004
66.4967621021
66.5866834916
35.5404548568
4.59977440269e-34
1.25766767575e-36
0
0
0
0
0
0
0
0
0
0
0
0
0
0
0
0
0
0
0
0
0
0
0
0
0
0
0
0
0
0
0
0
0
0
24.8643092444
25.7264116157
25.7487427589
25.0608546368
25.9320679345
25.7954467388
25.5310721418
26.6746873144
27.3991591929
26.6497195348
29.9679993362
29.2608663578
28.4384065945
27.92222641
30.0039454548
29.8633759936
29.4667908652
31.0129391302
31.1918222953
31.8303077416
32.6817713187
32.3294756142
33.8625836856
34.3969247523
34.4117529421
34.2275830381
34.1644313083
33.08598352
28.3427041023
26.2578666904
27.2917453688
29.0986052538
31.9198826146
34.2472920108
36.7695661873
37.3262266928
39.1098078378
46.292386508
64.3703025634
69.9786559236
63.0725293698
59.8659374385
66.9842238287
62.1978463747
1.56062053951e-35
0
0
0
0
0
0
0
0
0
0
0
0
0
0
0
0
0
0
0
0
0
0
0
0
0
0
0
0
0
0
0
0
0
0
0
24.9563518938
25.7031775679
25.4551140699
25.019555303
26.0878969228
26.1820610731
25.7185753244
26.4216591872
28.0539784278
27.3003137423
29.9880866422
29.9060797062
28.9858342369
28.3544081126
30.5218359913
30.4812172199
30.3533983696
31.7716107526
31.8299094378
31.6638958914
33.5516411678
33.4531219755
34.761486916
35.3766256595
35.918909668
36.474286454
36.8017156465
36.6803799075
34.0690625247
27.6338818616
26.3895987405
26.9055912528
29.1737173052
30.7057518832
32.8708703809
34.6170996801
35.1903427345
36.698955873
59.3800276329
71.7573646081
71.0225536286
59.6503219696
18.6618579754
53.2996828525
1.28480578911e-36
0
0
0
0
0
0
0
0
0
0
0
0
0
0
0
0
0
0
0
0
0
0
0
0
0
0
0
0
0
0
0
0
0
0
0
24.9438484622
25.5641006658
24.9865648561
25.0935487214
26.2115018574
26.2674318269
25.811963178
25.9907252767
28.2193382342
27.9693543674
29.6063404143
30.5426818163
29.5578239724
29.2806506826
31.0232644052
31.0331183846
31.3416075984
32.4524503137
32.7412647895
32.6040038254
34.3821051515
34.7655068003
35.7947944183
36.1110465734
37.4280286478
38.1151858904
39.2558865605
40.240603759
40.6778594493
36.1082156368
29.1957646621
27.940349377
26.7215313828
28.3944275889
29.2923519433
29.8420715836
29.3500032457
24.9462800022
31.9893621784
62.1489670396
78.693666998
82.3321259172
44.6962426209
3.19527136611e-35
3.91373449326e-38
0
0
0
0
0
0
0
0
0
0
0
0
0
0
0
0
0
0
0
0
0
0
0
0
0
0
0
0
0
0
0
0
0
0
0
24.8947926833
25.0426727271
25.2654023602
25.8898073857
26.3931940409
26.3216421676
25.9580244103
26.0035088546
27.830815598
28.2610707846
29.0225711926
30.9961858712
29.9975062491
29.9265464544
31.1816491536
31.4691747151
31.6107406849
32.653797571
33.5300201284
33.7967535185
35.1129488817
35.6484976011
36.5484765055
37.6285569495
38.7157630045
38.9568380889
40.8521346486
42.4331364974
44.1487764471
45.2859657241
40.1614190389
32.8882649595
29.9208898776
27.5640430435
26.4526903873
25.2239923942
21.8081954245
17.764857489
0.756571661833
0.124393078563
56.4028828094
83.022762459
74.9128913401
2.38795101953e-36
0
0
0
0
0
0
0
0
0
0
0
0
0
0
0
0
0
0
0
0
0
0
0
0
0
0
0
0
0
0
0
0
0
0
0
0
24.8163054001
24.9131622539
26.504086527
26.482436181
26.4099844082
26.2931272954
26.153088793
26.1587158147
27.5903841932
28.5560873011
28.0323672502
30.9183150084
30.3644919394
29.890714501
30.4852237867
31.8087697915
31.6195884198
31.7386465867
33.9163016759
34.2017718793
35.3629099768
36.486865807
36.4300066681
38.8376003474
39.8327599413
41.1706307246
42.5043366728
44.0602024332
46.1542548602
48.4867337435
49.9939349826
46.0219389381
40.6325061839
35.9541240326
33.3521613053
31.7704757953
31.2281943614
31.4224732575
20.4879307757
21.8976915238
6.73663145634e-06
37.2504971983
70.2753430691
3.01891121169e-37
0
0
0
0
0
0
0
0
0
0
0
0
0
0
0
0
0
0
0
0
0
0
0
0
0
0
0
0
0
0
0
0
0
0
0
9.15799136237e-42
24.5782770547
24.8126929699
25.0916529945
26.0436191875
26.0839579262
26.1174061382
26.2869115556
26.147155265
27.3665203956
28.6659400345
28.0658687939
30.2010322235
30.8510075623
29.8997737251
29.4967627974
31.9695752792
31.8568782195
31.8929082965
34.0301924122
34.4404509791
34.7100274723
37.3201545452
37.5926252606
39.444188725
40.4718926403
42.621430935
43.8407732009
45.5224918637
47.6863649622
50.1068781325
52.6707232569
55.4386425706
54.4933538777
52.0169538386
50.1845124461
49.6653883422
50.3743627123
52.6951450206
55.7725432081
62.6195064444
53.4954064172
5.94739229186e-11
9.7265308547e-36
0
0
0
0
0
0
0
0
0
0
0
0
0
0
0
0
0
0
0
0
0
0
0
0
0
0
0
0
0
0
0
0
0
0
0
0
2.29447637199e-41
24.2031054337
24.4764647862
24.3784914589
25.4724635863
25.9120348815
25.9395748772
26.1508360371
25.8766250073
26.5189690637
28.3334044378
28.173099924
29.0148892061
31.2562778957
30.1751159348
30.0020596545
31.8028806715
32.2318593403
32.4037138031
33.8763679602
34.9539154018
35.36026534
37.5878643588
38.4319010841
39.7959227108
41.5820758709
43.1490464054
44.9292031105
46.944866267
48.886605956
51.5163901789
53.7250148599
57.4724154577
60.2566970202
62.7501739728
62.7891175598
63.358227543
64.4153782115
67.9730449425
74.5041725957
84.1503065562
93.5247079948
58.6359403647
1.31434905579e-36
0
0
0
0
0
0
0
0
0
0
0
0
0
0
0
0
0
0
0
0
0
0
0
0
0
0
0
0
0
0
0
0
0
0
0
2.29447637199e-41
2.29447637199e-41
23.816223524
24.1126270995
24.6979801207
25.8305265183
26.0360167988
25.7559989398
25.7693542914
25.4570251432
25.7018107881
27.4765318811
28.2019231533
27.3620579233
30.4296866755
30.5991889613
29.9995322644
30.6161671018
32.4817202497
32.3704059879
32.7169589502
35.1089064968
35.6775480574
37.4222405944
39.0304632203
39.3266395007
42.0986211009
42.9664547284
45.9338955845
47.4702093635
49.4003819574
52.2155604774
54.6698133569
57.3179955434
60.0577877432
62.9607169778
64.9214499655
65.9285591359
67.2234282008
69.8181425303
74.3197983575
82.270968099
99.9282756517
96.0678378339
1.82935765519e-37
0
0
0
0
0
0
0
0
0
0
0
0
0
0
0
0
0
0
0
0
0
0
0
0
0
0
0
0
0
0
0
0
0
0
1.11984754907e-41
2.29447637199e-41
2.29447637199e-41
23.3850203425
23.6433796806
25.0303382256
26.329295325
25.6901951099
25.3447005242
25.2619844243
25.0275433448
25.1079863951
26.614722209
27.8616978679
27.5908114954
28.7227235059
31.1357444886
29.9477127125
29.7711173342
32.2481123974
32.4135082701
32.6670048844
34.8571589858
35.8024386297
36.5117254881
39.2537993408
40.0378131827
42.1491799686
43.8958855993
45.8409390393
47.5265447461
49.8207939108
51.9191627363
54.3097299631
56.5381300918
58.7786079953
61.1149192383
63.0017674993
63.9606505129
63.7090877855
62.4420156501
59.4678698404
58.5488300432
63.2678445066
85.5646416723
0
0
0
0
0
0
0
0
0
0
0
0
0
0
0
0
0
0
0
0
0
0
0
0
0
0
0
0
0
0
0
0
0
0
1.39414266339e-41
2.29447637199e-41
3.6786655548e-40
3.88167477485e-40
22.8950099753
23.0693025859
24.0633680851
24.9734044549
24.935659737
24.709328413
24.634676426
24.6051560228
24.4268451142
25.2254126141
26.8184749942
27.4844245922
26.6389065697
29.8009833584
30.2111308095
29.5081311678
30.5300951963
32.4079828823
32.4857613645
33.4008585881
35.8401715681
36.4070058513
38.766007181
40.4545306939
40.8685374733
43.814987203
45.5553577811
47.8724185336
49.6244390454
51.5520661
54.2831400543
56.2213861999
58.3030220113
60.2691883271
61.3718326045
62.2742668148
61.0049703323
57.8300478515
40.3894479325
54.2164800022
6.26815977254e-10
1.45014786436e-36
0
0
0
0
0
0
0
0
0
0
0
0
0
0
0
0
0
0
0
0
0
0
0
0
0
0
0
0
0
0
0
0
0
0
0
2.85545843675e-40
9.63845631339e-40
1.4365378813e-39
22.3957061431
22.4773994552
23.3398305061
22.1579061381
23.7463684168
23.9552618498
23.8967773019
23.9921898051
23.5069647264
23.8768526485
25.5125280701
26.8952168022
26.8593189424
27.6123874653
30.2434671912
29.4941818778
29.4408955173
31.9917234627
32.5564704845
32.688162823
35.3733367969
36.4180205457
37.1443996355
39.63111025
41.0538720087
43.1407943454
45.5468469237
47.4383310423
49.7381757113
52.0232010687
54.2305457435
56.3258413117
58.7268830099
60.8900637921
62.5593061635
63.4648339555
63.9886856689
63.350490363
56.7686516198
64.6138515277
2.05272549867e-06
4.30105062673e-37
0
0
0
0
0
0
0
0
0
0
0
0
0
0
0
0
0
0
0
0
0
0
0
0
0
0
0
0
0
0
0
0
0
0
1.3000358079e-40
4.65732895963e-40
6.54775632606e-39
4.44004857837e-35
21.6896106579
21.7423009901
23.1998151639
22.1196192513
22.7551394008
23.0598748896
23.0471700318
23.0681990286
22.6397693132
22.7342517717
23.7172152115
25.4316102515
26.7705923738
26.5865978412
28.105068881
29.8737403654
28.9972447046
28.8571214359
32.0702236837
31.9672423441
32.4991947971
35.5251237125
36.3077465358
38.6200616853
40.6103740248
42.1391565452
44.7889428209
46.9713231276
49.6864277816
51.6660805279
54.2770743068
57.4419352928
60.4131066225
62.9724896914
65.4681503095
67.9266317314
69.9100212489
71.2844316488
76.3946835106
81.0368781947
49.944720519
1.14665361403e-38
0
0
0
0
0
0
0
0
0
0
0
0
0
0
0
0
0
0
0
0
0
0
0
0
0
0
0
0
0
0
0
0
0
8.20317797608e-41
2.72683284895e-40
2.61618983965e-38
7.58356425672e-36
3.66190402153e-26
20.587056424
20.6062170118
21.9887770213
22.395164706
21.0282304823
22.0126147809
22.1567048695
22.1888232315
22.1107679911
21.6925361027
22.0242513437
23.6944251657
25.2138409743
26.1660231214
25.5405201947
28.5336397659
29.084379929
28.0136940331
30.4755591211
31.3844329046
31.4539973535
34.2010063745
35.7608727085
37.5129516161
39.7150324998
42.0725466372
44.0449735568
47.1421407078
49.1216136088
51.420676598
55.4225832293
58.8211767085
62.3392894108
65.6139754665
69.6395242169
73.1306270885
76.3935936591
78.2787594008
81.0411792204
81.4479158203
39.115989464
7.87852705009e-40
0
0
0
0
0
0
0
0
0
0
0
0
0
0
0
0
0
0
0
0
0
0
0
0
0
0
0
0
0
0
0
0
0
2.63630457577e-40
3.26462971483e-38
7.50748442258e-36
2.81930500561e-31
5.71632910767e-21
19.4750482087
19.4135791111
19.4356927463
21.706417458
19.8733618883
20.9659668376
21.3871488905
21.434545148
21.5472588753
20.8127852726
20.9274833415
21.0984759389
23.2408081376
24.8802565798
24.7488679808
24.4690157422
27.3622481038
27.3989260244
27.3985123594
29.8636834643
30.7532609147
31.9496130632
34.4792518666
36.4125304494
38.6738737051
40.9821390786
43.6676879651
46.215569893
48.8860685768
52.5389160638
56.3330348687
60.3158714921
64.7595079485
69.7014819492
75.2581162872
81.0585622141
85.9952182645
90.8768119606
95.5132087274
85.1483969644
3.3924785402e-08
1.91645309027e-39
0
0
0
0
0
0
0
0
0
0
0
0
0
0
0
0
0
0
0
0
0
0
0
0
0
0
0
0
0
0
0
0
8.20317797608e-41
1.94605042431e-38
4.38278568022e-36
6.48785721264e-32
1.62409721846e-22
6.58939573995e-06
18.8711979378
18.7008268738
18.5649085857
21.4458391914
21.9161134442
20.8263726682
20.8549281075
20.7846352533
20.7232163606
20.3008067915
19.787272903
20.1311581493
20.9597627067
22.5646509972
23.8031232645
22.7160750381
24.050007524
25.8062343802
25.9920116057
26.1540846048
29.1007280294
30.4987342402
31.9521168243
34.8584138812
37.1896058215
39.5673263047
42.5779477046
45.6222319406
49.9126994878
53.9798586011
58.7540029906
63.94228139
68.9404666136
74.9005779251
81.7342380928
88.8723208172
98.3053276515
100
100
100
48.2727507888
1.91645309027e-39
0
0
0
0
0
0
0
0
0
0
0
0
0
0
0
0
0
0
0
0
0
0
0
0
0
0
0
0
0
0
0
0
4.08830425776e-39
1.33916330046e-36
6.40366821265e-33
1.54448260136e-25
1.4344102807e-09
75.9356162714
18.6028116763
18.2273761832
18.7694052005
20.372608536
21.5214623678
20.9186851157
20.9677238597
20.4392573613
20.0294209035
19.9125924305
18.8089548431
18.9841705605
18.4934368346
19.9004372277
20.7807391484
21.5306509933
20.7722708945
23.0407242801
23.7589897035
24.2528687175
24.5378370417
28.090814612
30.0116288366
32.4438113154
35.2174954566
38.794049847
42.1042000623
46.8834407443
50.9962023388
56.2374687086
60.7521398205
65.9497219318
71.7414868432
78.6045149452
85.8413671109
95.0030545279
99.9999999989
100
100
100
55.429228487
5.14508226357e-42
0
0
0
0
0
0
0
0
0
0
0
0
0
0
0
0
0
0
0
0
0
0
0
0
0
0
0
0
0
0
0
2.05507671489e-40
1.90566916293e-37
4.98651353296e-34
1.32918679456e-28
6.58744250906e-15
66.0990094212
69.1098203228
18.1746157225
17.3815948174
18.2573599304
18.123391564
19.8363452897
21.602324595
22.4149846089
20.6807791077
19.4807575975
18.9188626977
18.3445676758
16.8904832513
17.2709229637
15.7521357636
16.4104893136
18.1008545665
18.4324178839
17.6372344377
20.3515389032
20.9847969871
22.1131009846
22.8464727512
27.2304668731
29.7848960156
33.3929767889
37.8994708566
42.5257134012
46.781445723
51.5164113228
55.9115702037
60.7385978611
66.8796499607
73.89499604
80.7708664054
88.25719348
98.8056442484
99.999999997
100
100
99.9999999996
100
0
0
0
0
0
0
0
0
0
0
0
0
0
0
0
0
0
0
0
0
0
0
0
0
0
0
0
0
0
0
0
0
3.96803413104e-39
2.09462908732e-35
9.64945728232e-31
5.09640734255e-21
46.0509583998
57.0904239384
60.2196505319
17.733580213
16.0942361592
15.9857934944
16.1177960338
16.7426139732
19.8133072532
22.4366981617
20.3893965305
18.8925238419
17.8947449857
17.3391555782
15.7217951739
15.6816743864
14.017393144
12.990548775
9.93301000361
14.9552315969
14.118841022
14.358562729
16.8106532563
17.088820248
19.201219455
21.3304647465
27.1501070049
31.9773995119
36.7650302747
41.233595726
45.6210502485
50.6608032452
55.6850429814
62.6099331608
68.6967247837
74.8758411741
81.3750678544
89.6824461964
98.778013728
99.9999975115
99.9999999262
99.9999999989
99.9999999967
99.999999984
0
0
0
0
0
0
0
0
0
0
0
0
0
0
0
0
0
0
0
0
0
0
0
0
0
0
0
0
0
0
0
0
2.91844822546e-37
8.19049106042e-33
9.80277256569e-26
1.64874614982e-06
53.357476487
52.8108130798
51.566366803
17.6897080706
14.7026363523
14.1440782973
14.2095378473
14.6757076058
16.7147374358
19.3923540882
19.8707373133
18.1546184642
16.9657898054
16.0105696049
15.3988930466
12.2887101699
12.2984881672
7.34901717716
11.1052651235
3.70566581262
11.7591420001
11.1813155466
7.1056329584
12.2825264924
13.6306669966
17.7818888187
23.867429914
30.5801932669
35.9592527214
40.0235397081
45.8464255593
51.211860773
58.1962623925
63.1974152082
68.5188987749
74.743300433
82.2578364522
91.2488410526
99.9855850021
99.9999999807
100
99.9999999999
94.0215457736
3.78715728118e-10
0
0
0
0
0
0
0
0
0
0
0
0
0
0
0
0
0
0
0
0
0
0
0
0
0
0
0
0
0
0
0
2.19618690088e-40
3.20081226902e-35
3.18312355006e-29
7.65943305374e-15
52.5514241502
53.3657806209
47.1406762915
45.3970254325
17.9682180443
13.5980849064
12.594758891
12.2572572377
12.6185127051
13.9272844037
16.6331113883
19.1047767502
17.5858476047
16.1071214649
14.9427197573
13.7649526031
12.3628956174
6.17873226289
6.28926440287
0.13302857965
6.35457908013
0.0548478920917
11.4810296497
2.2520400734
0.651635113924
1.61602002528
16.1262137828
22.7241548064
29.7425206593
35.333821442
40.9580837843
46.7717721347
53.5374070654
57.9103430167
62.2302691875
69.0952621373
76.3390982664
84.6851833392
94.2259800208
99.9999742211
100
100
66.813196832
3.55310185434e-23
0
0
0
0
0
0
0
0
0
0
0
0
0
0
0
0
0
0
0
0
0
0
0
0
0
0
0
0
0
0
0
0
2.65667922309e-39
7.12560441892e-33
2.0676388387e-20
53.2804815749
56.8159465033
50.2138296373
44.3824957453
41.9550872779
16.9354048498
12.9162843297
11.2178975904
10.8052083335
10.6996804125
11.5614514025
11.6723307096
16.4401797697
17.3253986805
15.455491134
14.0667821994
12.6985946161
10.7554302071
6.80446300828
7.70340631456
0.087024388326
0.00112667680703
0.161551150137
0.049569882613
0.016556857183
0.950420770277
0.83171659477
15.689538414
22.991457071
29.9242570544
35.6001440087
41.8871443963
48.1992328551
52.5656716826
56.4116580402
63.5441217143
70.3294680183
77.692471096
86.010112711
95.1683647412
99.9999807017
99.9999999987
100
1.27777333433e-24
7.09463607234e-24
0
0
0
0
0
0
0
0
0
0
0
0
0
0
0
0
0
0
0
0
0
0
0
0
0
0
0
0
0
0
0
0
3.13513097092e-36
1.84863650548e-27
47.365656423
63.1708644904
54.7973140707
47.8322334068
43.7971246833
42.4096133217
15.2977477986
12.6075899444
10.1773156405
9.68586706127
9.52226999758
9.26643508386
10.963925251
11.1134137808
15.4556483685
14.7633078296
13.343918262
12.0284759627
9.38510074046
7.00559609022
0.000504958153332
0.000793795590571
0.000215292289573
2.80955861762
0.00266615623576
0.0270779770744
0.0306526428359
11.4874852373
16.099608222
24.9029702718
30.4007058632
37.0819844372
42.5893903661
47.6660829073
51.5769529961
58.4143928102
64.7395278207
71.5009223942
78.634513162
86.3999823065
94.6104107089
99.9972369304
99.9999990088
99.9999999956
1.79310037303e-23
3.15549494893e-18
0
0
0
0
0
0
0
0
0
0
0
0
0
0
0
0
0
0
0
0
0
0
0
0
0
0
0
0
0
0
0
5.95421115539e-41
2.3371263257e-33
2.63461695575e-06
67.5860213045
61.2426117938
53.9537560011
48.284656155
45.1013164463
44.2592460599
14.3680543297
11.7119585234
9.33500140675
8.47721702634
8.68435567834
8.2484872234
7.27071705862
9.60638063402
9.44934773137
13.8098770868
12.9124233962
11.6957079201
7.04199145248
4.28125930975
0.00015588599958
2.31576537893e-05
0.000369422730271
0.000106584855991
0.00150440350405
0.00105927759133
10.1663790881
12.9723422262
21.1080706604
26.4254180144
32.0159287644
37.7847638842
43.7980081748
47.8846545913
54.1972124743
59.8976771577
66.1420048619
71.9433185523
78.1411754978
84.6268317461
91.0625266614
98.8365897814
99.9999893774
93.5940130049
2.37549588115e-23
4.13929996785e-15
0
0
0
0
0
0
0
0
0
0
0
0
0
0
0
0
0
0
0
0
0
0
0
0
0
0
0
0
0
0
0
1.85702039276e-39
2.82588917701e-21
68.2477556514
66.7097191335
59.9493364981
54.1956880627
50.1134729476
47.8929158599
47.5352395829
14.5225845404
10.1896883647
8.01225825087
7.02922968797
7.88016013254
7.87031199869
5.87849825658
4.16510920602
6.94991570022
7.76643024073
13.3278578703
12.6977080805
7.64091938982
8.87037396515e-05
7.16816262352e-06
9.91606427022e-06
1.08285682701e-05
0.000137846374479
0.00011701548509
9.40008525205
10.7529463227
19.4499455989
23.9281008949
28.6905705618
34.1149036862
39.9621305484
44.792524107
50.6858358652
55.8194205474
61.3923081944
66.4886535076
71.9793551668
77.1049335297
82.0511304233
87.1149918707
95.0758234625
99.2556408157
31.0349353495
8.68143675536e-23
1.22316536345e-11
0
0
0
0
0
0
0
0
0
0
0
0
0
0
0
0
0
0
0
0
0
0
0
0
0
0
0
0
0
0
0
7.88562239924e-35
62.444348448
72.5552703412
65.5434413005
59.8943911864
55.5311248425
52.6090099263
51.0101767447
49.9248641717
15.4268801653
8.28820643806
4.39376203494
5.433122148
6.94389936646
7.90437777039
6.52079787932
0.054681110337
5.45084376973
5.30144836951
7.95288083744
11.4517106234
3.24614542193e-06
3.52187058639e-06
1.51165116174e-06
2.39440428186e-06
8.34642455782e-06
2.10471118634e-05
8.20123271204
9.69667559724
17.7281069728
21.9677717565
26.6787413666
31.868764925
36.6181560716
41.7402017005
47.4875218402
52.3530022683
57.5955062673
62.2586640397
67.4928820762
71.5786914572
75.2235450898
78.9245871465
83.1416176288
88.7680109452
81.6434349339
0.000305678160095
1.47261763393e-21
84.0405420127
0
0
0
0
0
0
0
0
0
0
0
0
0
0
0
0
0
0
0
0
0
0
0
0
0
0
0
0
0
0
1.31179840597e-40
41.8869157106
77.7869332442
71.9698818629
65.6756423111
61.2203119231
58.0317787714
55.810744286
54.6825338693
53.8997066669
15.2074659965
9.10775643618
1.72026385217
1.90088362003
5.82917507342
7.52171775009
6.76027680893
0.797237498839
0.0408927350934
2.80283423933e-05
1.87166084169
9.3272593176
3.31865512579e-05
2.62429986578e-07
5.95911471408e-07
1.08096651962e-06
6.35313579124e-06
5.73632872105
9.71667697314
16.5256719438
20.1920184616
25.3690437009
29.9707254163
34.5498155045
39.1034884349
44.2850478567
48.9160521686
54.4031064891
58.784205111
63.615549404
67.516607339
71.3631536678
74.1526629351
77.4265671448
79.2744549705
77.6324415809
75.16327527
42.1775377601
2.19451430924e-20
100
0
0
0
0
0
0
0
0
0
0
0
0
0
0
0
0
0
0
0
0
0
0
0
0
0
0
0
0
0
0
9.42429480001e-17
77.4170965483
76.0680694491
71.3353259598
66.8489487615
63.7468403808
62.2377028002
61.027307609
59.9607970616
59.7090938043
13.8324164434
0.000464570091302
2.04759799612e-06
0.0102590129618
5.49366369602
7.06636351073
6.76592690504
4.00237313181
0.00258647972617
4.48999536927
0.812178520366
4.54721438875e-06
1.14053596851e-08
8.83070612755e-06
3.01370516541e-07
1.06544402708e-06
0.67554304227
10.0854930026
14.8456657347
18.3963131573
23.2544301815
27.1688733726
32.2507487885
36.8700362722
41.0159428025
45.9006087783
51.22434983
55.7539047767
60.5071219731
64.4737817126
68.8795858262
71.7814785906
74.7483316687
78.084968906
77.306052474
77.0509177285
81.9302431
66.0489731315
4.75248836873e-20
100
0
0
0
0
0
0
0
0
0
0
0
0
0
0
0
0
0
0
0
0
0
0
0
0
0
0
0
0
0
8.96616634529e-40
70.9793476574
74.6244237903
74.6206611296
71.6372204082
69.0306506028
67.4383679204
67.143780689
68.0397618124
66.33035459
67.5799216512
12.1180719883
5.75378493587e-08
2.33048951983e-08
1.29331668915
6.1378153536
7.34827492811
7.36296307704
5.78931993926
3.31568704712e-08
4.30639188186e-09
6.15374054158e-08
2.42247953392e-08
1.0073958717e-08
3.32369747956e-08
9.112301857e-08
0.00542284861639
10.6946713141
12.9322550936
17.7904255395
21.3601721761
24.7144952215
29.6903049375
34.6106497011
38.8208016936
43.059046759
47.959886333
52.4624280556
57.6454811443
61.6407657253
66.0063368907
69.8503322587
74.0167840917
77.703045839
78.6015998474
77.4747732175
76.4786914886
77.8967322772
82.1874489256
1.28713380913e-19
100
0
0
0
0
0
0
0
0
0
0
0
0
0
0
0
0
0
0
0
0
0
0
0
0
0
0
0
0
0
49.2419139551
81.0497552568
78.0162999434
75.7898139765
73.3966642859
71.737928788
70.8575812832
70.5846693827
72.1974413089
71.3336770551
70.8407587464
10.2139650207
1.83860007552e-08
3.07948667629e-09
4.27865930672
7.3124582821
8.07366664407
7.77107637255
6.39881624999
5.65838125257e-06
1.97879235983e-09
8.77480074867e-10
3.65275943944e-09
3.31630953378e-08
1.45708105074e-08
1.34424915121e-06
8.70861069018
13.3020844888
17.1041221608
21.2628635447
23.0707997489
27.1623640816
31.557588984
36.210875555
40.4108330977
44.3801173232
49.1484458852
54.3522708261
58.6355291002
63.2316881781
67.5954266902
73.6330669812
77.8794770057
80.9212552294
81.3532276174
79.588577759
73.773634521
72.8200148698
82.992547514
2.22436747725e-19
100
0
0
0
0
0
0
0
0
0
0
0
0
0
0
0
0
0
0
0
0
0
0
0
0
0
0
0
0
5.66075046875e-34
85.1146736398
80.9597160725
79.1306360192
77.1978187142
75.4197156088
74.2023556591
73.4440230575
72.9575985103
73.6307472489
73.4181188735
72.2142631312
6.78783944793
1.47319925556e-09
5.52680039975e-10
7.1635251705
8.98662236192
9.07964399154
8.36408308982
6.77566211044
2.33243542807
8.20942907978e-10
3.65133484208e-10
3.92786183895e-10
1.98163978076e-09
0.00388595163917
7.39354548662
12.0885538975
14.7424004022
18.4509229968
21.959626798
25.5948660591
29.7184789837
32.8374802698
37.377372996
41.5915309321
45.8095994571
50.6812162219
55.3393270791
60.4883590348
64.9716282078
72.0790249486
78.7288228725
82.6101439445
85.4006191683
87.0773854856
83.989946807
78.8990268124
73.3357602078
77.1880314258
1.57289749096e-19
100
0
0
0
0
0
0
0
0
0
0
0
0
0
0
0
0
0
0
0
0
0
0
0
0
0
0
0
0
72.063018814
75.3136133636
80.7030815891
79.786303975
78.7148082485
77.4455843426
76.4560801581
75.7092148996
75.1423859316
75.5207557662
75.0237400359
73.955593882
4.27201499594e-11
1.42321424094e-10
1.18791850781e-07
10.1684036337
10.7137857142
10.226320266
9.09162031175
7.53859578726
4.18381423571
3.77659350942e-10
1.58402030308e-10
1.52236320485e-10
4.94434282275e-10
2.46421899498e-06
10.4564280537
9.70653358343
16.8074124473
19.3051463175
22.843721872
26.287388978
30.4311741533
34.2793231723
38.1942734221
42.5295343333
46.8940029191
51.7954390137
57.200036644
61.9620007515
69.5802954599
77.5015208838
82.4164221808
87.7154272293
92.305497269
94.8566819702
95.6304238708
97.0881902966
98.8237697801
99.9999999862
74.1545137539
100
0
0
0
0
0
0
0
0
0
0
0
0
0
0
0
0
0
0
0
0
0
0
0
0
0
0
0
1.19274503163e-18
96.7127836522
86.6308468369
84.0189415008
81.9142381519
80.5824935616
79.3979466727
78.4737434786
77.7461310419
77.1852509742
77.2679549321
76.573791192
76.1348720606
1.63639832161e-11
2.83033251887e-11
6.9431802637
10.3129198108
10.5037321878
10.2699718165
9.80004888231
8.23848723518
5.62308847136
1.83684846888e-10
7.12972354004e-11
6.78551806762e-11
1.08430961771e-10
0.173655064249
2.08955960992
14.8636136093
18.1020999572
20.9050456122
24.4865111024
27.6226647497
31.3319692696
34.8378180726
38.9880618962
43.3386872383
48.0121462815
53.64475242
58.7873394536
65.9966438124
73.8766900167
80.2132062562
86.6120661919
93.2734707339
99.9208575921
99.9999995173
100
100
100
100
99.9999999998
100
0
0
0
0
0
0
0
0
0
0
0
0
0
0
0
0
0
0
0
0
0
0
0
0
0
0
0
91.8513678384
88.6191428393
88.04633112
85.1990796673
83.2418478159
81.7554925916
80.5857982548
79.6650899254
78.9773450258
78.4979666162
78.0762817468
77.3999594001
77.3085656994
1.52333482208e-11
1.21249095244e-11
6.0115188199
9.84122877548
10.3930821995
10.1698229054
9.49800846244
8.46448771539
6.59603582965
8.67103136244e-11
3.39441265141e-11
3.19088737677e-11
5.98753645696e-11
2.99724089462e-10
11.5329391396
16.9439030731
18.070327147
22.6220398633
26.0714643454
28.3593436436
31.5069806862
35.3496058081
39.8696753101
44.07668832
49.6531362119
55.1414980112
61.3715475792
68.6355082457
76.1084688732
83.2791608686
90.6738739374
99.8815772422
99.9999999448
100
100
100
100
100
98.3859894472
3.02700567221e-11
0
0
0
0
0
0
0
0
0
0
0
0
0
0
0
0
0
0
0
0
0
0
0
0
0
0
4.74411466086e-26
93.2203081628
89.3004958556
87.4423869372
85.2997984751
83.5075530418
81.7414369258
80.435457154
79.3432248743
78.5048574379
78.2043832748
77.5281498443
76.7352930807
77.0288173183
2.04997886102e-11
6.16272884905e-12
6.168799625e-11
10.1132771407
10.7289991457
10.257881311
9.37107454054
8.0115074794
6.18886781964
1.75620352193e-10
1.85766980919e-11
1.66973503528e-11
3.36562701641e-11
2.88674286607
9.64703943381
14.2615061566
20.4094499194
23.4859976242
25.1691068399
29.2856073215
32.9739117323
35.9724093173
39.7889057544
45.4002181568
51.1931506831
56.2061232798
63.0273793654
70.9337425218
78.4100100376
85.8561141823
96.1225694071
99.9999954899
100
100
100
100
100
100
5.44540856392e-18
2.79904502309e-19
0
0
0
0
0
0
0
0
0
0
0
0
0
0
0
0
0
0
0
0
0
0
0
0
0
0
97.1370938696
88.0359841616
89.056571188
86.6745562256
84.9803506796
82.8206727429
80.7832948512
79.1632570908
77.7634231204
76.5864131841
75.6430774931
75.1315047182
74.8134045216
75.6651491405
5.91086122173e-11
3.86934057444e-12
4.08571938795e-12
10.6294423236
11.1523416615
10.3938871111
9.2436471351
7.56922410006
4.87702791767
1.91952866646e-11
1.20957559247e-11
1.09035281084e-11
1.7420723401e-11
3.5651342647
9.68827509004
13.6827575431
19.0593151803
23.369600709
26.2262130668
30.0989261937
31.6961521801
36.0698573735
41.7631831703
46.8939203918
51.0466395133
57.8726400744
65.3084086209
72.0405230655
80.0985640643
89.9889691543
99.9555708405
99.999999974
100
100
100
100
100
100
4.53681366108e-23
2.04094396914
0
0
0
0
0
0
0
0
0
0
0
0
0
0
0
0
0
0
0
0
0
0
0
0
0
2.06256529775e-38
99.9999986541
95.5113162353
90.9466456322
87.3567669413
84.6653748361
82.3124576563
79.5476982637
77.5694026931
75.9538708603
74.6660162965
73.6859253741
73.2822192369
72.7104116923
73.2479958933
2.71221571421e-09
3.47096981977e-12
1.75554288681e-12
10.9226077403
11.4211205299
10.4547376539
9.06540035005
7.17831433222
4.55095243661
1.12903786071e-11
6.46148202092e-12
7.08316085214e-12
2.05464357985e-11
5.52079290239
10.2753442398
14.169948893
17.4297233144
21.9786861613
26.6134566109
29.1003022116
32.4621130863
37.5191680293
42.5607180224
45.8251487416
52.3200246925
59.4273480139
65.6528359851
73.3593033034
82.6776009591
92.3218314306
99.9984923439
99.9999999995
100
100
100
100
100
100
1.06745292076e-27
100
0
0
0
0
0
0
0
0
0
0
0
0
0
0
0
0
0
0
0
0
0
0
0
0
0
95.6570647227
87.9273649838
95.016112967
91.3893638011
87.9048980575
84.621615665
81.5651029143
78.4440741723
76.1358212978
74.3356563533
72.9488836331
72.0280300326
71.6808715521
70.8372414546
70.1203248774
9.0641852709e-12
3.59700712324e-09
1.11949199772e-12
10.2172537692
11.4891246085
10.3417245156
8.58069419343
5.45593354673
6.32788993194e-12
2.85006808258e-12
2.34185749498e-12
2.78375741115e-12
5.5735686991e-12
5.94158120699
11.7649031225
15.1793537085
17.5861925495
20.0842628786
24.238872965
28.7974435615
32.5637421225
37.0333438419
40.8316977211
46.0770318682
53.5998491575
59.9220387646
65.6672041176
73.7991475373
83.4828391108
94.7992788735
99.9999507349
99.9999999999
100
100
100
100
100
100
2.83219079567e-27
100
0
0
0
0
0
0
0
0
0
0
0
0
0
0
0
0
0
0
0
0
0
0
0
0
0
100
99.9999999991
99.9003379329
94.0672371157
89.4578475857
84.9320357433
80.9458581691
77.6703747874
75.0859581669
73.0967690267
71.5640197649
70.6330218994
70.0367863896
69.1226670788
68.4100998399
5.79295092753e-12
5.12721474756
6.82252131518e-13
9.26119559163
11.5540657997
10.1711876982
8.24111770046
6.75592529572
4.64663379373
9.36630141837e-11
1.50240408021e-11
1.16168784683e-11
3.31766581365e-11
6.74077648607
12.1469341819
15.3699403435
17.9261457508
20.3554755724
22.5826004524
25.2674795719
30.1990593314
35.2724759588
39.8393365457
46.1063564305
53.2095259133
59.2141644572
65.7915412264
74.7981324268
85.1147314376
95.05355173
99.9999637181
100
100
100
100
100
100
100
3.6723939046e-21
100
0
0
0
0
0
0
0
0
0
0
0
0
0
0
0
0
0
0
0
0
0
0
0
0
4.81041619605e-13
83.4052614351
99.9999994858
99.9926871965
96.2356129202
90.4263866223
85.8498535867
80.8902582556
77.2982412904
74.3995519656
72.2104451372
70.6539650429
69.9600068015
68.6259407723
67.6584512689
67.0559295242
1.20103706976e-12
5.74078043782
3.95567688096e-13
9.71214081176
10.908550376
8.49803657235
5.51922524721
2.63857189698
5.00746324702e-13
2.88035831127e-13
2.6151324799e-13
3.3160628446e-13
7.13601535965e-13
4.6059980748
12.6893457955
16.4246254252
17.9593725263
19.3134886924
21.2425398516
24.152415861
27.633353631
31.857277426
37.6507112294
45.3585339252
52.6416570176
59.2573644403
65.0866562649
73.7075053608
83.93737099
95.7918630023
99.9999972578
100
100
100
100
100
100
100
4.66575022583e-20
100
0
0
0
0
0
0
0
0
0
0
0
0
0
0
0
0
0
0
0
0
0
0
0
0
100
100
100
99.9999993071
99.1107692396
92.4570862973
86.2940003728
81.2615191691
77.0321325417
73.6445386063
71.1513676982
69.4679050155
68.427214354
66.9524491983
66.147651498
66.2634277311
1.64524207099e-12
2.21489131043
2.30902442503e-13
9.32646102764
8.26301620256
5.98236824163
4.28736221858
2.87218806919
1.37171150018e-13
1.47374019214e-13
2.14111737933e-13
4.58432475459e-13
6.51690143788e-12
6.15975307172
12.2681837792
14.7499824085
15.9204715556
16.8461475154
18.913792647
22.7418142097
26.4141952675
30.8802481767
36.401886099
43.1532405903
49.9073541441
55.877985423
62.9243760589
72.9060555921
83.9958765571
96.7188997653
99.9999988411
100
100
100
100
100
100
100
6.91314542627e-19
100
0
0
0
0
0
0
0
0
0
0
0
0
0
0
0
0
0
0
0
0
0
0
0
4.17879829273e-39
99.9999999996
100
100
99.9999999996
99.9928499
94.4094420203
87.0880311158
81.290153219
76.4052038363
72.3763563982
69.3926971032
67.4600892966
65.803267552
64.4844760235
63.5619470346
64.2773359036
3.84189306399
1.53635513095e-13
1.40794516277e-13
10.8056109213
9.28869436679
6.17139115152
4.28468853875
2.86388482176
9.8336974857e-14
9.2829663472e-14
9.77575517036e-14
1.17881651381e-13
2.19153097434e-13
0.0717113006511
12.7090262981
15.3269291939
15.9126538065
16.1169637985
16.8878027713
19.0478037969
23.1801601425
28.7880480121
34.8988095589
41.4113080998
47.2043567865
53.209751869
61.0300650981
71.1457789287
83.1668160597
95.7099872458
99.9999889743
100
100
100
100
100
100
100
2.76631704636e-18
100
0
0
0
0
0
0
0
0
0
0
0
0
0
0
0
0
0
0
0
0
0
0
0
80.9921548452
100
100
100
100
99.9999968155
95.6968544738
87.7001827314
80.8867125913
75.2761085852
70.6631486723
67.0425624714
64.4427965988
62.2225015673
60.789381329
59.7357975831
60.7184702103
8.38959818905
4.5347934185e-12
1.30475049087e-13
11.4246381246
10.619439075
6.01179474832
4.73474967901
3.3166688471
6.42351169232e-14
7.57624764912e-14
1.51182564464e-13
3.63181125626e-13
4.16798659896e-13
9.9550715827e-07
11.3292411618
15.0359960331
15.1427812267
13.9829761945
12.9445591563
14.7807007822
19.7368818758
25.8950020708
32.2691425122
38.7390527238
45.2813411365
51.3113758971
59.6233991508
69.3758332219
80.2202567324
92.510049784
99.9997476072
100
100
100
100
100
100
100
1.18095608219e-16
100
0
0
0
0
0
0
0
0
0
0
0
0
0
0
0
0
0
0
0
0
0
0
0
100
100
100
100
100
99.9999999997
99.0102840212
88.7462995313
80.3869896735
73.9042326909
68.6811413137
63.7155984322
60.1765150177
57.679630684
56.2830769581
55.261382396
56.076791982
9.69670184961
0.0225742114353
1.69044147078e-13
0.979561964631
6.41398194997
6.78621820628
5.97340821255
5.50010478311
6.22885232034
4.56782519509e-13
1.45022609411e-13
1.07454385588e-13
1.08038658509e-13
2.16173697308e-13
9.59747108654
15.2701008387
15.0375609752
11.7357787832
5.34748559056
6.8912035337
14.4534502071
23.245380257
30.3370640181
36.2289436736
41.9823356064
48.611098863
56.9732954453
66.7813552596
77.599359059
89.0888650591
99.8761276453
99.9999999897
100
100
100
100
100
100
4.67604285246e-16
100
0
0
0
0
0
0
0
0
0
0
0
0
0
0
0
0
0
0
0
0
0
0
2.081042419e-38
100
100
100
100
100
100
99.9998393959
91.0160782093
80.4271154845
72.2224643153
65.9806258547
60.8865473116
56.8455717494
53.347427372
51.098289078
50.5615031079
50.4994911725
7.44690037124
4.04408834043
4.85081181712e-13
9.86822431558e-11
7.15686232703
9.52614071319
10.4507290152
8.82310998308
6.04780398181
5.50490879759e-13
1.29280464059e-13
8.3053734524e-14
6.90119754637e-14
8.51990650602e-14
6.81808665378
15.5009501865
16.2441374447
12.2955223854
4.05217985819
1.19980915555e-07
9.56533280048
19.5896746029
26.616952295
32.3717761644
38.1997741299
45.0607076635
53.6640640936
63.5515735586
73.5052496422
83.217600116
94.8387880028
99.9999985722
100
100
100
100
100
100
5.64103892362e-13
100
0
0
0
0
0
0
0
0
0
0
0
0
0
0
0
0
0
0
0
0
0
0
96.0908546572
100
100
100
100
100
100
99.9999999657
94.1953841895
81.306489045
70.9881177973
63.2287571529
56.9972865446
52.4038718198
48.922582779
45.3198860627
45.1757631755
44.3376508859
4.87456590238
5.48820879987
2.05867375134e-12
3.93221276547e-12
9.41714555658
11.2239136046
10.6272498996
9.84328014403
8.61351481023
2.46653169682
2.95528565403e-13
8.21544069231e-14
5.61671098437e-14
5.60452144343e-14
3.7760170998e-07
17.6573476454
20.0122682373
9.32531173224
2.58245783193e-12
1.34447581168e-13
1.45880188815e-13
6.61487764552
21.9699641934
28.1864482149
33.4752291088
40.2521273824
48.9793148002
59.3017477167
68.0781183821
75.6553301121
86.1668499651
99.8621440214
99.9999998896
100
100
100
100
100
1.34029155132e-09
100
0
0
0
0
0
0
0
0
0
0
0
0
0
0
0
0
0
0
0
0
0
0
100
100
100
100
100
100
100
100
98.066676362
83.4009015308
70.8678373367
61.4994827768
53.7635622882
47.7045084214
43.5970486777
39.5460973813
38.7534021326
39.3111515156
4.53441359245
7.57016457428
7.41331386886e-11
1.20888912754e-12
11.3236306153
11.7672332592
11.7077938212
11.3347589453
10.7523806943
8.47978070762
2.06507582128e-07
1.21383212584e-13
4.53924645012e-14
3.75174104811e-14
10.1015170457
22.5880721037
16.9010725078
6.03881522654e-10
1.23664226284e-11
3.5782082764e-14
8.67688820363e-15
2.56649846769e-06
11.2782451225
20.1588025064
24.1967217486
32.994655135
42.3064110602
54.8994154716
62.4982524362
65.8427966531
73.4660869945
87.1191695009
98.0124163797
99.99999981
100
100
100
100
99.999999986
100
0
0
0
0
0
0
0
0
0
0
0
0
0
0
0
0
0
0
0
0
0
4.82676199169e-39
100
100
100
100
100
100
100
100
99.9981537745
86.1292011507
71.6090096733
60.3413684374
51.9541994347
44.4611825526
38.3025698081
33.5474409683
33.2046067927
37.1494203451
0.250384770535
0.000274114978672
4.57979350069e-11
2.72868644083e-05
13.0261436434
13.4945003383
13.7514663778
13.580185205
13.3948072381
12.818297075
5.91114746816
1.62014352412e-10
8.01651874927e-14
2.39570482913e-14
1.54851804273e-14
24.2013495064
3.32603052481e-07
6.70279067036e-10
1.43211327641e-08
1.67131944536
2.89740049078e-15
6.93580432659e-16
4.93826122295e-07
14.2116437799
22.9939668215
23.4617444765
28.1455304991
46.1275274584
59.3446444304
53.5998879728
55.3436058838
65.3185499459
76.6090427163
92.7885531873
99.9999998899
100
100
100
100
100
0
0
0
0
0
0
0
0
0
0
0
0
0
0
0
0
0
0
0
0
0
100
100
100
100
100
100
100
100
100
99.9999970668
88.4385651757
72.7785428011
60.0954489014
50.3279015892
42.6325258792
36.2795229089
31.4835284294
31.0414301588
29.7579616596
1.49254054014
9.32835182089e-11
1.47203400109e-08
5.65394251224e-13
13.8325306824
15.8280122898
16.7640752407
16.6451800057
16.8155534101
15.6074739673
13.7905961292
0.0342838162486
4.7707622956e-13
1.82421712082e-14
1.26410247215e-14
1.73782328147e-13
1.35123014878e-10
0.493973724242
22.237548829
13.5584047999
6.37377937413e-16
1.24656219494e-16
2.85148291145e-17
2.16928949909e-17
2.20027058221e-17
1.17457738563e-10
3.77718305143
9.81516471152e-15
34.8495530399
41.1176638849
38.5093536988
59.6580047134
62.9787908621
80.3175554031
92.4948696378
99.9999893537
99.9999999432
100
100
100
0
0
0
0
0
0
0
0
0
0
0
0
0
0
0
0
0
0
0
0
7.81460638774e-41
97.6100943062
100
100
100
100
100
100
100
100
99.9999998359
89.9496341908
74.3492019989
61.1064005124
50.3975487472
42.185189944
35.384707695
29.5259996665
25.8111651126
19.1952890409
1.12387154495
6.27543658249
0.902853262797
1.12049430441e-12
1.44278605443e-14
4.00972572158e-14
4.51084885148e-11
2.91754065715e-13
2.05827755899e-13
1.09177671256e-13
5.81978622424e-14
2.92192054832e-14
1.26652052774e-14
4.31077630979e-15
1.59052654843e-15
4.46871388693e-16
2.23627328448e-16
2.09612724825e-16
1.52649409409e-16
9.59374985198e-17
6.30699507227e-17
3.75586483655e-17
1.86958561772e-17
1.01097022339e-17
8.17555976611e-18
5.19951410955e-18
2.51298191088e-18
1.04887131402e-18
7.42931562903e-19
2.69508747804e-19
2.43411684134e-19
1.31025123742e-20
3.27794331465e-18
2.39154579503e-23
3.53568853574e-18
1.69972992395e-26
2.87770188849e-17
3.69770241361e-32
2.33760651214e-31
100
0
0
0
0
0
0
0
0
0
0
0
0
0
0
0
0
0
0
0
0
1.3000358079e-40
100
5.74130053175e-20
100
100
100
100
100
100
100
99.9999998167
89.4595025964
74.0518907122
60.9159104474
49.6102125293
40.376788986
32.8717021941
26.9201015181
22.881841737
12.9357989194
)
;

boundaryField
{
    frontAndBack
    {
        type            empty;
    }
    upperWall
    {
        type            calculated;
        value           uniform 0;
    }
    lowerWall
    {
        type            calculated;
        value           uniform 0;
    }
    inlet
    {
        type            calculated;
        value           uniform 4.64631465328e-38;
    }
    outlet
    {
        type            calculated;
        value           nonuniform List<scalar> 
20
(
2.6756943662e-40
0
0
0
0
0
0
0
0
0
0
0
0
0
0
0
0
0
2.29447637199e-41
5.20082595883e-40
)
;
    }
}


// ************************************************************************* //
