/*--------------------------------*- C++ -*----------------------------------*\
| =========                 |                                                 |
| \\      /  F ield         | OpenFOAM: The Open Source CFD Toolbox           |
|  \\    /   O peration     | Version:  v1806                                 |
|   \\  /    A nd           | Web:      www.OpenFOAM.com                      |
|    \\/     M anipulation  |                                                 |
\*---------------------------------------------------------------------------*/
FoamFile
{
    version     2.0;
    format      ascii;
    class       volScalarField;
    location    "124";
    object      alphak;
}
// * * * * * * * * * * * * * * * * * * * * * * * * * * * * * * * * * * * * * //

dimensions      [0 0 -1 0 0 0 0];


internalField   nonuniform List<scalar> 
6400
(
0.824046593216
1.22325888573
1.86321734834
2.1002832475
2.34568677514
2.64162375962
3.20030360648
3.86523323473
3.92731511634
4.16356134858
5.26356115696
5.67059691358
5.95257817475
6.38198233186
7.10477145509
7.83956474325
8.33459089243
8.82576125606
9.29226338487
9.48149646879
9.34782525034
9.20298487145
9.30623242248
9.74767341804
10.2827430892
10.7140812913
10.9434772782
11.1287250544
11.42427945
11.8388587845
12.3225738607
12.5685951769
12.5281143017
12.4036941214
12.1941402884
11.7426154273
11.473926007
11.7492765009
11.4431075676
10.7400387917
10.470204319
10.8373906449
11.2728856879
11.473053828
11.5254613115
11.4578905851
11.3552229467
11.2919251857
11.264065688
11.2621135142
11.0885768344
10.1888749614
9.45415914389
8.67568569486
8.46516202427
9.14913104933
9.24247932775
8.07757240979
6.61199567539
6.22279036689
5.48683294877
4.63832656944
3.78158416453
5.55520200341
9.64061819741
14.5849714877
17.5745345301
17.2734657483
15.2466893624
13.5264453024
12.528761285
12.5742778285
12.9805981258
12.7766342386
14.7269817826
14.1328882604
15.9770380644
9.87170708857
12.8681220452
4.81011621198
3.07027487946
2.36577008378
2.88288803787
4.0643410578
3.66998987255
3.18590318327
3.12664692272
3.34783542666
3.72075181569
4.22592126104
4.89113025685
5.55492774663
6.10976258006
6.63905202834
7.15668168921
7.77424898394
8.42013773993
9.10729601284
10.221844155
10.1746492673
9.73117658687
9.45225916894
9.37205676555
9.71565012839
10.5864477377
10.8482608948
10.9976339903
11.2761108965
11.6197916368
11.9967110127
12.4029594023
12.9078817812
12.8811180868
12.7961673221
12.712471957
11.9547078377
11.8925698591
12.159077495
11.6476191469
10.5216432386
10.1527656433
12.8466928892
14.3141260273
14.3400633163
14.2517278051
13.8365392275
13.2405324129
12.800203078
12.1161083857
11.5861142863
11.6511081015
12.472182837
12.4755027908
8.89915872891
9.03483388598
8.88890693937
7.20362075803
6.18048402098
5.40717768319
4.64108659961
4.08468783851
4.94468140009
3.9290673006
5.70307588419
9.6762165268
15.4892340307
19.2076815364
18.012882988
15.8214052735
13.8313407538
12.9955222968
13.2606324153
14.2162747782
13.5718994731
13.3563235733
12.7892957303
11.5656363281
9.71672610501
8.16787404886
4.25142534683
3.00825206438
2.52745892195
3.00438292031
3.03118489149
3.21049833438
3.47552411169
3.38177448624
3.30765487593
3.65667599618
4.21325943167
4.86286449957
5.5458374212
6.15725959352
6.70430618473
7.09423695576
7.65012184304
11.057955891
13.2522593834
13.4349707612
12.2990023233
9.62950837297
8.83428016243
9.62604122231
10.035230103
10.3175404318
10.7649777722
11.1482582789
11.4357874703
11.7582620503
12.1796321703
12.4999100559
13.2242951463
13.2938242487
12.6211825639
13.5159838789
12.8099275837
11.7124296461
12.7062272336
12.0686389485
10.7947998137
10.3595150718
10.8349455038
11.3757051889
11.6242521135
11.6968730637
11.668696235
11.5701243353
11.4193599795
11.2149324441
10.9789071742
10.7093565152
10.3296824349
9.80151839168
9.61817685964
9.62997661189
8.30844495203
7.08400792887
6.2156631523
5.49470265533
4.87141081753
4.44395129621
3.99484969047
3.76843680178
6.36467931866
11.6001467746
16.3124844812
18.6236640596
18.7294048457
17.1029069678
15.3587068002
14.560030648
14.3547664672
13.6145760427
12.952730771
12.8626942076
12.4684181211
11.4554506235
9.82212771816
7.38229393569
7.56449905316
2.74048055921
5.27668171383
3.05408967643
2.95866333121
3.56968094394
11.6576643279
9.95489819632
4.20691638093
3.68927064655
4.25158779423
4.88591937287
5.56882527457
6.1606497196
6.83416001391
8.97239359448
11.3844855519
13.0352896607
13.0675889439
11.0396687114
9.03505536442
8.94766311141
9.11865669782
9.36560374178
9.84482211797
10.4086892994
10.9447659834
11.3970885516
11.6189620118
12.0539138191
12.2592540916
13.0330157719
13.1164996685
13.9930625901
13.6072906613
12.4094044437
13.1360636044
12.1969572579
11.1078053492
10.860419511
10.741773083
10.7456181143
11.0325295171
11.4000267495
11.637420072
11.7396064727
11.737441994
11.6553961514
11.5125867227
11.3177451528
11.0815508318
10.802392017
10.4656445236
10.078035968
9.68277331159
9.12046944013
8.22029167855
7.19812364486
6.33278913965
5.66383183297
5.16021763329
4.80697996574
4.55534578104
4.73938835884
6.79890677342
10.7377107634
16.5571237917
20.1479820022
20.3392236212
18.6474870793
16.2593526296
14.5804628828
13.6922542028
13.7671375016
15.0826534949
14.9625576759
13.596608131
13.4178079633
16.6874921574
13.0769372268
11.0832495338
5.18756989909
7.24452190826
3.42410176622
3.74936430417
6.04464031215
11.5342708412
7.56380406576
4.23121699193
4.15543764638
4.46876388143
5.04163116127
5.76953146876
7.30512228967
10.1007792639
11.050785625
11.14340961
10.563029979
9.44075989621
8.7341701022
9.10556391649
9.1031444284
9.03887003908
9.40716875139
9.95093819095
10.5711707656
11.1885146498
11.5273729302
12.1129808772
12.1508614809
13.0140794733
12.9401088387
14.6398437214
13.77728852
12.7096625422
13.0513039899
11.7481535931
11.2237457406
10.9955127501
10.9277611746
10.9258836197
10.9845501815
11.1846030965
11.456123264
11.6724313983
11.7891514797
11.8052009395
11.7372218808
11.6051488786
11.4238703651
11.202106313
10.9378854434
10.6264257227
10.2655931541
9.82601723156
9.18833984383
8.29712171171
7.33651841941
6.52913930875
5.94956416997
5.57085070498
5.35807736708
5.35165572449
5.9115484815
7.1805696245
10.459630457
15.9089268665
20.1357336034
21.5258873205
20.3147986402
17.5129027384
14.9844575146
14.5858418962
16.7512894972
17.557985797
16.4650638251
15.4983559352
18.1000565401
21.0861026707
16.3701295184
15.4683322748
9.5476642002
8.64586102131
4.23114699181
5.12539707333
11.78320404
11.1830830128
5.23686976665
4.62767477449
4.67099336791
4.79042269264
5.39737214017
8.54150399881
12.1449456395
12.385016709
11.7156272141
10.0753627075
8.75043607806
8.35874005323
9.26454969627
9.14598471193
8.81307248475
9.05676479315
9.55536901026
10.1935124119
10.6800365677
11.3291458974
12.3263151644
12.1252358808
13.3722141669
12.863723513
15.1266353519
14.0543484876
15.4492126203
13.5191869582
11.672024677
11.0778963439
11.0062825222
11.0309216006
11.0684641244
11.1059602608
11.1860288389
11.348613863
11.5616904483
11.7528426105
11.8692700625
11.8953925366
11.8379217905
11.7183241492
11.5570953518
11.3618250829
11.1269009421
10.8408955097
10.4809827552
9.99392119155
9.30872060644
8.44593305509
7.57175737466
6.84713772802
6.31969424677
6.02650071177
5.95631974017
6.36618460848
7.90134750394
7.17622627272
11.6070360783
17.4489270657
21.2368094196
22.6448035765
21.6740766114
18.2701037692
16.0667685199
17.836708707
19.9889358747
19.4051181911
18.3485963955
18.3573270456
22.8518892932
24.399634735
19.3417097081
19.1211681449
11.5925279105
8.13675793403
5.14912069504
4.91851712892
11.6261940758
7.47409339237
5.01191022418
5.08066116092
5.14382220761
5.85289956321
6.13135146473
12.1658387371
12.571832059
12.4233012364
10.4739355657
8.44893096826
7.98781370898
9.50547299805
9.35153598148
8.62110942465
8.80856656506
9.16036785619
9.6566901139
10.2896025907
11.1957828561
12.1877415405
12.2360110654
13.9638189587
13.1432846852
15.6487611981
14.3756167903
15.8592225802
14.2422325339
13.1514633456
11.1014943512
10.8235175464
10.9937661371
11.1449720848
11.2167419858
11.2735056324
11.3710413557
11.5190049495
11.6996637722
11.8689292349
11.9797694381
12.0089872839
11.9603411556
11.8581108301
11.7251578789
11.5653383313
11.3651848024
11.100756562
10.7333147982
10.2119213118
9.51082945093
8.69255508236
7.89823894501
7.23505281595
6.73119034831
6.41600404686
6.4824606581
7.03420463799
7.39595809935
8.03550162704
12.4465486824
19.6605102171
22.3583380637
22.7895138105
21.695491053
19.4108458443
19.2201505112
21.7949970098
22.1865262731
21.2782333351
20.6159914731
22.4810899767
25.137581466
26.559937603
21.8892911299
20.7051583353
11.1316920876
7.33694767785
6.1576454471
11.5731285278
11.5541649008
5.74195319951
5.52098496295
5.58183365548
5.83719461882
6.35111435622
12.0042036208
12.8442428214
12.6736570006
11.8986047284
8.73518473923
7.62947028781
9.49034571176
9.77770959261
8.70636009442
8.41933415178
8.86313130856
9.4268641677
9.89672282483
10.6318511941
11.2211345103
12.7703617124
12.3891670158
13.8180096039
15.5755581565
15.6090424096
13.7231913545
14.8510973372
14.6683776619
11.554278234
10.9392050697
10.9148243059
11.0850636825
11.2617809646
11.3636880205
11.4392540617
11.5496768247
11.6987523969
11.8639917067
12.015394517
12.1171840711
12.1462498406
12.108011716
12.0295351042
11.932846417
11.815142995
11.6530251718
11.4093297982
11.0358201753
10.4954173097
9.80134400389
9.03391272736
8.29178888357
7.61021175651
6.98227055475
6.5796496006
6.78091600029
7.44771919862
8.26528013738
9.35004943573
10.5596728773
19.3320488511
23.7431011906
23.9115431586
23.3637752838
22.5142891175
23.501920617
24.8943914755
24.1525715271
23.387013059
23.4803661037
25.6643869936
26.2128638779
26.7422336025
23.7538257009
21.5124344634
10.1437314963
6.82181651744
6.80050115872
12.450544392
10.0933136036
5.931263667
6.07271984608
6.23347831849
8.03646564781
6.24554234378
12.7772197958
13.2340242239
12.6343334718
10.2038587864
7.8622023563
7.73695151187
9.64187885418
9.25259978826
8.44847153809
8.44471915205
8.83348717411
9.5822524235
10.2305087253
11.5959811487
12.8769545548
12.5057721989
15.1477667695
13.2507969422
15.989761076
13.9812418523
16.1305091677
13.3697687257
12.1999017348
11.2854621891
11.0349680369
11.0707273311
11.2051757845
11.375457931
11.5079680494
11.613723122
11.7375111084
11.8891672331
12.0490250895
12.1887356901
12.2791381505
12.3071782361
12.2843877357
12.2373331515
12.183359688
12.112988323
11.9923828712
11.7713850162
11.3971062687
10.8506753994
10.1751018195
9.44702852316
8.69722226042
7.85742232846
6.90450910885
6.32797590295
6.8797436013
8.23954663015
9.60593512764
10.7190462001
11.6956831845
15.2592255322
23.6064117856
25.2652482883
25.4968467438
26.4058969619
27.656752635
27.3373091032
26.2563632262
25.9394524161
26.7505808076
27.7449363341
27.4231842487
26.6912160323
25.5377464378
24.0264554996
9.21284941172
6.88728586211
8.02830316234
12.4214750006
7.3073328826
6.95676444919
6.619119055
6.87289870368
10.8520110862
9.28117809117
13.6020396034
13.4034809799
12.5753599924
9.05182961657
7.65624265166
9.76522029645
9.92925057903
8.83626290619
8.36303873196
8.63862432668
8.9471451556
9.63746104304
10.1294375232
11.7858048908
14.4302635637
12.2569655541
14.9989964265
16.0950028369
16.2151093438
16.4471091183
14.3257471712
14.2228222391
11.5208625218
11.1077867541
11.1686040152
11.2328208187
11.3369049284
11.4883590716
11.6434268292
11.7893942788
11.9391743878
12.0976173856
12.2540606277
12.385787454
12.4677173872
12.4945420645
12.4900324501
12.4825067575
12.4791299289
12.4608455342
12.3852242243
12.1903861275
11.8206397905
11.2765334277
10.6210218506
9.90047230972
9.02512120154
7.76625257858
6.20363755972
5.67690861818
7.27986075073
9.48487193539
11.1912917078
12.4716324087
13.5067456836
13.6845814379
15.0200564948
26.9394664532
29.8161718021
31.1984582323
31.2719905343
29.873491361
28.8657019816
28.9651250971
29.8575476157
29.913956386
29.4201377317
28.9104810437
29.0780359152
29.1507189516
8.72471871714
7.44211470689
11.8404723162
12.2828845206
6.85646673641
7.62448594413
7.12073644991
7.97363335425
9.92861769125
13.1400460556
14.2525848504
13.5081645578
12.6163882961
8.64541489974
7.69889194508
10.4043286551
9.87994165802
8.66700442058
8.35788775127
8.79020981876
9.46222124272
9.93915674224
10.3186344179
11.2967928902
14.529518245
15.7133220904
14.0274072933
16.2803408225
13.8422082273
16.5058155608
16.4218029832
13.9979099847
11.3157465797
11.2044719869
11.3393193229
11.4076657015
11.4910021197
11.620583792
11.7756014599
11.9598394438
12.1515643332
12.32514334
12.4806185151
12.6065464304
12.6821886332
12.711758181
12.7300182334
12.7661515103
12.8181486666
12.8568491852
12.830519726
12.6656095735
12.3062258759
11.7715846618
11.1269576939
10.3394748011
9.05421579249
6.84813340123
4.898779105
5.5021344199
8.59444791023
11.4323740681
13.2807270768
14.5407937048
15.3113674985
15.4288974402
15.0788282669
17.056743406
31.3807777633
36.816796047
35.6664525656
33.3001134485
32.3430774437
32.5442724018
32.9482361052
32.8753499722
32.8075618522
33.0022648343
33.3627369667
33.9280826299
8.64435947094
8.11715170826
13.3682467619
12.6319113247
10.2690949198
8.72162276594
7.79527273312
9.55352115199
8.93495683822
14.0578118906
14.7019358321
13.6582683537
12.395872168
8.89577023882
8.48299584839
10.9430924844
9.73662713575
8.61987250569
8.45501217809
8.81990362519
9.68248733787
10.3528913866
12.4733925571
11.4329775557
13.8564306406
16.0861718457
13.5394682232
16.6077803613
17.0266466831
14.8102799838
14.7464105552
12.0713182516
11.6820101963
11.5260163066
11.552577656
11.6163828106
11.6841941929
11.791478646
11.9143560984
12.1045018898
12.3561068057
12.5799652652
12.7383312068
12.8526545473
12.9242448374
12.962608109
13.0081505981
13.0894058866
13.1975675764
13.295075125
13.3183447805
13.1875037997
12.8544860283
12.336692749
11.659693861
10.5545087057
8.1504377588
5.05282851575
4.01073501716
6.50405689536
10.9513682048
14.0818949492
15.9144105569
17.1627415912
17.8472487534
17.7963119166
17.3659991845
16.4782856619
27.3389201684
37.7688490274
40.6717961881
37.9168424926
36.9697871021
37.0250740406
37.1132821456
36.8460735181
37.230132744
37.5913216349
37.1780111664
37.2188031895
8.95724598048
8.63224366619
12.9194078348
12.8641591969
12.7756646421
9.5475687368
8.60818398858
12.7474073954
8.90565538587
14.8942363946
15.0408659661
13.8274423341
12.2040521407
9.22848397038
11.9522003337
12.0631080204
9.715356615
8.71476730591
8.68398991422
8.98326075701
9.64903876776
10.276767001
14.115046622
15.1910119262
12.9764683412
16.1958844467
16.9479962881
15.9582104286
17.0075738743
16.9091032383
15.4256890084
11.972516899
11.8836079323
11.8498610647
11.811173876
11.833618711
11.8666538915
11.9951114468
12.1358944382
12.2768774453
12.5306343087
12.8212480777
13.0254126687
13.1366109389
13.1997605037
13.2505039015
13.3282593571
13.4541349746
13.6132694708
13.7612391175
13.8276936657
13.7407476248
13.4640332781
12.9532803497
12.1030423259
10.1487088561
6.21181339947
3.12116580224
3.9071647317
8.74280439015
14.1729251934
17.4511596415
19.1901621653
20.5425269828
20.9486855152
20.0920257128
19.1303094562
18.3859498319
23.5103899946
34.9045043467
42.0181470688
43.2298437516
41.3728186636
41.5502723371
41.4474860014
41.5191448134
42.0538028517
42.1699171224
41.7320899892
41.6846525919
9.32311820537
9.13998585533
8.90124093004
13.0464806527
13.1014782777
9.98221988349
9.37235374253
13.521068072
9.23103018734
15.7146359963
15.3210955491
14.0024922845
12.1452908943
9.33665952243
13.174047915
12.315748566
9.85277297174
8.96237770515
8.9742073376
9.33148417661
9.73860343185
10.2062791206
14.7775020502
16.129246709
13.1467953181
16.3392363368
17.4567956363
14.7227069989
16.6241531343
16.0902140335
12.6427535701
12.341148569
12.2959932558
12.1903024646
12.0774103271
12.1206267019
12.134650561
12.1545184834
12.3305503149
12.5270403291
12.7524997424
13.0526256261
13.3092809676
13.4506711446
13.5184203413
13.5834001572
13.6926350458
13.8540174034
14.0565830193
14.2456086163
14.3248797625
14.3015900294
14.1317484174
13.627652599
12.3306560799
8.5481692276
3.21633383476
0.503118834226
5.44977055165
12.5652224074
18.4803930329
21.75093001
21.9222324585
20.7100139768
17.6360510548
15.1026499304
13.569396377
12.4956579507
10.3511216084
13.686212285
41.666516869
45.3606125012
46.5761752053
45.581729548
44.8305057049
46.311821135
46.7980680487
46.7721710638
47.5064177072
47.8402657298
9.85003985722
9.88875104857
13.6090309346
13.4889571026
13.3036588903
10.3093685823
10.2804652936
14.0771233394
10.0144748279
16.381545394
15.5579822865
14.1759370364
12.1328269983
9.56718062039
13.3167510452
12.1670846506
10.004008503
9.25052935918
9.25838840253
9.57319430085
9.96454977721
10.3412267039
13.826890537
16.8740762156
17.0021981316
15.271642456
17.601696948
18.1909161411
14.1719485265
13.0200434799
12.4449612514
12.4962303512
12.5089718575
12.4580941532
12.4307307128
12.3890203426
12.395286645
12.4514856314
12.516536524
12.7461211178
13.0242918564
13.3245714102
13.5991165732
13.7770285273
13.8795815181
13.962897719
14.0928562348
14.3103941116
14.5615628959
14.7223906115
14.765811831
14.8364942729
14.8246130262
14.2134911404
11.8022290057
6.05971932833
0
1.59443715373
9.20674457351
17.7838039248
22.7144730387
20.3050726709
13.9941631717
4.40841801159
4.71363182599
6.20160755375
7.58684100914
8.38953283904
8.70257241111
8.04883870323
5.16400764677
30.8342998435
49.7982444064
51.4054112933
48.3407603452
49.7648665145
52.045805459
53.2886695157
55.2157387684
55.4149868033
10.3024851692
10.4743379479
15.0992848989
13.852262567
12.9775457325
10.675564268
11.2079463018
14.4381503736
14.4507841636
17.1475936019
15.8081324425
14.4025820528
12.1368043114
9.95376511345
13.4553834271
11.9803098985
10.1892643831
9.55865361141
9.51599679863
9.76596388199
10.1512720244
10.6810577797
12.9645175845
17.0942285988
18.3938528693
14.3083694278
17.1896494261
17.9825444201
17.1554738367
13.8671581746
12.6384480059
12.6971326688
12.8112442082
12.868571258
12.6698240761
12.6722265247
12.6310607348
12.7079791133
12.786725534
12.9760334756
13.2975662648
13.6372544479
13.9014472543
14.083833815
14.2483875736
14.4608028702
14.6894505427
14.9441419629
15.0893480242
15.1689179723
15.2682274231
15.3795199429
15.6383147846
15.0452277187
10.0415595322
0.158383453362
0.0160100709912
6.14302541357
14.7497801219
19.3874375334
13.5604356602
0.35065900749
0.0247181143669
0
0
0
0
0
0
0
0
3.43786817783e-06
0.00115952176434
0.173439740901
40.2233328457
56.6943091242
57.1072406284
60.3882041025
64.6169303094
63.9349810741
10.6483234133
10.8497652812
17.4109454419
14.0556620033
12.2723211315
11.0195914417
11.8354761454
14.111834515
15.9975521978
18.0280308401
16.1825092335
14.7250092621
12.3386952009
10.6819791459
13.807446711
11.9684160639
10.483590931
9.93689769733
9.81495160969
9.99249301586
10.316210362
10.8230582364
12.5646388419
16.9440316834
19.3248993065
18.3011310058
16.4161363368
17.284896592
16.4462640917
12.9360725242
13.1046075552
13.2388377776
13.4957238008
13.3260730591
13.1498085903
12.9368848393
12.9733738946
12.9553704844
13.0672686912
13.2518040637
13.544346284
13.9323787277
14.3395642991
14.5525958772
14.7658603084
15.0943619041
15.4702956322
15.7733610594
15.913309612
16.0566342029
16.2384736983
16.444290213
16.4574325968
15.809102847
10.4739427009
0
0.190482797027
9.50831112489
10.1988782474
0.108912231404
0
0
0
0
0
0
0
0
0
0
0
0
0
4.42969275446e-05
0.000440186310561
0.00964983767404
0.467907284991
59.5163643219
68.7515067795
64.7205510258
10.8963482687
11.0838822752
19.5950350027
14.1508313319
11.9166862964
11.3609462568
12.6311259297
12.8271213846
16.955964186
18.6400741738
16.5552920671
15.061564578
12.7664263713
12.9209658112
14.286311895
12.2186878542
10.9979430352
10.5502162377
10.2239132668
10.3133005002
10.5415616297
10.9815009158
12.4245760613
16.8092365113
19.6668110196
19.9547267739
15.0739832878
15.3199932045
13.7906146558
13.0325907047
13.2577644973
13.7988740027
13.9898491764
13.7589614161
13.5654343386
13.6524747005
13.3233560863
13.2810133867
13.3406817629
13.4803729409
13.9108073946
14.3529777768
14.7602576194
14.9320108323
15.3345181296
17.5405892939
20.5148762731
21.4464238208
19.5012156565
19.3470999022
19.6916696666
20.3320493147
20.8158618425
20.8219538339
19.8152406603
0.00785901790764
0.192661515565
0.129585596694
0
0
0
0
0
0
0
0
0
0
0
0
0
0
0
0
0
0
0.000684373642817
0.00463446527142
0.854633819962
62.261751559
11.1522892679
11.3133728828
19.2380302305
12.9703309679
11.7627000218
11.635733704
13.5218365994
12.3646961997
17.7318021951
19.2381018664
16.9309451955
15.3895136417
13.0666244021
15.5115478432
14.9997928755
12.6814656752
11.6130257651
11.7016717353
10.8628148794
10.8113095824
10.8784818551
11.1477370646
12.4648580192
16.6595672155
19.4955892847
21.0690233184
19.013403478
17.5073171806
15.9179886793
13.4185382425
13.607733026
14.7256574333
14.1959989404
14.1249888413
14.641252994
14.0979822892
13.8020090808
13.7329899116
13.7846528265
13.9053197018
14.1100393757
14.6430111437
15.3261827259
16.694694572
18.7703086464
21.5735885937
23.5941185999
23.533093098
23.8817161695
25.5889108958
28.0556789119
31.8668502182
33.8525114465
34.7869948762
32.147775446
29.8221700463
0
0
0
0
0
0
0
0
0
0
0
0
0
0
0
0
0
0
0
0
0
0
0.0021058066663
99.9894677629
11.5216838636
11.6748402786
18.6371877604
12.0990698712
11.8469459666
11.8348934587
14.238304141
12.5614944798
18.3297741401
19.8205033641
17.3158144059
15.7456343286
13.3350113119
16.0627574587
15.6382920314
13.2166080585
12.2070216213
12.4794701894
11.6553872915
11.544997602
11.4613272002
11.2990096806
12.6942730883
16.6251530698
19.1765475125
21.4355452816
20.2800219741
17.6118902532
13.9094846912
13.9706695945
14.3516153549
15.4179640187
15.6264326459
15.5971604924
15.444715001
14.5786644699
14.3153872026
14.3053247819
14.3332722782
14.4724942368
14.6550696685
15.2806183148
16.6505349864
19.4115314941
21.1670965587
21.3821079291
22.4950568493
23.5832804881
27.7253961163
32.5396659242
39.5280433463
44.453448833
45.0763903688
45.5162498658
43.1132884033
32.8332151857
0.183838414038
0
0
0
0
0
0
0
0
0
0
0
0
0
0
0
0
0
0
0
0
0
0.000353887892706
0.000468226005434
12.1636358563
12.3222875924
17.9309824512
12.0173556794
12.2904114507
12.1488523299
13.7934855811
13.207926902
18.6569042416
20.3518907986
17.74004123
16.1623036259
13.7621558078
16.5918741809
16.2431336336
13.9069875502
12.9026180278
13.2622812372
12.4031033165
12.436021175
12.4007067738
11.6493459033
13.1590976015
16.7438794316
19.018566432
21.529403351
20.6911249147
17.7823626039
14.0136945053
14.0807190216
15.2594693993
14.9746935539
14.925047636
15.3085097387
16.4274284552
15.550451904
15.2271759829
14.882096067
14.8605225895
15.1425666909
15.4822175457
16.1471400784
19.3359440996
22.2620883973
22.2129731665
22.3340979227
24.0654482695
29.5313463141
36.4967717076
42.649891707
47.4520014657
43.833832607
34.414236999
3.10156253365
0.0194606415745
0.0394451433759
0.00605730211986
0
0
0
0
0
0
0
0
0
0
0
0
0
0
0
0
0
0
0
0
0
2.61568927458e-05
0.000118770764056
13.2069805949
13.2859220671
17.8022205172
12.7542779152
13.4467209602
12.8479525246
13.6392857919
14.6903452159
18.3080792809
20.6543053575
18.239592612
16.6654472819
14.3225611214
17.1953568447
16.8824502366
14.8009695774
13.8444576093
14.2494882514
13.1467051113
13.4521458569
13.7438006943
12.3247586441
13.6200141705
17.0006841233
19.0331764747
21.2770592893
20.8462642023
18.0233787823
16.9750570861
15.0499323739
15.795144641
16.4587801338
17.4131178382
15.7307329112
15.9850508676
16.7634239983
16.0798854776
16.0580398373
15.7848505855
15.8147320174
16.2575527773
19.0769938554
23.5366019801
24.4322303377
23.7406973509
25.4044221108
32.0277015608
40.8680574474
46.8579188353
45.5796184425
36.5345977546
12.800612
0.221247015053
0
0
0
0
0
0
0
0
0
0
0
0
0
0
0
0
0
0
0
0
0
0
0
0
0
0
0
14.760088105
14.4720852341
18.1814520715
14.744889249
15.5617716932
13.978487513
14.3132749381
16.9278793788
18.1543700379
21.0734274412
18.8861910025
17.2726821092
15.002053953
17.8308033042
17.5159363761
15.8151949885
15.4273013958
15.608311494
13.9692553357
14.6196874119
15.4592563649
13.4372455287
13.8578735072
17.3025627824
19.2135342603
20.9886158881
20.9986799917
17.8875141235
18.1617469364
16.815844578
17.1096755683
15.3365285869
16.012051922
17.4667119868
16.8647075345
17.02941627
16.9925261858
16.8663240897
16.9821231643
16.9353451132
18.712353325
24.1067796949
27.0449028349
26.9723936018
27.6336724567
32.7824002022
42.1710223311
47.8976702318
36.9227049576
19.3815359748
16.8156350218
0.24740933449
0
0
0
0
0
0
0
0
0
0
0
0
0
0
0
0
0
0
0
0
0
0
0
0
0
0
0
0
16.4592222177
15.5628751865
18.6642502266
17.5914542569
17.2208768336
15.371011472
15.0831002966
17.9721067767
16.5356823458
21.3373305067
19.669360154
17.9777257064
15.7947500764
18.4832951328
18.1013497231
16.6373035283
17.9215771507
17.2719337449
14.92766161
16.0062897796
16.8379490125
14.9256503958
13.5719433855
17.157017992
19.2906650335
20.7204551298
20.9811938217
17.8324498119
18.3371851817
18.1483734716
18.2007221582
15.9567994492
16.5699300764
16.6934085384
17.8082830794
18.2885650992
18.2000190588
17.9521386879
17.8985872859
18.9638892802
24.0607297307
28.9844376874
30.6884367652
31.2839372214
34.0891738088
40.6720886811
43.3663841585
26.4131124429
21.9664368802
19.9496700598
0.421944454684
0
0
0
0
0
0
0
0
0
0
0
0
0
0
0
0
0
0
0
0
0
0
0
0
0
0
0
0
0
17.1462697603
16.3191789095
18.9058789673
18.4702530578
18.1194335622
16.737805948
16.1384616676
19.2954884565
17.4027995813
21.7324486371
20.455706008
18.7368350674
16.6909406454
19.1728794627
18.7199152346
17.3382453172
18.7702853923
18.2158565881
15.8927074413
17.4335809819
17.3924432226
15.4367915551
14.7498840307
14.9266353871
18.7473447897
20.1200239246
20.6729969007
17.7397436895
18.2787575793
18.5201248749
18.9990359676
18.2966276683
16.0999926862
16.4674608075
17.9003723862
19.1071570703
19.523605081
19.6770659327
19.6401300926
23.8289578034
29.7891448875
33.3995541661
34.5571410014
35.8303234787
39.334528008
37.5998636563
21.5468424496
24.0831070309
22.6463327788
1.12792027554
0
0
0
0
0
0
0
0
0
0
0
0
0
0
0
0
0
0
0
0
0
0
0
0
0
0
0
0
0
0
16.9993770448
16.8389325739
19.0635595617
18.5077321417
18.7006307719
17.8190643613
17.0767315714
20.584794362
19.1174172222
22.2693196485
21.2948582153
19.5311121395
17.680069077
19.9124378071
19.4172323715
18.2101892976
19.4367893689
19.0442284433
16.9714896409
18.344394563
16.2855121441
16.0026901397
15.6826436255
16.1434936027
17.1271468269
17.8882635858
19.7245506981
17.6237240607
17.4295643602
18.3787997302
19.3141193265
19.6110666944
17.7963656053
17.1395513865
17.6244848509
18.7491642315
20.1535723733
21.4511134578
23.2428686419
29.3684264275
34.5357700279
37.0680013493
37.3672027884
37.4663284068
32.0508052529
23.4052569918
24.1926322881
23.3357911601
3.08156226856
0
0
0
0
0
0
0
0
0
0
0
0
0
0
0
0
0
0
0
0
0
0
0
0
0
0
0
0
0
0
0
17.1275603071
17.2196461585
19.2517306921
16.9845301027
18.8885692715
18.3682193994
17.7015988379
21.023804006
19.8067322884
22.8638368125
22.2023158789
20.3424617472
18.7778866045
20.6896355832
20.1651380771
19.2292029863
20.1295520667
19.9865499366
18.166119809
19.6363027959
17.5641290859
17.8385145304
16.8831217354
17.3415115297
19.2478784878
19.8375769362
19.2996058518
17.4798565944
16.6334928739
18.2851160603
19.284156409
19.7288194095
19.608228674
18.1736635109
19.6349061941
19.5344597934
20.7271971434
23.2628631153
27.7460317009
34.2781993797
38.3750745699
39.5480347057
37.0151339831
28.8018460353
25.9732908834
26.1765496978
27.031096476
19.2807736198
0
0
0
0
0
0
0
0
0
0
0
0
0
0
0
0
0
0
0
0
0
0
0
0
0
0
0
0
0
0
0
0
17.7840660195
17.8610862553
19.392302508
17.3142664223
19.0224882274
18.6028099849
18.1413318645
21.0294300398
20.3128712563
23.2774237464
23.1330516614
21.1251468452
19.9861414542
21.4671206422
20.8956992783
20.2322165209
20.7764912677
21.0316833311
19.4193724234
20.904815395
19.3457205078
20.100985838
19.7265170138
17.9676314901
19.6666394879
20.8000435197
20.9184911073
17.3687697449
15.6887471859
18.1738294935
19.3899105027
18.836725248
18.8261408483
18.3947483844
19.4686437076
19.8689437859
21.4780336493
25.2254891208
32.1345095078
38.7975109921
41.6289723956
40.1833092979
29.8988685671
26.7737730679
27.6373963923
27.3742844481
25.7557666007
0.742565818178
0
0
0
0
0
0
0
0
0
0
0
0
0
0
0
0
0
0
0
0
0
0
0
0
0
0
0
0
0
0
0
0
18.6290900071
20.1031929908
19.6425964579
18.3175626931
19.4691484444
18.8923221934
18.5686644484
21.0187055284
20.8014256417
23.2986830878
24.0786725759
21.8550172179
21.0612650886
22.0441124077
21.6165799523
20.9435013062
20.7070921234
22.0044363896
20.8109109691
21.9979612203
21.4924758653
21.2749276844
20.9772712141
20.5129266655
19.4270356419
20.3850447213
21.8351418842
16.260255198
15.1446483311
17.1922354162
19.3527413277
19.6374049743
20.1578018751
18.3491813815
19.1457714414
20.1181398637
21.8484503366
27.0299824217
36.2078217185
42.900497912
44.3328964031
35.8440298742
28.7336116906
30.076167329
29.7506576053
26.7685895749
3.16789436517
0
0
0
0
0
0
0
0
0
0
0
0
0
0
0
0
0
0
0
0
0
0
0
0
0
0
0
0
0
0
0
0
0
19.2425556519
20.7465438229
20.2607051586
19.2078595575
20.1187538087
19.4065628676
19.0728108921
21.1087019212
21.3014364605
23.0203149635
24.9415742033
22.6176258669
21.6479930819
22.5118707307
22.4750062789
21.5890351453
20.6422746707
22.6776606494
22.349491825
22.9383831009
22.7494751109
22.8040788586
20.8950086647
20.8957068024
20.319963287
22.2298300836
23.1380764964
19.1573190619
14.6809107228
15.9754976608
18.7131486124
19.9834496551
19.97470809
18.9783074271
18.609534388
20.2474478596
21.7965879653
28.4521185524
39.8814252469
46.9675607349
43.7080134072
29.6849437758
30.6164119267
32.6234490461
31.625213036
21.7265429342
0.122989762755
0
0
0
0
0
0
0
0
0
0
0
0
0
0
0
0
0
0
0
0
0
0
0
0
0
0
0
0
0
0
0
0
0
19.7116662458
21.0632439867
20.8249256723
19.8017659576
20.781155126
20.1087798114
19.6701290363
21.3916732211
21.8803933401
22.3204259976
25.5130442996
23.4950923557
22.0627891852
22.2527387813
23.4011054478
22.4271995052
21.1103937551
23.2385368118
23.0867338603
23.6839812928
23.6503660499
23.9116133094
23.8603060541
23.7537532129
23.2246144304
22.6422854487
24.2283496554
21.1681223459
14.6259615026
15.0423952447
16.3436360736
18.7080863117
20.0223038097
21.0848376946
19.448828571
19.4447216913
21.1883720911
28.7557062795
43.1827986532
49.8340731605
40.839736024
31.6978260856
33.716165253
34.1418144323
27.9637634296
1.43373359194
0
0
0
0
0
0
0
0
0
0
0
0
0
0
0
0
0
0
0
0
0
0
0
0
0
0
0
0
0
0
0
0
0
0
20.190643987
21.3586097818
21.311002469
20.2218795645
21.3769357183
20.9581098031
20.2898316079
21.8207479081
22.6852272599
21.4201208134
25.7978311255
24.4853417257
22.7223398924
21.4790276328
24.1949999589
23.3478326409
22.0092052289
23.9877665441
23.6010542181
23.9149579632
24.6686589711
23.3081265967
25.1052710672
25.4808253388
25.2447556387
25.228473904
25.6263533454
24.2628853987
17.4895979609
14.5782974003
15.3252305908
16.2091265801
18.2783665248
19.1516954119
21.3847587317
20.0887348934
20.7408362933
25.7291768333
47.8497805456
51.1925759118
34.3185108401
34.0345389066
36.2920194314
35.3528316441
17.041886072
0
0
0
0
0
0
0
0
0
0
0
0
0
0
0
0
0
0
0
0
0
0
0
0
0
0
0
0
0
0
0
0
0
0
0
20.6636871614
21.6387288852
21.2646363776
20.5488129286
21.8784832395
21.7646274412
20.8238757037
21.676872257
23.762943537
22.4662457943
25.9097492616
25.5225827398
23.6645422194
22.1911164648
24.9226661391
24.2490447378
23.27755455
24.9778488436
24.4626763894
23.4610719783
25.7644021728
24.8257411305
26.1013287146
26.3640977533
26.5461110124
26.9870605558
27.5053773982
27.2803552004
24.1662735937
15.3300896944
15.0740560466
15.7747306323
18.5148861952
18.2028138187
19.580845535
21.2902624772
22.1686584903
22.3872944466
45.922703753
48.2468129326
35.1825612807
34.4046863356
37.6571222649
32.6665780837
1.46467087808
0
0
0
0
0
0
0
0
0
0
0
0
0
0
0
0
0
0
0
0
0
0
0
0
0
0
0
0
0
0
0
0
0
0
0
21.0815839311
21.870158355
21.0950653927
21.0760632694
22.3854212051
22.2408293577
21.3473410011
21.3953712842
24.2318443309
23.5827229721
25.5797514484
26.5610753056
24.6675423154
23.5919541984
25.6276965884
25.1039752604
24.7434357901
25.8409287984
25.6974640226
24.6794972178
26.6909214724
26.4355293436
27.1396362865
26.8708637384
28.0818925245
28.3066680115
29.3034483983
30.1216335809
30.4260510799
24.832242119
16.0242669894
17.7343604408
16.6132875053
19.4548475337
20.5715371613
21.2718618091
22.3180527158
23.2389339237
20.0082327684
40.98219133
36.4399733404
34.4474613723
38.0877131506
24.4689593387
0.044616338013
0
0
0
0
0
0
0
0
0
0
0
0
0
0
0
0
0
0
0
0
0
0
0
0
0
0
0
0
0
0
0
0
0
0
0
21.5157003849
21.6661184749
21.8743552753
22.5063374532
23.0013137443
22.7427508171
22.0146765112
21.819130731
24.0822563075
24.3303100528
25.1499032422
27.4462537082
25.6272246213
24.7705027093
26.0818123549
26.0062286208
25.3635597526
26.293553276
26.9264300644
26.3744196943
27.5595734359
27.5418835109
27.9520294044
28.6933628542
29.2859090629
28.4774415424
30.2922036692
31.4195594956
32.6312898945
33.8121862502
27.4762841327
17.8492774019
18.1710532954
18.1102781117
18.5726683466
19.1269988598
19.3511513509
19.0861770378
16.398551521
18.6074745122
34.539235748
34.9465826698
37.5624516031
2.722249811
0
0
0
0
0
0
0
0
0
0
0
0
0
0
0
0
0
0
0
0
0
0
0
0
0
0
0
0
0
0
0
0
0
0
0
0
21.9778250246
22.0322063596
23.8677721843
23.7273957461
23.5274766183
23.2261036431
22.7957558529
22.5139637955
24.219984014
25.1856601234
24.310487842
27.7529916179
26.6652023981
25.2718981286
25.6879854055
27.0200141767
25.9427706421
25.3862214091
27.7835031184
27.2330444019
28.1200113269
28.8584387923
27.5772143092
30.0686827454
30.4220727414
31.0810875287
31.731404001
32.4819183434
33.848442045
35.2850983956
36.274738413
30.9534156078
23.8695288472
18.1855197645
16.5511859824
16.1902601638
17.5930544878
17.8625940652
18.0300089302
24.6394708902
37.3467215466
37.208552641
32.1273939466
0.344154063808
0
0
0
0
0
0
0
0
0
0
0
0
0
0
0
0
0
0
0
0
0
0
0
0
0
0
0
0
0
0
0
0
0
0
0
1.04400551148e-05
22.3460478473
22.5518617659
22.8142590284
23.8601510913
23.7712793891
23.6191587374
23.560556499
23.0941602665
24.4800667306
25.9085678325
24.8975049085
27.371060096
27.927710577
26.0704501677
24.9979566819
27.761284701
26.9588141647
26.1114192824
28.3252882238
28.0556768511
27.4551222013
30.2383248771
29.4200974606
30.7200507253
30.9698097263
32.5957812577
32.9381003035
33.6330298086
34.9060296517
36.2347994219
37.0416680823
39.0391953491
36.5466975164
32.4147376066
30.0263459637
29.5653064349
29.5611480353
29.2072577374
31.1304448785
39.1493834655
41.2256143696
39.6762325792
11.0881867192
0
0
0
0
0
0
0
0
0
0
0
0
0
0
0
0
0
0
0
0
0
0
0
0
0
0
0
0
0
0
0
0
0
0
0
0
2.61568927458e-05
22.6546457954
22.9170526455
22.7734782611
23.8957080809
24.2284310903
24.0652420963
24.0787756277
23.4887952907
24.1254322666
26.1885313246
25.6816592982
26.5763392099
29.0964120616
27.3084127345
26.304666877
28.1320885265
28.155898109
27.3557634966
28.6688639694
29.3704297174
28.818186451
30.8397517919
30.7833534944
31.3860661917
32.5807533889
33.283261584
34.1769511461
35.2031464992
35.9823062698
37.525219949
37.8660754451
40.2061069592
41.2278587013
43.1084489803
41.6442802257
41.3724733697
40.9221283064
42.8258827036
46.4538129327
43.3469172705
42.4144910963
37.7559058756
1.49835002454
0
0
0
0
0
0
0
0
0
0
0
0
0
0
0
0
0
0
0
0
0
0
0
0
0
0
0
0
0
0
0
0
0
0
0
2.61568927458e-05
2.61568927458e-05
23.0234403032
23.3089659266
23.8765256111
24.9616653415
25.0416377693
24.5907055668
24.4249026269
23.8452375635
23.9617260964
25.9494804293
26.5563887842
25.3749469699
28.8399581838
28.7382703721
27.1551631035
27.4845484647
29.3003597643
28.2394016091
27.8845485334
30.2077599665
29.8636820897
31.2231785364
32.213835119
31.1242842647
33.4684614463
33.1739628167
35.7160897017
35.9396104049
36.5185479806
38.4385252595
39.5726905997
40.6501542425
41.5794897185
43.0951785911
43.833343774
43.8391214571
44.8084805876
47.2460108892
49.0182953268
43.1109529129
41.1377741636
24.0551949332
0.208545673272
0
0
0
0
0
0
0
0
0
0
0
0
0
0
0
0
0
0
0
0
0
0
0
0
0
0
0
0
0
0
0
0
0
0
1.2766194758e-05
2.61568927458e-05
2.61568927458e-05
23.4117534622
23.6388093469
24.9630908328
26.2044719466
25.4741155196
24.9908460114
24.7437328544
24.2718417944
24.1439412364
25.7721485901
27.1052793554
26.4834413662
27.6826446833
30.2768231023
28.335199662
27.4173777533
29.932195891
29.519148608
28.7741120753
30.7382530198
31.0160190093
30.8064777379
33.25071423
32.7954226458
34.123881978
35.0502745115
35.9895643885
36.3993884052
37.5691422625
38.4329981767
39.597102894
40.5089549655
41.4154253107
42.8598340301
44.0332483456
44.9821906865
45.9373335931
47.4685162843
48.8761320701
44.3802672618
38.8353257617
5.37977846892
0
0
0
0
0
0
0
0
0
0
0
0
0
0
0
0
0
0
0
0
0
0
0
0
0
0
0
0
0
0
0
0
0
0
1.58931425766e-05
2.61568927458e-05
0.000419365662419
0.000442508591499
23.8069815952
23.9374871512
24.778773157
25.6308876229
25.5971382344
25.2462267912
25.010851795
24.7586626468
24.3431232605
25.1582017658
26.9265344529
27.434525141
26.3578235387
29.7372468934
29.947588956
28.309175469
29.0156743384
30.7051374251
29.7615288545
30.0044814058
32.1630701741
31.6951104102
33.5353059235
34.3887046149
33.2592605762
35.6209866641
36.3916190548
37.6035608156
37.856145136
38.3674859878
40.2584669745
40.8980660992
41.8454059189
43.0071190174
43.433580937
45.1102760006
46.1699548143
48.1184292208
50.2358568341
50.1999584096
35.6928906006
1.65315985018
0
0
0
0
0
0
0
0
0
0
0
0
0
0
0
0
0
0
0
0
0
0
0
0
0
0
0
0
0
0
0
0
0
0
0
0.000325520545698
0.00109877822714
0.00163764455128
24.2504319967
24.3121046799
24.9811797731
23.854668292
25.2888519043
25.401192151
25.2070264684
25.1081702906
24.4351464998
24.7152244237
26.4784231392
27.9746147041
27.6867566803
28.3518865528
31.0959051522
29.8377091483
28.947574795
31.4191599282
31.4600782138
30.4228742327
32.8522862151
33.2081060038
32.8323537828
34.7043677775
34.8626229107
35.7931506425
37.3030031379
37.8294091006
38.7120170885
39.5611766665
40.5074263058
41.1139359891
42.237993769
43.3196141828
44.2141104339
44.7861524309
46.6602057917
49.2037980536
50.1619890185
49.4577603907
24.029157111
0.490317186574
0
0
0
0
0
0
0
0
0
0
0
0
0
0
0
0
0
0
0
0
0
0
0
0
0
0
0
0
0
0
0
0
0
0
0.000148203300797
0.000530932702406
0.00746440286058
47.8816182733
24.537410262
24.6059567021
25.7933286554
24.7416711108
25.208397898
25.4648867641
25.3471145199
25.2320053013
24.6544557834
24.5669875261
25.6015931519
27.5157334178
28.7946870152
28.4140930255
30.0529140992
31.7989083077
30.1496874357
29.5620235134
32.5235185833
31.436432293
31.197380476
33.8592491253
33.5798356482
34.8906613355
35.7220305792
35.7777903684
37.3573798785
38.1414495221
39.3007472517
39.4742638305
40.506660573
42.1416878795
43.385659877
44.0615509826
44.8676695306
46.2139041488
46.8800115981
46.8360492766
47.44955324
44.8374206869
0.55387456091
0.0130717822876
0
0
0
0
0
0
0
0
0
0
0
0
0
0
0
0
0
0
0
0
0
0
0
0
0
0
0
0
0
0
0
0
0
9.35157359274e-05
0.00031085730599
0.0298244069426
8.64521767647
94.4372586538
24.5063098551
24.5673234262
25.6622377093
25.8951451102
24.6858647011
25.4470251723
25.4949532892
25.433485698
25.2064735463
24.6754940637
24.965898892
26.7381186796
28.5218206392
29.347862836
28.777343227
31.7839108002
32.2910091628
30.5165518441
32.4334777194
32.9938890495
32.0159965561
33.9835831504
34.7192080547
35.2301578042
36.2216664659
37.1804729069
37.5919772889
39.3369885711
39.3696694471
39.3945202866
41.7833352342
42.9927923116
43.9786068393
44.2533279887
45.7249563456
46.0561545577
46.3357350211
45.4004898776
47.3106390096
42.4138556809
1.02157697347
0.000898147348823
0
0
0
0
0
0
0
0
0
0
0
0
0
0
0
0
0
0
0
0
0
0
0
0
0
0
0
0
0
0
0
0
0
0.000300537137254
0.0372165825492
8.55848712278
86.2157857054
91.1907358753
24.5350375964
24.5725718291
24.6603970971
26.3301697964
24.890816103
25.5045952556
25.7576351512
25.7447591261
25.762375893
25.0763193519
25.092178739
25.487596648
27.7388453429
29.6049386586
29.5447408412
29.5862535855
32.4372622149
32.1449734858
31.4834472776
33.4616293676
33.6205046448
33.6729370723
35.2405506819
35.9977169565
36.7322694607
37.4922399698
38.5427898601
39.31807827
39.8201988081
40.9601369754
42.0120740977
42.9688641479
43.9968239092
45.1805171418
46.7316158821
48.3007517607
46.7993179326
47.853968623
48.4243089214
38.4635388743
0.524237113325
0.00218474500528
0
0
0
0
0
0
0
0
0
0
0
0
0
0
0
0
0
0
0
0
0
0
0
0
0
0
0
0
0
0
0
0
9.35157359274e-05
0.0221848578822
4.9963493355
87.3732903087
81.351898474
84.4984696169
25.0277579077
25.0675759308
25.0770423352
27.1174468499
27.4598301425
26.4966075623
26.3308205967
26.20107948
26.1687981553
25.8176915667
25.4087429209
25.7493038397
26.7945565894
28.8905162308
30.4695746304
29.9421831304
31.293282358
33.0016780064
32.6469889694
32.2600013336
34.315798928
34.8832298532
35.0060746387
36.4596197228
37.2776989351
37.7810780995
38.7534397866
39.5150840165
41.2507918861
42.1232932308
43.834315103
45.8387847943
46.5174868237
47.4880894125
48.8028568832
48.3920466288
48.2833360163
51.1519198438
51.6602057834
32.094477643
0.235609886495
0.00218474500528
0
0
0
0
0
0
0
0
0
0
0
0
0
0
0
0
0
0
0
0
0
0
0
0
0
0
0
0
0
0
0
0
0.00466064228369
1.52663811433
79.5979712462
80.3753388487
76.5680185992
77.0569103069
25.7306449425
25.7359680004
26.1962258256
27.3338623572
28.3429389347
27.8953789885
27.5792497441
27.0184914537
26.7283297969
26.6719188398
25.936313342
26.1229081511
26.156144643
27.8030099066
29.7058263228
31.0404166664
30.9052455387
32.7664419368
33.6374645186
33.4051077412
33.0264831172
35.2271297586
35.9789541119
36.5147578785
37.4621798415
38.7418018011
39.3686864802
41.3815115727
42.3529330678
44.5494671765
45.4604401885
46.7061782606
47.5358918069
48.5763219461
48.5537752727
48.4524474842
51.432707763
51.854110176
53.6901464733
19.3554344158
0.0113630074781
5.86536285922e-06
0
0
0
0
0
0
0
0
0
0
0
0
0
0
0
0
0
0
0
0
0
0
0
0
0
0
0
0
0
0
0
0.000234277510424
0.217245139293
72.2368149487
70.650510196
71.6689784421
68.9821728094
68.6662907876
26.1636297032
26.0159160544
26.6534304248
26.7665937816
28.0759960487
29.3800567929
29.7167580927
28.3456204137
27.4987483732
27.1895190146
26.8596542182
26.1870811416
26.672276776
26.5520468208
28.0986442771
30.4121676068
31.6885812549
31.7261633169
33.4657945317
34.3065629899
34.2973706588
34.059475291
36.1984198355
36.9707688536
37.7430628455
39.2162244352
40.7529039895
41.9474990407
43.5451714151
44.4253185966
45.070667725
46.6958746366
48.9693803654
49.7185887191
49.119235673
51.8167026351
51.535852079
50.7431093438
53.2525985291
12.4469967988
0
0
0
0
0
0
0
0
0
0
0
0
0
0
0
0
0
0
0
0
0
0
0
0
0
0
0
0
0
0
0
0
0
0.00452353506204
23.8786457111
62.9464881802
60.6735383131
61.3306434471
59.1688201747
58.9800488222
26.3974485614
25.8837559017
26.0014685422
26.2511783532
26.8809338062
28.8837536886
30.6220113251
29.3143548013
28.2656439087
27.6805485174
27.471615785
26.7863224404
27.0731816598
27.1209813686
27.6030909927
28.6510596959
31.4075054987
32.573025234
32.6301852837
34.1760763412
34.9972949252
35.2682599286
35.1908404532
37.106804899
38.4766463766
39.5372420642
40.7165258409
41.864353294
43.4512416627
44.3628323252
47.3117446143
48.8417688904
49.8417390459
50.0850191282
51.4580075183
52.2373715354
52.6386196592
55.1362030814
57.6190375748
30.6167087647
0
0
0
0
0
0
0
0
0
0
0
0
0
0
0
0
0
0
0
0
0
0
0
0
0
0
0
0
0
0
0
0
0
0.332701343754
55.8206171446
53.793456365
50.9862629755
49.8759446516
48.8140569125
48.7177451865
26.7868842098
25.6720440001
25.5690166672
25.7856124535
26.2378701899
27.529389552
29.4301140794
29.8853974884
28.8337916063
28.1609197592
27.7976273601
27.662871546
26.8804721359
27.5076006658
27.4287937938
28.9391491157
30.1229817455
32.3404639217
33.4933030059
33.7211077722
34.8312267628
35.8581497066
36.5480182396
36.940752662
38.819465884
40.3483186745
40.8048871875
42.8946404118
44.1477583015
47.1833175323
48.0119789414
48.8669216339
49.7089670197
50.9672772561
52.8932921888
55.3689582249
58.0721018994
59.9196286434
60.24826449
34.266774199
0
0
0
0
0
0
0
0
0
0
0
0
0
0
0
0
0
0
0
0
0
0
0
0
0
0
0
0
0
0
0
0
0.000250363986822
31.3297267994
50.0398810169
43.7655952707
41.0486162079
40.4879603339
37.9698696208
39.0791272981
27.2780056493
25.5972811117
25.3466516182
25.3779993343
25.7169797734
26.5088580143
28.200049688
30.0521630951
29.4384907211
28.6380758235
28.1488334948
27.9249062909
27.7566290083
27.2039316505
28.1885674197
28.001457055
29.7558487698
30.7808403765
32.9173232813
34.1969624275
35.1254444809
35.0371684958
37.0549231301
38.0222575305
39.1939838257
40.7272707375
42.2744923031
43.7888161408
46.6645883427
47.4003813843
47.6368530644
50.1188691613
51.9575188448
53.8824087179
56.0010862641
57.3818149298
57.8539152988
59.0800610256
56.9559966745
33.4039289648
0
0
0
0
0
0
0
0
0
0
0
0
0
0
0
0
0
0
0
0
0
0
0
0
0
0
0
0
0
0
0
0
0.00302859834804
38.1340346549
45.3032250725
36.6654190312
30.6872248387
30.849633746
29.3156501912
29.5903017249
26.9834144898
25.6556908238
25.241249414
25.2264106486
25.3521950512
25.8754511892
26.5181250608
28.9638971517
30.0202405627
29.2268279587
28.5713587281
28.1991642512
28.0947127762
27.8870050984
28.4254199828
28.6364041927
28.5074008895
30.5823233521
31.6745292319
32.7395668313
35.292266464
36.0673579829
36.7786302933
38.3957931174
39.8184443838
41.1426681134
43.0570894244
45.3451752018
46.3384140227
46.5384123622
49.6713681525
51.4800572702
53.3803840788
55.3583436944
57.0010615997
58.3323745568
57.5216579578
57.8744465403
57.3815677047
40.0116338472
0
0
0
0
0
0
0
0
0
0
0
0
0
0
0
0
0
0
0
0
0
0
0
0
0
0
0
0
0
0
0
0
3.57403046514
40.0221713456
39.6609759556
32.749666827
25.2133018368
20.751284988
21.3847653224
23.5690294339
26.3469504967
25.7959851262
25.2841356438
25.2348122787
25.271767336
25.4602996624
26.3268487418
27.2320512063
29.4338357107
29.7833276482
29.0858038573
28.5647230201
28.3042324847
28.3226898192
27.9945046482
28.8175220561
29.0105646182
30.1626198531
31.3488976091
32.7591709643
34.1950254468
36.3234880921
37.319311334
38.6489342186
39.8594572279
42.1635061328
43.6555098068
45.2855501895
45.8229281407
48.8479513318
50.6964889016
53.1058034365
55.3559385817
57.4692747118
59.3439720231
58.7030088964
60.1626176732
59.723151741
64.0848558641
48.0469630813
0
0
0
0
0
0
0
0
0
0
0
0
0
0
0
0
0
0
0
0
0
0
0
0
0
0
0
0
0
0
0
6.78776493315e-05
27.7835333873
43.7552712109
37.8341853757
30.6293870781
23.0819735175
16.2765565153
13.7378342479
17.0936884552
26.084060989
25.7540794244
25.4071463183
25.2162721409
25.209469525
25.2386494738
25.5721031496
26.7827820134
27.6401109389
29.6787427569
29.8025019749
29.1245320296
28.6731627928
28.4802530918
28.4317694879
28.2486082629
29.4378835856
29.6899594621
31.0424960298
31.7709703764
34.2039043158
36.2272669571
37.5466135543
38.6215850943
40.1536440944
42.1037336767
44.7005778427
45.4794680178
48.201279531
49.9751479019
52.6621394015
54.4244351958
56.3463612822
58.103757828
59.0262856502
59.1768729288
61.0375272289
65.4441367127
65.1878790816
51.3464292369
0
0
0
0
0
0
0
0
0
0
0
0
0
0
0
0
0
0
0
0
0
0
0
0
0
0
0
0
0
0
0
0.00211699208731
30.4480174153
42.6242835257
35.2004376759
28.5561399524
21.7618382526
14.796739554
9.80331404323
16.3144708484
26.3240824896
25.5995279189
25.432708143
25.0858714279
24.9512843515
24.8825241146
24.9147299702
25.5781521377
26.8809404708
27.9671353278
30.1221323625
29.9752003476
29.3399272334
28.9463160971
28.7949084039
28.8609335546
28.7974262795
30.0132384183
30.4494176907
32.253175092
33.6541084541
36.0459084276
37.5729280757
38.7625966758
40.5033644139
42.9883219201
44.8271508495
47.5467234328
49.2662718358
51.7306942913
53.5366091331
55.9546099929
57.9612873411
59.6980454243
60.5390161074
62.0850272597
63.9846291158
67.572762612
59.4693794445
56.9272907202
0
0
0
0
0
0
0
0
0
0
0
0
0
0
0
0
0
0
0
0
0
0
0
0
0
0
0
0
0
0
0
12.778861272
37.2501520474
39.0069489384
31.9312054583
26.4032785304
20.7194047288
14.85956362
9.34357242734
4.65127915
26.670727646
25.4573498526
25.1102685017
24.6838400201
24.3726047275
24.2511895349
24.25529677
24.4821289501
25.8602115631
26.7083951803
28.3473942643
30.1496288838
30.2689112184
29.7805288071
29.3768281693
29.2989597139
29.5048593643
29.6055194025
31.0250370953
31.880113599
33.9375335307
35.7489381663
37.5475153664
39.4426574032
41.1205002431
43.3199790429
46.2934233625
48.3270229827
50.8266624387
52.7058514986
55.558556016
57.196783589
58.8137655064
60.7349178832
62.9560199215
65.3937376808
65.1399682609
66.1933702311
60.9443740458
67.6942038898
0
0
0
0
0
0
0
0
0
0
0
0
0
0
0
0
0
0
0
0
0
0
0
0
0
0
0
0
0
0
0.000149544229908
26.8099460926
39.2545015952
36.0223353603
29.3910147829
24.627758342
19.9174498401
14.705341651
8.60227175543
9.3937497507
25.8406306313
24.533728355
23.8931451934
23.6347365765
23.3920629737
23.3110872659
23.3986515225
23.6182472525
24.4040149078
25.9281588358
26.7609617435
28.5829781136
30.017120076
30.4673800298
30.224799292
29.9509419062
30.0476302394
30.4063359694
30.7861762071
32.4345801721
33.807240164
36.0951205651
38.1522732009
39.9989289714
41.9136978254
44.4852710988
46.5594671371
49.6628848863
51.5760574417
54.2957014589
56.1181804376
58.6047611182
60.3623818543
63.35060736
65.9587504281
66.0080961292
68.2362865824
71.4904444835
67.5327636397
73.5819152315
0
0
0
0
0
0
0
0
0
0
0
0
0
0
0
0
0
0
0
0
0
0
0
0
0
0
0
0
0
0
20.0779849139
34.0758976768
37.1085256667
33.3557751346
27.6885292
22.6815317274
21.4087011978
19.4260843001
11.4895243645
10.4794377981
24.0013082356
22.0427970047
22.0437552045
22.1394079812
22.1626782246
22.2500296321
22.4524154472
22.7781244141
23.2278735265
24.9757062533
26.2505055497
27.0531194664
27.000968443
29.9314896275
30.5535585896
30.8815285188
30.8027747329
30.9585683755
31.5539870783
32.3117194708
34.2179437774
35.9766726851
38.4446077823
40.6001501152
42.3971591047
44.8832797564
47.90042486
50.1587372504
52.9213284319
54.9635151472
58.0560965524
59.8959658892
62.5216875286
67.0873160844
68.4600647733
70.8898418024
73.5363366719
75.3749817237
64.9083456286
76.0998520205
0
0
0
0
0
0
0
0
0
0
0
0
0
0
0
0
0
0
0
0
0
0
0
0
0
0
0
0
0
0.00102213757482
30.696771034
35.19456686
35.5187036672
31.7663026436
27.1934541492
23.6660964346
24.0942120503
29.4176621445
18.8429156281
26.5395579728
22.6983543694
21.0115508445
20.8896610974
20.9774534611
21.1717182744
21.3830705077
21.6759009823
22.0524362368
22.5130489584
23.1854984972
25.1239998643
26.9426827044
27.2666194848
27.7562430052
29.1897327157
30.895073826
31.7020799458
31.6633324876
32.3510270871
33.101306065
34.2025896565
36.5627531988
39.089023308
41.148769427
43.2033339939
45.8707224061
48.0976628019
51.2947672647
53.3158018459
56.0892731711
58.4631767765
61.9933387105
66.12013616
68.8704459675
71.2666144365
74.2485445505
73.710263982
74.6694880192
59.8284527914
80.0218953902
0
0
0
0
0
0
0
0
0
0
0
0
0
0
0
0
0
0
0
0
0
0
0
0
0
0
0
0
0
28.4925525465
34.469856499
35.1217730334
34.6002718149
31.2097947777
27.7581062004
25.2234287754
23.9945278697
31.7662700053
26.2533329992
22.7338732751
22.1533696598
20.9492530791
20.4684177805
20.519498668
20.7593148353
20.9751494269
21.2299010594
21.572940759
21.9930660211
22.4755688571
23.3907472343
25.5297303987
28.0362544033
28.4258729937
28.8741881583
29.9645188247
31.519153658
32.5900818084
33.7194061781
33.9301814369
35.1692351152
37.0212477924
39.5401062545
41.6994439713
43.534976436
46.0656933942
49.1178161861
51.2616936493
54.0678450686
56.4421933348
61.2197699926
64.6298129235
68.6024427524
71.4675954508
74.3379305595
74.5263078534
75.8759731676
75.4232494458
57.5573938343
85.5842131924
0
0
0
0
0
0
0
0
0
0
0
0
0
0
0
0
0
0
0
0
0
0
0
0
0
0
0
0
0.246697803064
36.765795812
36.5801588586
35.2328448623
34.2766890625
31.4129293677
28.7268674802
26.6349781483
25.1043317939
29.8431237164
27.5760206802
22.5387758313
20.636758315
20.6437338796
20.2509108413
20.6389386894
20.9349986763
21.0445124238
21.1480864989
21.3408642946
21.6679669845
22.0999435444
22.6750166375
23.7857819516
26.095614314
29.229482554
30.1378190613
30.2768457058
31.1468456362
32.3679594468
33.697978561
35.083104564
36.6624206379
37.6205800164
39.9320084741
42.1258555175
44.1615050623
46.7385644748
49.0864682346
52.2533742794
54.3294617586
59.4003031602
64.6070293977
67.5867331587
70.6399169771
74.74462154
76.1689769761
77.7243532736
78.8156102564
76.6301624919
54.7117331184
92.4751751326
0
0
0
0
0
0
0
0
0
0
0
0
0
0
0
0
0
0
0
0
0
0
0
0
0
0
0
0
36.3025076375
37.0305849071
37.3161304187
35.2254995751
34.4670919994
32.235295957
30.1756148622
28.5104899267
27.3066313155
31.3906747936
28.9439425826
24.3502050522
18.6926586813
19.6233676199
20.1469235586
21.1065606799
21.3136461789
21.3258912665
21.2687447546
21.3051291829
21.4659787739
21.8086824318
22.2834562009
22.9339871262
24.2947449893
26.5987812099
29.6149252752
30.7450990404
31.8360171108
32.3569368584
33.5370349285
34.9064971565
36.8216479157
38.5220685362
40.2505539946
42.4700883365
44.5820878563
47.0568098566
50.1737197676
52.2966290625
57.465875368
63.166083638
65.6823783119
69.6183156637
73.2466598084
75.848550861
77.9046743237
81.1498033267
78.7230187735
77.6824069708
55.2196510949
99.008175232
0
0
0
0
0
0
0
0
0
0
0
0
0
0
0
0
0
0
0
0
0
0
0
0
0
0
0
23.5728291842
40.0534586231
39.0859285476
37.1816529798
35.8086626789
35.0938628763
33.4443022355
31.8799673871
30.6089311555
29.935484247
32.4833892972
29.7171128456
28.5788958514
18.0798751113
18.7546843879
20.1229108999
20.7932259124
20.9587168702
21.1135313836
21.3005533399
21.3226959134
21.382460042
21.5788538091
21.9646005748
22.4993695619
23.238242866
25.0155377206
26.8908624567
30.2186464028
31.9038711229
32.7795417965
34.0805341244
35.2641513655
37.0159339071
38.6919263267
40.7087261155
42.8336518213
45.1140476412
48.314017727
50.7559905681
55.2307782149
60.2288453709
63.4326589698
66.9887446671
70.4693946033
74.8283095485
78.0731499186
81.7149273888
82.5258550716
81.2127578762
82.6507249259
57.1805289889
99.8669213539
0
0
0
0
0
0
0
0
0
0
0
0
0
0
0
0
0
0
0
0
0
0
0
0
0
0
0
44.1703076518
42.0098384212
40.6266108635
38.0563360733
36.8609563049
35.7216414757
34.4112860947
33.1689159461
32.2998791876
32.0770118104
32.5536795242
30.2795112122
30.9666085419
17.8581437793
18.1575335278
19.2617956953
20.0945270237
20.3452837005
20.5836826888
20.8478704233
21.1291105865
21.3332529515
21.4641818764
21.7361412999
22.1971159304
22.8799300562
23.8527690985
26.4354023722
29.4926678114
30.7800683632
32.8768708207
34.6139216156
35.6089614976
37.0333431411
38.885652273
41.2857979952
43.2405223631
46.3572974561
49.1739003154
52.5499063192
56.6291679522
60.6793890142
64.269198842
67.295086943
72.8913825692
77.0534075336
82.511661483
84.2325359665
83.2279639015
85.7121926232
85.7679928411
69.3837463056
99.7310527409
0
0
0
0
0
0
0
0
0
0
0
0
0
0
0
0
0
0
0
0
0
0
0
0
0
0
22.5212063332
41.1501189981
42.6347319788
40.5474037149
38.9823453055
37.9611945908
35.6836672406
34.2971419161
32.9739590454
32.0763735526
33.2228106311
32.6146530494
29.4675658844
31.9010852752
17.3968933908
17.4601178368
18.0039746536
19.3895737278
19.7370656389
20.0196524047
20.3170140132
20.6494975644
21.0088815225
21.3929525034
21.6099438331
21.999116483
22.6217897521
23.5380884565
24.8623519942
27.2418543993
30.7833331219
32.7118117126
33.6817848172
36.0410272321
38.0594010278
39.4747531055
41.2103403369
44.4006601911
47.6783323501
49.8086954554
53.5249666901
58.0564756717
61.6965834237
64.4115323395
69.9560997648
75.7310178088
80.4229993227
84.3327206594
83.7876907894
86.5383350579
89.5825145621
89.8621610804
75.7009679899
96.019382658
0
0
0
0
0
0
0
0
0
0
0
0
0
0
0
0
0
0
0
0
0
0
0
0
0
0
51.167519281
46.8082490667
43.9017928586
40.4254453062
39.9849598414
37.6687944376
34.98521986
33.1521661599
31.4527467203
29.9707438761
28.7856307694
28.8451717132
27.5716929201
32.0822094274
16.6996023614
16.6813149362
16.9370031614
18.7798550066
19.1838880539
19.4875993362
19.7979457493
20.1348826759
20.5129805577
20.9339412991
21.4195100141
21.8711111313
22.4106245869
23.1959010988
24.2469792106
25.7994112726
28.9080282823
32.0078571739
33.9573095742
36.4520597541
37.2603529407
39.8141550748
43.1906677483
46.0599458222
47.5438160206
51.4724880614
55.7405951807
58.5461463904
62.3004861355
67.3524529475
73.093967875
76.9021099729
81.9764221682
84.067732973
87.2643177889
90.5518922532
92.0348508548
89.7322329514
62.7454609394
94.5261930399
0
0
0
0
0
0
0
0
0
0
0
0
0
0
0
0
0
0
0
0
0
0
0
0
0
0.023513120437
46.931013247
47.8574894902
44.4611403645
41.8486687667
40.1178650036
38.5015628586
34.2113257142
32.0127740433
30.2957760554
29.0585254753
28.4734126739
29.1434960361
26.9922265847
30.7449635142
15.9933250673
15.968554996
16.1317171542
18.1875060531
18.6320969931
18.9673806717
19.2870883228
19.6205282614
19.984567619
20.4029695784
20.9076662974
21.5156833779
22.2689191345
23.0142027528
23.9639600241
25.3466262215
27.1540307173
30.311504687
33.8546246114
35.8490411788
38.0912011319
41.2817274233
44.3960162941
45.4353005699
49.1515217801
53.2897715054
56.0477761145
59.7609771838
64.5785050055
68.4449275508
73.7004275397
78.9621282403
83.3842172388
86.7457387896
90.2785985897
93.0721922771
92.4272049346
86.4007959436
54.2295141407
97.5696513247
0
0
0
0
0
0
0
0
0
0
0
0
0
0
0
0
0
0
0
0
0
0
0
0
0
56.2588918475
49.8427943654
49.4074527601
45.7127627192
43.1238622145
41.0753757799
38.1649467968
33.7803448169
31.3623559292
29.6753252171
28.5432092621
28.5455802004
29.6683995427
27.4768142865
26.2963213311
15.1894431321
15.4686942949
15.4000554354
17.1797503407
18.0433374315
18.4414832581
18.7799081374
19.0998701359
19.4353889038
19.8305959568
20.3235343057
20.9516613724
21.7216788502
22.6790928761
23.9386471426
25.4238758132
26.9557601123
28.9015295195
32.0541728754
35.5324439859
38.3695721375
41.3549987674
43.3619222432
46.1367851456
50.9006289197
54.2225395608
56.3395896381
60.2996715005
64.9902072097
70.8803417179
75.9558437155
79.803934253
84.8072994884
89.323886121
93.1213984789
95.7894827673
93.9704314787
85.534106938
55.1437800559
98.8662190184
0
0
0
0
0
0
0
0
0
0
0
0
0
0
0
0
0
0
0
0
0
0
0
0
0
57.6202178534
54.2963657028
50.8565487819
47.5997415482
45.512739124
41.5542118857
37.5757836255
33.9862931117
31.5985911786
29.9621307954
28.795352879
29.150593331
29.6271089137
27.7010009631
27.4337761452
14.1212766553
14.9835882917
14.4003325511
15.9761859553
17.4224377461
17.7322305409
17.9417229136
18.1163571848
18.342033642
18.6837050212
19.181111811
19.8691297029
20.7795119984
21.9789921908
23.5427930239
25.3935833908
27.3346954243
29.3458535555
31.2871417355
33.4526110807
36.9136982716
40.2722940229
42.9539540541
46.8255510994
51.2172601544
54.2707934732
57.3126509499
62.0353373029
67.3438835442
70.8248745695
76.1285319557
82.6490647246
88.0468617596
91.008936299
96.12639897
98.2656438308
95.5596221858
87.8126015318
64.9102294024
98.8394572475
0
0
0
0
0
0
0
0
0
0
0
0
0
0
0
0
0
0
0
0
0
0
0
0
54.6274042422
50.7443735506
55.2655300563
52.7539845102
50.4315565772
45.8755861395
43.5602670173
38.070431171
35.2163615911
32.8997838408
31.3596065805
30.755754649
32.2772263757
30.1699725423
28.1840679194
28.0839975845
12.5394548884
13.928604652
12.995371652
15.0729909978
15.9346442582
15.6172629491
15.2023936689
14.9889639488
15.0823771553
15.5169625823
16.2959008259
17.4252411612
18.9066916595
20.8092652779
23.237036425
25.7116493067
27.5560005389
29.3368839739
31.2768398292
33.6288627701
36.0804096398
38.6327223623
42.121282529
47.139445256
51.6810869503
55.4354898837
57.4745914514
61.5736679573
66.3943234448
72.6491729883
79.9585941796
85.8868829276
88.4724328141
94.0683613217
99.3508164175
99.9274052404
99.9174911231
93.7620274079
72.7262072267
97.3672010268
0
0
0
0
0
0
0
0
0
0
0
0
0
0
0
0
0
0
0
0
0
0
0
0
75.1176498739
65.7369689103
59.5375234251
56.2758463826
53.0951382175
48.4601299934
43.5657713626
39.9511333719
37.0022819788
34.6220822318
33.1160420748
32.7052509879
33.0149510386
30.5847192941
29.3094018614
31.7222520247
10.9607602223
11.8505083602
11.4043947079
13.6103728989
13.2156263753
12.951980323
12.4605491004
12.491293752
13.0520656118
14.0338141418
15.3741295996
17.0322592298
18.9541709795
21.0972153262
23.3282476655
25.3288797197
27.1110046645
29.0262992511
31.4523643988
34.4333984523
36.9045747322
39.5155807537
42.6887547885
46.6493782967
50.4574251488
53.2162911897
56.3902382541
62.1697433546
68.3779105952
76.1765127613
82.9367104705
85.8232395914
91.2500566884
98.0424699362
99.9209633067
99.9556838813
99.9301798747
96.6530346133
77.2870127517
92.9907153241
0
0
0
0
0
0
0
0
0
0
0
0
0
0
0
0
0
0
0
0
0
0
0
0.00476380493971
61.0620500253
67.1681156515
63.2262943764
58.8920465126
52.9449593862
50.334915228
44.7634150195
41.3756773903
38.4667725551
35.9301763024
34.1852434742
33.8475290979
32.6630489795
30.9285866127
29.2912058706
33.2161690853
10.4453359565
9.92489685901
10.2307889825
13.8099936706
12.8592365706
11.3958690082
10.7854155736
11.3018203241
12.4323162242
13.9428448717
15.7309229297
17.7583559435
19.9060351746
22.1439273261
24.3988836881
26.1654629103
27.9402109535
30.0141599268
32.399205755
34.7860541732
37.2302037544
40.1109678791
43.3640195675
46.9348179612
49.8393512381
52.6160537425
56.8061580337
62.8975412716
70.4870063952
77.9408402153
83.5385077187
87.6955524672
94.8983208712
99.9106887181
99.9462512846
99.9422149048
99.9184548
99.8043371588
80.1529852055
83.947506572
0
0
0
0
0
0
0
0
0
0
0
0
0
0
0
0
0
0
0
0
0
0
0
79.1460927256
68.0510550426
67.0672742298
65.9011230543
62.0037414866
55.324590447
49.3562357987
45.4769290728
42.0602832081
39.2896874974
37.1722590167
35.4558700062
34.1983087294
31.887854637
30.0197833109
28.4609981806
32.9914147547
11.571206854
9.43458011769
9.58733808482
13.9489907665
12.6300469369
9.41161183921
9.73806735101
11.1134203696
12.9776852565
15.1307466176
17.5060520587
19.7802676356
21.452576616
23.1598852096
24.8925242829
26.6616700225
28.6120692674
30.7913812812
33.1191605512
35.4670100229
37.9056280701
40.6001149174
43.7486584461
47.1653508453
50.691864038
53.7027041983
58.5651860435
64.4558495639
70.9644922877
78.2893452492
84.9012530277
91.0560045973
97.5579034136
99.9453625824
99.9563027307
99.9575990834
99.9570917747
99.7957335246
87.3814849923
72.5381937346
0
0
0
0
0
0
0
0
0
0
0
0
0
0
0
0
0
0
0
0
0
0
0
87.1704549302
79.4429442426
72.9538778753
67.6105966196
63.662015288
57.896299799
51.2138678537
46.1226055446
42.3378676848
39.9199477168
38.0461937238
34.2784498798
32.0045706187
30.096372792
28.7793959108
27.8457111492
31.8032548658
11.9913519495
9.24687400924
8.65831388156
9.07574067463
8.24015174583
8.75257185504
10.5285855016
12.9309592724
15.7386163463
17.3655186378
18.819714933
20.2993661547
21.8582566677
23.5719088215
25.4140539495
27.4065601655
29.5702727574
31.8582433613
34.1664940515
36.4439572938
38.8585183694
41.6281065632
44.8032233732
47.9065029684
50.9768596658
54.6243698242
59.5920724034
65.7407026446
72.8741629711
79.9939051795
85.3941465731
91.8768322106
99.8924027313
99.9794412435
99.9814596376
99.9794072448
99.9622822649
99.7459133068
85.1169828748
61.5418742492
0
0
0
0
0
0
0
0
0
0
0
0
0
0
0
0
0
0
0
0
0
0
0.0237237585087
71.3659606295
81.1063087774
76.9940073679
69.7336967486
63.7382597144
58.9430382308
53.2285403344
47.3664052553
42.6243240864
39.3084473012
37.1141858486
34.8919689115
32.8293051347
29.7425026197
26.9497262834
27.8513892845
29.7128545085
9.80651888355
8.54040056305
7.57010136129
7.53531118363
8.89236877825
11.4990098499
14.0685912091
15.3015920493
16.5295229751
17.8120106429
19.2353335257
20.7888610287
22.4947227946
24.3740340361
26.4459533397
28.6975381558
31.0317642521
33.2845709839
35.2234341714
37.2885530047
39.5892016024
42.1645643782
44.9740332028
48.0073460088
51.3480911525
55.3793148993
60.6020629443
67.0686181597
74.0970344003
80.4065284835
86.8521110969
95.2559200259
99.9543494515
99.9814338195
99.9913134719
99.9949542721
99.9840025177
99.6456370562
86.4112880043
63.2071915588
0
0
0
0
0
0
0
0
0
0
0
0
0
0
0
0
0
0
0
0
0
0
99.4608689751
91.9813036466
89.5755053984
81.514779974
74.5747057899
67.6110745644
60.7576905715
54.3774829641
48.2475704835
42.3928269887
38.0696432158
35.451154759
32.8102578264
30.9302027758
29.2604489233
24.3726821112
26.938082827
27.1899215741
7.61022745402
8.18475982045
6.90557717927
6.98759649139
11.2010296359
13.6595750886
14.6987969691
15.8211598142
17.0843211341
18.4841446779
20.0215006703
21.7031534535
23.547054435
25.5928072566
27.8717807195
29.9680592103
31.6166576505
33.3978176926
35.3592991946
37.492816276
39.8090258662
42.3165476539
45.0446673806
48.116283368
51.6503936373
55.8660961408
61.176653069
67.8050437159
74.6225724332
81.1742610845
88.3497824139
96.7655344047
99.9273011205
99.9898688781
99.9973030784
99.9944569947
99.9902635596
99.9270265409
97.6851608555
68.776282952
0
0
0
0
0
0
0
0
0
0
0
0
0
0
0
0
0
0
0
0
0
0
99.9867950297
99.9744512822
99.3202962442
89.9954354794
80.1676446592
72.0401090577
63.5461134577
55.6273713407
48.9196518087
42.8814763119
37.2279709034
34.1552188272
30.8381680452
28.2976209279
26.9714009793
22.5556571796
23.837851259
26.5194428435
6.48562055648
8.84413912041
6.44235365124
6.62568159005
13.0962799917
14.4230744809
15.5230469347
16.7932010092
18.1632063487
19.6387797285
21.22517101
22.9248841501
24.7472216442
26.7441577092
28.5712608953
29.9977344875
31.5767896653
33.4815170743
35.5876333057
37.7908300335
40.0588343625
42.4443998279
45.0443018253
48.1246224046
51.7971501235
56.0574091366
61.4064610146
68.1489703426
75.1491442091
82.0318000713
89.6485133663
98.4701031028
99.8243159432
99.8447077229
99.8330695675
99.8805597814
99.9948093136
99.9231000543
96.5340213086
79.0453808365
0
0
0
0
0
0
0
0
0
0
0
0
0
0
0
0
0
0
0
0
0
0.00550247966234
99.9050190478
99.9954325718
99.9226369709
95.098894702
85.8471320494
76.2475655991
66.9311819956
57.8579858736
49.9000590084
43.4025105434
36.3397702779
31.8172561816
29.6996946241
26.2134151106
22.8438060403
19.0557298553
22.544600795
29.8157132578
3.73849089032
4.53518506395
5.7283189221
8.46587281178
14.6056233785
15.9476024688
17.2339929981
18.6278240933
20.1030424716
21.5979562774
23.0886013534
24.564034364
26.0993910876
27.4195395045
28.7252077498
30.0197630779
31.611396298
33.6396297788
35.8743552549
38.0571201169
40.2764768545
42.4863059865
44.7731056689
47.7060108747
51.5141407743
55.767525525
60.658494986
67.5556330705
76.1931208197
82.9073271183
90.8867707837
99.2195706575
99.6431447578
99.5209478211
99.2770472807
98.9074830947
98.3301933044
95.4761199642
98.0901134894
90.4249310052
0
0
0
0
0
0
0
0
0
0
0
0
0
0
0
0
0
0
0
0
0
99.9996013277
99.9996013277
99.9995546522
99.9976815294
98.8325981278
90.1997384172
80.5364576856
69.2787837873
58.0704223021
50.1307259485
42.2874522444
35.0615266971
30.0089162214
27.157358571
25.4040274112
23.9060263145
22.7759922187
25.9274510886
25.0035740249
2.62532666629
3.57227899523
7.06144976314
6.89516742751
15.6517977043
17.8515691894
19.6493190954
21.0619120272
22.4769345206
23.3553537071
24.3907687117
25.5771159545
26.8426742103
28.1558199208
29.3990820009
30.4201865474
32.064270968
34.1332621613
35.9742975168
37.9786537112
40.0628573217
41.1959882541
41.967751117
45.6472552746
50.8764948441
55.4306788388
59.9493362763
66.155851342
74.6487662363
83.7797726135
91.7461278868
99.2065245074
99.4891150057
99.2236690547
98.7372152918
97.9245426915
96.5077324476
89.9810310568
3.06080567289
93.4834106405
0
0
0
0
0
0
0
0
0
0
0
0
0
0
0
0
0
0
0
0
8.9086043173e-05
99.9960641861
99.9996013277
99.9996411949
99.9995528481
99.9859985584
93.9168338202
82.6718730584
71.1493592466
59.0728733218
47.7684465523
41.2362313251
36.2229743289
31.4701796782
28.2432570113
26.7576425197
25.2364663557
23.2454133081
22.6594598311
16.236351424
1.62379403483
7.20047108701
7.13963273805
6.39367445079
7.04871801997
9.71168095711
14.7504366852
16.6648662633
18.3454744582
20.3292978042
22.5768328155
24.8433403624
26.5906334003
27.4597638292
27.2037287368
26.3705581206
27.600553835
30.804482379
33.5687259613
35.8559391261
38.1502907439
39.9059392764
41.6602244817
45.1011241017
50.5623413302
55.6176258135
60.0704710082
66.1091002505
74.8392868863
84.045769478
91.410620604
99.051204182
99.3952780648
99.0239989964
98.3437823066
96.8659590165
95.1769204071
24.1815561586
83.252223797
92.0242780057
0
0
0
0
0
0
0
0
0
0
0
0
0
0
0
0
0
0
0
0
0.000148203300797
99.9996411949
99.4871235831
99.9996770754
99.9996704219
99.9975960616
96.8237218833
85.028982247
74.2421016809
58.7634743215
42.2776996537
35.4739578693
32.6427236438
29.133247337
25.6190346406
23.2573409416
21.7203453239
20.6173602944
20.5634746298
11.9667549036
)
;

boundaryField
{
    frontAndBack
    {
        type            empty;
    }
    upperWall
    {
        type            calculated;
        value           uniform 0;
    }
    lowerWall
    {
        type            calculated;
        value           uniform 0;
    }
    inlet
    {
        type            calculated;
        value           uniform 0.0529677078102;
    }
    outlet
    {
        type            calculated;
        value           nonuniform List<scalar> 
20
(
0.00030502754969
0
0
0
0
0
0
0
0
0
0
0
0
0
0
0
0
0
2.61568927458e-05
0.00059289103368
)
;
    }
}


// ************************************************************************* //
