/*--------------------------------*- C++ -*----------------------------------*\
| =========                 |                                                 |
| \\      /  F ield         | OpenFOAM: The Open Source CFD Toolbox           |
|  \\    /   O peration     | Version:  v1806                                 |
|   \\  /    A nd           | Web:      www.OpenFOAM.com                      |
|    \\/     M anipulation  |                                                 |
\*---------------------------------------------------------------------------*/
FoamFile
{
    version     2.0;
    format      ascii;
    class       volScalarField;
    location    "191";
    object      p;
}
// * * * * * * * * * * * * * * * * * * * * * * * * * * * * * * * * * * * * * //

dimensions      [0 2 -2 0 0 0 0];


internalField   nonuniform List<scalar> 
6400
(
0.151071361692
0.151073439591
0.151079285079
0.151090358141
0.151106003959
0.151125929805
0.151150269679
0.151180184744
0.151215554047
0.151256158766
0.151307299217
0.1513716713
0.151445581538
0.151529211941
0.151624548647
0.151733722517
0.151857113597
0.151993897568
0.1521428572
0.152299540929
0.152457368587
0.15261576355
0.152779856586
0.152955995707
0.153148870809
0.15335835069
0.1535808249
0.153813934462
0.154057837976
0.154313709414
0.154582614471
0.154863315339
0.15514987527
0.155436583053
0.15572197992
0.15600196395
0.156275051095
0.1565504615
0.156827642357
0.157094105842
0.157351459174
0.157617226687
0.157900995626
0.158194429415
0.15848931648
0.158781210532
0.159066685421
0.159344377296
0.159613325341
0.15987294386
0.160123740799
0.160361309639
0.160580460785
0.160772879705
0.160940008526
0.161093269364
0.161229626435
0.161337664902
0.161415235684
0.161469945588
0.161505807233
0.161523865665
0.161527938635
0.161516188777
0.161480371138
0.161402878624
0.16127903088
0.161130303804
0.160981978076
0.160843217241
0.160712786785
0.160585593958
0.160458268547
0.160337833553
0.160223995821
0.160120888841
0.160031700728
0.159971539691
0.159931997373
0.159915233762
0.151068187671
0.151070343694
0.151075467145
0.151086302224
0.151103457586
0.151124916894
0.151149817024
0.151178191609
0.151211767627
0.151252478154
0.151303310061
0.151366314541
0.151440498771
0.151525274005
0.151621093327
0.151728962566
0.151851725935
0.151989335129
0.152140256281
0.152298630029
0.15245476174
0.152610713896
0.152773732469
0.152949092122
0.153142139576
0.153352611628
0.15357515538
0.153808766313
0.154053805623
0.154310625347
0.154579285435
0.154860248914
0.155148279186
0.155435084978
0.155721056879
0.156001440361
0.1562738757
0.156549736518
0.156827847714
0.157093296142
0.157345109355
0.157608648609
0.157898783513
0.15819628437
0.158492741646
0.158786260554
0.159072968559
0.159352140556
0.159621893521
0.159879330671
0.16012538386
0.160363356038
0.160592773477
0.16078757743
0.160955836624
0.161114156002
0.16124742694
0.161350390925
0.161427566653
0.161482254085
0.16151703042
0.161536520033
0.161541221284
0.161529909251
0.161495079161
0.16141906216
0.161293523479
0.161141781598
0.16099027643
0.160847982511
0.160714059273
0.160582956241
0.160450492681
0.160323597388
0.160207234205
0.16010392421
0.16001878502
0.159958452181
0.159919030886
0.159905596312
0.151059510245
0.151063195074
0.151067565251
0.151077458107
0.151094138503
0.151118600822
0.151146383591
0.151174001304
0.151205534159
0.151245131141
0.151295304584
0.151357625362
0.151431937444
0.151517440255
0.151613545626
0.151718013885
0.151838938254
0.151984075298
0.152139271073
0.152296726516
0.152448391078
0.152597415891
0.152758162279
0.15293635476
0.153129945377
0.15333941738
0.153563341129
0.15379914561
0.154045954746
0.154304316092
0.154573829947
0.154855739371
0.15514697336
0.155432945901
0.155716855381
0.156000983992
0.15627251915
0.156545154737
0.156823743824
0.157091371705
0.157350761052
0.157618883763
0.15790401622
0.158198313757
0.158494276582
0.158788012098
0.159076473322
0.159357768434
0.159630055064
0.159891703878
0.160142314529
0.160380941387
0.16060288566
0.160801504903
0.160981988415
0.161141844324
0.161272039551
0.161374269614
0.161451564711
0.161506552655
0.161542523339
0.161562949529
0.161567772106
0.161559546734
0.161526695505
0.161449216027
0.161324565419
0.161170645775
0.161010798133
0.160858800911
0.160714930591
0.160573754026
0.160434913503
0.160303809224
0.160182999493
0.160077565543
0.159993666782
0.159933170258
0.159894764909
0.159880558021
0.151047906493
0.151051523179
0.151054690472
0.151063744585
0.151078402844
0.151102747313
0.151139742252
0.151167226498
0.151196248565
0.151233861596
0.15128306396
0.151345021139
0.151419679409
0.151504776161
0.151601514572
0.151713240462
0.151840955053
0.15198395842
0.15213174203
0.152276291125
0.152421733849
0.152574094634
0.15273704249
0.15291496224
0.153109478005
0.153320583971
0.153546774689
0.153785105121
0.154034590687
0.154294836042
0.154567138877
0.154850856686
0.155143512304
0.155435946013
0.155715864855
0.155993880348
0.156271086684
0.156541432999
0.156811327832
0.157080552607
0.157348712654
0.157623080069
0.157908766816
0.158202475148
0.158498869995
0.15879393888
0.159084579927
0.159368533925
0.159643902032
0.159909074721
0.160162819925
0.160403364488
0.160627534891
0.160832145498
0.161016713302
0.161176957193
0.16130833988
0.161411706173
0.161489979544
0.161546130887
0.161583254797
0.161603922885
0.161610502207
0.161607264098
0.161578999135
0.161505277698
0.161377830299
0.161215031704
0.161041313997
0.160874000484
0.160717275092
0.160567071809
0.160420537632
0.160276560791
0.160142834197
0.160033712245
0.15995151963
0.159885640414
0.159839664095
0.159820585082
0.151030018007
0.151030149031
0.151034101202
0.151043390409
0.151059700647
0.151082510617
0.151115528931
0.151146760964
0.151178262714
0.151216821447
0.15126546513
0.151327366933
0.151403055143
0.151494739757
0.151600789628
0.151714867122
0.151837632926
0.1519681177
0.152103659954
0.152244677149
0.152391548308
0.152544568705
0.152708289125
0.152887389981
0.15308328785
0.153296494252
0.153524910602
0.153766557744
0.154019204975
0.15428330463
0.15455800007
0.154847056391
0.155146734202
0.155434040659
0.155713252674
0.155987923694
0.156256860767
0.156526315749
0.156797741357
0.157070644998
0.157345270007
0.157625166898
0.15791325922
0.158208108976
0.158506003015
0.158803246451
0.159096705021
0.159383932421
0.159662974877
0.159932183472
0.1601899823
0.160434396928
0.160662867088
0.16087276734
0.161061412285
0.161224291194
0.161358196101
0.161464112673
0.161544995623
0.161603850167
0.161643530537
0.161666655568
0.16167647774
0.161678442569
0.161651661551
0.161581320563
0.161454357517
0.16128215188
0.1610893949
0.160900539093
0.160726411997
0.160561235538
0.160393504616
0.160225407157
0.160078468049
0.15996338183
0.159871210838
0.1597869732
0.159733204886
0.159713682193
0.150996122245
0.150995435337
0.151003104879
0.151012444637
0.151030358764
0.15105528887
0.151085183752
0.151117407935
0.151152328266
0.151192855627
0.15124035732
0.151303479739
0.15138905465
0.15148967803
0.151596132173
0.151705302088
0.151818609553
0.151939867667
0.152071512311
0.152211297276
0.152355524069
0.152507705138
0.152672610954
0.15285365623
0.153051657265
0.153266228982
0.153498391762
0.153743263562
0.154000801774
0.154268790278
0.154549929309
0.154842451336
0.155140873126
0.155435327253
0.155707329925
0.155971153193
0.156237377311
0.156508138341
0.156782644675
0.157059992714
0.157340350034
0.157625631896
0.157917437347
0.158214966292
0.158515520715
0.15881582519
0.159112811766
0.159403972405
0.159687363571
0.159961356603
0.160224290132
0.160474160678
0.160708499468
0.160924334062
0.161117926114
0.161285007615
0.161423360809
0.16153412451
0.161619973774
0.161683690688
0.16172795904
0.161756430852
0.161773778617
0.161777378614
0.161754961074
0.161685133062
0.161555850008
0.161373658001
0.161158922636
0.160943064602
0.16074316043
0.160546814083
0.160341596202
0.160146830422
0.15998398346
0.15985392843
0.159738388209
0.159636480162
0.159576032853
0.159549978524
0.150943976319
0.150947576935
0.150961644041
0.150975951836
0.150990719402
0.151015500774
0.151047579028
0.15108082934
0.151118487206
0.151161299718
0.151212883101
0.151279343293
0.151373402533
0.151474797791
0.151577696017
0.151678887441
0.15178554423
0.151905528131
0.152037027064
0.152171432213
0.152312295524
0.152464867531
0.152630844781
0.152812900557
0.153013017472
0.153233086392
0.153466052086
0.153715917352
0.153978667928
0.154255959051
0.154542982631
0.154835751283
0.155135768361
0.155421411272
0.155688825192
0.155948516
0.1562146421
0.156487884732
0.156766194752
0.15704823249
0.157334105754
0.157624909957
0.157921403399
0.158222907474
0.158527273033
0.158831576899
0.159132877703
0.159428728645
0.159717285364
0.15999701028
0.160266254368
0.160522959529
0.160764454991
0.160987291451
0.161187347549
0.161360863967
0.161506337169
0.161624823454
0.161718323481
0.161788801991
0.16183922021
0.161875301109
0.161900428583
0.161906747842
0.161900109475
0.161834587915
0.161696802471
0.16149815039
0.161257172463
0.161005624327
0.160760973242
0.160512068154
0.160260806462
0.160036594954
0.159849907751
0.159691998109
0.159546125759
0.159430394894
0.159364538018
0.159332301926
0.150883016204
0.150890535686
0.150907459945
0.150929520285
0.150945964066
0.150970759553
0.151001990002
0.151036922871
0.151078234098
0.151119162069
0.151177978335
0.151256938589
0.151349757491
0.151449226666
0.15154523954
0.151638949935
0.151745415306
0.151867936225
0.151994557189
0.152123889875
0.152262430683
0.152415241937
0.15258257771
0.152767500791
0.15297119418
0.153194327133
0.153433209991
0.153681823592
0.153955205987
0.154245865824
0.154532963246
0.154821156487
0.155119425358
0.155397683448
0.155658437799
0.155920671437
0.15618950534
0.156465779622
0.156748090647
0.157035052626
0.157326555388
0.157623215955
0.157925262686
0.158231895217
0.158541191565
0.158850474225
0.159156970617
0.159458392588
0.159753063803
0.160039572428
0.16031630881
0.160581123439
0.160831077004
0.161062391919
0.161270994485
0.161453770036
0.161609630515
0.161738983213
0.161842200998
0.161919808995
0.161975996632
0.162018856836
0.162051135565
0.162071044935
0.162079257118
0.162040334603
0.161898242414
0.161673248762
0.161392296553
0.161084903043
0.160770974182
0.160451467533
0.160148184446
0.159885836746
0.159664293628
0.159468391987
0.159297638192
0.159170143586
0.159101701709
0.159070003299
0.150816649858
0.150826812416
0.150844321247
0.150862286014
0.150884456741
0.150916778191
0.15094729419
0.150983259049
0.151030670287
0.151076286521
0.151132484655
0.151220208984
0.151315950868
0.151410615838
0.151500717635
0.151594235557
0.151700574565
0.151820960741
0.151943184737
0.152069970991
0.152206938134
0.152358602295
0.152525592145
0.152712078643
0.152926067452
0.15315043669
0.153395659283
0.153655124669
0.153930068322
0.154220342275
0.154514891227
0.154811828954
0.155090633079
0.155359441637
0.155622716142
0.155889018094
0.156161631937
0.156441483846
0.156728013014
0.157020167537
0.157317647406
0.157620666611
0.157929086286
0.158241924915
0.158557271348
0.158872576362
0.159185268364
0.159493284963
0.159795139304
0.160089543921
0.160374929054
0.160649073852
0.160908851144
0.161150411858
0.161370077128
0.161565354681
0.161735075072
0.161877860501
0.161990971468
0.16207372671
0.162135380662
0.162189938899
0.162239513791
0.162277855956
0.16229574637
0.1622857396
0.162178294416
0.161917840346
0.161576453285
0.161185353143
0.160771084058
0.160361966957
0.159994489695
0.159681828061
0.159414999938
0.159181074031
0.158991292721
0.158856523012
0.15878494445
0.158756461671
0.150744061289
0.150756387759
0.150776880674
0.150794659751
0.150817985938
0.15085128878
0.150882705645
0.150918758702
0.150964590969
0.151024661584
0.151085762946
0.151173498092
0.151270182549
0.151360325301
0.151444771652
0.151541252623
0.151652049517
0.151767039431
0.151884010284
0.152008899897
0.152146012535
0.152297595905
0.152464663883
0.152649508563
0.152871318705
0.153106029555
0.153345206078
0.153616143935
0.153897138877
0.154193631252
0.154490329276
0.154782515241
0.155057209858
0.155317990445
0.1555828835
0.155853676764
0.156130689319
0.156414688074
0.156705733092
0.157003326575
0.157307203268
0.15761723086
0.157932896726
0.158252999359
0.158575552263
0.158898047668
0.159218092325
0.159533880044
0.159844107402
0.160147558446
0.160442697404
0.160727287047
0.160998208062
0.161251898857
0.161485318552
0.161696476142
0.161883128249
0.162039719403
0.162158375292
0.162242887954
0.162316466615
0.162396809763
0.162476788955
0.162541741877
0.1625753782
0.162565194096
0.162484245874
0.162263668062
0.161830841678
0.16131097831
0.160758035033
0.160233434702
0.159781132456
0.159404707917
0.15908819452
0.158821668256
0.158613096411
0.158470095189
0.15839040008
0.158359389252
0.150662225706
0.150674373846
0.150696316729
0.150719000416
0.150749299923
0.150776856305
0.150808173951
0.150846057661
0.150884828497
0.150951437361
0.151024997337
0.151113337097
0.151210344099
0.151299515908
0.151382879214
0.151479567869
0.151592299114
0.151703884746
0.151817089778
0.151939229523
0.152076443646
0.152229901156
0.152402126035
0.152587056264
0.152801932874
0.153054618013
0.153303982063
0.153574058762
0.153856296694
0.154143014929
0.154450629821
0.154743332403
0.155011630398
0.15527129638
0.155539237789
0.155814539945
0.156096342458
0.156385094315
0.156681094732
0.156984367626
0.157295021354
0.157612754852
0.1579366199
0.158265109118
0.1585961056
0.158927114568
0.159255902126
0.15958086467
0.159900795088
0.160214474442
0.160520343995
0.16081624575
0.161099369048
0.161366858232
0.161616651863
0.161846683233
0.16205111407
0.162215051823
0.162331333606
0.162422699731
0.1625282275
0.16265682427
0.162782977774
0.162888779302
0.162946083798
0.162925884896
0.162817438322
0.162618537711
0.162183711325
0.161485714106
0.160727999871
0.160040444872
0.159474433506
0.159025193158
0.158665744029
0.158370178968
0.158133269218
0.1579731692
0.157883795707
0.157848537118
0.150569074015
0.150578619698
0.150594789795
0.150624296911
0.150664498467
0.150690806488
0.150722332339
0.150764652115
0.150801999051
0.150864916813
0.15094802921
0.151039025174
0.151135309922
0.151225063943
0.151314276159
0.151412952875
0.151523776278
0.151631881532
0.151742700626
0.151862260004
0.15199652394
0.152147792548
0.152330119443
0.152528886378
0.152737728875
0.152990858561
0.153250091195
0.153514946057
0.153812633828
0.154106557603
0.154402297428
0.154684030354
0.154950392182
0.155217834727
0.155490858188
0.155771022886
0.156058076614
0.156352250526
0.156653875414
0.156963177485
0.15728086294
0.157606961013
0.157940092495
0.158278201792
0.158619004769
0.158960070024
0.15929929662
0.159635154295
0.159966355783
0.160291485578
0.160608864909
0.160916443415
0.161212169941
0.161494604893
0.1617627538
0.162012287988
0.162227279719
0.162385437544
0.16250059077
0.162620989488
0.162796716466
0.163002664149
0.163188491013
0.163358728085
0.163460979941
0.163440931967
0.16328261062
0.163014650683
0.162548806395
0.161704913976
0.160667359478
0.159734324044
0.15901416241
0.158497056649
0.158120934388
0.157802428499
0.157511823934
0.157328612687
0.157250087001
0.157229087724
0.150464262836
0.150471160054
0.150478795188
0.150512416168
0.150552528211
0.150585149855
0.150619879909
0.150667203178
0.150710554474
0.150771785579
0.150858926102
0.150951337266
0.151046034794
0.151132931424
0.151229740853
0.151337382578
0.151445646824
0.151550739975
0.151660175808
0.151778685681
0.151909760313
0.152055068524
0.152235970024
0.152459129625
0.152675487758
0.152913738125
0.15318899412
0.1534613662
0.15374732768
0.1540470489
0.154342676937
0.154619006314
0.154884135269
0.155157362581
0.155436596727
0.155722487049
0.156015244817
0.15631524751
0.156623345348
0.156939617332
0.157264775403
0.15759962102
0.157942951817
0.158292076138
0.158644277666
0.158997224813
0.159348987821
0.159697930929
0.160042344326
0.160380306084
0.160709654825
0.161028495525
0.161336156525
0.16163330854
0.161919708137
0.162181838796
0.162389379924
0.162529977857
0.162661679897
0.162859770994
0.163173145217
0.163485768833
0.163722987825
0.164012167324
0.164212366314
0.164197150205
0.163962748764
0.16356019296
0.162972313864
0.161926143774
0.160510091735
0.159217730325
0.15829485961
0.157749691511
0.157437457394
0.157116530541
0.156698277007
0.15649113876
0.156476724786
0.156512761152
0.150348753215
0.150356792038
0.150369600863
0.150392295349
0.150427107937
0.150463757234
0.150502611738
0.150552217234
0.150605948173
0.150668023001
0.150757754018
0.15085113581
0.150945204848
0.151030522187
0.151127472049
0.151243363875
0.151353583969
0.151458915095
0.151568276826
0.151686835237
0.151816758525
0.15195775984
0.152133769004
0.152368401137
0.152601348045
0.152837091957
0.153118097535
0.153399297676
0.153679622923
0.153977845928
0.154261448362
0.154533817804
0.154808773694
0.155089530499
0.155375554982
0.155667904624
0.15596746934
0.156273987919
0.156588604415
0.156912590423
0.157246398771
0.15759073214
0.157944982509
0.15830637635
0.158671753896
0.159038803273
0.159405762377
0.159770628253
0.160130829563
0.160483314028
0.160824889665
0.16115356104
0.161470596317
0.16177971628
0.162080439594
0.162332056445
0.162500480352
0.162615589744
0.162825326326
0.163204474326
0.163767048671
0.164212972875
0.164394554077
0.164921504178
0.165256196302
0.165211835415
0.164863033153
0.164252644339
0.163365536136
0.162056582793
0.160108872624
0.15829784386
0.15716489244
0.156715275775
0.156681037097
0.156404089866
0.155588361108
0.155361696296
0.155538006107
0.155721309087
0.150219204473
0.150228171955
0.150250266534
0.150263265556
0.150291571396
0.150329344438
0.150371517852
0.150425003583
0.150491584624
0.150553666346
0.150644328365
0.150738747386
0.150833288657
0.150920194232
0.151017948178
0.151136847335
0.151249180354
0.151356425314
0.151466920891
0.151585813633
0.151715724472
0.151856140136
0.152024413019
0.152254364948
0.152514283958
0.152759229798
0.153026665468
0.153328885409
0.153619380636
0.153894323416
0.154168530701
0.154443558839
0.154725274692
0.15501338506
0.155307054649
0.155606803139
0.155913337742
0.156227452086
0.156549682017
0.156881511326
0.157224683977
0.157579723569
0.157945948698
0.158320769825
0.158701056117
0.159084733088
0.159470185133
0.159854871491
0.16023461447
0.160603960606
0.160957844859
0.161294164274
0.161615366103
0.161929428092
0.162236218806
0.162418764367
0.162499825885
0.162619720945
0.163179287295
0.163820350393
0.164892389114
0.165211937298
0.164378465741
0.164563425267
0.16501772583
0.165164310248
0.165047096346
0.164734777105
0.164036395669
0.162079079391
0.159103594698
0.156791598589
0.154869401009
0.154867724745
0.155894785323
0.155874457793
0.153947219664
0.153733890086
0.154432006276
0.154970619694
0.150072849483
0.150080819252
0.150100449039
0.150115489586
0.150141037791
0.150180380679
0.150224082919
0.150276744519
0.150355759068
0.150426438961
0.150517219345
0.150613338982
0.15070968696
0.150800761465
0.150901043694
0.151020630534
0.15113430843
0.151244140106
0.151356484302
0.151476148803
0.151605979227
0.151747218734
0.151911269112
0.152133220196
0.152408972748
0.152671154149
0.152929791977
0.153224605358
0.153526836132
0.153805284948
0.15407292081
0.154347734805
0.154634428725
0.154929907509
0.155231323736
0.155538430884
0.155852629274
0.156174513047
0.156505268465
0.156845985346
0.157198984938
0.157565669984
0.157945234991
0.158334774601
0.158731339067
0.159134205801
0.159542818162
0.159953336111
0.160357450742
0.160746188181
0.161113819305
0.161455695276
0.161771352032
0.162074812495
0.162362207649
0.162345287621
0.162456582595
0.163017830527
0.164172711655
0.164111786282
0.164367165387
0.164808863665
0.164787672855
0.164627336352
0.16474497488
0.16470256539
0.164392380388
0.16376874604
0.16254357292
0.160407139834
0.15813304562
0.156312182581
0.15551920976
0.156060675422
0.158025245633
0.158420376307
0.149899499644
0.150324218825
0.153141737693
0.154638501388
0.149912046326
0.149918954377
0.14993875751
0.149953606414
0.149978834522
0.150018477417
0.150063174625
0.150112169398
0.15019196014
0.150277190928
0.150373120272
0.150472477176
0.150572128827
0.150671115462
0.150774323489
0.150894237669
0.151009197492
0.151122328986
0.151237055226
0.15135803578
0.151488110885
0.151629290064
0.151790597129
0.152003601653
0.152278521624
0.152569848194
0.152837304305
0.153118200259
0.153413728396
0.153690645272
0.153958529137
0.154240279526
0.154534170287
0.154837259304
0.155146945918
0.155462507541
0.155784622173
0.156114925489
0.156454501238
0.156805048927
0.157168643607
0.15754730506
0.157941405054
0.158347767503
0.158762565465
0.159187011491
0.159623473483
0.160066676369
0.160502132609
0.160916207852
0.161302838319
0.161650815211
0.161940821411
0.162169179909
0.162329825879
0.162263256522
0.162394998794
0.16293230483
0.163653195753
0.164218765841
0.164287488236
0.164431032155
0.164368336167
0.164158152109
0.164017082352
0.16377660074
0.163304475819
0.162547581378
0.161374570796
0.15969136449
0.157837692074
0.156259230546
0.155328890124
0.15507763588
0.155064988356
0.152652547125
0.151411029945
0.153178628407
0.153914701317
0.155264553818
0.149738954358
0.149744300839
0.149759710381
0.149776206486
0.149805683696
0.149845244376
0.149892323608
0.149939676671
0.150017816943
0.150111656789
0.150212131919
0.150314169236
0.150415539875
0.150525149858
0.150634855743
0.150754885746
0.150871715921
0.150989820284
0.151107816048
0.151230776147
0.151361657002
0.151502435311
0.151661523699
0.151867565679
0.152138416334
0.152447731306
0.152734720228
0.15301026972
0.153291816674
0.153562624753
0.153833486797
0.154121123076
0.154422109388
0.154732492562
0.15505082124
0.15537650973
0.155708446688
0.156047417007
0.156396745378
0.156757471621
0.157132321765
0.157524507505
0.157934593914
0.15835916735
0.158791787216
0.159239428469
0.159716914912
0.160213698246
0.160689434474
0.161135166038
0.161552853607
0.161920326737
0.162176418993
0.162280356267
0.162223833915
0.162099276576
0.162131880528
0.162818142122
0.163358365201
0.163702145331
0.163765755403
0.163759789228
0.163629498902
0.163365511335
0.163034000134
0.162582549185
0.161923126011
0.160999543892
0.159769074788
0.158216393838
0.156469546212
0.154814004753
0.15351330905
0.152574373572
0.151755443982
0.150548595425
0.150182919761
0.150942411154
0.152876887007
0.1594192435
0.149555996047
0.149560105266
0.149570361898
0.149588979333
0.149622214867
0.149661131299
0.149709735758
0.149760004369
0.149833892398
0.149931992455
0.150035241093
0.150138893891
0.150239790793
0.150354195113
0.150476203879
0.150599001265
0.150718297836
0.150842165598
0.150966175732
0.151092671305
0.151225698071
0.151365825627
0.151523097355
0.151723255002
0.151984761471
0.152290965634
0.152600248527
0.152885906948
0.153163256351
0.153430924181
0.153699310732
0.153991028557
0.154299059285
0.154613732878
0.154942358972
0.155279325735
0.155620250719
0.155969533043
0.156329961665
0.156703124547
0.15709033596
0.157495326362
0.157921020158
0.158368834485
0.158838816003
0.159335263988
0.159862170697
0.16039793754
0.160918097375
0.161432794598
0.161931994031
0.162405864848
0.162681066066
0.162659287917
0.162855629426
0.16211128281
0.16178490769
0.162475765137
0.162925984656
0.163083539709
0.163055365603
0.162907477486
0.162634805353
0.162228776124
0.161704724935
0.161040704422
0.160185025385
0.159096046619
0.157752997714
0.15617649049
0.154426442364
0.152613411876
0.150903783801
0.149354111608
0.147879946003
0.146336939948
0.145034259564
0.144640609476
0.146220247979
0.135818612408
0.149363719346
0.149367405326
0.149375961703
0.149397906108
0.149430806381
0.149467169649
0.149512868783
0.149568333396
0.149637773529
0.149737489355
0.149842748056
0.149947988165
0.150049736267
0.150164005055
0.150296193251
0.150425243102
0.15054879632
0.150677269086
0.150807999516
0.15094057211
0.151078549157
0.151218814473
0.151374372741
0.151570327177
0.151822831998
0.152122226401
0.152440149285
0.152739363364
0.153010041726
0.153274658978
0.153550653371
0.153843354173
0.15415624333
0.154480403528
0.154819977136
0.155167335603
0.155518367617
0.155879051909
0.156251672116
0.156638203635
0.157040046485
0.15746088167
0.157909669977
0.15839819785
0.158923824093
0.159465388391
0.16002449547
0.160602800505
0.161210737375
0.161866948587
0.162559130657
0.163374874697
0.163862382483
0.163101821824
0.162498498308
0.162484151375
0.162167225551
0.162270741915
0.162372329112
0.162312563256
0.162114729148
0.1617956725
0.161351481535
0.160773428613
0.160057369135
0.159185959153
0.158126704917
0.15684991405
0.155341356347
0.153612050039
0.151710597255
0.14963874637
0.147418839673
0.145093234571
0.142563560593
0.139606720086
0.136088550002
0.131584558856
0.125763513022
0.116661546939
0.149159453885
0.149163067344
0.149172043155
0.149198744242
0.149230532986
0.149263904632
0.149304440156
0.149363369169
0.149427064029
0.14952664981
0.149634001567
0.149741051605
0.149844842403
0.149960789715
0.150098221003
0.150233785039
0.150363283295
0.150496875587
0.150632611436
0.150771673489
0.150917235551
0.151059833644
0.151213502039
0.151406401373
0.151651270466
0.15194253475
0.152261921302
0.152568295384
0.152848342081
0.153110345679
0.153391375721
0.153689499544
0.15400191633
0.154325501634
0.154671862697
0.155035266597
0.155400763309
0.155775097236
0.156160152301
0.15656044164
0.156979469401
0.157421228021
0.157905987041
0.158449992291
0.159020207866
0.159593017724
0.160191080952
0.160854483048
0.16162283879
0.162511633927
0.163474718051
0.164944908499
0.163695833578
0.163200318926
0.1629692727
0.162520894433
0.162066207333
0.161826968413
0.161641282188
0.161367518836
0.160977349586
0.160467869837
0.159831520696
0.159057387383
0.158133976642
0.157044031309
0.155763046441
0.154266693031
0.152538658461
0.150575186542
0.148385951448
0.145954781686
0.143169287439
0.139937973711
0.136096756048
0.131212792958
0.12451383824
0.114163291656
0.095837117633
0.0530650469267
0.148937527648
0.148940898793
0.148952088038
0.148984654901
0.149015865027
0.149047035544
0.149084853339
0.14914361496
0.149201354223
0.149298580475
0.149407910335
0.149516829077
0.149622848889
0.149740523538
0.149881025197
0.150022513344
0.150160220657
0.150299686605
0.150439378638
0.15058402547
0.150738422119
0.150886564654
0.151038073886
0.151228132977
0.151467390749
0.151749498091
0.152063720175
0.152365593581
0.152659521124
0.152935605648
0.153216086217
0.1535124272
0.153832307939
0.154166546718
0.154509270263
0.154879164856
0.155261441162
0.155651456417
0.156053878282
0.156469612013
0.156904833142
0.15737820814
0.157919666633
0.158516331069
0.159115897029
0.159724080944
0.1604026481
0.161226993014
0.162203265197
0.163330190057
0.163886199171
0.164126029843
0.164204461755
0.16337418529
0.162765214172
0.162214238502
0.161684545045
0.161223150761
0.160777206497
0.160268133787
0.159660076288
0.158938493021
0.158090527627
0.157101887295
0.15595683893
0.154636211022
0.153116551739
0.151372827296
0.149381734198
0.147122382532
0.144571642527
0.141695340347
0.13832952122
0.134203005438
0.129054563583
0.122332445902
0.112942443107
0.0987302378715
0.0756638522835
0.0379264536739
0.148689996764
0.148693167035
0.148706429507
0.148744677234
0.148774968682
0.148807481162
0.148844406744
0.148900234155
0.148955094997
0.149051582697
0.149163147344
0.149273881249
0.149382058298
0.149500953088
0.149642592182
0.14978759701
0.149935601723
0.150082401796
0.150226228567
0.150375707732
0.150537919818
0.150695928852
0.150846657838
0.151032511934
0.151268140527
0.151542430943
0.151849586816
0.1521448589
0.152437241085
0.152732438747
0.153029453598
0.153327467906
0.153634763497
0.153973067687
0.154331331796
0.154706220775
0.155100184945
0.155505596591
0.155925042488
0.156359912922
0.15682153637
0.157345374952
0.157948992072
0.158582653196
0.159219114355
0.159901524488
0.160720056333
0.16174188408
0.162752486494
0.163533122519
0.163729143763
0.163783398819
0.163609446765
0.162981583251
0.162341944282
0.161716477816
0.161060468012
0.160397112232
0.159716425614
0.158977301281
0.158147838101
0.157208041517
0.15614105524
0.154929570996
0.153554646211
0.151994369674
0.150223031056
0.148211484554
0.145927395985
0.143333193702
0.140379530807
0.136991195885
0.133051155082
0.128216308516
0.122007107063
0.113913809922
0.102976981199
0.087571792037
0.0649521754555
0.0341145654501
0.148410017148
0.148415194301
0.148429035577
0.14846631586
0.148499481574
0.148538897087
0.148578844738
0.148634449338
0.148693717923
0.148784945436
0.148898138826
0.149010669419
0.149121039948
0.149240870408
0.149382328461
0.149527036579
0.149681000902
0.149838805208
0.149989704306
0.150145301383
0.150313002918
0.150483690033
0.150642603554
0.15081919149
0.151051739116
0.151320376505
0.151620445296
0.151910939606
0.152196961775
0.152500293204
0.152814217392
0.153127782346
0.153434937338
0.15376399781
0.154122505646
0.15450932668
0.154916911108
0.155339202895
0.155774051562
0.156230919203
0.156737964215
0.157328598766
0.157982377159
0.158655675361
0.159355285683
0.16014990356
0.161099676699
0.162106863526
0.163092684747
0.163325173351
0.163352708134
0.16325412664
0.162969945759
0.162413938719
0.161722244353
0.160973717139
0.160173320388
0.15933183755
0.158445726984
0.157492299554
0.156447293486
0.155290660718
0.154003813665
0.152567286795
0.150959462202
0.149155396013
0.147125769103
0.144836004738
0.142244761619
0.139300397567
0.135933813048
0.132045996682
0.127488307101
0.122039103599
0.115185131493
0.106248664243
0.0944692562887
0.0787343006115
0.057073658761
0.0300128752928
0.1481023746
0.148111372338
0.14812495364
0.148154808662
0.148194413462
0.148240919502
0.148286810262
0.148346661292
0.148415850503
0.148500659494
0.148612336483
0.148725887012
0.148838534807
0.148959516925
0.149101007705
0.149246060189
0.149399856228
0.149567071871
0.14972820044
0.149892279249
0.150065510062
0.150248283392
0.150425665302
0.150604594558
0.150822470808
0.151084816521
0.151378355808
0.151665221183
0.151943780295
0.152246197182
0.152567563545
0.152902980852
0.153222161003
0.153545115156
0.153896746972
0.154284387128
0.154702687439
0.155144153677
0.155600000262
0.156093318359
0.156664377672
0.15732010182
0.158021498675
0.158744952884
0.159522616823
0.160389245636
0.161150761655
0.162275809397
0.162804576111
0.162872163638
0.162810802375
0.162611331044
0.162220939833
0.161614511991
0.160849875399
0.159988336109
0.15905100429
0.15804628483
0.15697349361
0.155820411416
0.154569633887
0.153202905016
0.151701102624
0.150043192103
0.148205244386
0.146159344892
0.143872347604
0.141304338016
0.13840625376
0.135115753967
0.131350264373
0.126996098285
0.121892740208
0.115810680792
0.108433120646
0.099147646534
0.0871594787095
0.0715676050088
0.051016054918
0.0264605555304
0.147781103633
0.147790720118
0.147802994856
0.147824394615
0.147867738975
0.147916941589
0.147966957586
0.148028878618
0.148104850579
0.148191434771
0.1483032292
0.148417956553
0.148533155182
0.148655528799
0.148797472587
0.148944474347
0.149099752758
0.149273319148
0.149444691936
0.149621117678
0.149803703682
0.149995243763
0.150185674213
0.150381863043
0.15060081652
0.150851817714
0.151130735235
0.151412866549
0.151682385271
0.151978042618
0.152299385274
0.15264178288
0.152983616511
0.153314357642
0.153664830564
0.154044291802
0.154460939034
0.154916017214
0.155405157752
0.15595228823
0.156595123274
0.157312411404
0.158064064671
0.15884106084
0.15963446021
0.160365272427
0.160814300295
0.161892045211
0.162157892828
0.162260486045
0.162147455347
0.161831970603
0.161326529664
0.160630458109
0.159773253338
0.158795582204
0.157721154448
0.156560257988
0.155314268596
0.153975930532
0.152531998118
0.150965893877
0.149258423187
0.147387433082
0.145327101393
0.143046932251
0.140510418093
0.137673221231
0.134480490428
0.130862722319
0.126729485644
0.121960344473
0.116392447546
0.109804537396
0.101896872729
0.0922824668504
0.0803505694828
0.0653360091509
0.0462065463313
0.0237482761133
0.147451011553
0.147458934783
0.147469030956
0.147488100598
0.147526678076
0.147573786971
0.147624942677
0.147685901473
0.147764289914
0.147854979816
0.147969300188
0.148085616829
0.148203532568
0.148327294962
0.148469666151
0.148618681658
0.148775774674
0.148954508516
0.149134680693
0.149322535176
0.149520608181
0.149721553418
0.149924323637
0.150125802519
0.150353473839
0.15061283932
0.150888762832
0.151158067823
0.151416119512
0.151701891717
0.152020394075
0.15235776191
0.152708798736
0.153051827321
0.153408472968
0.15379131931
0.154202917864
0.154664070725
0.155191027466
0.155805218946
0.156519801045
0.157296385396
0.158093502606
0.158868363173
0.159648360683
0.160499521353
0.161517643731
0.16132712601
0.161572179792
0.161612869899
0.161375709623
0.160927135683
0.160294380646
0.159484114004
0.158515324689
0.157415669967
0.156205889285
0.154896466503
0.153489511974
0.151979835133
0.15035637046
0.148603670938
0.146702573988
0.144630126258
0.142359055623
0.139856858006
0.137084472219
0.133994423673
0.130528181496
0.126612361834
0.122153372058
0.117030143161
0.111084748762
0.104110971334
0.0958413345219
0.0859337967201
0.0739592793734
0.0594097650202
0.0415046056133
0.0210009435092
0.14710587112
0.147115772224
0.147122157314
0.147144982091
0.147175280728
0.147217255652
0.147266711653
0.147325585567
0.147403952972
0.147494175533
0.147610971463
0.147728623451
0.147848285413
0.147973423826
0.148116626468
0.148266419263
0.148423590137
0.14860691383
0.148794812042
0.148989685113
0.149199638308
0.149408879531
0.149629215941
0.149845565978
0.150071773695
0.150336086157
0.150627786265
0.150896796579
0.151144729563
0.151416614827
0.151734573297
0.15207222549
0.152420870865
0.152768562208
0.153126123491
0.153510939955
0.153922566736
0.154391781471
0.154957446779
0.155643097466
0.156426234163
0.157247004325
0.158018436591
0.158766041118
0.15957314999
0.160965384893
0.161348988377
0.16114154354
0.161035675227
0.160864961931
0.160483255387
0.159896485246
0.159127340584
0.158189184438
0.157097851259
0.155872953227
0.154530745098
0.153080280974
0.151523391767
0.149855437095
0.148066193738
0.146140710164
0.144059757505
0.141799801595
0.139332563098
0.136624190198
0.133634012761
0.13031279452
0.126600324672
0.122422135799
0.117685137922
0.112272032505
0.106034527377
0.0987856454754
0.0902917587973
0.0802658911701
0.0683605685927
0.0541871307383
0.0371672126154
0.0184102520594
0.146736384029
0.146747144774
0.146755467151
0.146779643542
0.14680784446
0.146846598014
0.146893338147
0.146949600525
0.147025549769
0.147111684431
0.147229326805
0.147348284955
0.147467356626
0.147594015506
0.147739506003
0.147890096814
0.148045498628
0.148229302001
0.148424105572
0.148622764804
0.148840985856
0.149060540731
0.149288587585
0.149529866327
0.149771720227
0.150040468401
0.150346336762
0.150630981155
0.150869853443
0.151125615346
0.151432082877
0.151772076928
0.152127393161
0.152481945123
0.152835725939
0.153217252222
0.153625440738
0.154099562496
0.15470267133
0.155458134079
0.156302135117
0.157104533126
0.157830408281
0.158529407257
0.159047461024
0.160510890637
0.160621391267
0.160540113665
0.160341676552
0.159997123147
0.159464019064
0.158735861677
0.157828122704
0.156757616319
0.155539786218
0.154189656751
0.152719406218
0.151135851001
0.149439753605
0.147626117625
0.145684734256
0.143600682063
0.141354584292
0.138922538512
0.13627571179
0.133379588835
0.130192843396
0.126665776161
0.122738228591
0.118336866052
0.113371749611
0.107732203236
0.101282145378
0.0938553219507
0.0852512230219
0.0752335056856
0.0635299866887
0.0498657496301
0.0337983205124
0.0166020064979
0.146342033846
0.146349760253
0.146365021853
0.146389539341
0.146419774936
0.146458485993
0.146503127063
0.146557037392
0.146629739638
0.146709589935
0.146825681738
0.14694684099
0.147063869928
0.147189269124
0.147338853223
0.147492189652
0.147647200873
0.147825506374
0.148021769613
0.148224260149
0.148446148084
0.148679971083
0.148924225935
0.149177199497
0.149439161586
0.149717332655
0.15003587261
0.15035223512
0.150597426418
0.150837081241
0.151120982115
0.151454584787
0.151813869922
0.152183513131
0.152542516696
0.152916519086
0.153318761822
0.153789505141
0.154424242343
0.155250025386
0.156138009002
0.156908901752
0.157642988485
0.15843759842
0.160088107068
0.15980560976
0.159948597555
0.159866604425
0.159536859666
0.159022164739
0.158327959431
0.157451798009
0.156404629863
0.155202195071
0.153858833598
0.152386545639
0.150794133464
0.149085928815
0.147261155578
0.145313961041
0.14323371258
0.141005279339
0.138609144317
0.136021279419
0.133212753541
0.130149052579
0.126789083115
0.123083823919
0.118974579436
0.114390793982
0.109247425327
0.103441966886
0.096851360552
0.0893293010035
0.0807047074372
0.0707832522563
0.0593500583177
0.0462081753659
0.0309967322067
0.0150608248757
0.145929304014
0.1459359862
0.14595316774
0.145978005782
0.14601051633
0.146050617045
0.146093884075
0.146146147634
0.146216995511
0.146290652751
0.146401979423
0.146525757658
0.146642553986
0.146762465625
0.146913807627
0.147071003568
0.147227795993
0.147400172459
0.147591647509
0.147794132849
0.148019036371
0.14825348743
0.148515701777
0.148785665974
0.149067875779
0.149359697629
0.149688973021
0.150039711039
0.150318500942
0.150555254538
0.150820056845
0.151128546862
0.15148145084
0.151860657161
0.152246011261
0.152621192921
0.153012856996
0.153465686576
0.154117763216
0.155001952477
0.155877204182
0.156637171969
0.157331001493
0.157721146954
0.15944734438
0.159412248509
0.159280109765
0.159046745029
0.158585185363
0.157919645771
0.15707112597
0.156049086445
0.154865812565
0.153535666874
0.15207134064
0.150482431314
0.148774969025
0.146950909869
0.145007792716
0.142938706059
0.140732432062
0.138373583476
0.135842617051
0.13311566418
0.130164152517
0.126954196504
0.123445735343
0.119591395101
0.115335052408
0.110610093027
0.105337400439
0.0994231977948
0.0927570050347
0.0852102128801
0.0766359847689
0.0668723609037
0.055745726168
0.0431118903053
0.0286630228839
0.0137448329189
0.14549986524
0.145505842292
0.145521955771
0.14554819796
0.145581402828
0.145621993973
0.14566396673
0.14571367009
0.145786446012
0.145860753243
0.14596050832
0.146084948393
0.146204205073
0.146322161599
0.14646625004
0.146624373068
0.146783355599
0.146952235909
0.147139871742
0.147336217488
0.147564533706
0.147799064977
0.148056373393
0.148335571422
0.148633060201
0.148949461032
0.14929505587
0.149678418132
0.150020286073
0.150274916203
0.150534064838
0.150825112893
0.151160053937
0.151524289437
0.151920549908
0.152325577831
0.152724977328
0.153149511388
0.153775201261
0.154721418018
0.155587826632
0.156388588293
0.157262319748
0.159020236782
0.158531455506
0.158669729408
0.158529633021
0.15813062803
0.157514414327
0.156698057595
0.155700189083
0.154537043364
0.153223040107
0.15177132892
0.150192589058
0.148494102153
0.146679468653
0.144748494114
0.142697103083
0.140517339472
0.138197431718
0.135721838171
0.13307119347
0.130222114689
0.127146844269
0.123812714409
0.120181414789
0.116208044009
0.111839928836
0.107015209098
0.101661228221
0.0956928462072
0.0890109191681
0.0815014127362
0.0730357891572
0.0634745523707
0.052670472356
0.0405108389291
0.0267214469583
0.0126003676643
0.145054147436
0.145059817484
0.145075181848
0.145103342714
0.145134720321
0.145173069642
0.145214255549
0.145259903387
0.145331700788
0.145411155803
0.145498798696
0.145621337076
0.145742579164
0.14586334883
0.145996530369
0.146150694593
0.146309846748
0.146476114226
0.14666425214
0.146856868732
0.147077769197
0.147317737589
0.147567832773
0.147844398945
0.148147459926
0.148472915464
0.14883365011
0.149236828331
0.149656940747
0.149979400301
0.150241196595
0.150528912058
0.150849090004
0.151212876365
0.151596143299
0.152012351438
0.152444566323
0.152872541863
0.153402794203
0.154325531702
0.155222647728
0.156007925502
0.156536346012
0.15840540093
0.158153485479
0.157951276947
0.157651275891
0.157099724537
0.156327955636
0.155361484351
0.154220586956
0.152924005879
0.151487007069
0.149921529162
0.148236192509
0.146436038881
0.144522504896
0.142493528794
0.140343636092
0.138063992537
0.135642439875
0.133063486145
0.130308214719
0.127354084561
0.124174609234
0.120738901826
0.117011066788
0.112949414382
0.108505466865
0.103622740872
0.0982353137636
0.0922662621695
0.0856261496266
0.0782120032306
0.0699073231849
0.0605851421686
0.0501105121989
0.0383830467551
0.0251468412346
0.0116153949948
0.144592956765
0.144598437828
0.14461820514
0.144646309275
0.144672475426
0.144706859407
0.144747459035
0.144790635662
0.144852971617
0.144932437162
0.145013048987
0.145131731762
0.145253074265
0.145373581699
0.145499054808
0.145648141662
0.145802601869
0.145965658794
0.146154541798
0.14634947363
0.146558428409
0.146794746085
0.147041894316
0.147316530414
0.14761538156
0.147938226567
0.148299588498
0.14870480249
0.149156512872
0.149604112769
0.149927494915
0.150216005113
0.150533947662
0.150885164863
0.151277229104
0.151700692301
0.152157564456
0.152651957351
0.153143190573
0.153831805234
0.154840896266
0.155798757955
0.157028734762
0.157250056486
0.157376911232
0.157131020294
0.156655233036
0.155949591073
0.155028024213
0.153916832933
0.152640599173
0.151219419418
0.149668270481
0.147997623835
0.146214037148
0.144320430195
0.142316325838
0.140198102396
0.137959174668
0.135590088908
0.133078548481
0.130409379384
0.12756442472
0.124522362048
0.12125843653
0.117744098644
0.113946520504
0.109827945705
0.105344817582
0.100446626623
0.0950744378567
0.0891591125865
0.082619314382
0.0753596439828
0.0672693605882
0.0582238454213
0.0480856933029
0.036746374369
0.0239516729369
0.0107984267192
0.144116590417
0.144123035514
0.144146929469
0.14417042295
0.144191966845
0.144223487384
0.144263142838
0.144305150364
0.144357667393
0.144432191879
0.144505850543
0.144616651199
0.144737429053
0.144852920476
0.144971895771
0.145118555826
0.145266022533
0.145420234676
0.145606945419
0.14580054832
0.146002646062
0.146233286437
0.146471892996
0.146746282182
0.147040131703
0.14735948267
0.147707036476
0.148098596847
0.148537078599
0.14903074407
0.149509950792
0.149865909136
0.15020469215
0.150558460151
0.150950856786
0.151388058307
0.151874237383
0.152405802263
0.152949408725
0.15354488078
0.154394588213
0.155370582133
0.15716696944
0.156578608559
0.156511271912
0.156198158594
0.155561569654
0.154692913993
0.153621634323
0.152371809071
0.150968687141
0.149432251976
0.147776265024
0.146009351751
0.144135990379
0.142157139342
0.140070679732
0.137871752917
0.135552987685
0.133104613513
0.130514487411
0.127768052646
0.124848244518
0.121735348044
0.118406810626
0.114836993492
0.110996818216
0.106853235941
0.102368416222
0.0974985478972
0.0921921300992
0.0863876870922
0.0800108192392
0.0729708547746
0.0651571567401
0.0564374574066
0.046655637327
0.0356682810955
0.0231964672745
0.0101828004411
0.14362269454
0.143629495819
0.143644576693
0.143666831003
0.14368977095
0.14372052256
0.143758764905
0.143798337413
0.143845361732
0.14391413115
0.143984466587
0.14407981312
0.14420026933
0.144311514454
0.144422195482
0.144564652039
0.14471067831
0.144856149765
0.145029433351
0.145217015609
0.145409654328
0.145638146475
0.145870444584
0.146127692223
0.146413429355
0.146729968461
0.147065802665
0.147438207976
0.147853988196
0.14832037359
0.148843567651
0.149366187611
0.149805086572
0.150215134176
0.15063180524
0.151081575443
0.151580634901
0.152128218893
0.15269303282
0.153302243838
0.154045778156
0.154319129065
0.156052238321
0.156002576295
0.155656388329
0.155146418602
0.154356405554
0.153331175069
0.152113703121
0.150732667853
0.149212119523
0.147570267511
0.145818936094
0.143964662435
0.142009897226
0.139953854004
0.137793069199
0.135521780541
0.133132161789
0.130614442004
0.127956934341
0.125146008317
0.122166028265
0.118999282563
0.115625907351
0.11202378106
0.108168318923
0.104032051499
0.0995838342751
0.0947875144141
0.0895998419458
0.0839674451373
0.0778225638442
0.0710775708291
0.0636178475488
0.0552954535743
0.0459203782214
0.0352828471473
0.0230375186326
0.00987393308469
0.143112309119
0.143118072257
0.143125063426
0.143146800538
0.143171699825
0.143200330186
0.143234542473
0.143270184579
0.143311225711
0.143374629931
0.143446248849
0.143524756312
0.143641871411
0.143754488849
0.143861482457
0.143988335048
0.14413281614
0.144275102644
0.144429530045
0.144610433446
0.144792968827
0.145004680583
0.145235580917
0.145473151101
0.145744508686
0.146041212078
0.146368116202
0.14672415329
0.147115646479
0.147555037673
0.148038667753
0.148581978668
0.149136898481
0.149668043576
0.150161270647
0.150663776381
0.151197513235
0.151779954426
0.152407503125
0.153148977133
0.154219339162
0.155872559353
0.155072621824
0.155095634526
0.154715745794
0.154002314081
0.153039927619
0.151862610366
0.150507244442
0.149004449662
0.147376745966
0.145639650435
0.143802507303
0.141869659107
0.139841680318
0.137716309667
0.135489059136
0.133153592633
0.130701952058
0.128124670592
0.125410813016
0.122547973933
0.119522278273
0.116318413886
0.112919708232
0.109308202655
0.105464616923
0.101368042123
0.0969951488719
0.0923186965858
0.0873050062101
0.0819101516302
0.0760740050787
0.0697121092054
0.0627032245847
0.0548762928299
0.0459908627677
0.0357439694304
0.0236996771087
0.0100663800036
0.142589049914
0.142594891729
0.14260640341
0.142622765308
0.142642929155
0.142666000032
0.142693893368
0.142725455359
0.142760105612
0.14281514417
0.142885562911
0.142951713636
0.14305730314
0.143173783275
0.143279535709
0.143387962042
0.143526756906
0.143662943901
0.143800524896
0.143972540885
0.14414968492
0.144338422598
0.144557303577
0.144778051028
0.14503458221
0.14530849783
0.145620147861
0.145955491519
0.146322477793
0.146734174925
0.147186903617
0.147679841537
0.148220634878
0.148791762261
0.149361685411
0.14993257276
0.150532460605
0.151181878632
0.151899757322
0.152691425711
0.153721560365
0.155305465575
0.154600995435
0.154173227737
0.153615741454
0.152731988542
0.151605416183
0.150284455136
0.148803170984
0.147190529375
0.145466917621
0.143645015502
0.141731555876
0.139728766018
0.137635588282
0.135448602692
0.133162623643
0.130771060448
0.128266121621
0.125638927548
0.122879565344
0.119977135085
0.116919835908
0.113695145812
0.110290093239
0.106691550224
0.102886386492
0.0988612774358
0.0946019225856
0.0900914504274
0.0853076404558
0.0802186073355
0.0747756402508
0.0689022153657
0.0624741190452
0.0552921497603
0.0470296577835
0.0372160506423
0.0252320750191
0.0105855411724
0.142052231055
0.142057383368
0.142071048168
0.142083819504
0.142097332521
0.142116290848
0.142139718083
0.142168074206
0.142198307682
0.142242381259
0.142307766914
0.142371473081
0.142452585286
0.142568269655
0.142671074348
0.142767666819
0.142893951996
0.143025458754
0.143151736405
0.143303538997
0.143470526274
0.143640094491
0.143845105076
0.144053806018
0.144284457539
0.144541664613
0.144825208641
0.145137992321
0.145480012101
0.14585751994
0.146282258744
0.146741346478
0.147246338442
0.147792936439
0.148385050415
0.149007076019
0.149669384706
0.150382242632
0.151139523309
0.151840919995
0.151952311978
0.153617449034
0.153539162129
0.15303470563
0.152327233382
0.151309466123
0.150044235902
0.148595615107
0.147002884774
0.145293653003
0.14348591734
0.141589689606
0.139609274866
0.137545012512
0.135394514772
0.133153529846
0.130816493392
0.12837685224
0.125827251794
0.123159648259
0.120365394084
0.117435343976
0.114360063665
0.111130194339
0.107736967557
0.104172736919
0.100431317875
0.0965078818133
0.0923981803917
0.0880969742477
0.0835953358026
0.0788769383653
0.0739112640436
0.0686439679861
0.0629741899608
0.0567150547666
0.0494824216282
0.0405563114927
0.0285069491655
0.0111723039319
0.141501016651
0.141503539157
0.141510555048
0.14151800239
0.141532223686
0.141551198094
0.141572932009
0.141598539819
0.141623849408
0.141656561033
0.14171212297
0.141777887738
0.141837288518
0.141937587115
0.142043452052
0.142134186611
0.142236849206
0.142363869657
0.142483960832
0.142609354902
0.142764621209
0.1429183141
0.143097620733
0.143297563898
0.143497340491
0.143737324934
0.143992715745
0.144281711349
0.144595989982
0.144941481093
0.145334573024
0.14576738869
0.146247079245
0.146776481416
0.147364156071
0.148018045022
0.148739631496
0.149545962083
0.150442680238
0.151350675468
0.15170262216
0.152130172096
0.152305867317
0.151792842197
0.150922880679
0.149760134103
0.148364825902
0.146800927311
0.145109726187
0.14331655539
0.141436234826
0.139475954901
0.137437755204
0.135320352146
0.133120332427
0.130832925419
0.128452477355
0.125972735085
0.12338701331
0.120688321228
0.117869482271
0.114923326186
0.111843046753
0.108622803566
0.105258504371
0.101748574902
0.0980944137529
0.0943002728995
0.0903723947477
0.0863174625178
0.0821402866056
0.0778414523903
0.0734133602697
0.0688383624342
0.064078615563
0.059067010398
0.0536360455022
0.0473929159804
0.0384144894861
0.0201584640748
0.140938310366
0.140938708729
0.140939185603
0.14093763847
0.140955644301
0.140975536505
0.140995672642
0.141017706425
0.141037521001
0.141060290211
0.141102720067
0.141163264437
0.141219721101
0.141290032226
0.141392945557
0.141483523766
0.141565536749
0.141676677854
0.141791023681
0.141896482014
0.142030623208
0.142174129784
0.142320741795
0.142501504578
0.142684877418
0.142891312998
0.143125849039
0.143386462836
0.143673678854
0.143990873805
0.144349659332
0.144754553845
0.145208947041
0.145719773978
0.146298589805
0.146960881606
0.147734378666
0.148651644415
0.149766346291
0.151259397933
0.151841347184
0.151345501699
0.151179284892
0.1504780133
0.149414721313
0.148091559888
0.14656907246
0.144901444291
0.14312495326
0.141260566896
0.139319201898
0.137305093983
0.135218216469
0.133055964487
0.130814214544
0.128487970536
0.126071752898
0.123559835476
0.120946404186
0.118225701187
0.115392197055
0.112440881144
0.109367816868
0.106171014414
0.102851505136
0.0994142803149
0.095868729757
0.0922282921753
0.0885092729766
0.0847290949522
0.0809040105408
0.0770481961943
0.0731714268018
0.0692865064183
0.0654129047368
0.0616185387042
0.0580796549695
0.0553038326683
0.05419772519
0.0590877334176
0.140365894932
0.140366847977
0.140369661258
0.140368924042
0.14037879531
0.140395042677
0.140411739896
0.140428790822
0.140444305147
0.140459068866
0.140485093111
0.140532733569
0.140590951665
0.140640706639
0.140718804919
0.140811155431
0.140884648564
0.140964283624
0.141072181215
0.14116719031
0.141267604272
0.141399043807
0.141525939421
0.141676351292
0.141845939458
0.142019126561
0.142223532157
0.142452076699
0.142709894804
0.142995047252
0.143318658673
0.14369266861
0.144115555085
0.144597785244
0.145159968821
0.145814227281
0.146595632742
0.1475610113
0.148792863986
0.15047200595
0.151074845874
0.150464875942
0.149951205724
0.148996256111
0.147751989029
0.146283227523
0.144648490381
0.142893613409
0.141047474418
0.139125702097
0.137135277658
0.135077740552
0.132951364848
0.130752602144
0.128476952601
0.126119480839
0.123675118157
0.121138866644
0.118505951347
0.115772001123
0.112933274784
0.10998708478
0.106932585238
0.103771973071
0.100511825232
0.0971641120795
0.0937463824717
0.0902809154021
0.0867928622768
0.0833078919615
0.0798494379239
0.0764377734724
0.0730868792378
0.0698159450723
0.0666440873459
0.0636491124221
0.0610354650106
0.0592899010045
0.0592844056156
0.0622089345743
0.139783950429
0.139785762269
0.139790910748
0.139800705467
0.139800107192
0.13981142994
0.139824037891
0.139836070519
0.139847773544
0.139854250041
0.139863988226
0.139891807788
0.139938037149
0.139984301999
0.140031989967
0.140111974633
0.140187663871
0.140246195167
0.140328932593
0.140417827514
0.140495179304
0.140598787145
0.140713065653
0.140832247209
0.140972653981
0.14112313042
0.141290309592
0.141487845279
0.141705724126
0.141952707956
0.142241575709
0.142572945328
0.142952815088
0.143392068154
0.14391438241
0.144536453109
0.145292013778
0.146230977804
0.147460889359
0.148957900235
0.149624618169
0.148992967315
0.148405085902
0.147273659497
0.145890828995
0.144312181838
0.142593028126
0.140773230774
0.138875783965
0.1369117104
0.134884756045
0.132794417525
0.130637828736
0.128410949496
0.126109259963
0.123728161123
0.121263213381
0.118710319527
0.116065888069
0.113327057363
0.11049199433
0.107560473354
0.104534968929
0.101422210671
0.0982347582843
0.0949918983092
0.091719335587
0.0884475105344
0.0852088032525
0.0820343015066
0.078949860487
0.0759749977131
0.0731161142756
0.0703795331056
0.0677362340191
0.0652033917964
0.0628488824467
0.0608020730951
0.0598170332636
0.0606831685739
0.139197204657
0.139198333246
0.139199819162
0.139215906272
0.139218109568
0.139225424391
0.13923381141
0.139240680859
0.139246958833
0.139246536636
0.139244455697
0.139249422
0.139275045471
0.139313809847
0.139347814165
0.139392412321
0.139463421208
0.139521770754
0.139570905324
0.139644889687
0.139714397558
0.139782220424
0.139872618911
0.139966488462
0.140074055001
0.140196612758
0.140331060989
0.140488285137
0.140668303527
0.140876901603
0.141114202742
0.141389885242
0.141713223394
0.142096825457
0.142557362902
0.143115140826
0.143796778495
0.144664138918
0.145802551113
0.147113967274
0.147832406068
0.147102383794
0.146500773753
0.145279153061
0.143813703289
0.142167753348
0.140397888596
0.138538897607
0.136610021915
0.134619352694
0.132568602906
0.13045612911
0.128278594454
0.126031958028
0.123712033986
0.121314820654
0.118836698975
0.116274622372
0.11362629753
0.110890475509
0.108067323312
0.105159213443
0.102172181451
0.0991178856087
0.0960153137327
0.0928913582832
0.089779694005
0.086718018854
0.0837442012026
0.0808921171052
0.0781868503046
0.0756442002
0.0732603068515
0.0710254758215
0.0688585080457
0.0667826765612
0.0646755539864
0.0619821392242
0.0606943088261
0.0628194143836
0.138610289141
0.138610859853
0.13861145143
0.138625342167
0.138638074244
0.138638874475
0.138640799135
0.138640888234
0.138639587616
0.138634618215
0.138623605165
0.138612821712
0.138613328595
0.138632262213
0.138660709533
0.138680467145
0.13872092945
0.138773378908
0.138807347197
0.138848714662
0.138904738428
0.138951598284
0.139007833334
0.139076211316
0.139151528478
0.139237265945
0.139338293574
0.139453633194
0.139596609138
0.139759058316
0.139939981363
0.140157346555
0.140410905426
0.140716249029
0.141080993115
0.141531148569
0.142092730877
0.142814315308
0.143775187252
0.144886219347
0.145686430074
0.144836728047
0.144234682134
0.143004994737
0.141521152208
0.13985293379
0.138066650893
0.136194254929
0.134253472843
0.132251410015
0.130189141242
0.128064837656
0.125875353059
0.123617104151
0.121286558301
0.118880534902
0.116396396279
0.113832264817
0.111187236155
0.108461750633
0.105658052329
0.102781242423
0.0998412029286
0.0968549674007
0.0938484297591
0.0908562924239
0.0879198194981
0.0850827511739
0.082386363248
0.0798642877468
0.0775380956586
0.0754197969396
0.0734977093926
0.0717611010439
0.0701668990649
0.0689893730666
0.0677722663829
0.0644101910455
0.0649714221957
0.0653420971948
0.138017158857
0.138016956705
0.138018969147
0.138022779188
0.138038015284
0.138041079348
0.138040496888
0.1380344183
0.138025393496
0.138015297635
0.137996787903
0.137976355093
0.13795438464
0.137947578169
0.137958633772
0.137973179056
0.137982567906
0.13801075689
0.138036923132
0.138052006878
0.138073052971
0.13810339153
0.138130964833
0.138164761851
0.138207152237
0.138259068891
0.138318291552
0.13839411352
0.138483461242
0.138588986137
0.138707133116
0.138852182059
0.139025782496
0.139233077847
0.139479057162
0.139785123383
0.140174585334
0.140613636927
0.141183905797
0.141788946712
0.14300299819
0.142212811734
0.141646977525
0.140480228972
0.139038285558
0.13738747286
0.135613322943
0.133749159756
0.13181323175
0.129813118733
0.127750360412
0.125623695794
0.123430677676
0.12116853138
0.118834617831
0.116426746864
0.113943377883
0.111383888963
0.108748823094
0.106040367073
0.103262895935
0.100424384204
0.0975388949499
0.0946293622869
0.0917290797535
0.0888806920292
0.0861324920031
0.0835328438625
0.0811239271266
0.0789351779796
0.0769794972402
0.0752567788585
0.0737296070847
0.0724047845749
0.0713769773184
0.0709738642671
0.0695093082569
0.0716279053052
0.068744511586
0.0681119023277
0.137409742784
0.137406714991
0.137405153428
0.137398578543
0.137406954422
0.137420937028
0.137425899815
0.137417169297
0.137402391719
0.137385298305
0.137362627853
0.137331426655
0.13729903647
0.137266467531
0.137250201949
0.137250519929
0.137246962961
0.137242747672
0.137249670695
0.137252296823
0.137243269114
0.137236819233
0.137240284304
0.137240151547
0.137245348887
0.137258090482
0.137274170695
0.137295672603
0.137322573537
0.1373579003
0.13740167335
0.13746439104
0.137554626046
0.137661027136
0.137788374701
0.137957823637
0.138117417895
0.138202246056
0.138100613039
0.137037644924
0.139572937839
0.139386604623
0.138900763039
0.137797505164
0.136418694105
0.134805570261
0.133060088901
0.131218268403
0.129299388298
0.127311743438
0.125257720883
0.123136972052
0.12094801115
0.118689066422
0.11635853207
0.113955309042
0.111479020852
0.108930350129
0.106311314805
0.103625880209
0.100880587512
0.098086441885
0.0952620903891
0.0924369573707
0.0896522279216
0.0869585205008
0.0844104960704
0.0820598472195
0.0799478095508
0.0780972752714
0.0765102472422
0.0751572946586
0.0739385631166
0.0728678724785
0.0719208370186
0.0709011715297
0.0719466592009
0.0714122063655
0.0702759058298
0.0698065886663
0.136791687531
0.136784244238
0.136775198504
0.136765234344
0.136763866827
0.136776603666
0.136787263355
0.136782420906
0.136767214608
0.13674553709
0.136719849072
0.136683384228
0.13664352904
0.136597004229
0.136554844536
0.13652405202
0.136506359452
0.136481418731
0.136456825148
0.136437656003
0.136412307214
0.136373629003
0.136336149805
0.136304580504
0.136271286476
0.136234741747
0.136198205621
0.136158047137
0.136122744828
0.136085839483
0.136063600486
0.136043667709
0.136034280832
0.136036448649
0.136063459886
0.136099998712
0.136118958476
0.136129108064
0.136050882164
0.13597970227
0.136332620602
0.136547251513
0.136166800746
0.135065317506
0.13372051262
0.132141680635
0.13042950563
0.128617057816
0.126723006439
0.124755533002
0.122717607663
0.120609763422
0.118431513359
0.116182141371
0.113861119834
0.111468478091
0.109005022147
0.106472753088
0.103875157149
0.101217987454
0.0985099595421
0.0957652864252
0.0930076634438
0.0902736314422
0.0876126760054
0.0850832135757
0.0827454021113
0.0806529641012
0.0788448647739
0.0773387755802
0.0761316461716
0.0751687024752
0.0743390115138
0.0736914010306
0.0727102424948
0.0714198530508
0.0721333237532
0.0717247651462
0.0711516564131
0.0708418289627
0.136174008535
0.136162657592
0.136148559986
0.136136328177
0.136125362189
0.13612290266
0.136128665095
0.136132785967
0.136121690396
0.136099603919
0.136069804638
0.136032402436
0.135982113271
0.13593032878
0.135870536371
0.135814366061
0.13576454542
0.135721740925
0.135672123241
0.135620107091
0.13556853246
0.135509189144
0.135437154823
0.135362461025
0.135286611084
0.135201150424
0.13510616368
0.135011089821
0.134908499543
0.134807628307
0.134697075168
0.134580712327
0.134465327212
0.134366749844
0.134287234619
0.134206799187
0.134158730955
0.134168418293
0.134347163531
0.134860259271
0.134428191551
0.133968396247
0.133464756343
0.13230972744
0.130970008989
0.129416432854
0.127737910567
0.125958529536
0.124094429926
0.122152800799
0.120136804433
0.118047682284
0.115885870559
0.113651676767
0.111345631318
0.108968882092
0.106523395193
0.104012474525
0.101441034152
0.0988166025623
0.0961500452927
0.0934589818556
0.090772674241
0.0881353818017
0.0856051040592
0.0832475102691
0.0811269714282
0.0792974137895
0.0777936128498
0.0766272222252
0.0757854374413
0.0752007354
0.0749176562429
0.0750036166685
0.0736134098933
0.0746331016638
0.07304263116
0.0722422818223
0.0717069674623
0.0714425813749
0.1355613651
0.135549063493
0.135533728615
0.135517121636
0.135499949391
0.135483645539
0.13547658281
0.135481609462
0.13547357937
0.13545153896
0.13541821311
0.135376308784
0.135321421969
0.135257593544
0.135189353246
0.135111252443
0.135032457456
0.134958210671
0.134888133947
0.134809096449
0.134726133576
0.134632957866
0.134535705747
0.134420162267
0.134295307751
0.134160194987
0.134014221326
0.133856043462
0.133685081484
0.133494440052
0.133284381001
0.133079572061
0.132870416814
0.132661844303
0.132445313281
0.13222280326
0.132009638399
0.131826907663
0.131712334236
0.131684951102
0.132000626121
0.131296165194
0.130692670797
0.129496292272
0.128165306057
0.126638359117
0.124995988453
0.123253043587
0.121422922684
0.119511581197
0.117522212283
0.115456639809
0.113316134525
0.111101965773
0.108815669536
0.106459473209
0.104036451887
0.101551173122
0.0990099088005
0.0964219303648
0.0938001934514
0.0911659528473
0.0885545988524
0.0860186271215
0.0836244438245
0.0814439338585
0.0795438023941
0.0779759400258
0.076769216334
0.075928330553
0.0754188787035
0.0751492381265
0.0751529081106
0.0750018730116
0.0758016845631
0.0743448150481
0.0731561395052
0.0723916091561
0.0719174056684
0.0716935656697
0.134951225556
0.134942995674
0.134927917261
0.134908627478
0.134886009754
0.134861536276
0.13484050397
0.134834523219
0.134827873014
0.134805405631
0.134769147203
0.134720971355
0.134662677931
0.134589530746
0.134508602548
0.13441313429
0.134310736728
0.134209528715
0.134106047931
0.134000215248
0.133889550599
0.133764357235
0.133625554988
0.133473072452
0.133300000423
0.133111476206
0.132909252586
0.132681518546
0.132426587626
0.132143919814
0.131863254748
0.131562070415
0.131239622856
0.13089476873
0.130520289184
0.130119669832
0.129708544676
0.129319221489
0.128972992468
0.128690315076
0.129147528549
0.128430894784
0.127817380715
0.126613886606
0.125307023844
0.123814256749
0.122212624889
0.120509738555
0.118717105549
0.116839687437
0.114880771572
0.112842729997
0.110727607284
0.108537576416
0.106275113835
0.103943476873
0.101546776241
0.0990907936787
0.0965830583199
0.0940345454591
0.0914601983018
0.0888851923908
0.0863516471078
0.0839206789038
0.0816666065047
0.0796659147226
0.0779851085106
0.0766710053107
0.0757442343668
0.0752003949895
0.0749953541901
0.0751091266921
0.0755242200736
0.0749714306711
0.0756081919673
0.0739409540811
0.0729353609943
0.072272368769
0.0718717308129
0.0716895744407
0.13434751152
0.134344671836
0.13433070554
0.134310159855
0.134283727465
0.134253072011
0.134222760743
0.134197743575
0.134184792444
0.134162828687
0.134124620276
0.134071422963
0.134004922699
0.133925858765
0.133828455346
0.133723802916
0.133603735047
0.133478669166
0.133343501443
0.133205690052
0.133060005528
0.132904204972
0.132722076948
0.132523137054
0.132301764119
0.132060516461
0.131791269798
0.131489168265
0.131151576716
0.130805408072
0.130430388098
0.130011849522
0.129559664483
0.129068754893
0.12853650759
0.127967141766
0.127399345195
0.126818466226
0.126267561051
0.125639730591
0.126160581673
0.125438827455
0.124851012355
0.123669704958
0.122402553316
0.120952676165
0.119396871766
0.117737547634
0.115985413382
0.114144865703
0.112219468193
0.110212169543
0.108125759649
0.105963268367
0.103728048696
0.101424335264
0.0990571906392
0.0966335561609
0.0941620976581
0.0916554546699
0.0891304219346
0.0866164656822
0.084163086434
0.0818402294797
0.0797292401695
0.0779091060726
0.0764431734378
0.0753699143465
0.0746979594428
0.0744058729039
0.0744316834319
0.0747525621128
0.0751453424087
0.0759458145673
0.0746429751594
0.0733807117104
0.0725328493173
0.0719868633093
0.0716633098512
0.0715195884105
0.133758378266
0.13375521324
0.133741756402
0.133719469636
0.133690485854
0.133655519311
0.13361838447
0.133580703924
0.133549703507
0.133524936034
0.133486480641
0.133429405568
0.133355451278
0.133265973113
0.133158898188
0.133038503449
0.132908061726
0.132756833709
0.132598093231
0.132428001455
0.132245740914
0.132049482845
0.13182792343
0.131579737171
0.1313083054
0.13100945621
0.130675464144
0.130299490648
0.129899674323
0.129463731659
0.128973799286
0.128436168162
0.12784874696
0.127209080872
0.126515818058
0.125788778781
0.125052320294
0.124281080164
0.123439601826
0.122428553212
0.12305862895
0.122363088645
0.121819371442
0.120680401642
0.11946458402
0.118064589683
0.116558721463
0.114945718951
0.113236373106
0.111434904973
0.109545340719
0.107571252315
0.105516160194
0.103383917177
0.101178689615
0.0989056456197
0.0965707053344
0.0941819278687
0.0917489726442
0.0892861316026
0.0868118761421
0.0843604836795
0.0819895271693
0.0797777897829
0.0778123327973
0.0761721841787
0.0749144896714
0.0740664371394
0.0736221553682
0.0735456407366
0.0737807192061
0.0742659624627
0.074525910545
0.0752351541359
0.0737166908197
0.0727237830455
0.0720458297342
0.0716164020802
0.0713662125766
0.0712615970064
0.133183222975
0.133175083585
0.133160390474
0.133136032756
0.13310461488
0.133066672734
0.133022973798
0.132978435937
0.132934615116
0.132895148742
0.132855219938
0.132796153158
0.132716744076
0.132618472165
0.132502732134
0.132367814949
0.132216798995
0.132048712147
0.131863781879
0.13166643173
0.131449364093
0.131209216655
0.130943629432
0.130649220859
0.130326665123
0.129967994127
0.129567509906
0.12912717482
0.128643554962
0.128101314019
0.12750198756
0.126841320571
0.126118974749
0.125332544191
0.12448476102
0.123601422726
0.122657680588
0.121627007268
0.120458528457
0.119217266459
0.119906052692
0.119253404748
0.11875680362
0.117668176523
0.116508915883
0.115162584927
0.113708941685
0.112143840743
0.110478647832
0.10871764583
0.106865452927
0.104926293183
0.102904405415
0.100804436119
0.0986313071919
0.096391085735
0.0940904540748
0.0917385654354
0.0893459193824
0.0869284906425
0.084506232016
0.0821189664817
0.0798330929676
0.0777360072965
0.0759187819808
0.0744576363521
0.0734002987725
0.072760080475
0.0725150396135
0.0726138329971
0.0729782054929
0.0734820589563
0.0741655851841
0.0736213149248
0.0726958050601
0.0719999503474
0.0715114490266
0.0712021333315
0.0710209292015
0.0709107824337
0.132616837978
0.132604672891
0.132587232231
0.132561913909
0.132529100537
0.132489702817
0.132443536758
0.132391477582
0.132340537399
0.132284968004
0.132231373738
0.132170082806
0.13208773341
0.131983374601
0.131857626212
0.13171145048
0.131542550292
0.131354709885
0.131147782836
0.130920616194
0.130667180283
0.130386246628
0.130076617263
0.129736563761
0.129359217952
0.128938332851
0.128469915986
0.127952477155
0.127373650748
0.126733109215
0.126024673684
0.125244590308
0.124389870521
0.123462848964
0.122466583249
0.121397612132
0.120221541257
0.118905557086
0.117597103061
0.116144240066
0.116787936899
0.116149719979
0.115690881664
0.114653250959
0.113551116646
0.112259421077
0.110858488014
0.109341610272
0.107720932394
0.106000912664
0.104186826541
0.102283555731
0.100296038778
0.0982296925791
0.096090138256
0.09388432672
0.0916196021854
0.089306225966
0.0869553669369
0.0845847888362
0.0822156991972
0.0798945072132
0.0776972345528
0.0757194942693
0.0740544438032
0.0727724966454
0.0719083705747
0.0714586944849
0.0713870246702
0.07163383795
0.0721001595125
0.0726433120453
0.0732584677657
0.0723836945221
0.0717369944965
0.0712662740089
0.0709484588659
0.0707539852481
0.0706389955004
0.0705764947599
0.13205576561
0.132043455823
0.132025083598
0.132001469783
0.131969970562
0.131930843483
0.131883804084
0.131828140549
0.131766563422
0.131702396387
0.131629141135
0.131554442657
0.13146598334
0.131357529107
0.131224052494
0.131066223135
0.130884247651
0.130676084466
0.130444937238
0.130187559168
0.129901412183
0.129581726678
0.12922940551
0.128838616689
0.128403402323
0.127919378581
0.127378306408
0.12677629337
0.126107868446
0.125368864008
0.12455104264
0.123649469485
0.122666452148
0.121600187891
0.120435927109
0.119153951552
0.117777231667
0.116279697842
0.114859364117
0.113068353563
0.113697907048
0.113063789175
0.112637108401
0.111651129359
0.110605179296
0.109367342621
0.108018132619
0.106548623081
0.104971824136
0.103292417041
0.101516357847
0.0996491684381
0.0976964661236
0.0956644166697
0.0935592914298
0.0913889293509
0.0891612377643
0.0868876450059
0.0845798043794
0.0822574672008
0.0799428274083
0.0776902746085
0.0755861928247
0.0737337573873
0.0722262699643
0.0711259216208
0.0704524908667
0.0701842655425
0.0702623800079
0.0705978817752
0.0710951335812
0.0718393565437
0.0716233227276
0.0711640125962
0.0707882842768
0.0705154602873
0.0703548620057
0.0702729229647
0.0702237973903
0.0702160175098
0.131511441507
0.131499793803
0.131485469399
0.131465325013
0.131436490023
0.131397977435
0.131349479221
0.131290535807
0.131220285102
0.131146210091
0.131060715082
0.130964216628
0.130856771183
0.130742488773
0.13060161451
0.130434244683
0.130237421886
0.130011807547
0.129755869461
0.129470019111
0.129150048191
0.128793164312
0.128395966292
0.127952183149
0.127459107687
0.126909600576
0.126295883693
0.125612480108
0.124853851625
0.124016061861
0.123091041293
0.122073962813
0.120963206764
0.119744755543
0.11838673949
0.11692057709
0.115358819788
0.113640150304
0.111968414037
0.109912940411
0.110603209036
0.110002944111
0.109610014588
0.108676189787
0.10768434735
0.106498145997
0.105198342628
0.10377423116
0.102239698549
0.100599654163
0.0988607236151
0.0970290358486
0.095110863298
0.0931131048919
0.0910426395203
0.0889082266533
0.0867182347657
0.0844853826271
0.0822215968756
0.0799489434278
0.0776902627331
0.0755097447569
0.0735046134511
0.0717843857641
0.0704397045788
0.0695219246714
0.0690380179366
0.0689566171394
0.0691899895584
0.0695969900269
0.070152889716
0.0704094133599
0.0702618831207
0.0700426434311
0.0698607526872
0.0697412732245
0.0696967094115
0.0697128062865
0.0697117170915
0.0697254998672
0.131007461981
0.130999141497
0.130986703381
0.130966849313
0.130937932792
0.130897796827
0.130845736952
0.130781361995
0.130704026186
0.130615054221
0.130519889949
0.130411025445
0.130288531497
0.130151050387
0.12999513376
0.12981613723
0.129605233835
0.129360599648
0.129083529471
0.128767983013
0.12841512015
0.128020055806
0.127577985921
0.127081135324
0.126529502478
0.125916293642
0.125230040525
0.124465510023
0.123618986105
0.122685228494
0.121654812263
0.120517890263
0.119272407391
0.117874231877
0.116333009433
0.114673478119
0.112851750281
0.110850449093
0.10898315006
0.106835139313
0.10754343805
0.106989939756
0.106628510611
0.105743523749
0.10480149327
0.103663117499
0.102409130011
0.10102739334
0.0995325842908
0.0979297974919
0.0962262901025
0.0944287503373
0.0925440874919
0.0905799214903
0.0885437102756
0.0864451946662
0.0842931017308
0.0821016390887
0.0798827600923
0.0776613304293
0.0754604059906
0.0733563461293
0.0714574031976
0.0698776699179
0.0687011546179
0.067963387451
0.0676552287405
0.0677333963573
0.0681029389637
0.0686385608575
0.0693167000483
0.0691663746097
0.0690759964032
0.0689845678539
0.0689249085003
0.0688998626996
0.0689025334849
0.0689645525152
0.0690092892351
0.0690153516185
0.130544403454
0.130541433073
0.130528049087
0.130506682284
0.130475050844
0.130430696571
0.13037284766
0.130301231155
0.130215517451
0.130114528982
0.130004569369
0.129886077353
0.129756199285
0.129597601005
0.129420995619
0.129219807518
0.128990176394
0.128727266621
0.128427336283
0.128084167872
0.127698821926
0.127266096336
0.126776774749
0.126227911522
0.125619147385
0.124940953619
0.124184803913
0.123342488783
0.122410241715
0.121383898047
0.120248859283
0.118987580929
0.117578124403
0.115999531716
0.114277305038
0.112381601178
0.110337686867
0.108111138616
0.106166039408
0.103893595549
0.104568497713
0.104048296484
0.103710153567
0.102867061714
0.101968406617
0.100872651542
0.0996598094282
0.0983165103818
0.0968580418049
0.0952896051484
0.0936190309786
0.0918535142204
0.0900005932179
0.0880686044302
0.0860655746271
0.0840023197118
0.0818878176752
0.0797380533309
0.0775646982625
0.0753960850386
0.0732548933326
0.071232671935
0.0694484401909
0.0680188183363
0.0670184338572
0.0664677910212
0.0663343646137
0.0664999558962
0.0668411946866
0.0677205072972
0.0678965688093
0.0679200523663
0.0679262081222
0.067931701461
0.0679483909952
0.0679709819097
0.0679877188466
0.0680211517266
0.0680817328287
0.0680464007017
0.1301017733
0.130104233178
0.130093903109
0.130073736878
0.130039604356
0.12999039492
0.129926109284
0.129846924662
0.129752807419
0.129643368464
0.129518555436
0.129382610474
0.12923723498
0.12907244468
0.128878166001
0.128653038087
0.128399041197
0.12811260829
0.127785643617
0.127416689687
0.127001239114
0.126526903593
0.125993439701
0.125395151613
0.124731125626
0.123993166466
0.123168432225
0.122251747167
0.121240346558
0.120126354332
0.118876199852
0.117464628972
0.115892804366
0.114154538839
0.112237990278
0.110157541915
0.107933278038
0.105496673705
0.103487507011
0.101051460086
0.101693722897
0.101192832658
0.100867993763
0.100058054069
0.0991950502309
0.0981358490539
0.0969587732313
0.0956492921393
0.0942230789258
0.092685356394
0.0910444722545
0.0893080808146
0.0874843652614
0.0855823813835
0.0836107447055
0.081581470677
0.0795036767384
0.0773955152187
0.0752679710352
0.0731537057648
0.0710741583363
0.0691397612083
0.067478908598
0.0662072991465
0.0653876950845
0.0650318582582
0.0650985186455
0.065454120404
0.0659095066426
0.0663789027409
0.0666065313198
0.0667155796101
0.0667953478842
0.0668668002525
0.0669324308967
0.0669870266884
0.0670250370573
0.0670457462512
0.0670898060543
0.0670964745049
0.129676999469
0.129681840754
0.129676719542
0.129658198767
0.129621646573
0.129568475209
0.129499095526
0.129413697124
0.129312258396
0.129194587248
0.129059734211
0.128907392287
0.128740490919
0.128558432092
0.128351305918
0.12811078719
0.127835012449
0.127520931467
0.127166536141
0.126769161173
0.126318077497
0.125807799163
0.125233285884
0.124589163468
0.123873548905
0.123075925191
0.122187597122
0.121200746786
0.120114353425
0.118898428692
0.117502712529
0.115951385069
0.114237175761
0.112336858751
0.11025453494
0.108014640102
0.105589883172
0.102977262246
0.10094115849
0.0983588676219
0.0989347162778
0.0984310261114
0.0981090929105
0.0973240010354
0.0964890376766
0.095460294815
0.0943134101905
0.0930327366474
0.0916341453504
0.0901228456248
0.0885076758595
0.0867967252834
0.0849988711809
0.0831239010221
0.0811810810089
0.0791837790393
0.0771411431364
0.0750740037374
0.0729921252111
0.0709335871722
0.06891738179
0.0670772026025
0.065547515833
0.064438846955
0.063801801046
0.0636260713155
0.06378417632
0.0641713960898
0.0651823618202
0.0652279641295
0.0654007892466
0.0655447056328
0.0656688875453
0.065782398811
0.0658809514713
0.0659608157936
0.0660192763828
0.0660495273605
0.0660879516768
0.066124606614
0.129283604948
0.129282656071
0.129276746601
0.129254391135
0.129214657729
0.129159196199
0.129087513175
0.128998398834
0.128891630988
0.128766949834
0.12862365627
0.128460540313
0.128276495076
0.128072440137
0.127846100787
0.127592455676
0.127296974187
0.126959200056
0.126578177675
0.126147971364
0.12566255746
0.125116261911
0.124501780186
0.12381409854
0.123048434105
0.122196147983
0.12124309457
0.12018961758
0.119013840079
0.117659244098
0.116142094611
0.114473926639
0.112620564803
0.110570875864
0.108346363943
0.105921653105
0.103351130633
0.100623686797
0.0985254652872
0.0957622155679
0.0962820236871
0.095757935941
0.0954324595904
0.0946681414493
0.0938558405366
0.0928523778307
0.091730358053
0.0904733011555
0.0890972414028
0.0876074452793
0.086013270715
0.0843232482926
0.0825470397262
0.0806951815245
0.0787777102615
0.0768095189593
0.0747996991953
0.0727724179737
0.0707355305943
0.0687339635642
0.0667827485812
0.065043938106
0.0636519402379
0.0627081787603
0.0622555698715
0.0622596404078
0.0625374120545
0.0629775236007
0.0636859152399
0.0639727500648
0.0641910878149
0.0643767072522
0.0645321581396
0.0646723213378
0.0647922335824
0.0648900131767
0.0649636539648
0.0650005834901
0.0650456381711
0.0650960154381
0.128916193982
0.12890770484
0.128893411514
0.128865723108
0.128823283198
0.128765840582
0.12869217005
0.128600858176
0.128490760459
0.128360860764
0.128210651237
0.12803908818
0.127844574192
0.127624858468
0.127381012512
0.127106452939
0.1267867745
0.126428414845
0.126020959837
0.125559764743
0.125039965523
0.1244574348
0.123805517565
0.123074270218
0.122261206333
0.121349084497
0.120332829293
0.119200557537
0.117906523129
0.116446568605
0.11483610722
0.113054469191
0.111071020015
0.108884685193
0.106488572683
0.103906198724
0.101237387827
0.0983584020881
0.0961782963421
0.0931993106824
0.0936958634264
0.0931581052346
0.0928334154958
0.0920925222281
0.091300729251
0.0903184295568
0.0892161232165
0.0879772390784
0.0866181079115
0.0851442187965
0.0835655192264
0.0818910110025
0.0801312655306
0.0782975813586
0.0764009565718
0.0744579817614
0.0724776572513
0.0704883111805
0.068495040153
0.0665515882421
0.0646672576497
0.0630383509572
0.0617918547916
0.0610212109922
0.0607443209904
0.0608120397793
0.0611209025121
0.0622717881051
0.0624449863952
0.0627329389205
0.0629889260272
0.0632067767376
0.0633848392473
0.0635417401519
0.0636745427286
0.0637835095013
0.0638709869795
0.0639211483231
0.0639699143044
0.0640177798456
0.128564496485
0.128552426976
0.128530481805
0.128501071398
0.128456196724
0.128395621835
0.128318423731
0.128223951375
0.128110574343
0.127976856795
0.12782109965
0.127642482841
0.127439170647
0.127208582208
0.126948110993
0.126647868874
0.126311435357
0.125929668713
0.125492465697
0.125003600552
0.124453441455
0.123836629388
0.123144250122
0.122371538161
0.121505579533
0.120531240139
0.119447697973
0.118225103381
0.116841377444
0.115297706108
0.1135984858
0.111702346667
0.109581668469
0.107233580182
0.104665711343
0.101976697497
0.0991632059152
0.0961546669121
0.0937567594188
0.0905141866916
0.0911193175733
0.0906279931779
0.0903180935228
0.089604603745
0.0888315303666
0.0878659361014
0.0867776399582
0.0855508786671
0.0842023891291
0.082738031169
0.0811683993492
0.0795029947365
0.0777534444557
0.075931803844
0.0740503071877
0.0721273790266
0.0701719727679
0.0682175328873
0.0662653549939
0.0643807879259
0.0625651708797
0.0610552373307
0.0599632342848
0.0593858808272
0.0593126969285
0.0594963805212
0.0597968159516
0.0606593442535
0.0611087499376
0.0614787530852
0.0617901855482
0.0620420013644
0.0622453078142
0.0624171639766
0.062560445754
0.0626757267686
0.0627658800662
0.0628368749886
0.0628957761722
0.0629429726906
0.128231378287
0.128218684533
0.128194339821
0.128163244444
0.128115371152
0.128051207882
0.127970015338
0.127871083739
0.127753434216
0.127615406314
0.127455061958
0.127270307973
0.127058571194
0.126816743852
0.126539871068
0.126225787425
0.125870578626
0.125461273961
0.125001376052
0.124486091703
0.123900144446
0.123248526691
0.122521594192
0.121703564932
0.120777023293
0.119747784292
0.118597617783
0.117294567355
0.115831871389
0.114216283252
0.112420369737
0.110387605712
0.108124594292
0.105618156201
0.102939712307
0.100107051074
0.0970650782973
0.093825331379
0.0911160670575
0.0879052034329
0.088605862763
0.088203421914
0.087911267896
0.0872194839679
0.0864588701729
0.0855034287557
0.084422205814
0.0832006287964
0.0818556864637
0.0803936296408
0.0788256933564
0.0771618866326
0.0754150439727
0.0735979450369
0.0717244361979
0.0698148330047
0.0678782046694
0.0659540711814
0.064038554523
0.0622122001901
0.0604650553303
0.0590825841979
0.0581575927903
0.0577758832969
0.0577978462614
0.0580419253365
0.0592506084446
0.0595146901675
0.0599089376289
0.0602896608775
0.0606268528095
0.0609127982716
0.0611430239361
0.0613361716069
0.0614980733565
0.0616298515888
0.0617314596711
0.0618165428444
0.0618753792079
0.0619081475971
0.127922145428
0.127909944868
0.127885396532
0.127851218026
0.127800015536
0.1277321716
0.127646978389
0.127543766881
0.127421552025
0.127278861249
0.127113886022
0.126923478078
0.126704571594
0.126453103642
0.126165200871
0.125836910663
0.125460423442
0.125031351004
0.124547765673
0.123997016628
0.123383197376
0.122703868062
0.121932485663
0.121056317675
0.12008777218
0.119007946035
0.117780442724
0.116408548551
0.114886987167
0.113186411707
0.111267614874
0.109118357946
0.106733004051
0.104117392226
0.101309137915
0.0982585982443
0.0949641519169
0.0914099803225
0.0887246772397
0.0856997658134
0.0863006445732
0.0859338063189
0.0856385610309
0.0849520568122
0.084192794283
0.0832390044173
0.0821568975197
0.0809327998195
0.0795835601312
0.0781157256987
0.0765411028958
0.0748702024968
0.0731172137258
0.0712955827527
0.069421269543
0.0675164333022
0.0655906485655
0.0636904014293
0.0618049220037
0.0600337220975
0.0583484188295
0.0570943656345
0.0563496165221
0.0561836946122
0.0563338290858
0.0567546441693
0.0573948847891
0.058107084153
0.0586532879897
0.0591132118523
0.0594966707954
0.0598235019423
0.0600911465898
0.0603133740303
0.0605007297833
0.0606554555227
0.0607801429535
0.0608728312296
0.0609240937578
0.0609295419317
0.12763795868
0.127626736898
0.127601178317
0.127563019959
0.127509229695
0.127437811749
0.127348800969
0.1272418121
0.127115876485
0.126969351619
0.12679987909
0.126604485808
0.1263790449
0.126119372775
0.125821308462
0.125478516688
0.125084473799
0.124635676052
0.124124602277
0.123546648304
0.122906068778
0.122183806238
0.121361903545
0.120452546896
0.119445951785
0.118295342055
0.11700589309
0.11558295796
0.113986086817
0.112194318392
0.110183862238
0.107932927137
0.105436978343
0.102709663225
0.0997434929011
0.0965055123678
0.0930231052511
0.0892891027574
0.0868390176442
0.0838496080071
0.0842501935664
0.0838292373137
0.0835050124487
0.0828086373971
0.0820398252767
0.0810792787407
0.0799882411012
0.0787535701495
0.0773916217055
0.0759091456165
0.0743184249527
0.0726304686476
0.0708609498383
0.0690239050327
0.0671380560143
0.0652272275097
0.0633022967546
0.0614176419204
0.0595542510609
0.0578350087807
0.0562013808523
0.0550698535492
0.0544804012539
0.0544185146035
0.0546327240702
0.0556523577937
0.0562698014735
0.0568789919115
0.0574632932142
0.0579730162502
0.0584052363968
0.0587720676249
0.059085507414
0.0593427471963
0.0595569108919
0.0597313962426
0.0598704132684
0.0599676608125
0.060027197152
0.0600402507524
0.12737811403
0.127367887684
0.127340458329
0.127299684076
0.127243420337
0.127167707364
0.127074702367
0.126964505116
0.126836078098
0.12668722589
0.126514871239
0.126315305336
0.126084275782
0.125817478535
0.125508804299
0.12515081917
0.124738588146
0.124268525835
0.123734263342
0.123130113227
0.122453388498
0.121691117354
0.12083924941
0.119900937659
0.118835889491
0.117623378399
0.116286790962
0.11481024645
0.113149024299
0.111275230558
0.10916628116
0.106821699941
0.104231495304
0.101387921605
0.0982911401679
0.0949212144426
0.0913430796196
0.0876059538431
0.0852340212178
0.0820562096105
0.0823569859284
0.0818588531362
0.0814993527325
0.0807889022556
0.0800040563559
0.0790300200091
0.0779225960381
0.0766692696389
0.0752857864067
0.0737790804638
0.0721618102107
0.0704454846964
0.0686473393819
0.0667819135802
0.0648714764324
0.062941153413
0.0610044666763
0.0591245996972
0.0572739024934
0.0556048731533
0.0540202056399
0.053036632911
0.0526025500761
0.05252810361
0.0528235552245
0.0539715445997
0.0548757128022
0.0556147061181
0.056276434489
0.0568488319099
0.0573447958448
0.0577606042245
0.0581187777676
0.058413163195
0.0586552612921
0.0588509155424
0.0590039311146
0.0591030163679
0.0591734526004
0.059209830359
0.127143951913
0.127133389081
0.127105369135
0.127064712594
0.127002848
0.126921482534
0.126824577257
0.126712744717
0.126584193668
0.126435481998
0.126262399346
0.126060357434
0.125824525482
0.125549639114
0.125228848807
0.12485447565
0.124421864138
0.123928156651
0.123368790981
0.122742271482
0.122038857582
0.121245648515
0.120365940829
0.119385049147
0.11826628957
0.117009787126
0.115628724241
0.114096280191
0.112362145494
0.110414960135
0.108240483646
0.10580185199
0.103093142798
0.100150750471
0.0969521468027
0.0934926452348
0.089893417931
0.0862274023134
0.0836608334941
0.0801550767943
0.0805220840839
0.0799990600799
0.0796155656506
0.0788943664833
0.0780905238016
0.0770976522021
0.0759669081813
0.0746868367733
0.0732726240607
0.0717314129977
0.0700761004627
0.0683186783274
0.0664779143194
0.064568754568
0.0626178843524
0.0606511011667
0.05868663473
0.0567971037834
0.0549459754396
0.0533204343334
0.0517796476069
0.0509955457688
0.0507811418527
0.0507928004553
0.05113574852
0.0525277484266
0.0534614286581
0.0543334711307
0.0550884866736
0.0557367232847
0.0562976680343
0.0567773992529
0.0571784108572
0.0575089823273
0.0577776108721
0.0579924310455
0.0581560736107
0.0582676456764
0.0583496190286
0.0584009980584
0.126941196037
0.126927254763
0.126900863641
0.126859697902
0.126791492211
0.126708227631
0.126612533625
0.126504397946
0.126379642159
0.126232929075
0.126058989685
0.125852588237
0.125608451922
0.125320842489
0.124981976949
0.124584669368
0.124128851807
0.123614891244
0.12303755574
0.122387958645
0.121655605559
0.120839102423
0.11993238416
0.118908175324
0.117743249573
0.116441470788
0.115015953681
0.113439866427
0.111661228659
0.109655159013
0.107378104895
0.104819676203
0.10203229278
0.0990072474292
0.0956968312906
0.0921966684719
0.0885879335066
0.0848744564907
0.08204361683
0.0783525901757
0.0787704465572
0.078260283594
0.0778618279953
0.0771325069983
0.0763070876469
0.0752902119763
0.0741292656139
0.0728142083657
0.0713597011818
0.0697730703336
0.0680672219225
0.0662545400054
0.0643551109394
0.0623841907516
0.0603737040395
0.058349140035
0.0563365123264
0.0544182580768
0.0525492632859
0.0509548945546
0.0494417462387
0.0488483388162
0.0487047647629
0.0488748175267
0.0504837958603
0.0512430454304
0.0521656813234
0.0530747516876
0.0539013770228
0.0546405806498
0.0552661560269
0.0558066250908
0.0562554370373
0.0566224851799
0.0569166093745
0.0571484722911
0.0573195189211
0.0574506367066
0.0575417161338
0.0576031632045
0.126775356756
0.126756802211
0.126731905822
0.126690794503
0.12662246819
0.126540854601
0.126450434609
0.12634812172
0.126226245032
0.126078147778
0.125898312974
0.125681429374
0.12542227122
0.125115469888
0.124754793591
0.12433708194
0.123864055444
0.123333272224
0.122736744408
0.122062219419
0.121304372786
0.120461512554
0.119520167649
0.118457374935
0.117258545137
0.115932383334
0.114484727378
0.112867457726
0.111030170498
0.10893526766
0.106549691398
0.103919697333
0.101066349043
0.0979159676511
0.0945254527674
0.0910076428487
0.0873766225317
0.0835929168521
0.080548628484
0.07672635772
0.077157587771
0.0766664001492
0.0762534653312
0.075515077496
0.0746642177354
0.0736174519977
0.0724190618106
0.0710605239483
0.0695558487666
0.067912379186
0.0661426389684
0.064259155917
0.0622828441331
0.0602291821163
0.0581359191474
0.0560268475936
0.0539399934369
0.0519669216391
0.0500559514116
0.0484827837975
0.0470094778008
0.0466259575128
0.0464441515958
0.0467811696931
0.0479161988667
0.0493907675821
0.0506582689125
0.051759676331
0.0527110743802
0.0535413988192
0.0542569443125
0.0548568535456
0.0553571409126
0.055765188343
0.0560873870006
0.056337159454
0.0565224136725
0.0566643297288
0.0567589384668
0.0568165468179
0.126641392139
0.126620996882
0.126595135151
0.126553138702
0.126486262669
0.126408413066
0.1263261915
0.126227840115
0.126104190566
0.125949070909
0.12575795816
0.125525958954
0.125248756225
0.124923073191
0.124543970651
0.124110192943
0.123621778692
0.123072624219
0.122453338263
0.121756125524
0.12097809331
0.120111295916
0.119141065534
0.118049026154
0.116828439965
0.115485791071
0.114006920596
0.112340684227
0.110437216796
0.108258845931
0.105804235122
0.103113155194
0.100152890261
0.09689949997
0.0934739618134
0.0899363045971
0.0862846551094
0.0824410905997
0.0792402476915
0.0752866686465
0.0757135546127
0.0752396178945
0.0748079860933
0.0740561424636
0.0731741499789
0.0720904452164
0.0708468290441
0.0694361388528
0.067871352734
0.0661594443331
0.0643119404306
0.0623409849589
0.0602674188046
0.0581067907111
0.0559026789509
0.0536756637165
0.0514816164922
0.0494174168146
0.0474254674009
0.0458499565069
0.0444304338857
0.0443110652284
0.0442018858001
0.0448343690915
0.0465214257437
0.0478460857195
0.0491978156212
0.0504493585854
0.0515529249953
0.0524856294639
0.0532824452076
0.0539490804608
0.0545022827379
0.0549535092089
0.0553053611795
0.0555765105697
0.0557818195619
0.0559327026454
0.0560341103715
0.0560855640161
0.126524930219
0.126506491466
0.12647850563
0.126430761561
0.126369252215
0.126306154238
0.126231357295
0.126131403855
0.125999879731
0.125831693721
0.125624353391
0.125373957259
0.125079249217
0.124738417464
0.124346568539
0.123901188854
0.123398324608
0.12283125023
0.122192523456
0.121476629528
0.120678814861
0.119790554684
0.118798272237
0.117687212672
0.11644896749
0.115083473536
0.113567015537
0.111847713198
0.109887167348
0.107654164666
0.105143438249
0.102370379813
0.0993016118354
0.095984208001
0.0925395221922
0.0889848759787
0.0853180120539
0.0814755000381
0.0781060345834
0.073997822959
0.0744532594442
0.0740037298161
0.0735448997617
0.0727706833193
0.0718497070122
0.0707208752639
0.0694238775815
0.067952537503
0.0663181193842
0.0645265900289
0.0625876196249
0.0605120613415
0.0583192528438
0.0560243024723
0.0536752136167
0.051287866493
0.0489442488311
0.0467405846173
0.0446181073768
0.0430024910624
0.0415551887828
0.0415045234709
0.0415997268722
0.0435770724362
0.0447685030352
0.0462545026289
0.0477316918516
0.0491311348737
0.0503976257003
0.0514757343123
0.0523689570584
0.0531048254227
0.0537097394076
0.0542060178059
0.054597490182
0.0548960165275
0.0551187794455
0.0552754193247
0.055385570543
0.0554316768474
0.126419552156
0.126407433357
0.126380848262
0.126338628901
0.126292236817
0.126236160415
0.126156346092
0.126044834653
0.125896991556
0.125711351785
0.125489403987
0.125227665931
0.124923472159
0.124572592011
0.124170433145
0.123712930849
0.123195175591
0.122611075149
0.121954824192
0.121222237427
0.120407690997
0.119501578993
0.118490015732
0.117361231119
0.116108729445
0.114722829646
0.1131720467
0.111411404802
0.109398819835
0.107104575308
0.10453811171
0.101698963619
0.0985437591314
0.0951773686146
0.0917165444551
0.0881496752915
0.0844723360887
0.0805977519723
0.0771689523358
0.073015573968
0.0734260833771
0.0729829301241
0.0724818065887
0.0716722467005
0.0707029939286
0.0695203677043
0.0681619576051
0.0666222143138
0.0649097810989
0.0630287261155
0.0609857767414
0.0587892003468
0.0564549703077
0.0539966900119
0.0514630257938
0.0488629969867
0.0463117677972
0.043894004331
0.0415809271747
0.0399346743653
0.0384428061516
0.0383395488711
0.0386361611889
0.0401246196253
0.0423257889409
0.0443410237232
0.0461701913805
0.0478092701902
0.0492599890547
0.0504998454993
0.0515184305532
0.0523390454361
0.0529986296955
0.0535337894828
0.0539633086753
0.0542946660935
0.0545397660979
0.0546996611714
0.0548157888746
0.0548642918029
0.12633622308
0.126329761271
0.126308670433
0.126277782439
0.126238672404
0.126175246746
0.126079864613
0.125952148251
0.125792596279
0.12559961206
0.125370168274
0.125100544202
0.124787260889
0.124426178984
0.124012636137
0.123541797742
0.123009088999
0.12240962913
0.12173938099
0.120993899952
0.12016527752
0.119244016911
0.118219291093
0.117080405606
0.11581587762
0.114408982125
0.112828201832
0.11102866276
0.108967841805
0.106630263406
0.104019666661
0.101094374133
0.097862823129
0.0944751824781
0.0909997091162
0.0874323761867
0.0837731672321
0.0799389700821
0.0764956690191
0.0722657620312
0.0726331626281
0.0721897989417
0.071633509123
0.0707733618732
0.069745337496
0.0685000747826
0.0670726934886
0.0654581148756
0.0636612756797
0.0616831223762
0.0595260518282
0.0571940068036
0.0546974805849
0.0520471357054
0.0492871864859
0.0464190738358
0.043589497959
0.0408358956638
0.0382021680692
0.0364929300976
0.0350625653731
0.0353035787242
0.0358204497195
0.03803373742
0.0401121328424
0.0423980949527
0.0445580792801
0.0464999514839
0.0481787926563
0.0495895305425
0.0507436122486
0.0516634222993
0.0523858381491
0.0529616957768
0.0534177774125
0.0537698294303
0.0540375326909
0.0542127208816
0.054329443624
0.0543928357524
0.126277403545
0.126272523907
0.126254900367
0.126229562549
0.126188886378
0.126111403263
0.126005052843
0.125871150171
0.125705825975
0.125506120376
0.125268847336
0.124990477665
0.12466733076
0.124295201145
0.123868859658
0.123384355314
0.122840797972
0.122233862389
0.121555912745
0.120800123522
0.119959538368
0.119026596353
0.11799263548
0.116845708965
0.115569386699
0.11414331612
0.112537529415
0.110706812381
0.108609959622
0.106233964027
0.10356894455
0.100565422138
0.0972781280973
0.0938663245635
0.09037524481
0.0868153712352
0.0832072919905
0.079537859437
0.076078024983
0.0717420253216
0.0720808217177
0.0716462747175
0.0710234514699
0.0700899798553
0.0689873121508
0.0676690145968
0.0661656148836
0.0644717875521
0.0625872793976
0.0605081975148
0.0582307441325
0.055752022687
0.0530740372212
0.0502015521136
0.0471691872585
0.0439776791167
0.0408011774894
0.0375842707293
0.034474020347
0.0324213207211
0.0305103728751
0.0314415040862
0.0345637167269
0.0352852664399
0.0375157779208
0.040199491888
0.0428454983994
0.0451756194601
0.0471485324484
0.0487626067868
0.0500580836944
0.0510831263964
0.0518745158227
0.052491908091
0.0529795073044
0.053350036357
0.0536273200503
0.0538182349593
0.0539411936759
0.0540154306239
0.126233371639
0.126227260369
0.126214186026
0.126191610036
0.126145438375
0.126058529042
0.1259474552
0.125807621576
0.125635733023
0.125428719098
0.125183267387
0.124895697762
0.124562231213
0.124178535906
0.123741274308
0.123250524066
0.122704240803
0.122093240198
0.121408229159
0.1206428085
0.119791547151
0.118849111603
0.117809115881
0.11665757035
0.115371707874
0.113929325063
0.112304442127
0.110452875418
0.108328828774
0.105914258963
0.103196329352
0.100121558898
0.0967810546512
0.0933389018267
0.0898185330883
0.0862492108575
0.082682878097
0.0791804542023
0.0759797359861
0.0717980048988
0.0719075177032
0.0714113153719
0.0706851990398
0.0696371988003
0.0684333238206
0.0670295479229
0.0654451170672
0.063671482882
0.0617011483916
0.059523383465
0.0571261055646
0.0544963345134
0.0516226292254
0.0484957367151
0.0451291595554
0.0415246854056
0.0378733080576
0.0340682712873
0.0305961091042
0.0283082636295
0.0251116460382
0.025753677862
0.028830670698
0.0311981472617
0.0343511205829
0.0377201231909
0.0410092086455
0.0438586278742
0.0461841381174
0.0480319074134
0.0494764607918
0.0506019963467
0.0514637020763
0.052119322447
0.0526348419461
0.0530330070575
0.0533249660991
0.0535236226316
0.0536456775035
0.0537057586941
0.126206938809
0.126201162507
0.126188756128
0.126162225554
0.12610993046
0.126020132231
0.125905052121
0.125759359103
0.125580940033
0.125366724599
0.125113492493
0.124817352124
0.1244742542
0.124081714803
0.123639310468
0.123147112501
0.122600544555
0.1219870605
0.121295912487
0.120522305981
0.119661856693
0.118711301312
0.117669070853
0.116518742982
0.115226890244
0.113769123543
0.112130235058
0.110271477745
0.108127061846
0.105672282617
0.1029028543
0.0997676477363
0.0963785674354
0.092887868593
0.0893078021537
0.0856810783743
0.0820961648594
0.0788651180035
0.076454025185
0.0726579568673
0.0723495095014
0.0715476967463
0.070617157957
0.0694022241463
0.0680706606302
0.0665749002716
0.0649123444665
0.063066310456
0.0610204325655
0.0587560302283
0.0562517342293
0.0534823081508
0.0504180971181
0.047023875379
0.043268616865
0.0391142259378
0.0346730038846
0.0298444095178
0.0258891044394
0.0237338566553
0.0199858323153
0.0195538825035
0.0226871814001
0.0265266519289
0.030952449666
0.0352398603627
0.0392216266096
0.0426444589231
0.0453570564552
0.0474372771884
0.0490170334049
0.0502266594731
0.0511482020796
0.0518448224379
0.0523783429036
0.0527903262108
0.0530963871191
0.0533052411504
0.0534263205847
0.0534705147777
0.126194374116
0.126189031798
0.126171003771
0.126138616122
0.126086579728
0.125996400634
0.12587846817
0.125726406594
0.125541783536
0.125322066766
0.125063983528
0.124762054577
0.124412312645
0.124013135053
0.123565379631
0.123072845681
0.122529307376
0.121915075741
0.121219386677
0.120440270947
0.119571029311
0.118613135399
0.117577948829
0.116439650695
0.115143207497
0.113667306248
0.112012598485
0.110146865955
0.108000811467
0.105520502399
0.102698177371
0.099517437054
0.0960841970804
0.0925313215592
0.0888533838491
0.0850707686663
0.0812169815144
0.0777291369687
0.0766651740196
0.075272055633
0.0735479606064
0.0719527459853
0.0707033467099
0.0693181972833
0.0678688298108
0.0662971861043
0.0645755518681
0.0626772064881
0.0605779380777
0.05825245498
0.0556718419474
0.0528004147391
0.0495917233628
0.0459821550601
0.0418843637971
0.0371659807199
0.0316925310674
0.025130108883
0.0186143289294
0.0114929936879
0.00384955614739
0.010576445775
0.0146014414103
0.021282708468
0.0276196957829
0.0330527300245
0.037735248852
0.0416644766024
0.0447348005958
0.0470340162848
0.0487078956727
0.0499548636649
0.0509175201249
0.0516525363159
0.0522066412417
0.0526272127283
0.0529400765864
0.0531549542211
0.0532850782918
0.0533372835552
0.126189768905
0.126183081086
0.126157255716
0.126121530955
0.12606907925
0.12599148208
0.125874775962
0.125715116606
0.125527729739
0.125306908316
0.125046204886
0.12473893324
0.124380784635
0.123971727037
0.123517398732
0.123028938869
0.122496920711
0.121888889088
0.121189827817
0.120405760689
0.119534349341
0.118576861434
0.117540232281
0.116400587639
0.115103413912
0.113619482305
0.111955128258
0.110085291137
0.107934349603
0.105436386692
0.102591832631
0.099389536551
0.0959237484688
0.092317867502
0.0885333784039
0.084550252167
0.0798614081352
0.0781817367654
0.0771108854973
0.0753102475353
0.0744257128023
0.0723105174232
0.0707757737967
0.0692990647715
0.067793766688
0.0661884905682
0.0644417198838
0.0625215630765
0.0604002390919
0.0580495628499
0.0554373495542
0.0525233208325
0.0492534031171
0.0455502845508
0.0412971822857
0.0363014880795
0.0302346511886
0.0223706723274
0.011523244682
-0.00919545845268
-0.0278474660488
-0.0127861781535
0.00631418629242
0.0158082027398
0.0250545074691
0.0316074079525
0.0368373171143
0.0410937659834
0.0444091893571
0.0468606860722
0.0485793067486
0.0498237210283
0.0507951541194
0.0515522325976
0.0521223631139
0.0525478060289
0.0528616330503
0.0530810282957
0.0532230861227
0.0532836672638
)
;

boundaryField
{
    frontAndBack
    {
        type            empty;
    }
    upperWall
    {
        type            zeroGradient;
    }
    lowerWall
    {
        type            zeroGradient;
    }
    inlet
    {
        type            zeroGradient;
    }
    outlet
    {
        type            fixedValue;
        value           uniform 0;
    }
}


// ************************************************************************* //
