/*--------------------------------*- C++ -*----------------------------------*\
| =========                 |                                                 |
| \\      /  F ield         | OpenFOAM: The Open Source CFD Toolbox           |
|  \\    /   O peration     | Version:  v1806                                 |
|   \\  /    A nd           | Web:      www.OpenFOAM.com                      |
|    \\/     M anipulation  |                                                 |
\*---------------------------------------------------------------------------*/
FoamFile
{
    version     2.0;
    format      ascii;
    class       volScalarField;
    location    "466";
    object      alphak;
}
// * * * * * * * * * * * * * * * * * * * * * * * * * * * * * * * * * * * * * //

dimensions      [0 0 -1 0 0 0 0];


internalField   nonuniform List<scalar> 
6400
(
0.865319884846
1.35017732093
2.11327984188
2.55784945777
2.98760566371
3.43379613576
4.05709806016
4.76682947016
5.07445295175
5.60282559075
6.78224210968
7.50095145586
8.07944797739
8.76405967286
9.66419370989
10.6014467398
11.3902919695
12.1330450829
12.761981112
13.0815893223
13.1429534811
13.2928857261
13.7576029835
14.5479834753
15.4356423243
16.2125098398
16.8081486393
17.3480248617
17.9467049065
18.61818382
19.3077406283
19.7946441417
20.0044186187
20.0793913873
20.0479088595
19.8679624607
19.869455022
20.1715506439
20.094021188
19.7505562946
19.8270128845
20.4746961581
21.1466949878
21.4822783967
21.5502518742
21.4361832517
21.2111546571
20.9292599972
20.6024373008
20.2498093777
19.7574197374
18.8422746266
17.6898203115
16.3277133214
15.2759543895
14.6656867866
13.6032418189
11.6485837431
9.53446487356
8.1483893228
6.63994824133
5.07624338065
3.39642415871
4.6828796525
8.75977779957
13.7325062655
16.7538069501
16.4922380018
14.5340175984
12.938889886
12.0840584613
12.2812845567
12.8102791593
12.6856966156
14.7023783019
14.1357361691
15.987180383
9.89112912895
12.87302885
4.81388251112
3.12249313212
2.46716962053
3.05044652028
4.27994518763
4.09880503885
3.89180382019
4.03629327769
4.41880506499
4.97968476624
5.70377623287
6.59497542296
7.48300225505
8.25498371037
8.99191785832
9.73737961231
10.5979990566
11.4999059306
12.3742545238
13.3800229625
13.5095689476
13.3450661646
13.4404291461
13.8434611731
14.6041670033
15.6672614343
16.3624407463
16.9164881604
17.5077791219
18.1293479443
18.7666008827
19.4153010373
20.0297402274
20.2374066899
20.3145945971
20.334095482
20.0178107226
20.0953894845
20.4184615957
20.2566508604
19.7083398983
19.7405978486
21.2774880778
22.4249326648
22.6344240037
22.6202946392
22.3683770074
21.9622664778
21.5523211753
20.9617871544
20.3629746276
19.9818101343
19.8808794683
19.0695785468
16.553636884
15.6879121288
14.7212074714
12.7508384213
10.8621631077
9.1149460241
7.40362799314
5.8873738772
5.4946409407
3.79327013252
5.02619885543
8.85832815116
14.7408983691
18.516339787
17.2976689153
15.16413361
13.2687437181
12.5772129414
12.9889488223
14.0698329834
13.493878573
13.3338207202
12.8000903422
11.5916076582
9.74476102758
8.18487755351
4.27108619435
3.16329697662
2.74529249751
3.2501285547
3.46240218246
3.90173780838
4.28838098747
4.24817231869
4.33745581457
4.8918631395
5.68391563269
6.57722916339
7.4849053076
8.30676860509
9.05191609252
9.65329249885
10.4257862693
13.2065122802
15.2441291622
15.5747132514
14.8096831588
13.1603977696
13.0378598957
13.9955777041
14.814120663
15.5521954318
16.3417814099
17.0330347225
17.6278683829
18.2276903767
18.8699239555
19.4720304698
20.2083181721
20.4303438158
20.193354883
20.6774890085
20.37502991
19.976456851
20.5970122222
20.4540966555
19.9414647084
19.9818610199
20.635675399
21.308605912
21.6544271273
21.7470042164
21.6769222385
21.4839927006
21.1894129983
20.7955013256
20.3275103354
19.7898507
19.0736937301
18.0558474586
17.0664348113
16.1579572316
14.5134607908
12.6627662813
10.8943964186
9.20471140967
7.63175974128
6.32415850826
5.1113998303
4.30191283044
6.20751664922
11.1286849478
15.7001108972
17.9578281062
18.1053022898
16.548690284
14.9015078531
14.2251805504
14.1361639863
13.4854476141
12.8941694786
12.8548870474
12.4935923842
11.4954402224
9.86473514115
7.43292027455
7.60603242951
3.09029318728
5.43245266225
3.49409300521
3.56159713316
4.22676531391
11.8040322155
10.1611372943
4.98098158916
4.88092656907
5.69309217698
6.6024386673
7.52525685878
8.32289442611
9.11088926698
10.8897118041
13.0544723619
14.7072535941
15.0071419364
13.6956616567
12.6263383838
12.8372403889
13.2988348636
13.9287206146
14.7615932383
15.645252599
16.4805928671
17.2086264207
17.7729905474
18.4103038657
18.9526012
19.7497442642
20.1853218667
20.8136122876
20.6199774161
20.0837135226
20.5047613538
20.2102840443
19.9245043823
20.0093715192
20.1008330768
20.3206598331
20.8055597357
21.3332228464
21.6737458157
21.8058828333
21.7725312889
21.6079502919
21.3342846078
20.9614838046
20.4991906868
19.9364974951
19.2233270921
18.3288171243
17.3169138354
16.1107574992
14.5554709077
12.7902164858
11.0495227204
9.43722733102
8.02652371236
6.89949995655
6.09837954215
5.97337765926
7.28516407753
10.4750093875
16.0809344283
19.6318414399
19.8413279953
18.2024441798
15.8744477121
14.2913302871
13.515910247
13.6809872284
15.0528230371
14.9685078337
13.6297882769
13.4648329219
16.7250735738
13.1406405012
11.1692944882
5.52094790205
7.46815936841
4.15401140947
4.47135926552
6.42011552874
11.6907997002
8.02289761454
5.34123778983
5.39424351274
5.91767979808
6.75189756973
7.69338458772
9.11362473378
11.5156954107
12.5176354485
12.8229341938
12.6857654335
12.2728424814
12.1906202577
12.6830143176
12.9766730124
13.3247822576
14.015770101
14.8705756448
15.7802534206
16.6578814634
17.3400472782
18.0770388704
18.5312380585
19.3549853552
19.7777794494
21.0137107044
20.7188400172
20.150051612
20.2911853197
19.8399660269
19.7985406463
19.9402407826
20.1283766357
20.3198335955
20.5812301549
20.9809152638
21.4161866867
21.7386669318
21.8948057209
21.892444304
21.7553509967
21.5055109728
21.15633497
20.7115013279
20.1572704531
19.465091003
18.6161737028
17.5978583136
16.3269609142
14.7549790972
13.0348140738
11.3806354766
9.92524861393
8.75378967163
7.93295026881
7.54062630414
7.80654162346
8.36112255753
10.5930510479
15.5703226587
19.7097689961
21.1393340088
19.992290361
17.2529090085
14.803888697
14.4834865622
16.6971504488
17.5407905953
16.4829256567
15.5456199987
18.1625703365
21.1529695299
16.4872773993
15.60565471
9.83413478633
8.97984698075
5.16537008809
5.79939017551
11.9642521256
11.4137979421
6.2289060026
5.89084594215
5.99372579493
6.26186742772
7.02227159919
9.74993259289
13.0629420132
13.4477994566
13.0105976417
11.9123596549
11.335467053
11.525787448
12.4197110688
12.6715263987
12.8345068674
13.3883712432
14.1669712878
15.0679297517
15.8963242445
16.7907383194
17.8070124042
18.1759252877
19.2031529258
19.3811465501
20.9250950045
20.7263455888
21.5831623493
20.4870787492
19.5449596256
19.4790635718
19.7448733477
20.0395040324
20.3001901881
20.5414621965
20.8231695654
21.1806677338
21.5579564057
21.8595427483
22.0268441088
22.0483351231
21.9368608847
21.7136306316
21.3944406238
20.9807772036
20.4577711317
19.8000955363
18.9774645658
17.9448854461
16.6446942107
15.1022514296
13.4865817754
11.993121078
10.745057601
9.82468087529
9.27441015045
9.24046534137
10.0389442208
9.23843014865
12.2778293107
17.4010056403
20.9830746477
22.3981655232
21.50054711
18.1690225394
16.0107910184
17.7805256334
19.9503882008
19.4080806319
18.388053743
18.4401700679
22.9529331485
24.5160134246
19.5362997048
19.3359186482
11.9300559239
8.72960060056
6.28401098534
5.90302427225
11.8742458303
8.12843036193
6.34671149795
6.44580996793
6.5463772306
7.22459915511
7.65155562688
12.8885790637
13.4988466767
13.4803884022
11.9736798712
10.7412075345
10.8631264566
12.1889639296
12.4176053211
12.3350589445
12.8495217829
13.5058103091
14.2853860883
15.1842625753
16.2495751941
17.285900979
17.8209942438
19.2115553907
19.2391313761
20.9397941427
20.5709199223
21.6515996354
20.8908606071
20.2065081816
19.2909518067
19.3801921532
19.8001233007
20.1856178039
20.4884487002
20.7619487792
21.061485131
21.4011838082
21.745356953
22.0300004721
22.2024793207
22.2420752365
22.155608191
21.9641954869
21.6845878598
21.3160469629
20.8399283484
20.2247561877
19.4275554206
18.3991443897
17.1195962359
15.6659768009
14.2130024844
12.9249099327
11.8784407413
11.0951333857
10.6682632707
10.6600751315
10.6057457708
10.7526646764
13.6468724053
19.9427903876
22.3577942006
22.7483682615
21.7183401442
19.486632194
19.2416430014
21.762054019
22.1779300469
21.3162514056
20.7034786041
22.6262594741
25.3255039296
26.7563312301
22.1914352296
21.0558644122
11.5918298663
8.26112277092
7.38534207227
11.9728391749
11.9222018297
6.96217875795
6.95789638745
7.07834319853
7.19980544398
7.74199418027
12.6753426202
13.5851481214
13.5971919148
13.0256377379
10.6642179995
10.2460338462
11.8434975123
12.3648682834
11.9986019087
12.2007556949
12.8998538582
13.7076436475
14.5074936701
15.4717942069
16.3449379458
17.7019615437
17.9364271935
19.2083411846
20.7558559199
21.0534379613
20.1988097653
21.0233994351
21.0281092793
19.4634375661
19.2427711115
19.5121189758
19.9317252072
20.342634144
20.6835083756
20.9879865913
21.3054418373
21.6434214046
21.9720452632
22.2452297151
22.4201753246
22.4750799947
22.4153773314
22.2627349289
22.0334320385
21.7233367726
21.308084073
20.7475704544
19.9917810604
19.0036028109
17.803369049
16.5005829834
15.2490748878
14.1390544665
13.1616125058
12.3518974084
11.901847484
11.8484115516
12.0243520108
12.5356415291
12.8775962947
19.9910814611
24.1002376137
24.1834705696
23.6337384798
22.7288782555
23.5710433494
24.9057695399
24.201255965
23.4866264726
23.6561599921
25.9165827829
26.5436194529
27.0897905748
24.2146042825
22.0827995262
10.7905456808
8.07401045531
8.03616976958
12.9187495669
10.771051473
7.47579784131
7.61825941373
7.86301132217
9.18614357824
7.79677326636
13.4491734179
14.0717745311
13.6138962999
11.6674553055
10.1870172954
10.3821976618
11.9433007741
12.0327816742
11.8637123853
12.2309410319
12.9017443922
13.8090406203
14.7269676544
16.149027157
17.3593323307
17.6339051097
19.6531303251
19.0330891467
21.00628827
20.2850249857
21.6269857988
20.1987949152
19.6233334746
19.3400744613
19.3999640113
19.6997219946
20.0967080525
20.5110076245
20.885515392
21.2257183288
21.564373688
21.908285446
22.2332407913
22.501625302
22.678660067
22.7485493197
22.7198210681
22.6141710917
22.4458395307
22.2073162706
21.8684454933
21.3816906323
20.6968932103
19.7977514595
18.7391959205
17.6363582781
16.5770365882
15.5260671498
14.4148906234
13.4631892159
13.1035162053
13.4180473192
13.9789960033
14.409292292
14.5184436191
16.6304450447
24.2454116099
25.9776310649
26.0494962661
26.7342975683
27.7975202911
27.4338383971
26.3903992327
26.138585552
27.05364464
28.1634438604
27.9508870964
27.3003409441
26.2658997639
24.8904477011
10.1450957471
8.4206591921
9.19904575158
12.9544744179
8.59463960824
8.48347065921
8.28358510814
8.5377520717
11.8359108343
10.4817675689
14.281041814
14.3120542215
13.645326368
10.8624727974
10.1737409523
11.8522284667
12.1929623938
11.7535933963
11.8261673437
12.3997172421
13.0359855741
13.8869781696
14.6626828243
16.3244551513
18.5270543069
17.5512367352
19.5922738905
20.7903351429
21.2607675148
21.7261680307
20.6629425946
20.5565043567
19.2581328789
19.2271165143
19.5568902624
19.9052946699
20.2852200461
20.69321709
21.0931245473
21.4731392997
21.8420438288
22.1994905027
22.5273784879
22.7963021203
22.9783561229
23.0646911754
23.0711388863
23.0211091039
22.9249006742
22.7712371832
22.5265090948
22.1394861696
21.5659175111
20.8135274095
19.9581086681
19.0782316421
18.1195321617
16.8844125908
15.4827169919
14.5855579002
14.7217744044
15.6188844937
16.445491175
16.8753923772
16.8964627373
15.9963942759
16.4553120009
27.729850453
30.6040247226
31.6595200956
31.5258577563
30.0848014467
29.113102685
29.3045192057
30.3349431749
30.5554825803
30.2211456067
29.874657346
30.1829243207
30.3519466791
9.99939461027
9.18646314816
12.7086789152
13.032287682
8.56715249386
9.20985316362
8.93684565525
9.4909555216
11.2256217849
14.0720913183
15.0592943295
14.5329659052
13.8275396025
10.7773329665
10.3054547948
12.399834947
12.2647424378
11.7037461628
11.8518238133
12.546197474
13.4342685865
14.246156804
14.8573395451
15.935254161
18.6980483963
19.8485174979
19.1068669456
20.936514199
19.8814379916
21.7655673866
21.9360993859
20.4663096181
19.1944673716
19.331298306
19.7464459197
20.1217254553
20.496923278
20.8978935658
21.3097187697
21.7272760125
22.137098596
22.5178935092
22.8547366368
23.1283433746
23.3187759953
23.4257900182
23.4728129277
23.4849992258
23.4698558016
23.4138441961
23.2827014206
23.0266253742
22.6139168068
22.0749759464
21.4776358997
20.7815121716
19.6681679458
17.990802346
16.5911894515
16.27528818
17.2906110918
18.8064941381
19.8108515966
20.1931824062
19.9011867004
18.7551294024
17.0315154092
18.3364274131
32.1329156213
37.3691145497
36.0592141006
33.6284737321
32.7163891654
33.0530022007
33.6567328152
33.8112759621
33.98237198
34.4306071745
34.9993359528
35.650082206
10.2418324567
10.001256766
14.3175821443
13.6436782948
11.6199013639
10.3934862691
9.80297395542
10.9701032748
10.5783474006
15.0209424542
15.6529678868
14.820101255
13.8296015768
11.3148699219
11.0677664191
12.8795564797
12.2505286164
11.7635615254
11.9696174225
12.5929072029
13.5997331378
14.7062350499
16.4517586675
16.0850426352
18.1666140569
20.2408566514
18.9345777268
21.2295283841
21.914620748
20.7712291834
20.8499974013
19.5951411605
19.4979540584
19.6623136033
19.9923308619
20.363770384
20.7393651869
21.1363589138
21.544119547
21.9814439737
22.4406316388
22.8654920225
23.2188681667
23.4979326648
23.7003251703
23.8340045522
23.927145315
24.0057372971
24.0764703744
24.1268817582
24.1259315704
24.0352546191
23.8455176412
23.5933947921
23.2711310737
22.5607502216
20.9276655052
19.0333657456
18.28452959
19.0488451852
21.1913641961
23.1990026325
24.3112272778
24.7815744671
24.362343524
22.8671016117
20.5801793134
17.749590366
27.7244665718
38.2648001806
41.150234144
38.3898180807
37.5185345125
37.7360004577
38.0836021681
38.1590286956
38.9021063429
39.641660426
39.5760757646
39.7742811893
10.7691405309
10.6096482279
14.0025952332
14.0606629312
14.0447490863
11.453335877
10.802402674
13.910096586
10.8506112781
15.8707818443
16.1033567578
15.1192428541
13.8397512569
11.8621234917
13.8649660253
13.9516990301
12.390490108
11.959181623
12.2192720359
12.7442503861
13.5656472844
14.6839933057
17.8271674246
18.7679914396
17.5842182224
20.3283388712
21.1818035225
20.7544191694
21.8868418661
22.0839656678
21.26195243
19.6021289658
19.6979303583
19.9938401159
20.2922854592
20.6351212042
20.9948533471
21.4054898402
21.8316645668
22.2639699119
22.7445005949
23.2228791225
23.6170217951
23.9098592809
24.1254975662
24.2909827523
24.4356280516
24.5814172785
24.7352659057
24.8902510208
25.0280590068
25.1395061272
25.2442838156
25.3393647973
25.2080255444
24.1193109019
21.93755812
20.5672230099
21.5239579985
24.0878416759
27.334317022
29.58852033
30.4060828712
30.800032686
29.6252075628
27.377579325
24.433029586
20.0000091751
22.3900518017
34.6513030561
41.7751905046
43.0553208755
41.5834562103
42.2018441948
42.6727674186
43.3142771886
44.4061383351
45.0781476857
45.0578124809
45.2392970519
11.3564059063
11.2590690327
10.9265108971
14.3410808923
14.5196382686
12.1418552218
11.7082059279
14.8370914964
11.4251973648
16.7352572773
16.5013601329
15.4305966987
13.9678236554
12.1235236249
15.0375118401
14.4442881221
12.7575895059
12.3229102985
12.5579446716
13.0661650646
13.6575054496
14.5873481277
18.3792383498
19.8295194766
17.911862737
20.4031060965
21.7183050904
20.1036715366
21.517097899
21.5546347803
19.9415765217
19.9584332727
20.148928368
20.372511931
20.6213830946
20.9622023749
21.3101135896
21.6764619892
22.125631244
22.5989626547
23.0879738186
23.5923735369
24.032121808
24.3579788421
24.5975134415
24.8005391751
24.9988228893
25.2045118449
25.4284703281
25.6729770499
25.9379190614
26.2845488705
26.75769419
27.2274532052
27.0126252361
25.2064982413
23.5567694972
23.4330366276
24.0536729448
25.6284855355
26.8643300526
25.2371586144
20.3560339784
15.6879667535
10.8768724951
10.1788735589
14.3870763871
18.2707865928
20.3771135492
19.8988534864
43.3949172275
47.3311307857
46.8644935891
43.0800221188
41.5933226361
45.950682034
49.3027244256
50.6717334214
51.8010174036
52.3110600547
12.1207697325
12.2021143402
14.9552055823
14.9264013463
14.9016657502
12.7201815215
12.711165112
15.6091346866
12.3823311675
17.4703734165
16.8724960725
15.7594009418
14.1714242245
12.475352071
15.2800375845
14.5550918169
13.1255593845
12.7382409311
12.9201380308
13.3685506723
13.9109139172
14.6357278774
17.7062458338
20.6417898876
20.7444307898
19.6872993821
21.9341065818
22.6218480229
20.1016058628
19.735167772
19.8584945851
20.1837259032
20.4846402976
20.7405849959
21.0119120627
21.3079157825
21.6503831241
22.0300741307
22.4392086143
22.9398030105
23.474143493
24.0011700739
24.468683241
24.8308276021
25.1123558488
25.36255106
25.6135121114
25.8758313684
26.1435000374
26.418469548
26.7755486851
27.3755888959
28.258797766
28.9847534666
28.1379237695
26.0593461459
21.4976959276
12.585826288
0.0677033238014
0.00126919529164
2.1513729955e-05
6.22445585806e-08
1.76885448268e-10
3.06185362974e-15
2.3949909935e-15
5.81448739432e-15
3.91942421539e-14
1.83583642007e-13
6.78158889965e-13
4.30959376631e-12
3.37431571582e-12
2.92740234161e-10
1.66618107116e-07
1.67486750989e-05
0.00127094151201
0.29266711914
42.8131885241
55.0234007738
58.893345151
59.5927538267
12.8300310823
13.017860781
16.5382232237
15.5148508904
14.9030015127
13.3129825488
13.6926808986
16.2347393832
16.2122755205
18.3716885101
17.2927574049
16.1720418591
14.4463551438
12.9751036127
15.5360073779
14.6128538222
13.4894333372
13.1639307137
13.2800027828
13.6525319141
14.1722007141
14.9019306213
17.1204338626
20.9009262379
22.1403498706
19.2820584562
21.4779437357
22.6358495748
22.1599033283
20.2530785345
19.9680961414
20.4081009628
20.838666756
21.1702085295
21.374805852
21.6793902684
22.0039095975
22.3962687513
22.8162506316
23.3100442241
23.8828666161
24.4535254184
24.9367732993
25.313183158
25.6460545538
25.999816782
26.3437945908
26.6265401359
26.815203491
27.0449231278
27.4860283776
28.2731180777
29.5117062057
30.1118058251
26.7518281744
14.3392287163
3.40389421634e-05
1.37841289092e-07
3.98614694561e-09
5.80309925999e-11
4.71489551759e-14
7.86725500684e-17
5.54566415974e-18
0
0
0
0
0
0
0
0
7.71307311583e-22
2.60145988302e-19
3.89122948745e-17
2.25756673545e-14
3.15326668443e-11
1.707574501e-06
0.0259315801765
44.9801742972
62.6429347593
13.4043461128
13.6149052076
18.7287579506
15.9507250802
14.6294953413
13.8423457753
14.3861982968
16.1900923577
17.792983148
19.4144034896
17.8651542644
16.7118595959
14.9647407739
13.7786050118
16.0000584603
14.8304354717
13.9394131271
13.6437114331
13.6796346438
13.9718205528
14.4249420502
15.1048932238
16.8755346109
20.7710166058
23.1329110058
22.2465562697
20.9082443435
21.9865987219
21.8060238386
20.0852124218
20.4303543005
20.9109966443
21.3970309592
21.6551050458
21.8733319987
22.0797407845
22.4200384936
22.7853795088
23.2258580066
23.729834435
24.3079603802
24.9235235091
25.4830415112
25.8772230017
26.2471229603
26.7051674101
27.1517293058
27.4118915996
27.4759470032
27.6208716157
28.0603062083
28.8207106159
29.8246469507
27.8229647991
0.225409649519
4.92805853117e-08
1.61618862643e-11
6.53519931223e-13
8.91054753106e-15
2.44351429599e-17
0
0
0
0
0
0
0
0
0
0
0
0
0
9.93829382873e-21
9.87585626417e-20
2.16500167213e-18
1.04977937311e-16
5.82966574448e-13
0.000485240160877
9.35378734239e-09
13.8491412597
14.0474723244
20.8215265167
16.2723216099
14.6413778831
14.3401767525
15.1811911256
15.3949886734
18.7427255631
20.1555251474
18.4252584495
17.2683739731
15.691439674
15.7375264558
16.6498407876
15.2947573212
14.5905739957
14.3283488684
14.1877955895
14.3792734108
14.7309291785
15.3384408184
16.8347566552
20.6375767477
23.5406875943
23.9141884991
20.4598370503
20.715240361
20.2789324895
20.202934986
20.7170098329
21.4245590685
21.8997528467
22.172518756
22.3997267476
22.7097323134
22.8958250912
23.2436676143
23.6710201594
24.1627285519
24.8084143718
25.4804541465
26.0698573868
26.4143206007
26.7882163238
28.0476984988
29.83280597
30.3018743697
28.9900579981
28.7185155576
28.9744396372
29.4982333613
27.6868100554
0.0260784043466
3.93035714872e-07
1.76322001324e-18
1.78175566654e-15
2.90733422679e-17
0
0
0
0
0
0
0
0
0
0
0
0
0
0
0
0
0
0
1.53543523851e-19
1.03977138279e-18
1.91742463633e-16
94.382648814
14.2501949731
14.4154762918
20.6013072575
15.5630135271
14.7686354081
14.7680112435
16.0875796929
15.2899182942
19.5365002969
20.8546222928
18.9665910464
17.7911302594
16.245847705
18.0474841363
17.5747865643
15.9662610426
15.3451745468
15.4105347712
14.9212615235
14.957586861
15.1374741874
15.6046483572
16.9415093003
20.4883347838
23.4041987102
25.0313935918
23.4490685031
22.260557333
21.4879395318
20.4944546155
21.035493152
22.125624995
22.3150984236
22.6784157424
23.238323457
23.2870768783
23.4729250345
23.8143779489
24.246494582
24.7277389283
25.2866204241
26.0029428986
26.7406234183
27.6078847981
28.7579148261
30.4633016686
31.7465396515
31.449086694
31.107631454
31.5094273983
32.1244208207
33.0923698981
0.118594407392
1.08253011458e-06
1.42279365451e-10
1.93242649237e-12
0
0
0
0
0
0
0
0
0
0
0
0
0
0
0
0
0
0
0
0
0
0
4.72450947645e-19
3.43875133465e-08
14.7337419171
14.8792593588
20.1748219375
15.121315264
15.0211042167
15.112290837
16.8576887533
15.6988792808
20.2073693118
21.5409783666
19.5115552482
18.3276760945
16.7169996122
18.7518634853
18.4295357
16.7139387315
16.0860008112
16.2769265466
15.8072410068
15.7617538323
15.754304549
15.9055459811
17.2115532411
20.4649134123
23.122062158
25.3765745344
24.6761858721
22.6855391092
20.6329990541
21.0269871656
21.6104982452
22.6556293816
23.291705859
23.7576631498
24.0786482824
23.9601446504
24.12749279
24.4854624246
24.9195721677
25.4225320643
25.9725955205
26.7631040035
27.8977489383
29.5619718288
30.6357352149
30.8151764206
31.3521197537
31.6772127005
33.5954926004
35.6382689346
39.6177353318
1.08062567745
1.43486459851e-06
2.47435043489e-10
5.07502016458e-13
1.22876000527e-14
4.12453024847e-17
0
0
0
0
0
0
0
0
0
0
0
0
0
0
0
0
0
0
0
0
0
7.93969707403e-20
1.05049444244e-19
15.4710565899
15.6182553364
19.7536129842
15.3409559438
15.5620671171
15.5625012887
16.7681507624
16.4116910309
20.6656805068
22.1902835173
20.096223819
18.921249903
17.3218903931
19.402809584
19.2096083146
17.5711811575
16.8993037454
17.1274968999
16.6661706732
16.7157773575
16.6653312013
16.3734945914
17.6808808706
20.6219566427
22.9902631883
25.4781160851
25.1997829208
23.2981246257
21.0523835757
21.2374188649
22.3071901879
22.7168717322
23.1903974313
23.9040901381
25.0329316688
24.99810769
25.0718287687
25.2513759737
25.6369448044
26.2231986132
26.8895095672
27.8075988543
29.8757374897
31.7874281737
31.8173501326
31.8052574147
32.858003157
36.3121355963
40.5856529924
43.4936514386
0.308738121528
5.12868226958e-08
2.12236865553e-12
6.95855028694e-16
4.36611712784e-18
8.84976558683e-18
1.35899376353e-18
0
0
0
0
0
0
0
0
0
0
0
0
0
0
0
0
0
0
0
0
0
5.86846312293e-21
2.66469666607e-20
16.5982821949
16.6978788128
19.9513471996
16.2560695257
16.7338690885
16.3941890754
16.9877912989
17.7738155095
20.6174257445
22.6557946886
20.7513192546
19.5938765556
18.0428380949
20.1450673691
20.0205825938
18.6039666718
17.9146695544
18.1399439536
17.5312405301
17.7745799689
17.914462183
17.0904571323
18.2044642298
20.9568046898
23.0432591091
25.3171738883
25.4295531971
23.8638362947
23.2584495762
22.1297128241
22.7510482575
23.6839101981
24.8295567698
24.4751622478
25.148730706
26.0725345282
26.1042198295
26.3929112819
26.6445625129
27.1035752249
27.9156671256
29.9121736322
32.8923553386
33.713711333
33.2682572052
34.4272509799
39.3449871967
46.4908276287
48.8220029869
0.0111053629345
7.77023048393e-10
7.25456964683e-15
4.96381570057e-17
0
0
0
0
0
0
0
0
0
0
0
0
0
0
0
0
0
0
0
0
0
0
0
0
0
0
0
18.192344831
18.0322091132
20.6810806052
18.1876499464
18.7437548516
17.6474504384
17.8869727891
19.7705671675
20.755248934
23.2350628054
21.5345676352
20.3573865358
18.8575060651
20.9247452498
20.8266130688
19.7498843453
19.4476880308
19.4817439201
18.4871653717
18.9418730823
19.4865945325
18.1533292915
18.5910769002
21.3698105551
23.2858535807
25.1573270777
25.6081941311
23.9612571486
24.455438268
23.7718682996
23.8890031825
23.257711725
24.352466623
25.8369592696
26.112275142
26.7211127508
27.1408880043
27.43526768
27.8780887375
28.3490219696
29.8038081901
33.3656842863
35.7572672351
35.9337392811
36.562928315
40.7824624308
49.1204455914
50.7472554642
0.000157527163572
6.93428830027e-12
1.2122599544e-14
5.55078376408e-17
0
0
0
0
0
0
0
0
0
0
0
0
0
0
0
0
0
0
0
0
0
0
0
0
0
0
0
0
19.8940359006
19.2866934216
21.4938857782
20.7898032854
20.47245515
19.1226407334
18.8923315231
20.9070478003
19.8200025491
23.6739734714
22.4292047532
21.2044644565
19.7578665916
21.7207318933
21.5757727044
20.7016947029
21.6382543269
21.1125845842
19.5745259399
20.2554287496
20.8588345957
19.5426899649
18.6732162212
21.3396506024
23.455768896
25.034211979
25.6677279092
24.0291825614
24.8097164491
25.0822477515
25.2166741039
24.0255322189
24.665068167
25.6499670115
27.0640130286
27.9669672493
28.4237971471
28.66496399
29.0642331204
30.1187049391
33.406200997
37.1684940462
38.8378732515
39.6023580257
42.2988925725
48.5635809181
47.3345991222
7.30342719641e-06
1.86711719264e-11
2.70304606246e-14
9.46658877377e-17
0
0
0
0
0
0
0
0
0
0
0
0
0
0
0
0
0
0
0
0
0
0
0
0
0
0
0
0
0
20.7238055524
20.1766816765
22.012094837
21.8354104483
21.5379038975
20.536028486
20.0901257282
22.3035347644
20.8529662514
24.2483510718
23.3339142432
22.1013789058
20.7385815023
22.5524617614
22.3455623025
21.5047962633
22.6019539144
22.2112914949
20.6490236778
21.5705885706
21.5845597453
20.3312615732
19.7567774693
19.9553423226
22.9619864732
24.5427980163
25.4603100761
24.0110041433
24.8755349782
25.6158635854
26.2891967819
25.9653492533
24.8884335189
25.6763662622
27.2928065271
28.8515317334
29.8256830168
30.3553436983
30.7702834904
33.4573957931
37.794582932
40.9444317576
42.2704981308
43.8322537608
47.6402200819
42.9945962744
2.59248787554e-05
9.86370860035e-11
8.88523159757e-14
2.53055995868e-16
0
0
0
0
0
0
0
0
0
0
0
0
0
0
0
0
0
0
0
0
0
0
0
0
0
0
0
0
0
0
20.8100222588
20.7610377297
22.3485626939
22.0544789883
22.2337977893
21.6487236276
21.147027557
23.6776417939
22.5783586837
25.0024426586
24.300843034
23.0346045591
21.7941435016
23.4348466011
23.1916933952
22.4519305639
23.4021796367
23.1767388594
21.7944265626
22.6015213167
21.2450868483
21.0799379922
20.8115620926
21.096874471
21.9571465952
22.9011808279
24.633733708
23.8613820957
24.3976242809
25.649930385
26.7518631845
27.3517426413
26.4791837641
26.4715381022
27.4322454809
28.9459954813
30.6878616137
32.1230545297
33.5658685051
37.7181611581
41.9413924493
44.3776482506
45.1688710743
46.2785751019
40.6059153598
3.53404773265
6.69000297919e-10
3.08633469773e-13
6.91367843643e-16
0
0
0
0
0
0
0
0
0
0
0
0
0
0
0
0
0
0
0
0
0
0
0
0
0
0
0
0
0
0
0
21.0867197382
21.1947666212
22.6637351071
21.1127619471
22.5455065832
22.2762101366
21.8746808254
24.2973034106
23.4433578448
25.7928765165
25.318488376
23.9784388071
22.9336563358
24.3554710844
24.0863306116
23.5386360616
24.2816986283
24.2534235434
23.0612588728
24.0156447261
22.6075985287
22.7752957988
22.0775864668
22.3865698854
23.8456344527
24.4524789745
24.2909177935
23.6511768567
23.9114646001
25.6220748633
26.7846452244
27.6158525121
27.943377038
27.592446261
28.9182535343
29.7201433958
31.4111729912
33.8102398091
37.1119055617
42.0038574771
45.6227757644
46.9897164832
45.5185707895
39.755341057
33.193012851
2.53163632475e-08
2.58982434528e-12
5.89586184933e-15
0
0
0
0
0
0
0
0
0
0
0
0
0
0
0
0
0
0
0
0
0
0
0
0
0
0
0
0
0
0
0
0
21.8360681391
21.9109084572
22.9960961021
21.5610625004
22.8232460955
22.6359129633
22.4051351868
24.5133094091
24.0682415218
26.3893615825
26.3288950059
24.8766465445
24.1466984286
25.2721107097
24.9524164733
24.5981066339
25.1292285249
25.4198024476
24.3751796502
25.4314029189
24.4026142395
24.8976313591
24.6063360687
23.3252282161
24.5417336157
25.548462697
25.631507778
23.5401361043
23.3520982505
25.557330411
26.967252586
27.2311537503
27.7053107426
27.9562919694
29.2243150357
30.347280681
32.278425233
35.5732344841
40.8225554035
46.237527159
48.9598751852
48.3601932858
43.4249905368
35.7941332196
1.20900387227
2.94464906603e-11
4.10846831936e-14
1.66599303773e-16
0
0
0
0
0
0
0
0
0
0
0
0
0
0
0
0
0
0
0
0
0
0
0
0
0
0
0
0
0
0
0
0
22.7788339983
23.8617540758
23.4813253632
22.5870008624
23.3946358909
23.0591724303
22.9222949045
24.7072676628
24.6473387753
26.6384559931
27.319959371
25.6931008197
25.2307438008
26.0260967372
25.7843464771
25.404618871
25.4055699208
26.4896033136
25.7677481286
26.6692978712
26.4052632052
26.2268770402
26.0249269202
25.599238532
24.8167069143
25.6201555524
26.6217662922
23.0233509171
22.9012727285
24.8758447381
27.0451597868
27.878728684
28.5834003178
28.0390188734
29.1235707071
30.6488559657
32.8089473957
37.2203031723
44.4429198901
50.1853527764
51.5829373927
45.8796434174
40.936684636
37.3274436734
2.2211022041e-09
2.78475709552e-13
7.10736991585e-16
0
0
0
0
0
0
0
0
0
0
0
0
0
0
0
0
0
0
0
0
0
0
0
0
0
0
0
0
0
0
0
0
0
23.5056158511
24.6218245275
24.2277910132
23.520691223
24.1363559603
23.6699983324
23.5123436817
24.9894414596
25.2162618259
26.6250717422
28.2128950471
26.4921194244
25.8979485639
26.6593215351
26.700725571
26.1462117751
25.6386350703
27.2572745633
27.2139542775
27.7527044953
27.7556005882
27.8611221234
26.5333178948
26.4949765497
26.0008674851
27.3066934828
28.0055973551
25.0501158382
22.5525046117
23.9124357847
26.4311845559
28.1498979737
28.8420748768
28.7013616389
28.8541659965
30.5878207452
32.8381548719
38.5186572225
47.8412950551
54.1370170965
52.097997885
44.4018222208
36.7549044649
12.9812899944
9.54779925925e-12
8.21097096034e-15
2.75935255094e-17
0
0
0
0
0
0
0
0
0
0
0
0
0
0
0
0
0
0
0
0
0
0
0
0
0
0
0
0
0
0
0
0
0
24.0568624855
25.0493055807
24.8878490497
24.1914663735
24.8674003325
24.4206226103
24.1828109067
25.4379745407
25.837098421
26.2518863166
28.8404039667
27.3542929213
26.3907221404
26.6777358085
27.6407871812
27.0332933424
26.2493445178
27.9024600996
28.0194280116
28.6460341078
28.7585784941
29.1343168066
29.2089059667
29.1378699416
28.7153027741
28.2649653964
29.3878336914
27.0281841012
22.7322472796
23.1457222776
24.6556432514
27.0252961594
28.735569237
30.0610418146
29.5431353126
29.9923474853
32.0856835884
38.75947613
50.9104000218
56.9299527767
51.1825174489
48.4032970365
41.1179612575
2.13119997328e-09
1.17646042406e-13
3.21667133562e-16
0
0
0
0
0
0
0
0
0
0
0
0
0
0
0
0
0
0
0
0
0
0
0
0
0
0
0
0
0
0
0
0
0
0
24.5848997047
25.4450884885
25.4371474448
24.6827663925
25.5114647429
25.2625965645
24.8609019202
26.000315852
26.6613286817
25.7786281273
29.2356057664
28.3116775271
27.0845392272
26.3208114865
28.454806615
27.9877866695
27.1902502455
28.7195459056
28.6287376255
29.088986571
29.8182898701
29.0720277344
30.5839904374
31.0185850471
30.9381574731
30.9151012853
31.2166837937
30.1323816721
25.0324335806
22.9454708077
23.8034523041
25.137474532
27.2586202683
28.7166176187
30.6522253726
30.3704324803
31.183011931
36.153868344
54.7804719752
58.5649966126
46.5620738274
40.8316035558
36.3850435394
1.13512165278e-11
3.99151815062e-15
0
0
0
0
0
0
0
0
0
0
0
0
0
0
0
0
0
0
0
0
0
0
0
0
0
0
0
0
0
0
0
0
0
0
0
25.0877598561
25.8114903761
25.5376954142
25.0539782971
26.0467069825
26.0398558989
25.4422471869
26.1082962971
27.7145250838
26.7999408921
29.5276252016
29.3354049642
28.0410066051
27.0978854205
29.2463455394
28.9375857196
28.4294520418
29.7790319513
29.559233228
29.0662594017
30.9516870636
30.4983761308
31.6544762265
32.1045578323
32.4740722187
32.9977416068
33.5268486823
33.5162573023
30.8373271302
24.4501098115
23.8830373768
24.7376294515
26.9134591763
27.7608088201
29.3726442375
30.9073448836
31.562183866
32.2371253155
52.2750027322
58.0294863991
51.2586451894
33.9286991432
2.90715903579
1.99690279672e-13
3.28608107958e-16
0
0
0
0
0
0
0
0
0
0
0
0
0
0
0
0
0
0
0
0
0
0
0
0
0
0
0
0
0
0
0
0
0
0
0
25.5346534564
26.1216576069
25.5379440226
25.5770470908
26.58066497
26.5535190468
25.986812381
26.0845948918
28.2608347357
27.8733394166
29.4849102487
30.3665416166
29.0459800227
28.4200265438
30.0591508327
29.8404404694
29.7967804277
30.7763064304
30.8303140083
30.2969580329
31.9834957145
32.0671309549
32.8458330722
32.9140921053
34.0640797002
34.5453335368
35.6313524908
36.6232350595
37.0271086066
32.3168756935
25.9001442169
26.1761572141
25.9759273439
28.1281740175
29.4242135596
30.4952697812
31.4271554696
31.6877226184
32.6233485538
51.5820676988
56.0011526254
45.8053266585
4.26802038023e-11
8.17237972405e-15
1.00099555729e-17
0
0
0
0
0
0
0
0
0
0
0
0
0
0
0
0
0
0
0
0
0
0
0
0
0
0
0
0
0
0
0
0
0
0
0
25.9972943701
26.1370782012
26.3231185074
26.8252459198
27.2218886157
27.0896167103
26.6370262993
26.5712238849
28.2992113876
28.5986061579
29.3132885887
31.2438575216
29.9637869626
29.5095294693
30.6362975992
30.7286348944
30.4631446032
31.3583489743
32.0458307367
31.8801627179
32.9856384988
33.2191710247
33.8176795503
34.6748734137
35.4342180375
35.2269429657
36.951151091
38.3107735919
39.7987621494
40.8600068401
35.514781629
28.6202954455
27.7757340752
27.5768092514
28.2127519948
29.0631836569
29.7401359369
30.0086357733
28.8360429486
32.0898010343
40.4097166903
40.8517540129
7.62985556052e-13
6.10753837717e-16
0
0
0
0
0
0
0
0
0
0
0
0
0
0
0
0
0
0
0
0
0
0
0
0
0
0
0
0
0
0
0
0
0
0
0
0
26.4768095385
26.5639803044
27.9872439939
27.9112696613
27.7697307311
27.6004628633
27.3708728864
27.2620789581
28.5705106344
29.3910109127
28.8212495256
31.6238499145
30.895498537
30.006164572
30.467932701
31.6490005887
31.0315490893
30.8595736003
32.882306667
32.7433698333
33.6587827884
34.4867383263
33.8866908262
36.0739732835
36.718395389
37.6160188478
38.5253856036
39.6429379848
41.3119854001
43.139481879
44.2547297437
39.8471425503
34.4200030168
30.6336445358
29.5753447495
29.5954867601
30.6989643926
31.6169589325
31.8552134467
34.2533010038
25.5951139778
18.235331763
2.97132573035e-14
7.72131251098e-17
0
0
0
0
0
0
0
0
0
0
0
0
0
0
0
0
0
0
0
0
0
0
0
0
0
0
0
0
0
0
0
0
0
0
0
2.34229191663e-21
26.8473543444
27.042788399
27.2582544578
28.0569428026
28.0326838664
28.0007695264
28.0619115918
27.8310640961
28.9196711554
30.0851958614
29.4030908535
31.4467203676
32.0139748343
30.7110242205
30.0834405549
32.3648958824
31.9470838859
31.5594681722
33.475022035
33.5373627871
33.4005238992
35.7817684524
35.5139674388
36.8944826219
37.5054848192
39.2003928266
39.9127716838
41.0030654199
42.6092104986
44.359609934
45.9542868388
48.0785151474
46.3369046216
43.2301300297
41.3468838864
40.9805457243
41.371657789
42.1908266416
44.5197557227
53.049745437
27.7438918513
7.82894600371e-12
2.48770431161e-15
0
0
0
0
0
0
0
0
0
0
0
0
0
0
0
0
0
0
0
0
0
0
0
0
0
0
0
0
0
0
0
0
0
0
0
0
5.86846312293e-21
27.1447133239
27.3761950954
27.2432009478
28.1140344767
28.4477012517
28.4184421937
28.5303935136
28.2034245586
28.751389547
30.3937983354
30.1153346477
30.9035142845
33.0555284296
31.7758350807
31.1935521678
32.7864866467
33.0134143413
32.6646509297
33.8958181405
34.7106465787
34.6053896041
36.4754361031
36.8092928605
37.650144602
38.9879243793
40.009358738
41.2197505571
42.5788458852
43.8366292496
45.7549716998
46.9406799184
49.7131417195
51.4442528699
53.3426101076
52.5748024335
52.5815821137
52.7147102691
54.9367931096
59.2839715764
64.0448228226
63.2921776737
2.1418472364e-13
3.36164235932e-16
0
0
0
0
0
0
0
0
0
0
0
0
0
0
0
0
0
0
0
0
0
0
0
0
0
0
0
0
0
0
0
0
0
0
0
5.86846312293e-21
5.86846312293e-21
27.4835348241
27.7476481188
28.1893091453
29.0509633657
29.1681376857
28.8896157994
28.8404150457
28.5069220714
28.6844571575
30.2696655785
30.8511501763
30.0496751229
32.9159095046
32.9930573599
31.9507012586
32.3843937776
34.0126467454
33.4449835821
33.4431731264
35.5086776423
35.5758931093
36.9283568977
38.0702906633
37.6831683402
39.9207228947
40.1976535246
42.6352525441
43.4310541016
44.5685401959
46.7400672941
48.4038485198
50.1213208877
51.8311865919
53.8681374849
55.0758743866
55.4555911606
56.3268776056
58.2767283601
60.4963391638
61.0604367298
63.3029372445
7.07128419219e-15
4.67885312273e-17
0
0
0
0
0
0
0
0
0
0
0
0
0
0
0
0
0
0
0
0
0
0
0
0
0
0
0
0
0
0
0
0
0
0
2.86417595108e-21
5.86846312293e-21
5.86846312293e-21
27.8131630622
28.0457464756
29.0939803606
30.1155833439
29.5610965563
29.226720007
29.0991526612
28.8405624363
28.8576897497
30.1730194914
31.3157938923
30.9404434431
32.0058994703
34.2641146709
32.8949995585
32.3850020573
34.5625687738
34.4854188099
34.1915886495
36.0036632417
36.5485109498
36.7423759222
39.0130909687
39.1009628742
40.5743402552
41.7799142157
43.0447637605
43.9878017492
45.5339779105
46.9140927728
48.5847226848
50.0775323553
51.5953344514
53.3993628686
54.8846973538
55.8186891359
56.1555235335
55.9837030393
54.4774070078
49.8463925503
47.6417674041
1.20698707837e-15
0
0
0
0
0
0
0
0
0
0
0
0
0
0
0
0
0
0
0
0
0
0
0
0
0
0
0
0
0
0
0
0
0
0
3.56572632784e-21
5.86846312293e-21
9.4087319501e-20
9.92795809514e-20
28.1080379469
28.2540916042
28.9044145524
29.5944909959
29.6034300686
29.3850874923
29.274966235
29.1850039784
28.9956870053
29.7083989656
31.1825985618
31.712133787
30.9884311148
33.8195662551
34.1878920458
33.0992685063
33.8748787373
35.4728233655
35.0217799623
35.5176434528
37.5210720864
37.5106637339
39.3172460572
40.4195736198
40.0613951697
42.3677291048
43.4864603364
45.0322663757
45.9278224182
47.0562977428
49.1936467663
50.4621286167
51.9602962068
53.5313387026
54.425229946
55.7920504737
56.044515846
55.5953753563
54.715686208
40.5446714902
34.0361114902
3.70896792343e-16
0
0
0
0
0
0
0
0
0
0
0
0
0
0
0
0
0
0
0
0
0
0
0
0
0
0
0
0
0
0
0
0
0
0
0
7.30325783245e-20
2.46517794332e-19
3.67415837618e-19
28.416603951
28.493304584
28.9730835643
28.0967553195
29.2687172917
29.4224302336
29.3535134466
29.3796481573
28.9919080241
29.3255557907
30.8003058012
32.1136364494
32.0206191685
32.6978202324
35.1098248752
34.3035460883
33.8269773888
36.0242947803
36.3365314375
35.8621175136
38.0689283363
38.6981924229
38.8074483488
40.6809076555
41.2968741212
42.552212603
44.2652150325
45.314012666
46.703075168
48.10897311
49.5741621369
50.8840518027
52.5910357516
54.2117700053
55.5381116114
56.3783516041
57.563101661
58.1614179951
58.8448962919
30.7007132817
11.16329576
1.1000573944e-16
0
0
0
0
0
0
0
0
0
0
0
0
0
0
0
0
0
0
0
0
0
0
0
0
0
0
0
0
0
0
0
0
0
0
3.32503410813e-20
1.19118085436e-19
1.6746856497e-18
1.13560817903e-14
28.5771950795
28.6630766742
29.5667129068
28.7044803145
29.1156071925
29.3720899671
29.3603256281
29.3701888638
29.0539804088
29.1346074611
30.0595390816
31.7051052812
32.8817187897
32.7224498549
34.2202189465
35.8520470209
34.7519940517
34.5452119723
37.1485259743
36.6191104253
36.7655536223
39.1753923914
39.3585819578
40.8247881367
41.9873726266
42.5857219445
44.3629020952
45.6223984619
47.2565140765
48.1959694532
49.8221072794
52.0028044208
53.9652042735
55.5328483321
57.164470599
58.9897990417
60.2004688031
60.2557561418
63.7723729392
22.5109442932
1.2426523544e-16
2.9327364321e-18
0
0
0
0
0
0
0
0
0
0
0
0
0
0
0
0
0
0
0
0
0
0
0
0
0
0
0
0
0
0
0
0
0
2.09808425273e-20
6.97427884277e-20
6.69129296078e-18
1.93960886781e-15
9.36586184645e-06
28.4458588212
28.5335989408
29.383275167
29.5537585344
28.5927701522
29.2404495216
29.3621451259
29.4169521322
29.3715773893
29.1124062519
29.4832605049
30.9954857085
32.5729271064
33.3972328417
33.1254182289
35.7528804094
36.3805531279
35.2163816529
37.0145427856
37.7688666906
37.3408874901
39.2393750745
40.2294358951
41.0790096215
42.3554181374
43.6512522629
44.5801100022
46.5722130779
47.3512028202
48.2754247329
51.0088450517
53.0249525088
55.0277743738
56.6985097059
59.3272388633
61.3960520824
63.5101474544
64.4934907992
70.1877492255
22.1696853324
2.29197208334e-16
2.01504997048e-19
0
0
0
0
0
0
0
0
0
0
0
0
0
0
0
0
0
0
0
0
0
0
0
0
0
0
0
0
0
0
0
0
0
6.74273937729e-20
8.34977397255e-18
1.92015032352e-15
7.21079007814e-11
1.46203582553
28.3599913827
28.4297188043
28.4910942893
29.8333682555
28.6871791499
29.208579118
29.4759729948
29.5683502272
29.7063482341
29.3101650843
29.4748050296
29.9300059019
31.842397634
33.4995211705
33.631501505
33.8616554609
36.3804433071
36.4082339439
36.1673975759
38.0414733277
38.533467626
38.9460366602
40.5766332884
41.6160629921
42.7108513982
43.8620555493
45.2830304668
46.5465523736
47.7289550287
49.5867079778
51.5258326458
53.5538035034
55.8883175592
58.6468441634
62.0537920821
65.8689990041
68.6361404558
72.9824118334
81.3968815278
0.159895644436
1.17615887985e-16
4.90161259639e-19
0
0
0
0
0
0
0
0
0
0
0
0
0
0
0
0
0
0
0
0
0
0
0
0
0
0
0
0
0
0
0
0
2.09808425273e-20
4.97731216144e-18
1.12096234479e-15
1.65936556436e-11
0.0415386915765
73.2539734104
28.6938056109
28.7734950169
28.7919076282
30.4718758697
30.7754139023
29.9848657849
29.8767394242
29.8593865872
29.9400340048
29.7910532339
29.6140406806
30.030329535
30.994680741
32.8125227153
34.2590187223
34.0079219266
35.3077712859
36.9504369679
36.9375619473
36.9661563528
38.9435307617
39.761994495
40.2859236274
41.8797386334
43.0149365395
43.9803065931
45.3777425464
46.7064334631
48.94654893
50.749225472
53.2775225274
56.189041259
58.4915904105
61.5247915104
65.3722421902
69.1592273352
75.3444112139
85.7958056431
99.9947812132
92.889711396
5.28605573962e-17
4.90161259639e-19
0
0
0
0
0
0
0
0
0
0
0
0
0
0
0
0
0
0
0
0
0
0
0
0
0
0
0
0
0
0
0
0
1.04564435986e-18
3.42510846494e-16
1.63783298081e-12
3.95024298385e-05
76.9381050961
77.3210234684
29.2136961127
29.2815332707
29.6939547525
30.649572587
31.5222442494
31.131751306
30.8714994882
30.4717642953
30.3139937999
30.3712988823
29.9125984035
30.199220468
30.3635116592
31.8033618315
33.478671432
34.750620476
34.8400807899
36.5912972181
37.5626874284
37.6876087265
37.7662741882
39.8719884889
40.877981155
41.7735502025
43.0140459784
44.6145788453
45.8265641089
48.2223725914
49.9642171683
52.7656048381
54.7248403932
57.1480777424
59.7177047071
63.0320959221
66.3288165855
71.2442012197
80.5623146326
92.6031534225
99.9999800727
99.4971625995
2.54936207443e-18
1.31593098525e-21
0
0
0
0
0
0
0
0
0
0
0
0
0
0
0
0
0
0
0
0
0
0
0
0
0
0
0
0
0
0
0
5.25616304589e-20
4.87403110517e-17
1.27537468406e-13
3.39959207364e-08
67.9437872678
68.4180969301
70.39502629
29.4582243493
29.4093138837
29.9704743548
30.0806215187
31.1973970021
32.3231958649
32.6239164555
31.4946267645
30.8446386236
30.6641627476
30.4978704763
30.0770895952
30.5952992605
30.6429133531
32.0149722781
34.040441224
35.2820213579
35.5536591863
37.2292271872
38.2069614295
38.5524854347
38.7675798363
40.8638199136
41.9197090947
43.0882431116
44.9025427271
46.8656353388
48.6287197895
50.8116728596
52.547353233
54.3368366387
57.1749050229
60.7772952452
63.673588567
66.4862366005
72.6280112708
78.5544106119
86.4223030857
96.5764430726
3.55620728079e-15
0
0
0
0
0
0
0
0
0
0
0
0
0
0
0
0
0
0
0
0
0
0
0
0
0
0
0
0
0
0
0
0
0
1.0148834938e-18
5.35732409591e-15
2.46799160405e-10
1.30348165334
60.3927452693
60.8405581014
60.1522688076
29.4765354875
29.1182128507
29.2397693922
29.4643809567
30.0245454033
31.756967867
33.2716284925
32.1619216124
31.3202641727
30.8953717432
30.8092517193
30.3639839676
30.7182608296
30.8876855313
31.4220311741
32.435075473
34.8648532939
36.0383775248
36.3446395821
37.8942579953
38.879925555
39.4879501436
39.8528971912
41.8432550283
43.4942597215
45.0140495531
46.6565663956
48.3456669589
50.4942606464
52.3266747881
55.9425622076
58.6039045463
61.0204437652
63.1780024538
66.76076404
70.3525503644
72.970866043
72.6398250997
59.7699938209
2.60434568516e-08
0
0
0
0
0
0
0
0
0
0
0
0
0
0
0
0
0
0
0
0
0
0
0
0
0
0
0
0
0
0
0
0
0
7.46436354557e-17
2.09483938617e-12
2.5072042583e-05
52.1073635967
54.1130441631
50.8972724983
49.6653053057
29.6152914512
28.7287118282
28.6521402441
28.8540926904
29.2613370336
30.3832948834
32.0334838383
32.4506786643
31.5914174321
31.0859118331
30.8621976942
30.857980297
30.341427073
30.9812980484
31.0730852334
32.4833081242
33.6346224086
35.6390286775
36.8228915802
37.2886965863
38.5184032968
39.7136324848
40.6927203787
41.5322505741
43.6003931199
45.439570928
46.4991511254
48.9681708464
50.9651673178
54.509665464
56.2728445477
58.1134437048
60.2263704235
63.0199473661
66.7274528791
70.8403484586
74.53293458
76.932455163
70.3823198084
75.0831888444
0
0
0
0
0
0
0
0
0
0
0
0
0
0
0
0
0
0
0
0
0
0
0
0
0
0
0
0
0
0
0
0
5.61707324434e-20
8.18655140382e-15
8.14130988546e-09
46.0915088487
50.0929051626
46.3781047607
41.1294972703
40.630642946
29.8434260561
28.4470924838
28.2417290058
28.2836527729
28.5930258683
29.2829201467
30.7380376544
32.3838431979
31.8884832268
31.2591326408
30.9191410635
30.8263042403
30.8012745401
30.4868499898
31.4694508417
31.5105645307
33.0975710111
34.115334441
36.1171857837
37.4121669945
38.4909837899
38.7930083848
40.9022841506
42.1974453756
43.7277894521
45.5550127808
47.5239824901
49.6445508683
52.9279934983
54.3535655029
55.4257712769
58.5437417595
61.3626135636
64.5484247223
68.2236824384
71.8162055284
76.1676570983
85.9431738862
44.0208797929
0.00908758419078
0
0
0
0
0
0
0
0
0
0
0
0
0
0
0
0
0
0
0
0
0
0
0
0
0
0
0
0
0
0
0
0
6.7948505552e-19
1.82247885711e-12
5.28829253792
51.5540518942
44.1988415461
39.236378494
34.5978326264
33.053926115
29.376985985
28.2715487126
27.9280861922
27.9288348565
28.0555135042
28.5156862396
29.0801410404
31.2132310168
32.1763777328
31.5250764545
31.0248633873
30.7963258706
30.8209330963
30.7921197217
31.4022155569
31.7352855383
31.8036268562
33.7150387282
34.8358717599
35.9505052492
38.375654371
39.412236792
40.4821935101
42.3222215741
44.0327981808
45.7376883553
48.0704503748
50.7886949571
52.3111615457
53.1917862027
56.7141860773
59.3037043669
61.9695228129
64.8007642211
67.4557224785
69.7796072318
72.415466127
61.6282171547
0.000326809453499
0.00181455824385
0
0
0
0
0
0
0
0
0
0
0
0
0
0
0
0
0
0
0
0
0
0
0
0
0
0
0
0
0
0
0
0
8.01856175683e-16
4.72816163746e-07
53.7543546917
50.7400644842
40.9594413599
33.7557251533
30.2938113655
29.8000584217
28.5955707651
28.1682589027
27.7449204943
27.7186739006
27.7657170262
27.9397005518
28.6930379107
29.4861473491
31.4326200965
31.7702404764
31.2076839453
30.8384599967
30.7217959452
30.8774990582
30.7441202773
31.5846874707
31.9410024789
33.1244142826
34.3113235825
35.7419254524
37.2382580465
39.4293499249
40.7375823297
42.3467709138
43.8757516043
46.4168273572
48.4039424843
50.4380737223
51.5491322074
54.9061320756
57.4071608618
60.2542805789
62.9038955616
65.2811120947
66.9342427773
65.4317683848
63.7028761751
47.9467149626
0.00458611975406
62.3491091527
0
0
0
0
0
0
0
0
0
0
0
0
0
0
0
0
0
0
0
0
0
0
0
0
0
0
0
0
0
0
0
1.52287768216e-20
5.97754669581e-13
51.6339789039
57.4052426755
47.9529049184
39.1473222265
32.2819509763
28.449173255
28.1829001298
28.1543541779
27.9201384536
27.6386911639
27.4873072059
27.4903367903
27.5220131587
27.8137019985
28.8581272279
29.6084284582
31.4369064492
31.5831382086
31.0527979553
30.7541593665
30.7053540822
30.8065902901
30.8212766398
32.0271881385
32.4442502024
33.7994020612
34.6655896654
37.0666941261
39.1841348918
40.7428587663
42.1195219229
43.9460680371
46.2237063504
49.0626686542
50.3932301957
53.4522215666
55.8027713015
58.8248675394
61.0071785335
63.1208024562
64.7203244059
64.7635930295
62.9117724001
61.0358648389
57.128073425
0.00607568251621
91.7473743763
0
0
0
0
0
0
0
0
0
0
0
0
0
0
0
0
0
0
0
0
0
0
0
0
0
0
0
0
0
0
0
4.7496046708e-19
0.722763007159
60.8792100654
53.8149527839
45.3900548564
38.0940506171
32.5041024957
29.4045683729
29.7521604654
28.1821450086
27.5831587071
27.4486401017
27.1450558714
27.022619359
26.9557696155
26.976909142
27.5441043361
28.6853219006
29.6590153561
31.6266847523
31.5404167151
31.0569590053
30.8175143534
30.8215193988
31.048803028
31.1898757104
32.4349875029
33.0351210295
34.8744879331
36.4271082077
38.8602549436
40.576854818
42.0675961556
44.1198073013
46.8584770829
49.0751504477
52.0986645255
54.3363645942
57.1595170807
59.3960220238
62.0011073617
63.9939057915
65.2855470352
65.110626366
64.6698632926
63.6070478284
62.9377076073
0.0222040601833
99.9995696168
0
0
0
0
0
0
0
0
0
0
0
0
0
0
0
0
0
0
0
0
0
0
0
0
0
0
0
0
0
0
0
2.0168647111e-14
53.7739620239
58.3404476587
50.3272974371
43.5984195676
37.8606624559
33.6176487221
31.184901334
29.6038652124
28.2958116438
27.2380526641
26.9206904289
26.5256805976
26.2328900971
26.109903158
26.102684354
26.2933889102
27.5105718178
28.2710762564
29.7718310281
31.4509816579
31.6252918111
31.2701593158
31.0402330506
31.1318068626
31.5108456268
31.8224073056
33.3048257977
34.3449618052
36.4785925865
38.4299248114
40.4089809155
42.5490270122
44.5615099201
47.0818542756
50.3079001509
52.7604785534
55.610137688
57.9312947378
61.0136671526
62.913426846
64.5032031537
66.0057052804
67.3166508637
67.9639254415
64.879621496
62.4188129885
0.376643768677
99.9999999794
0
0
0
0
0
0
0
0
0
0
0
0
0
0
0
0
0
0
0
0
0
0
0
0
0
0
0
0
0
0
3.35511869467e-20
44.9134557734
59.845110248
55.2980293564
48.3952417908
43.0991832053
38.8339847091
35.5824521317
33.7736671234
32.8572449913
27.2806411093
26.1170287399
25.5257391997
25.2756366444
25.0420902772
24.9583435605
25.0312790641
25.2297456443
25.9268185921
27.3080871289
28.0869522281
29.7942037846
31.1378495381
31.610100242
31.5130940072
31.4230010751
31.712203793
32.2653597839
32.867445365
34.6217016313
36.1781393139
38.5749938232
40.8282130004
42.9496387005
45.1771568413
48.0365980582
50.5160611043
53.8923317454
56.2501435925
59.2698642648
61.4822440529
64.104035731
65.9417986841
68.6821979347
70.6343004867
69.5135352442
69.6955119643
70.7217646393
5.6127953435
99.9999999998
0
0
0
0
0
0
0
0
0
0
0
0
0
0
0
0
0
0
0
0
0
0
0
0
0
0
0
0
0
0
31.768663645
61.8904484498
59.2177055067
53.634624722
48.1674245534
44.0814642866
42.1602261013
40.469879286
38.5166356513
38.1980948161
25.2953904627
23.5385312404
23.5259417331
23.5996794915
23.6131590127
23.6916434385
23.880108649
24.1861130957
24.6044997502
26.1970130027
27.3717056771
28.1355218862
28.1143054248
30.9039127738
31.5623344688
32.0026417487
32.1287515342
32.4991757568
33.3125595117
34.3130337931
36.3577947101
38.3229947364
40.980693649
43.3971808242
45.5248023776
48.3305106578
51.6512312154
54.3196733703
57.4072652751
59.8781480724
63.2228036825
65.4107510032
68.268861537
72.6493354163
73.849150902
75.704746452
77.6449078666
79.0711776062
12.155192825
100
0
0
0
0
0
0
0
0
0
0
0
0
0
0
0
0
0
0
0
0
0
0
0
0
0
0
0
0
0
2.29322982767e-19
58.2444889492
59.7284492424
57.2121108454
53.0272429895
49.3345241377
46.9753499397
46.5867404971
48.2923625117
44.9894552262
47.3314051212
23.8385745925
22.3055652123
22.1845277103
22.2508678498
22.4252156789
22.6258956896
22.9064480021
23.2668784654
23.7087734416
24.3305775036
26.1057209569
27.7897880791
28.1426372661
28.6862968532
30.1027211508
31.8194819795
32.7278629931
32.8955042719
33.8036577172
34.8079785054
36.1576624868
38.7036941658
41.4503462995
43.786605672
46.1561165218
49.1353347934
51.7853670237
55.291952914
57.7709870292
60.9202333487
63.7799131893
67.654444916
72.0453935295
75.0763752129
77.6222221555
80.5570980169
80.4876447114
81.8104910303
27.2472179614
100
0
0
0
0
0
0
0
0
0
0
0
0
0
0
0
0
0
0
0
0
0
0
0
0
0
0
0
0
0
54.9252401211
56.504317789
58.0098510628
56.3579333045
53.5156818741
51.1985008289
49.822864157
49.2841867608
52.0792372403
50.3456248557
49.4277541483
23.1320910152
22.021641985
21.5592920403
21.588516657
21.810196467
22.0196676786
22.2684034906
22.599223659
23.0019234021
23.4609157178
24.3110544228
26.2909276
28.6687331619
29.0982779328
29.6408628821
30.7935500116
32.3884597048
33.5741069795
34.8608363106
35.3308846481
36.8436970323
38.9722495874
41.7162500667
44.1553949308
46.3395813088
49.2245211909
52.623694913
55.2317587741
58.425278131
61.373911283
66.5118076808
70.485681342
74.8298879328
78.1983745564
81.454067304
82.3597994655
84.4479133996
84.5219470715
30.4261688273
100
0
0
0
0
0
0
0
0
0
0
0
0
0
0
0
0
0
0
0
0
0
0
0
0
0
0
0
0
1.44782076553e-13
65.1475715888
60.2591482885
58.5611052973
56.8780825169
54.7495550596
53.1013132134
51.9973580888
51.2583020283
52.6006885342
52.0928559058
50.1711887497
21.5186337882
21.5321569208
21.1495682863
21.5026941632
21.7830359517
21.8908785875
21.9937894246
22.1811551576
22.4946488039
22.9086417122
23.4594788424
24.5048494136
26.681941132
29.7048964539
30.6523304518
30.908696941
31.8877578131
33.2173512214
34.6674584625
36.2243739821
38.0335342226
39.3234119619
41.8964952411
44.3806636448
46.7682679746
49.7134915105
52.5061875688
56.0316071759
58.7046484526
64.2042264583
69.8473966958
73.4566106238
77.1836948704
81.7838138647
84.0047916017
86.3803997128
88.5584807939
86.3872482376
23.5447326008
100
0
0
0
0
0
0
0
0
0
0
0
0
0
0
0
0
0
0
0
0
0
0
0
0
0
0
0
0
58.4857755705
57.7698790966
60.2232048997
59.0018013806
57.8962581007
56.3240599679
55.0457098775
54.0750690899
53.3573234113
54.3622081458
53.5275241391
51.8378250772
19.4964135057
20.3816000893
20.8713786338
21.7779734274
21.9732796781
21.9801194825
21.9231008384
21.9582546438
22.1134790348
22.4437638959
22.9041406891
23.5374948283
24.8452795618
27.0592606085
30.0006100534
31.1869929642
32.3886319907
33.053370324
34.3731705921
35.9127019653
38.012255957
39.9656141892
41.9992987583
44.5149339941
46.9827487287
49.8577427007
53.3436040322
56.0211426141
61.6111153841
67.7536401212
71.0251797794
75.5709485358
79.9682647815
83.4350179002
86.440490993
90.3258040475
89.616301216
87.7063376811
22.6907367851
100
0
0
0
0
0
0
0
0
0
0
0
0
0
0
0
0
0
0
0
0
0
0
0
0
0
0
0
28.7656717017
74.6318026105
66.5913320556
63.0939733714
60.7736198517
59.386293653
58.0155810321
56.9252351695
56.0779743602
55.4761243929
55.9938747631
54.9327286408
54.3690770135
18.7396091178
19.3901128203
20.6908420334
21.3251114566
21.4747857052
21.6122654734
21.7822460279
21.7973928022
21.8532975746
22.0443841121
22.4208590669
22.9472189855
23.6802175603
25.4131260929
27.2522503156
30.5714187165
32.3274230947
33.3068645648
34.7416632641
36.1043119986
38.0377554251
39.9369843823
42.2192520912
44.6497895401
47.2863204074
50.8202390261
53.7352809357
58.6466401503
64.1540414115
68.0620167973
72.3167468642
76.6558205263
81.8184105469
86.0496758819
90.5130760783
92.3042116593
92.50525661
92.0822454094
22.3563473767
100
0
0
0
0
0
0
0
0
0
0
0
0
0
0
0
0
0
0
0
0
0
0
0
0
0
0
0
78.2501381699
71.9743678667
67.9279936609
64.1420793721
61.9172110218
60.3285144854
59.0760069748
58.0900480568
57.3885029111
56.9746227072
56.6831019525
55.7315233413
55.8051690804
18.3765826881
18.6677565321
19.7170682914
20.501858604
20.7337278521
20.952339042
21.1948861395
21.4547762643
21.6437904248
21.7675399398
22.0338232141
22.4892959321
23.1707402676
24.1451124906
26.7200284954
29.7710302753
31.1086565231
33.2822373854
35.1227722722
36.2647656358
37.8602302639
39.9238225249
42.552719158
44.8131953568
48.2197416033
51.4199395845
55.2314370568
59.8262302767
64.498697191
68.7875473312
72.7152882485
79.0434601215
84.2562825204
90.5151284265
93.3728747332
93.7780722044
97.002235972
95.773310954
36.2764643422
100
0
0
0
0
0
0
0
0
0
0
0
0
0
0
0
0
0
0
0
0
0
0
0
0
0
0
1.21337758271e-05
60.4409263939
67.4306231195
65.8094723521
63.8097090689
62.0759178346
60.1530043385
58.8385326606
57.7324072982
56.9232948915
56.9436695296
56.2538049725
55.0618011679
55.7915497903
17.7911722666
17.8520688088
18.3607944954
19.6860812048
20.0138898417
20.2755943474
20.549718961
20.8570087811
21.1918311322
21.5556739601
21.7623512153
22.1478023923
22.7750302219
23.7086357005
25.0541346085
27.4504269357
31.0153939926
33.0076870515
34.0681190361
36.5174310185
38.6688353182
40.2637543422
42.2301532458
45.6496520233
49.210969112
51.7563796905
55.8973052829
60.9462844187
65.244490323
68.8151998625
75.1190063362
81.7906682924
87.5979588098
92.6292954348
93.8603977742
97.8888440029
99.9978746588
99.9920284873
39.8152480556
52.9146810227
0
0
0
0
0
0
0
0
0
0
0
0
0
0
0
0
0
0
0
0
0
0
0
0
0
0
80.6270937623
68.9439652623
67.320864553
64.7488740609
63.424483047
61.2533067275
59.1159138994
57.5158408585
56.1198986027
54.9373716119
53.9848075515
53.5989089996
53.2009133949
54.8320552356
16.9861179263
16.9652059831
17.198202448
18.9824239333
19.3659813101
19.6477398411
19.9331206467
20.2424928447
20.5921967074
20.986427225
21.4518712714
21.8945479915
22.4377341079
23.2400153747
24.3215377221
25.9158413665
29.054721177
32.1902106703
34.202292988
36.7494918553
37.6590382048
40.330613622
43.8628395759
46.9309259168
48.7497086517
52.992236471
57.6503389388
61.0605648693
65.4962682472
71.3076240354
77.8924311548
82.9355159108
89.1755884075
92.9493922086
97.8207330258
99.9995185702
99.9999973229
99.9757049816
0.0116035728198
71.0924113391
0
0
0
0
0
0
0
0
0
0
0
0
0
0
0
0
0
0
0
0
0
0
0
0
0
5.27531620559e-18
71.944032644
70.0738449426
67.3748614763
64.8816354782
62.8365333547
60.8818983458
57.9061393491
56.0086165492
54.4836786674
53.2955062739
52.4404387488
52.3001160827
51.5224801246
52.7256694146
16.1864182068
16.1576943061
16.3055178402
18.3125288044
18.7355709295
19.048101465
19.3402809069
19.6426749209
19.9747397028
20.3634888338
20.8439086871
21.4377733707
22.1896066039
22.9452981508
23.9182642239
25.33211924
27.1735102438
30.3635656819
33.9312785093
35.9501090659
38.2285174401
41.4909422608
44.710731634
45.9672063699
49.9185602236
54.3191503899
57.4967309427
61.7782951079
67.2534578263
72.0038906838
78.2438969435
84.6899188735
90.5217959671
95.6228732217
99.9882355493
99.9999987977
99.9999997098
95.7746471664
2.73016892978e-07
100
0
0
0
0
0
0
0
0
0
0
0
0
0
0
0
0
0
0
0
0
0
0
0
0
0
86.5568025743
66.2972209632
70.5669787193
68.0079680196
65.4564361864
62.9046796593
60.1891386254
56.9885536895
54.8317341803
53.2103203529
52.0048608864
51.3588564419
51.4017468825
50.3446949137
49.508177287
15.3059199899
15.5769894095
15.4986042626
17.244319216
18.0851830635
18.4596815103
18.7664912431
19.050873998
19.3510726255
19.7152480424
20.1842653625
20.7969137457
21.559682872
22.5191012815
23.7890394159
25.2811709767
26.8078453091
28.7441828394
31.9036648142
35.4016357643
38.2417041096
41.2500610387
43.3404592907
46.2606618362
51.1869174814
54.7496242718
57.2457340727
61.7284543013
67.1168278161
73.8301132263
79.9686772195
85.1717989224
91.6245471454
97.8922508882
99.9999820059
99.999999997
99.99999996
94.8529417943
7.24374739457e-07
100
0
0
0
0
0
0
0
0
0
0
0
0
0
0
0
0
0
0
0
0
0
0
0
0
0
97.9780743196
83.1692640831
75.6086878653
70.7732468374
67.3260744139
63.322832544
59.6499716086
56.5827772886
54.2598341544
52.5365660061
51.2375879401
50.6864999777
50.4164147269
49.3546868133
48.6755195999
14.1763637713
15.0286493251
14.4370536943
15.9935438414
17.4227037209
17.7081511477
17.8844871788
18.0239059079
18.2175047767
18.5330632027
19.0104862199
19.6824667126
20.5774150806
21.7592737901
23.2993794695
25.1117322924
27.0020299951
28.9638153579
30.8574420737
32.9821780479
36.4355019302
39.8140158403
42.53162485
46.4550423837
50.9567184513
54.1768019653
57.510398697
62.745365624
68.7345649306
73.1586787296
79.5260324667
87.2066545365
94.091657292
99.0378091946
99.9999999904
100
99.9999999973
97.5512787738
0.939269127591
100
0
0
0
0
0
0
0
0
0
0
0
0
0
0
0
0
0
0
0
0
0
0
0
0
65.6716691081
70.1720081122
82.2051670753
77.7935510404
73.4837289158
68.2861058529
64.6883431471
59.9278030637
56.8306714293
54.3279682237
52.5073625544
51.3391074554
51.2940866454
49.8558062992
48.7391135109
48.2230963392
12.5467438443
13.9288616438
12.9840354388
15.058481449
15.909517541
15.5635209962
15.112586613
14.8652307445
14.9324263002
15.3470247785
16.1064851091
17.209486431
18.6517860602
20.5037550675
22.8746524792
25.2768121524
27.0224089716
28.7047931609
30.5554580936
32.8051464704
35.1441120397
37.6196680515
41.0767605322
46.1317468085
50.7551259406
54.6423966794
56.9087320379
61.4616558089
66.9582591914
74.0118543605
82.196638594
89.3291541053
93.7823012285
99.9986798424
100
100
100
99.9999997845
10.881341784
100
0
0
0
0
0
0
0
0
0
0
0
0
0
0
0
0
0
0
0
0
0
0
0
0
99.9999999977
98.9184723131
88.5446678516
81.8347893889
76.2903204457
70.5186893548
65.1275468454
60.91557036
57.3830843257
54.5466766863
52.53917421
51.3541618152
50.7986557233
49.1780655835
48.3464248664
49.0222792684
10.930858383
11.8165251464
11.3559612287
13.5716829811
13.1635160409
12.8688714889
12.3441986948
12.351705641
12.896692061
13.8573240821
15.1624758
16.7655277244
18.611110365
20.6625072064
22.7881888218
24.6691411684
26.3155522098
28.0807371699
30.3570425463
33.2024001519
35.507021583
37.9451097817
40.9538701435
44.837745617
48.6581464015
51.4832418067
54.8367485854
60.989541454
67.6931448023
76.135755285
83.7842685373
88.1200423429
95.2668018956
100
100
100
100
100
29.0598461818
100
0
0
0
0
0
0
0
0
0
0
0
0
0
0
0
0
0
0
0
0
0
0
0
1.06878954948e-18
78.9499132782
95.3110532104
91.2615341642
84.6466711391
77.2782826208
72.2272658095
66.0519043055
61.502380222
57.6337025331
54.3661957312
51.9847441169
50.6703720764
49.2705681715
47.9584281009
46.9437187239
48.5326306648
10.3929114004
9.85882384515
10.1553785735
13.7591476292
12.7908398444
11.2924202965
10.6509930924
11.1494407461
12.2547933682
13.7186912434
15.4389792125
17.3785921247
19.4244270384
21.5550270334
23.6973503671
25.3157766653
26.9126136175
28.7821705747
30.9418666982
33.0872693233
35.2824541706
37.9209047315
40.939212671
44.3366740245
47.0693311605
49.7247256535
53.8956732692
60.1552617603
68.1597844351
76.2331194693
82.7540451714
88.2631327789
97.1193548018
100
100
100
100
100
41.5400855438
100
0
0
0
0
0
0
0
0
0
0
0
0
0
0
0
0
0
0
0
0
0
0
0
99.999998921
87.1922754406
96.2345395062
94.1523436208
88.3291630627
80.0293351249
72.4186617635
66.5666333557
61.5136772273
57.3442482983
53.8944245874
51.1290906307
49.1299463075
47.022795312
45.5981881257
44.4789873745
46.4753288417
11.5188189792
9.35471945777
9.50031183581
13.8998644507
12.566072738
9.28919160869
9.58850970285
10.9337799739
12.7474924373
14.8334821919
17.1373590587
19.3261501181
20.8758481694
22.4450133241
24.0228661021
25.6104521024
27.3426786509
29.2673273784
31.3108420911
33.3476161951
35.4418860989
37.7672713947
40.5573969618
43.6564825802
46.9207011969
49.5446508926
54.1764820731
59.9531441465
66.5529605997
74.3487086441
81.8141538978
89.2257397811
97.4871457571
100
100
100
100
100
63.1162031611
100
0
0
0
0
0
0
0
0
0
0
0
0
0
0
0
0
0
0
0
0
0
0
0
100
99.9999999998
99.999990522
99.7233700467
92.4415262068
83.8329450324
74.7328415489
67.1853270228
61.2164402518
56.7706424207
53.1597801788
48.9538081872
46.0439298817
43.8784495879
42.6475720513
41.7075245271
43.4680398248
11.9442922699
9.17158124157
8.56870394943
8.9943582783
8.14206595933
8.62922266423
10.3687445229
12.7281784807
15.4946032909
17.0387899694
18.3922977634
19.757527412
21.1838473493
22.7430820763
24.4056368766
26.1851131452
28.096739935
30.0907959873
32.0641185606
33.9590909535
35.9409348895
38.2429429518
40.942743794
43.5206560244
46.0232058619
49.0627925799
53.4872830644
59.2267981492
66.1485707538
73.3641103853
79.1358409355
86.5848464287
95.5698476799
98.3881407479
100
100
100
100
70.2290138049
100
0
0
0
0
0
0
0
0
0
0
0
0
0
0
0
0
0
0
0
0
0
0
5.32257417954e-18
98.8047421181
99.9999999997
99.9999999656
99.9995920928
96.2651145831
87.108647328
77.6606323068
68.629535358
61.1246123366
55.4811677395
51.3108361186
47.6749512271
44.5944276128
41.39349024
39.1219750246
39.0791904636
39.618739039
9.75686079756
8.47540641822
7.4849262897
7.45115877361
8.81391535618
11.3986637047
13.9317678312
15.0978322341
16.2501721827
17.4456248992
18.7645558566
20.1940989445
21.7533945885
23.4616921665
25.3347712635
27.3564469621
29.4279865237
31.3695187982
32.9042409117
34.4985263367
36.2557952595
38.2199157104
40.3625374283
42.6720140881
45.1918180216
48.3009564786
52.614417835
58.2438257544
64.5346691277
70.2537397068
76.5308449155
85.5699224028
90.6460242616
93.7279345636
99.2103108372
100
100
100
86.7651876331
100
0
0
0
0
0
0
0
0
0
0
0
0
0
0
0
0
0
0
0
0
0
0
100
100
100
99.9999999998
99.9999997137
99.9902111289
91.479610698
80.4879319223
70.3594174996
61.2443172566
54.127677299
49.0404556327
44.7196889899
41.5100892323
38.8819472956
35.0108173932
35.7782407395
35.2932688941
7.55895092699
8.13503060907
6.83311948246
6.90593171127
11.1383696468
13.5623031861
14.5491982773
15.6103269991
16.7979423355
18.1051018491
19.5303092163
21.078675484
22.7660930167
24.6301051724
26.7059503124
28.5567037858
29.8810363875
31.2814226591
32.7858576636
34.3724028179
36.0483151977
37.8221757154
39.7188881443
41.8371647155
44.2399149406
47.1393434707
51.0460448805
56.2993110606
61.5849231356
66.5698649742
72.4991984005
80.741035517
83.182440937
85.7852057031
92.3672632982
99.9999119114
100
100
99.9999809014
100
0
0
0
0
0
0
0
0
0
0
0
0
0
0
0
0
0
0
0
0
0
0
100
100
100
100
99.9999999996
99.9999947407
97.3564315432
83.986733983
72.3851818374
62.2232638638
53.4686656834
47.4102194963
42.0936415425
37.8638396594
35.095357147
31.120698494
31.0796717824
32.4251125097
6.44831172816
8.81975474222
6.39202439941
6.54608460798
13.04150078
14.3267572565
15.381078273
16.5905988115
17.8839700538
19.2646547665
20.7350883672
22.2945439187
23.9486857358
25.7538797823
27.3523342727
28.4883015129
29.7246883893
31.2146599538
32.8124873952
34.400858384
35.9324741121
37.458664326
39.057400033
40.9447827709
43.1392891642
45.5862005005
48.9498905657
53.6543364572
58.0215510409
61.795519646
66.3759669363
73.9334180463
71.4677209931
72.8922866588
77.8957750774
94.1284545612
99.9999999913
100
99.9999999844
100
0
0
0
0
0
0
0
0
0
0
0
0
0
0
0
0
0
0
0
0
0
1.23451586153e-18
100
100
100
100
100
99.9999999821
99.9933782484
88.3481808696
74.8180435571
63.5500904536
53.270985102
45.6783607903
40.5417907501
35.2647478749
30.621461464
26.5167417468
27.5961154175
33.0210426097
3.70215132251
4.50280380205
5.68716013611
8.41351659017
14.5581072381
15.8651030856
17.1102950929
18.4479035299
19.8530714992
21.2592128645
22.6366602373
23.966179031
25.3230384286
26.4180735336
27.4667255285
28.4591256232
29.6848516062
31.262148777
32.9472362105
34.4487046665
35.846443372
37.0850002812
38.2051913297
39.6592337862
41.5579764005
43.3893367864
45.3389923828
49.2247833067
54.8512713677
55.7861993438
57.7874488254
62.1974841524
55.6501012684
46.3823058498
63.6143823752
71.7300257565
98.6633395586
99.9999997326
100
100
0
0
0
0
0
0
0
0
0
0
0
0
0
0
0
0
0
0
0
0
0
100
100
100
100
100
100
99.9999999998
99.9999524358
91.6632087398
76.8169496623
64.1705132474
53.2746683645
44.6878872692
38.5094874102
33.8443557879
29.9204444264
26.9071508684
28.1782751847
27.0925928676
2.60898240448
3.54576682894
7.03113555502
6.81436930542
15.6100129033
17.7840842337
19.5477405217
20.9096353497
22.2643298262
23.0523274923
23.9689483682
25.0014713131
26.0765790726
27.1679619958
28.1643902625
28.8807929715
30.1616582792
31.749435252
32.9319686378
34.1534457502
35.3134824213
35.1517902987
34.0242350051
36.0674249461
39.4565175075
41.1422840899
41.7069544566
43.0553194509
46.1374191216
48.4040355061
44.7702873712
49.1353944313
5.1587365287
43.7365068025
0.0135018271189
55.2975416096
23.0953964202
90.6779867574
99.9999994522
100
0
0
0
0
0
0
0
0
0
0
0
0
0
0
0
0
0
0
0
0
1.99870131445e-20
100
100
100
100
100
100
100
99.9999985414
94.7810074401
77.1108755774
64.3398987669
54.3287917611
45.5757622348
38.7264391933
33.9489683562
29.9157025933
26.1178363989
24.0540140374
17.5606715467
1.61652882039
7.19179624034
7.10705537079
6.30731665574
6.88986888419
9.51346760996
14.560156613
16.4081949537
18.022869576
19.9256154292
22.0725733077
24.2094604673
25.774244409
26.3833100899
25.7528253051
24.3539802699
25.0362822119
27.7976677342
29.9292187358
31.3976809973
32.7520673954
33.28415099
33.379493671
34.8657337439
38.3607956539
40.5466313008
40.5879927186
40.5505241399
41.6439567363
38.7775337605
32.785288993
3.35116158197
29.0070775685
0.0061167325479
33.3337071049
4.3473110028e-06
57.9024187952
9.45742153579e-12
5.97877484374e-11
100
0
0
0
0
0
0
0
0
0
0
0
0
0
0
0
0
0
0
0
0
3.32503410813e-20
100
0.442404639976
100
100
100
100
100
99.9999999089
96.3721214243
75.7178159243
62.1485228849
52.9274264501
44.6523781371
37.2767655254
31.4696713534
26.957465715
23.4972513113
21.578540428
12.392437524
)
;

boundaryField
{
    frontAndBack
    {
        type            empty;
    }
    upperWall
    {
        type            calculated;
        value           uniform 0;
    }
    lowerWall
    {
        type            calculated;
        value           uniform 0;
    }
    inlet
    {
        type            calculated;
        value           uniform 1.18836378239e-17;
    }
    outlet
    {
        type            calculated;
        value           nonuniform List<scalar> 
20
(
6.84348459976e-20
0
0
0
0
0
0
0
0
0
0
0
0
0
0
0
0
0
5.86846312293e-21
1.33018826085e-19
)
;
    }
}


// ************************************************************************* //
