/*--------------------------------*- C++ -*----------------------------------*\
| =========                 |                                                 |
| \\      /  F ield         | OpenFOAM: The Open Source CFD Toolbox           |
|  \\    /   O peration     | Version:  v1806                                 |
|   \\  /    A nd           | Web:      www.OpenFOAM.com                      |
|    \\/     M anipulation  |                                                 |
\*---------------------------------------------------------------------------*/
FoamFile
{
    version     2.0;
    format      ascii;
    class       volScalarField;
    location    "212";
    object      p;
}
// * * * * * * * * * * * * * * * * * * * * * * * * * * * * * * * * * * * * * //

dimensions      [0 2 -2 0 0 0 0];


internalField   nonuniform List<scalar> 
6400
(
0.151874923546
0.151877039591
0.151882996062
0.151894300024
0.151910316882
0.151930761259
0.151955758806
0.151986466509
0.152022805485
0.152064630175
0.152117273519
0.152183452013
0.152259521687
0.152345650896
0.152443818962
0.152556167885
0.152683139915
0.152823942395
0.152977295988
0.153138677478
0.153301529552
0.15346537005
0.153635456582
0.153818223456
0.154018376142
0.154235783507
0.154466835909
0.154709152876
0.154962856501
0.155229085812
0.155508867929
0.155800922164
0.156099295128
0.1563982345
0.15669618874
0.15698911433
0.15727564423
0.157564838199
0.157856095148
0.158137105004
0.158409482049
0.158690596645
0.158989943824
0.159299155708
0.159609738909
0.159917028849
0.160217432116
0.160509366527
0.160791645163
0.161063457904
0.161325032205
0.16157196502
0.161798886826
0.161997417662
0.162168745096
0.162323821089
0.162459799215
0.162566014577
0.162640874219
0.16269207046
0.162723884216
0.162737807738
0.162738350638
0.162723191599
0.162682509
0.162597683196
0.162464587212
0.162306695522
0.162150659605
0.162005612497
0.161869808255
0.161737630136
0.161605386637
0.161480287175
0.161361993375
0.161254813622
0.161162070592
0.161099510216
0.161058403116
0.161040964959
0.151871698428
0.151873897166
0.151879128551
0.151890189492
0.151907718262
0.151929691348
0.151955243151
0.151984401924
0.152018939526
0.152060856118
0.152113189011
0.152178016743
0.152254359947
0.152341621294
0.15244025366
0.152551295005
0.152677636644
0.152819263584
0.152974550249
0.153137560385
0.153298688848
0.1534600855
0.153629111739
0.153811141975
0.154011484402
0.154229870309
0.154461011879
0.154703840072
0.154958671511
0.15522583799
0.15550539757
0.155797728018
0.156097540457
0.156396571498
0.156695058098
0.156988365802
0.15727425393
0.157563881655
0.157856081069
0.158136203972
0.158403366163
0.158682464352
0.158987987909
0.159301223218
0.159613393592
0.15992234308
0.160224052559
0.160517567945
0.160800822217
0.161070766593
0.161328033014
0.161575572229
0.161812381631
0.162013277143
0.162185724816
0.162345556897
0.162478583812
0.162579919772
0.162654174284
0.16270509232
0.162735761915
0.162750760495
0.162751425546
0.162736418125
0.162696504313
0.162613041586
0.162478127451
0.162317335624
0.162158347532
0.162009953212
0.161870789292
0.161734745605
0.161597288992
0.161465530087
0.161344616578
0.161237204025
0.161148653876
0.161085907601
0.161044911108
0.161030952251
0.15186286856
0.151866621316
0.151871098869
0.151881199936
0.151898235349
0.1519232549
0.151951714378
0.151980084563
0.15201254157
0.152053320631
0.152104985958
0.152169134441
0.152245610116
0.152333600927
0.152432506982
0.1525401362
0.15266460126
0.152813612765
0.152973126136
0.153135206005
0.153291866033
0.153446392859
0.153613203179
0.153798030925
0.153998941452
0.154216384887
0.154448900303
0.154693903906
0.154950497828
0.155219191896
0.155499602093
0.155792888557
0.15609583639
0.15639404988
0.156690503543
0.156987396354
0.157272424213
0.15755894673
0.157851654553
0.1581340332
0.158408728945
0.158692461472
0.15899336799
0.159303613016
0.159615486654
0.159924884989
0.160228583061
0.160524494206
0.160810574245
0.16108498731
0.161347094773
0.161595694741
0.161825778144
0.16203050533
0.162214766921
0.162376132122
0.162506074885
0.162606366116
0.162680275688
0.162730889691
0.162761952084
0.16277734323
0.162777667608
0.162765004457
0.162726268637
0.162640825622
0.162507122364
0.162344695402
0.162177733195
0.162019946287
0.161871030226
0.161724951963
0.161581120289
0.161445079576
0.161319539929
0.161209870905
0.161122565464
0.161059622044
0.16101967281
0.161004899659
0.151851024168
0.151854715368
0.151857992792
0.151867236679
0.151882204587
0.151907100898
0.151944899375
0.151973144742
0.152003016754
0.152041771016
0.152092442895
0.152156227638
0.152233060231
0.15232065924
0.152420152381
0.152534894247
0.152666022644
0.152812867268
0.152964881418
0.153114087636
0.153264621121
0.153422515825
0.153591551796
0.1537761661
0.153978016293
0.154197086797
0.154431848706
0.1546793638
0.154938610673
0.155209187912
0.155492339035
0.155787414736
0.156091799647
0.156396241157
0.156688740952
0.156979660662
0.157270182471
0.157554569572
0.157839040643
0.158123218996
0.158406711118
0.158696757464
0.158998403349
0.159308262932
0.15962081216
0.159931843951
0.160238076968
0.160537063331
0.160826699818
0.161105154063
0.1613709393
0.161621982886
0.161854761299
0.162065808831
0.162254404759
0.162416250361
0.162547088862
0.162647981778
0.162722140666
0.162772996055
0.162804166582
0.162818748605
0.162819548711
0.162810303506
0.162775269482
0.162693490052
0.162557128924
0.162386351931
0.162206257939
0.1620338439
0.161872614906
0.161717850917
0.161566375623
0.161417062513
0.161278034579
0.161164403942
0.161078770421
0.161010161093
0.160962292115
0.160942459986
0.151832748401
0.151832913168
0.151836999208
0.151846479104
0.1518631362
0.151886470939
0.151920245203
0.151952285169
0.15198466639
0.152024348848
0.152074434994
0.152138161362
0.152216020407
0.152310150051
0.152418884559
0.152535901734
0.152661960834
0.15279620365
0.152936008588
0.153081704542
0.153233653654
0.153392252787
0.153562108457
0.153747930738
0.153951175653
0.154172333479
0.154409315315
0.154660115354
0.15492251463
0.155196891759
0.155482415617
0.155782729494
0.156093949697
0.156393402529
0.156685088075
0.15697272398
0.157255334352
0.157539020821
0.157825166268
0.158113175518
0.158403270293
0.158699005609
0.159003266133
0.159314512412
0.159628866037
0.159942455372
0.160251974264
0.160554794152
0.160848756585
0.161131975658
0.16140259365
0.161658294044
0.161896121662
0.162113075922
0.162306168074
0.162470780325
0.162603847646
0.162706599822
0.162782345206
0.162834592776
0.16286678272
0.162882098184
0.162884029965
0.162877707723
0.162843065612
0.162764156446
0.162628477717
0.162449257893
0.162251525047
0.162058938316
0.161881320304
0.161712020041
0.16153901006
0.16136466577
0.161211611039
0.161091459393
0.160995223039
0.160907385512
0.160851415655
0.160831113434
0.151798187003
0.151797516903
0.151805367008
0.151814919315
0.151833220956
0.151858677505
0.151889318183
0.151922333502
0.151958191064
0.151999851093
0.152048771876
0.152113681528
0.152201390998
0.152304461602
0.152413539892
0.152525571522
0.152642123563
0.152767126768
0.15290295866
0.15304734476
0.153196681141
0.153354489597
0.153525559778
0.153713338833
0.153918689653
0.154141234264
0.154381901563
0.154635917973
0.154903154339
0.155181415593
0.155473277393
0.155776951052
0.156086957942
0.156393322062
0.156677953381
0.156955071864
0.157235172765
0.157520324355
0.157809687387
0.158102301299
0.158398314561
0.158699642832
0.159007857145
0.159322069901
0.159639445393
0.159956555384
0.16027017614
0.160577630677
0.160876776478
0.161165740824
0.16144255612
0.16170483441
0.161949647051
0.162173535294
0.162372317258
0.162541453994
0.162678727242
0.162785497296
0.162864858295
0.162920161758
0.162954724172
0.162972701707
0.162978623855
0.162971304784
0.16293920444
0.162859609011
0.16272167564
0.162534177864
0.162317144239
0.162100160203
0.161898471111
0.161698429934
0.161487103131
0.161284604924
0.161114191313
0.160977776409
0.16085680076
0.160750466916
0.160687596036
0.160660590779
0.151745041719
0.151748725148
0.15176303116
0.151777644247
0.151792762887
0.151818087469
0.151850907438
0.151884991426
0.151923616385
0.151967577079
0.152020581076
0.152088837113
0.152184999125
0.15228876415
0.152394213614
0.152498246424
0.152608149915
0.152731805914
0.152867368674
0.153006378934
0.153152362886
0.153310561542
0.153482721645
0.153671544591
0.153879030066
0.154106979832
0.154348472688
0.154607399825
0.154879827825
0.155167304382
0.155464917552
0.155768820875
0.156080335015
0.15637803305
0.156658284642
0.15693150914
0.157211663514
0.157499430959
0.157792741599
0.158090225157
0.158391966753
0.158699055324
0.15901222852
0.159330740462
0.159652335445
0.159973968556
0.160292569962
0.160605548209
0.160910879285
0.161206790989
0.161491320884
0.161761988405
0.162015582246
0.162248016016
0.162454511881
0.162630800682
0.1627751648
0.162888772993
0.16297404525
0.163033601668
0.163071007277
0.163092296416
0.163101643776
0.163093422486
0.163072666557
0.162995602323
0.162849708072
0.16264892005
0.162410323315
0.162162138781
0.161918578394
0.161666655719
0.161407671949
0.161172948515
0.160975844043
0.160809078162
0.160655887647
0.160535193795
0.160467043248
0.160433816466
0.151682890367
0.151690567822
0.151707719085
0.151730157334
0.151746968394
0.151772382719
0.151804313667
0.15184012753
0.151882437235
0.151924492066
0.151984782656
0.152065538646
0.152160423076
0.152262172615
0.152360718301
0.152457268678
0.152566932752
0.152693000429
0.152823676373
0.152957597625
0.153101251859
0.153259663174
0.153433166774
0.15362484614
0.153835897312
0.154066910227
0.154314236177
0.154571953263
0.154854868259
0.155155502215
0.155453304025
0.15575263226
0.156062292367
0.156352920189
0.156626779086
0.15690263327
0.15718561932
0.157476556238
0.15777402479
0.158076622832
0.15838421889
0.158697417838
0.159016433054
0.159340419716
0.159667383217
0.159994562136
0.160319094848
0.16063858909
0.160951230918
0.161255413533
0.161549235091
0.161830110593
0.16209447332
0.162337722546
0.162554844024
0.162741843624
0.162897050088
0.163020701075
0.163113497669
0.163176724454
0.163215163302
0.163237363301
0.163247595259
0.163246139587
0.163234879035
0.163180556566
0.163031404786
0.16280961071
0.162538922275
0.162242855258
0.161935501164
0.161614087527
0.161299487458
0.161020936572
0.160783618642
0.160574850368
0.160395109529
0.160262739015
0.16019275267
0.160160656414
0.151615194827
0.151625552967
0.151643270001
0.151661580802
0.151684164616
0.151717151213
0.151748405142
0.151785266302
0.151833750575
0.151880514245
0.151938179633
0.152027689621
0.152125472553
0.152222343601
0.152314974533
0.15241130794
0.152520799997
0.152644662917
0.152770918801
0.152902263474
0.153044326767
0.153201590657
0.153374728619
0.153567964779
0.15378916946
0.15402142622
0.154275012084
0.154543475505
0.154827927503
0.155128267713
0.155433412262
0.155741317082
0.156031900462
0.156313271004
0.156589765653
0.156869800764
0.157156692203
0.157451356358
0.157753212861
0.158061198081
0.158374996084
0.158694809497
0.159020489179
0.159351029899
0.159684483888
0.160018262988
0.160349757873
0.160676863564
0.160998030801
0.161311859741
0.161616567299
0.161909527565
0.16218693442
0.162443927147
0.162675502027
0.162877748058
0.163048237291
0.163184775685
0.163284632315
0.16334816034
0.163385243805
0.163410230798
0.163427778321
0.163435484689
0.16342732452
0.163396216783
0.163280308347
0.163032225275
0.162714664632
0.162349823432
0.161952851574
0.16154300548
0.161155881928
0.160815561005
0.160523162865
0.160270989314
0.16007151873
0.159933416942
0.159862218642
0.159834603644
0.151541112651
0.151553634819
0.151574370519
0.151592440307
0.151616245502
0.151650164718
0.151682367664
0.151719301454
0.15176626098
0.151827567981
0.151890111182
0.151979617266
0.152078311414
0.152170668406
0.152257617223
0.152356891368
0.152470742147
0.152589204422
0.152710167905
0.152839571223
0.152981730202
0.153138917893
0.153312115232
0.153503685222
0.153732641182
0.153975196787
0.154222832913
0.154502551347
0.154793021934
0.155099505026
0.155406837503
0.155710041539
0.155996687731
0.156270248679
0.156548450511
0.156833103414
0.157124540263
0.157423514262
0.157730068249
0.158043691212
0.158364104757
0.158691169847
0.159024370804
0.159362500018
0.159703568677
0.160045080029
0.160384667415
0.160720566412
0.16105152491
0.161376363756
0.161693487734
0.162000397413
0.162293339681
0.16256758365
0.162818361929
0.163041420741
0.163232063991
0.163382504043
0.163484102777
0.16354242925
0.163580802619
0.163617279733
0.163650260212
0.163672090443
0.16367116714
0.163637131761
0.163547699257
0.163342825219
0.162958089312
0.162493412393
0.161978317244
0.16145334364
0.160962457044
0.160534852706
0.160175760065
0.159884686841
0.159668345957
0.159526472472
0.159451170546
0.159423426759
0.151457548695
0.151469854467
0.151492078455
0.151515033812
0.15154587778
0.151574055802
0.15160617505
0.151644947176
0.151684780469
0.151752710884
0.151827750287
0.151917829291
0.152016804393
0.15210824508
0.152194082442
0.152293561886
0.152409281753
0.152524325816
0.152641476959
0.152768079038
0.152910251345
0.153069292964
0.153247640517
0.153439249109
0.153661331027
0.153921634847
0.154179381174
0.154458234176
0.154749998831
0.155046881004
0.155364931883
0.155668784599
0.155949233635
0.156221813104
0.156503153799
0.156792447256
0.15708882889
0.157392727374
0.157704426713
0.158023933747
0.158351335985
0.158686328333
0.159027968208
0.159374756312
0.159724603269
0.160075075036
0.160424036771
0.160770031205
0.161112063379
0.161449166653
0.161780019094
0.16210250178
0.162413415667
0.162708816496
0.162984508153
0.163234987844
0.163449800292
0.163609012805
0.163702947143
0.163756941657
0.163809459753
0.16387136948
0.163928974643
0.163975100724
0.163988702188
0.163943818135
0.16383273242
0.163656417239
0.163294304099
0.162708906838
0.162030332967
0.161341209126
0.160691818819
0.160143076823
0.159711923863
0.159386866293
0.159151191623
0.159002440499
0.158926035978
0.158898526077
0.151362367807
0.151372022663
0.151388447652
0.151418306534
0.151459056489
0.151486048126
0.151518402701
0.151561676266
0.151600046632
0.151664253628
0.151748860995
0.151841587422
0.151939805982
0.152031884704
0.15212359113
0.152225029213
0.152338821807
0.152450370513
0.152565096725
0.152689057618
0.152828199502
0.152985018765
0.153173440199
0.153378798396
0.153594808674
0.153855490255
0.154123109632
0.154396861691
0.15470380224
0.155007799486
0.155314035538
0.155607331956
0.155886047584
0.15616641863
0.15645296677
0.156747260804
0.157049050992
0.157358547819
0.157676065294
0.158001813704
0.158336459421
0.158680011425
0.159031104027
0.159387704523
0.159747575461
0.16010838725
0.160468206678
0.160825769225
0.161180184128
0.161530607738
0.161876018975
0.162214998046
0.162545754101
0.162866246472
0.163173333771
0.163457500435
0.16369457067
0.163852181205
0.163935953645
0.163999886217
0.164092048826
0.164196667163
0.164284273604
0.164373167595
0.164421536445
0.164374277429
0.164221079464
0.163996875989
0.163647949321
0.16301049521
0.162143198762
0.161206378116
0.160292962726
0.159574571486
0.159078989587
0.15873561197
0.158475267961
0.158324371808
0.158275381563
0.158270062902
0.151255225292
0.151262209985
0.151270068452
0.151304061985
0.151344750616
0.151378101281
0.151413667536
0.151462005387
0.151506417753
0.151568926394
0.151657533003
0.151751663857
0.151848281273
0.151937515906
0.152036862744
0.152147233982
0.152258515931
0.15236703317
0.152480343423
0.152603187043
0.152739059087
0.152889821553
0.153076893691
0.153306498791
0.153529986296
0.153775895024
0.154059335252
0.154340519784
0.154635836532
0.154945563023
0.15525182543
0.155539900316
0.155817557386
0.156103801988
0.15639670809
0.156696891779
0.157004567447
0.157320092572
0.157644278394
0.157977201158
0.158319533779
0.158672017432
0.159033441866
0.159401146685
0.159772476275
0.160145219017
0.160517666316
0.160888539796
0.16125674195
0.161621255454
0.16198121914
0.162336276335
0.162687259454
0.163035690364
0.16338005261
0.163698989014
0.16394861517
0.164095822781
0.164181835003
0.164291256342
0.164468427939
0.164630955893
0.164729202182
0.164906370994
0.165043980431
0.16499721588
0.16476958099
0.164439019304
0.164049140351
0.163396833429
0.162350785178
0.161070517188
0.159662604116
0.158704039833
0.158201626404
0.157897959743
0.157592473832
0.157451618321
0.15749519165
0.157558634741
0.15113709246
0.15114522718
0.151158240683
0.151181297966
0.151216641592
0.15125405281
0.151293762836
0.151344397657
0.151399251155
0.151462636523
0.151553817167
0.151648913921
0.151744905648
0.151832542026
0.151932082673
0.152050675064
0.15216396228
0.152272726451
0.152385945154
0.152508784457
0.152643426952
0.15278975242
0.152971852416
0.153212927601
0.15345304155
0.15369638061
0.15398541114
0.154275476714
0.154565136559
0.154873184488
0.15516787115
0.155452192366
0.155739719582
0.156033628699
0.156333485506
0.156640315335
0.156954986032
0.157277251762
0.157608204342
0.157949059803
0.158300244373
0.158662390664
0.159034831263
0.159414795836
0.159799177463
0.160185782826
0.160573066309
0.160959448247
0.161343077397
0.161722199831
0.162095587624
0.162464096411
0.162832542126
0.163208430539
0.163592931683
0.16393243477
0.164168364491
0.164304220072
0.164463876846
0.164682451846
0.165026947943
0.165260608778
0.165253734666
0.16562342058
0.165918847502
0.165844986433
0.165481513919
0.16495500601
0.164415842696
0.163709840846
0.16267350913
0.1609823593
0.15861998565
0.157345264668
0.15704058675
0.156917026825
0.156438038645
0.156295370607
0.156575892413
0.156801057117
0.151004579869
0.151013666527
0.151035984821
0.151049308624
0.151078122821
0.151116653842
0.151159692727
0.15121422229
0.151281971816
0.151345395798
0.151437511704
0.151533650528
0.151630137505
0.151719348836
0.151819676933
0.151941262845
0.152056703865
0.152167414333
0.152281766086
0.152404912065
0.152539494661
0.152685119839
0.152859327707
0.153095785686
0.153362797788
0.153615275905
0.15389074843
0.15420158982
0.15450141084
0.154786503402
0.155071905676
0.155359007844
0.15565342538
0.155954884726
0.156262582054
0.156577025428
0.156898920531
0.157229030221
0.157567868348
0.15791685224
0.158277634212
0.158650661673
0.159035155217
0.159428467414
0.159827468042
0.160230145758
0.160635059091
0.16103998574
0.161441491309
0.161835605474
0.162219909416
0.162596452562
0.162973823003
0.163367696305
0.163783852847
0.164082892709
0.164269511269
0.164519849308
0.164970080697
0.16531524375
0.166021250976
0.166057510936
0.164995470568
0.16510925663
0.165538244342
0.165593307489
0.165341230571
0.164989771656
0.164687942747
0.164042161613
0.163356589511
0.161978258837
0.156074085253
0.154392102966
0.155256567898
0.155879719102
0.154926489694
0.154663444035
0.15555416495
0.15613781593
0.150854859406
0.150862964919
0.150882871633
0.150898219186
0.15092427767
0.150964355516
0.151008931488
0.151062665819
0.151142852447
0.151214893205
0.151307169541
0.151405022695
0.151503360635
0.151596732415
0.151699568467
0.151821829816
0.151938631034
0.152051949756
0.152168152996
0.152292049995
0.152426520798
0.15257288654
0.152742705417
0.152971090642
0.153253895117
0.153523746686
0.153790392831
0.154093782491
0.154405325119
0.154694063103
0.154972930402
0.155259906747
0.155559451779
0.155868475443
0.156184163899
0.156506254911
0.156836111969
0.157174323513
0.157522016213
0.157880226412
0.158251147866
0.158636049479
0.159033989136
0.159441929335
0.15985681954
0.160277873213
0.160704516113
0.161133040807
0.161555630389
0.161964769625
0.162357423931
0.162734361248
0.163104166447
0.163495060601
0.163936787788
0.164061493461
0.164314695116
0.165224527416
0.166046630693
0.165322977794
0.165362795846
0.165701808764
0.165526231796
0.165248122082
0.165309872193
0.165206533547
0.164861187777
0.164387836328
0.16377626331
0.162796011243
0.161426332419
0.158652556857
0.156072172613
0.155714273798
0.157503786052
0.158061566806
0.152370457096
0.151049071864
0.154411268428
0.155974064149
0.150690271766
0.150697325079
0.150717443808
0.150732623409
0.15075839727
0.150798759522
0.150844339905
0.150894419024
0.150975421929
0.151062009218
0.151159458496
0.151260563985
0.151362270603
0.151463549662
0.151569297207
0.151691890454
0.15180997889
0.151926599802
0.152045181574
0.152170374033
0.152305051649
0.152451301885
0.152618256184
0.152837576464
0.153119562811
0.153418533784
0.15369400494
0.153983411401
0.154288233774
0.154575718015
0.154855034675
0.155148941335
0.155455772504
0.155772598834
0.1560968221
0.156427685393
0.15676583237
0.15711286047
0.157469811263
0.157838283253
0.158220224251
0.158617476716
0.159030164703
0.159454883157
0.159887619817
0.160329315352
0.160782050802
0.161240194918
0.161689202319
0.162116235884
0.162516808542
0.162885329573
0.163210789706
0.163477595296
0.163759524921
0.163957593847
0.164233686083
0.164885609225
0.165552818379
0.165662602031
0.165389389659
0.165370224957
0.16514772466
0.164805386541
0.164586189475
0.164306164752
0.163855216598
0.163248089547
0.162484836807
0.161410330002
0.159911803665
0.157925890773
0.156188926164
0.155312095376
0.155163821602
0.153407768614
0.152061556495
0.154177876259
0.156217587759
0.156756232363
0.1505130002
0.150518485109
0.150534196986
0.150551119238
0.15058118021
0.150621477202
0.150669455385
0.150717905615
0.150797260044
0.150892434161
0.150994451594
0.151098258752
0.151201762535
0.151313679803
0.151425890147
0.151548632982
0.151668597636
0.151790175034
0.151912025138
0.152039178688
0.152174617394
0.152320413275
0.152485051228
0.152697258748
0.152974996612
0.153291905325
0.153587104116
0.153871160484
0.15416209416
0.15444353724
0.154725970762
0.155025865097
0.155339938365
0.155664299842
0.155997487242
0.156338811079
0.156687177612
0.157043381459
0.157410619593
0.157789858474
0.158183642077
0.158594932723
0.159024027646
0.159467162615
0.159917597617
0.160381512899
0.160872638948
0.161379879958
0.161862962689
0.162311562995
0.162725028916
0.163088409432
0.163348951449
0.163304067981
0.163032132991
0.163526024576
0.164027677402
0.164592176326
0.165025161726
0.165091490008
0.164882014964
0.16469930151
0.164429676013
0.164054490718
0.163655567878
0.163185929475
0.162573375945
0.161796602617
0.160843758593
0.159639448074
0.158090332092
0.156258192475
0.154478801982
0.15309719588
0.152144654255
0.151189858618
0.150970564353
0.15230267726
0.15392906805
0.15996587017
0.150325515393
0.150329751681
0.150340270217
0.150359425007
0.150393256887
0.150432947141
0.150482472906
0.150533838374
0.150608950866
0.150708352591
0.15081314839
0.1509185839
0.151021652274
0.15113841941
0.151262901501
0.151388450576
0.15151089863
0.151638221406
0.151766069832
0.151896751255
0.15203428739
0.152179389379
0.152342129532
0.152548315959
0.152816526936
0.153130391203
0.153447927762
0.153742238363
0.154028992282
0.154307270914
0.15458731431
0.154891365049
0.155212641013
0.155541672537
0.155885454275
0.156238454666
0.156596354242
0.156963442968
0.157342429274
0.157734791878
0.158141723656
0.158566670261
0.159012142999
0.159478844937
0.159965914851
0.160476712373
0.161014361713
0.161556797625
0.162078344306
0.162583317596
0.163046929945
0.16348750958
0.163858088578
0.16332829188
0.162974462971
0.16305613458
0.163622234371
0.164152429474
0.164407556018
0.164391062146
0.16417433693
0.163868656594
0.163471252903
0.162969190512
0.162386738075
0.161710784325
0.160899586095
0.159924358359
0.158764775206
0.157397738778
0.155747424617
0.153816397696
0.151818284827
0.149981760428
0.148382537451
0.146916296289
0.145717783008
0.145373055553
0.146709156835
0.13615754293
0.150128412981
0.15013222864
0.15014103307
0.150163558469
0.150197045167
0.150234207238
0.150280847122
0.150337369049
0.150408043707
0.150509045493
0.150615852339
0.150722879234
0.150826809207
0.150943459373
0.151078106954
0.151209950047
0.151336675704
0.15146861182
0.151603164159
0.151739917131
0.151882351129
0.152027549614
0.152188516145
0.152390371987
0.152649400457
0.152956321136
0.153282510008
0.153590451981
0.153870916675
0.154146236407
0.154433827738
0.154739022204
0.155065294613
0.155403990508
0.155759064732
0.156122994257
0.156491631074
0.156870798558
0.157262750959
0.157669360967
0.158091895633
0.15853376163
0.159003242319
0.159510969396
0.160053079672
0.160608053575
0.161176525159
0.161759365745
0.162364604465
0.163002399376
0.163582775855
0.164314144131
0.165757282428
0.163572464704
0.162975222043
0.163213986502
0.163482646262
0.16366165709
0.163680742954
0.163517911964
0.163194989631
0.162754293449
0.16220822023
0.161552424153
0.160789645349
0.159909956434
0.158886484868
0.157691905035
0.156302633378
0.154694347848
0.152850424873
0.150707561726
0.148309402208
0.14579102621
0.143140024573
0.140158549109
0.136629801165
0.132063926205
0.126095610081
0.116612147068
0.149919012901
0.149922771054
0.149931994917
0.149959250161
0.149991631621
0.150025812315
0.150067310456
0.150127233122
0.150192143463
0.150293010362
0.150401906662
0.150510741244
0.150616713887
0.150735038702
0.150874912657
0.151013298504
0.151145984799
0.151283035363
0.151422593955
0.151565838679
0.151715815436
0.151863292737
0.152022324617
0.152221009954
0.152472237769
0.152770825929
0.153098353021
0.153413603822
0.153703558765
0.153976492169
0.154269078819
0.154579748169
0.154905867885
0.155244393019
0.155606664968
0.155987075776
0.156370841073
0.156764430038
0.157169780291
0.157591244034
0.158032163412
0.158496329504
0.159003074072
0.159567063833
0.160154603612
0.160741054792
0.161347597778
0.162013768066
0.162781571233
0.163674110453
0.164201682763
0.164672570749
0.164689235365
0.164581540631
0.163614145394
0.163243826521
0.163135880774
0.163026391067
0.162822512323
0.162484919587
0.16201067513
0.161413428448
0.160699344352
0.159865008068
0.158905291705
0.157808532179
0.15655312553
0.155113084963
0.153461842537
0.15157187345
0.149419931896
0.146938134329
0.144021116785
0.140651528926
0.136703464414
0.131756182612
0.12500578468
0.114579374206
0.096088221421
0.0529248487425
0.14969159228
0.149695131832
0.149706581021
0.149739624331
0.149771453863
0.14980343607
0.149842230742
0.149901956971
0.149960866704
0.150059364382
0.150170214968
0.150280900978
0.15038908707
0.150509132484
0.150652060996
0.150796386057
0.150937282541
0.151080197496
0.151223713517
0.151372541308
0.151531327061
0.151684281295
0.151841110715
0.152036860155
0.152282330147
0.152571556536
0.152893765166
0.153204710037
0.153508522499
0.153795648907
0.154087869397
0.154396863695
0.154730490561
0.155079851376
0.15543914461
0.155826657608
0.156227896943
0.156638082913
0.157061811185
0.157500023846
0.157958767491
0.158456250918
0.159021473965
0.15964048272
0.160259785863
0.160882759951
0.161567963844
0.162391600608
0.163415026405
0.165053953462
0.164657599246
0.164515565662
0.164574694736
0.164219259258
0.163486607485
0.16296875649
0.162616018178
0.162262762926
0.161833829063
0.161296184956
0.160638122898
0.159858796904
0.15895646659
0.157924649249
0.15675347575
0.155428021387
0.153926301805
0.152220586411
0.150278887478
0.148064263164
0.145532648253
0.142632957113
0.139181345164
0.134942282003
0.129697349027
0.12289704603
0.11342981465
0.099116384764
0.0758937920971
0.0378863513361
0.149438130413
0.14944148865
0.149455037124
0.149493689711
0.149524631877
0.149557943211
0.14959585814
0.149652671194
0.149708679476
0.149806397525
0.149919435686
0.150031906199
0.150142214812
0.150263461987
0.15040751208
0.150555359451
0.150706536881
0.150856774507
0.151004429273
0.151158075851
0.151324667566
0.151487428318
0.151643425358
0.151834863739
0.152076566486
0.152357778698
0.152672733998
0.152977049211
0.153279475574
0.153585743534
0.153894583954
0.154205395569
0.154526753832
0.154880378009
0.155255443518
0.155648661923
0.156062374854
0.156488997443
0.156930979099
0.157389812962
0.157876702421
0.158426905893
0.159057413108
0.159717711119
0.160378578066
0.161078515538
0.161891825589
0.162820534271
0.163676633597
0.16445261999
0.164701748694
0.164402032603
0.164131187936
0.163706688537
0.163096206201
0.16248280907
0.161911614076
0.161325667726
0.160675408137
0.159930968422
0.159075925271
0.158101426488
0.156999522697
0.155759639578
0.154367755713
0.152805152217
0.151046881016
0.14906125966
0.146809363585
0.144242882832
0.141299499462
0.137893460671
0.13389832856
0.128972797009
0.122672364496
0.114499142486
0.103479646725
0.0879687866971
0.065206832615
0.034169543285
0.149151754096
0.149157110634
0.149171267752
0.149208953298
0.149242761575
0.149282943004
0.14932389269
0.149380525935
0.149440927801
0.14953337911
0.14964797585
0.149762201319
0.14987465666
0.149996810185
0.150140659536
0.150288200517
0.150445318159
0.150606516577
0.150761246603
0.150920988693
0.151093057606
0.151268463475
0.15143256872
0.151614696391
0.15185310641
0.152128463459
0.152436123303
0.152735508482
0.15303156523
0.153345986451
0.1536719173
0.153998434187
0.154319784492
0.154664421116
0.155040123566
0.155445784712
0.155873947574
0.156318507835
0.156777314926
0.157259758818
0.157794158668
0.158414105347
0.159099302514
0.159806059936
0.16054226684
0.161377062212
0.162357661285
0.163152305117
0.163906632434
0.164036300218
0.164167949123
0.163956441485
0.163591720637
0.163089625222
0.162440498261
0.161719880696
0.160973386941
0.160187267197
0.159332826799
0.158386790173
0.157332797465
0.156158589762
0.154852240323
0.15339955963
0.151782791114
0.149979353877
0.147960357518
0.145689214909
0.143119874433
0.14019359679
0.136833221696
0.132933310934
0.12834459302
0.122830197159
0.115882562984
0.10685235129
0.0949893808202
0.0791555044414
0.0573610024345
0.030137512573
0.148837254747
0.148846393461
0.148860307221
0.148890615262
0.148930813312
0.148978066222
0.149024958907
0.149085878301
0.149156201234
0.149242232261
0.149355263091
0.149470464298
0.149585140768
0.149708406245
0.149852263641
0.150000104395
0.150157037291
0.150327591425
0.150492529709
0.150660738732
0.15083830529
0.151025782696
0.151208275317
0.151392675198
0.151616350725
0.151885102273
0.152185955685
0.152481474085
0.152769968195
0.15308339852
0.153416883741
0.1537653268
0.154098965418
0.154437765846
0.154806894502
0.155213844269
0.155653500445
0.156118328942
0.156599520711
0.157120196785
0.157721051202
0.158409455964
0.159146630251
0.159911033964
0.160744897178
0.161703290218
0.16267124398
0.163670685586
0.163756496149
0.163723369615
0.163644100287
0.163372705551
0.162914309204
0.162304756676
0.161562486847
0.16072571662
0.159823402008
0.158856379787
0.157810882133
0.156670876741
0.155421682077
0.154049560864
0.152539910932
0.15087553435
0.149035360008
0.14699316957
0.144716059984
0.142162622112
0.139280497541
0.136002600971
0.13224112186
0.127878166489
0.122751642014
0.116634848059
0.10919590152
0.0998211141371
0.087722817119
0.0720084893773
0.0513071036475
0.0266048037889
0.148508698637
0.148518432973
0.148531046613
0.14855295011
0.148596816811
0.148646744176
0.148697739575
0.148760737981
0.148837843451
0.148925652719
0.149038766031
0.149155097016
0.149272262694
0.149396869311
0.149541145862
0.149690877818
0.149849236861
0.150026075726
0.150201206345
0.150381703711
0.150568602157
0.150764826428
0.150960358151
0.151161956248
0.151386613189
0.151643855801
0.151929750836
0.152220112622
0.152499398808
0.152805927662
0.153139287063
0.153494856778
0.153851188656
0.154198041179
0.154566246754
0.154965471973
0.155404162557
0.155883695427
0.15639958475
0.156976261805
0.15765161418
0.158404298218
0.159193047549
0.160010527134
0.160862357152
0.16169003068
0.162889197251
0.163394454333
0.163367272514
0.163221429607
0.163005086095
0.162625551005
0.162063384986
0.161343206159
0.160489089899
0.159526635459
0.158475638246
0.157341529265
0.156118498348
0.154795535642
0.153359637891
0.151796461435
0.150089611652
0.148219531709
0.146162390989
0.143888848292
0.141362503338
0.138537910811
0.135357898638
0.131749706272
0.127619316357
0.122843227556
0.117256824385
0.110638487577
0.10268890486
0.0930170357452
0.0809967661245
0.0658647871063
0.0465854259037
0.0239492002017
0.148170948113
0.148178986519
0.148189410527
0.148208960221
0.148248047568
0.148295845916
0.148347925753
0.148409931435
0.148489437388
0.148581348998
0.148696952481
0.148814823303
0.148934637937
0.149060569824
0.14920522271
0.14935689126
0.149516999932
0.149698931281
0.14988277081
0.150074635753
0.150276948267
0.150482544141
0.150690351045
0.150897250131
0.151130588801
0.151396024923
0.151678609033
0.151955694568
0.15222323049
0.152519667705
0.152849979837
0.153200510369
0.153566062602
0.153925346937
0.154299919984
0.154702746791
0.155136911783
0.155623457385
0.156178899003
0.156825242896
0.157575643588
0.158389890217
0.15922067274
0.160012257971
0.160761685057
0.161331094588
0.162493018034
0.16268822502
0.162736701626
0.162577618253
0.162239552513
0.161733001863
0.161053116994
0.160214053722
0.159237694622
0.158144812048
0.156950489116
0.155660707349
0.154273003889
0.152779193391
0.151167461159
0.149423170674
0.147528675406
0.14546261789
0.143199003039
0.140706044435
0.137944665891
0.134866534733
0.131411427452
0.127503617017
0.123046880477
0.117917695249
0.111956230255
0.104954914847
0.0966448029604
0.08668133192
0.0746390352625
0.0599908111528
0.0419434933347
0.0212422140598
0.147817793581
0.14782778339
0.147834500291
0.14785772324
0.147888551613
0.147931187449
0.14798150837
0.148041380042
0.148120811205
0.148212229132
0.148330261289
0.148449402542
0.148570887021
0.148698115883
0.148843523695
0.14899586722
0.149155971073
0.149342391756
0.149533828039
0.149732626843
0.149946745023
0.150160604121
0.150385842343
0.150607534852
0.150839392326
0.151109681113
0.151407778475
0.151684150092
0.151941142529
0.152223438298
0.152552850543
0.152903464723
0.153266607069
0.153630513384
0.154006117642
0.154411048262
0.154845541303
0.155340874387
0.155936905044
0.156658081849
0.157482263868
0.158348651406
0.159168289034
0.159965385176
0.160800761159
0.162083770378
0.161892187736
0.162073178022
0.162073155256
0.161808942302
0.161340749053
0.160699901249
0.159891678158
0.158927294667
0.157824901594
0.156601755091
0.155269947372
0.153834693814
0.152294493991
0.150642356366
0.148867005557
0.146953520017
0.144883335154
0.142633779101
0.140177302792
0.137480429658
0.134502362532
0.131193147916
0.127491264594
0.123320443903
0.118585504096
0.113166999458
0.106914590363
0.0996392839637
0.0911050773297
0.0810216672414
0.069037248151
0.0547522437252
0.0375799085569
0.0186320505554
0.147439909758
0.147450751019
0.147459387309
0.147483918282
0.147512635629
0.147552017152
0.147599572887
0.147656783729
0.147733726236
0.147821004944
0.147939812778
0.148060165433
0.148180968587
0.148309620014
0.148457211526
0.148610218996
0.148768445503
0.148955227559
0.149153390068
0.149355855451
0.149578121842
0.14980219642
0.150035110419
0.150281558867
0.150528954295
0.150803582507
0.151115555746
0.151407255202
0.151654767276
0.151920526886
0.152238086843
0.152590735585
0.152960315785
0.153330917048
0.153702631487
0.154104141172
0.154535221144
0.155035906967
0.155671013681
0.156465093353
0.157354459245
0.158208582709
0.158999276512
0.159806054051
0.160687267926
0.161629133966
0.161579350144
0.161468401644
0.161288636673
0.160900715778
0.160305390064
0.159529684179
0.158589065081
0.157496866669
0.156268559003
0.15491831476
0.153455807071
0.151884967691
0.1502040205
0.148406099412
0.146479929263
0.144410245172
0.142177818904
0.139759113278
0.137125629388
0.134242969898
0.131069581555
0.127555116302
0.123638323313
0.119244374853
0.11428152947
0.108637098474
0.102172816506
0.0947199781927
0.0860750896465
0.075997902147
0.0642110954787
0.0504320197531
0.0342087579688
0.0168157253348
0.147036767634
0.147044609033
0.147060119093
0.14708497374
0.147115692408
0.147154995096
0.147200416994
0.147255233449
0.147328852849
0.147409789162
0.147526955256
0.147649381794
0.14776802649
0.147895312067
0.14804685936
0.148202443364
0.148360125629
0.148541283144
0.148740689773
0.148946787597
0.149172561242
0.149410694661
0.149659677029
0.149917781979
0.150185210707
0.150469146151
0.150793661033
0.151116567924
0.151370022551
0.151619203578
0.151913713402
0.152259399816
0.152632645803
0.153018114941
0.153394870482
0.153788535913
0.154213156275
0.154710380325
0.155378023379
0.156244176247
0.157176946486
0.157994192798
0.158771515886
0.159552520716
0.160909947327
0.160734643877
0.160847667442
0.160736097899
0.1604023973
0.15986970216
0.159139702397
0.158228940824
0.157156305088
0.155937449623
0.154586272283
0.153114271413
0.151528817663
0.149832269708
0.148021959905
0.1460905562
0.144026460763
0.141814055696
0.139433693095
0.136861399835
0.134068313241
0.131019854373
0.127674623488
0.123982977499
0.119885246954
0.115309547312
0.110169173313
0.104359635679
0.0977555433811
0.090207796667
0.0815418520955
0.0715589881062
0.0600387370757
0.0467771636274
0.0314039844501
0.015271554938
0.146614856635
0.146621659994
0.146639061004
0.146664219141
0.146697176457
0.146737829512
0.146781846657
0.146834981583
0.146906677456
0.146981365512
0.147093664058
0.147218558371
0.147336817518
0.147458511994
0.147611650827
0.147770888833
0.147930149134
0.148105214794
0.148299598648
0.14850544279
0.148733984847
0.148972546107
0.149239218946
0.149514104072
0.149801609644
0.150099111496
0.150434286597
0.150791265604
0.151077917284
0.151323763194
0.151598597199
0.151918587812
0.152284735957
0.152679272907
0.15308211624
0.153476762955
0.153890106614
0.154368436894
0.155053916998
0.155979335052
0.156899176103
0.157711724276
0.158503098184
0.159300999077
0.160236647235
0.16026930005
0.160147518005
0.159884094469
0.159405597545
0.158723926971
0.157852232305
0.156806505561
0.155605079506
0.15426374356
0.152795016864
0.15120807187
0.149508053766
0.147695617442
0.14576694107
0.143713970829
0.141524668918
0.139183143479
0.13666959269
0.133960031317
0.1310257933
0.127832812053
0.124340665975
0.120501370496
0.116257890536
0.111542364805
0.106274065243
0.100357196717
0.0936787803835
0.0861070997022
0.0774914399842
0.0676650189157
0.0564483051715
0.0436904940245
0.0290740460583
0.0139581010799
0.146175910995
0.146182009
0.146198314987
0.146224834551
0.146258452099
0.146299552086
0.146342233771
0.146392780841
0.146466317477
0.146541555788
0.146642230653
0.146767627041
0.146888152349
0.147007732889
0.147153487923
0.147313418083
0.14747462713
0.147645992159
0.147836260805
0.148035692767
0.148267295604
0.14850559944
0.148767111494
0.149050891649
0.149353427484
0.14967529922
0.150026697356
0.150416263191
0.150765486863
0.151028882455
0.151297504904
0.15159929954
0.151946637569
0.152325478813
0.152738722873
0.153163046978
0.153583814355
0.154032328456
0.15469063133
0.155677251535
0.156577926117
0.157389845444
0.158208368644
0.159717613784
0.159342318596
0.159454960853
0.159323019853
0.158915240587
0.158288773804
0.157461850712
0.156450209812
0.155272720864
0.153947684399
0.152489994541
0.150910546742
0.149216348098
0.147410427309
0.145491742344
0.143455271795
0.141292208076
0.138990120224
0.136533010005
0.133901220736
0.13107117678
0.128014945705
0.12469961857
0.121086500374
0.117130092218
0.112776848698
0.107963702291
0.102616387802
0.0966476700787
0.08995571169
0.0824230434067
0.0739167996812
0.0642921531881
0.0533954600663
0.0411073382094
0.02714292236
0.0128192265645
0.145720385435
0.145726170621
0.145741705421
0.145770083882
0.145801842564
0.145840657322
0.145882479195
0.145928934501
0.146001411921
0.146081648758
0.146170158184
0.146293512658
0.146415817265
0.146537979894
0.146672689599
0.146828429979
0.146989531156
0.147158035608
0.147348487081
0.147543862645
0.147767740534
0.148010995021
0.148264871913
0.148545575307
0.148853246187
0.149183827744
0.149550147396
0.149959514331
0.150386400624
0.150717513176
0.150988620991
0.151286274797
0.151617821442
0.151994999037
0.152394528741
0.152829758371
0.153283821452
0.153735684321
0.154297736057
0.155265593504
0.156200704578
0.156980700368
0.157304974318
0.158892132084
0.158904859189
0.158718556486
0.158405973427
0.157847750291
0.157067244629
0.15609217216
0.154942731496
0.15363832419
0.15219613218
0.150629350572
0.148946870065
0.147153541118
0.145250402225
0.143234830344
0.14110070749
0.138838589068
0.136435814693
0.133876517633
0.131141513808
0.128208059442
0.125049473141
0.121634616488
0.117927219047
0.113885024456
0.109458723683
0.104590655184
0.0992132717711
0.0932474513481
0.0866008397499
0.0791666372178
0.0708234742685
0.0614383529347
0.0508691156426
0.0390082012324
0.0255873457444
0.011844001662
0.145249115001
0.145254709529
0.145274585444
0.145302854334
0.145329377836
0.145364176465
0.14540531155
0.145449207876
0.145512183704
0.14559229469
0.145673682744
0.145793037154
0.145915219058
0.146036875207
0.146163686416
0.146314105837
0.146470211959
0.146635199346
0.146826066546
0.1470233345
0.147234910763
0.147474036314
0.147724440303
0.148002683161
0.148305559476
0.148632928318
0.148999373818
0.149410380723
0.149868811673
0.150323892607
0.15065687781
0.150955082461
0.151283316473
0.1516468322
0.152053647813
0.152495334532
0.152974507668
0.153496183146
0.154022624647
0.15477217262
0.155883200758
0.156964211448
0.158788911457
0.157998843215
0.158084429963
0.157885531921
0.157393261852
0.156669474868
0.155736198695
0.154617531201
0.153336435148
0.151912417496
0.150361004126
0.148693274063
0.146915931201
0.145031738061
0.143039930779
0.140936515541
0.138714484027
0.136363968303
0.133872316926
0.131224078941
0.128400889298
0.125381258421
0.12214026444
0.118649140389
0.114874731365
0.110778775219
0.106316948591
0.101437608268
0.0960801878629
0.0901732426952
0.083632260221
0.0763575457533
0.0682327733731
0.0591262928919
0.0488922527021
0.0374138088276
0.0244217649394
0.0110417641586
0.144762386368
0.144768925043
0.144792859249
0.144816505076
0.144838369509
0.144870243064
0.144910333081
0.144952941434
0.14500605792
0.145081103108
0.145155432594
0.145266752286
0.145388131415
0.145504520902
0.14562460207
0.145772317811
0.145921107438
0.146076929802
0.146265239665
0.146460716772
0.146664980536
0.146897908262
0.147139204297
0.147416528996
0.147713659881
0.148036790069
0.148388656385
0.148785154997
0.149229628225
0.149730462783
0.150217630032
0.150583779539
0.150932635221
0.151297381676
0.151703077205
0.152156780862
0.152663813004
0.153222579704
0.153803972388
0.154453898251
0.155376280279
0.156216285889
0.157976735644
0.15764864286
0.157315143264
0.156921260368
0.156267370427
0.155381603496
0.154297937085
0.153042449667
0.151638125942
0.150103343286
0.148451540329
0.146691453917
0.144827571219
0.14286071645
0.140788572582
0.138606047769
0.136305513936
0.133876947344
0.131307985046
0.128583898787
0.125687497809
0.122598968815
0.1192956595
0.115751789066
0.111938041684
0.107820966294
0.103362072161
0.0985165041364
0.0932311645055
0.0874421913156
0.0810717594235
0.0740243220904
0.066182763
0.0574062978071
0.0475284879179
0.0363954221227
0.0237092732092
0.0104464483699
0.144257871542
0.144264727533
0.144279879793
0.144302243022
0.144325422493
0.144356455815
0.144395037732
0.144435101095
0.14448265231
0.144551816435
0.144622665299
0.144718429257
0.144839244905
0.144951106975
0.14506266195
0.145205878927
0.14535282104
0.145499539947
0.145674067771
0.145863009406
0.146057313273
0.146287460284
0.146521774646
0.146781292358
0.147069473896
0.147388825513
0.14772790485
0.148104106403
0.148524510734
0.148996683331
0.149527079604
0.150057848052
0.150506110576
0.150926547505
0.151355449321
0.1518201492
0.152337628797
0.152910705561
0.153516756698
0.154205369643
0.155166121771
0.156070656871
0.156601336836
0.156722874008
0.156387017858
0.155816738764
0.155007950597
0.153974722106
0.152751968586
0.151370455804
0.14985356632
0.148218134565
0.146475378008
0.144631724146
0.142689591313
0.14064811689
0.138503734622
0.1362505684
0.133880670937
0.13138415421
0.128749235587
0.125962221919
0.123007449194
0.119867202195
0.116521617734
0.112948547362
0.109123304013
0.105018171312
0.100601513675
0.0958362920624
0.0906777793628
0.0850702151414
0.0789422124311
0.0722006686391
0.0647233801902
0.0563518308577
0.0468828923718
0.0360924029655
0.0236101512111
0.0101639563314
0.143736655262
0.14374244999
0.143749542497
0.143771339002
0.143796384629
0.143825218544
0.143859682453
0.143895701221
0.143937187696
0.144000863119
0.144072789194
0.144151623509
0.144268890681
0.144381796371
0.14448936471
0.144616754602
0.144761739916
0.144904808284
0.145060102751
0.145241820011
0.145425461172
0.145638263836
0.14587032532
0.146109345569
0.146382252377
0.146680719681
0.147009626111
0.147368055818
0.14776249402
0.148205564665
0.148694099971
0.149243766206
0.149806030083
0.15034539239
0.150848113586
0.151361055781
0.151906040699
0.152501621436
0.153146673251
0.153917554009
0.155147363117
0.156341339527
0.15576402597
0.155705550254
0.15532582215
0.15459641978
0.153627835124
0.152453072558
0.151102467512
0.149606713991
0.14798857339
0.146262960657
0.144438776176
0.14252025497
0.14050798674
0.138399726468
0.13619098908
0.133875436364
0.131445106525
0.12889053467
0.126200804598
0.123363558084
0.12036500041
0.117189930105
0.113821804612
0.110242789806
0.106433686055
0.102373552572
0.0980388156658
0.0934016076357
0.0884270210731
0.0830688609505
0.0772633611681
0.0709199524636
0.0639086845785
0.056045086663
0.0470715810717
0.0366641762421
0.0243526617114
0.0103871558887
0.143202406004
0.143208265372
0.143219806653
0.14323623024
0.143256476205
0.143279667965
0.143307722804
0.14333952973
0.143374525855
0.143429737011
0.143500264869
0.14356663211
0.143672189546
0.143788638149
0.143894594419
0.144003314849
0.144142240271
0.144278733085
0.14441676922
0.144589062292
0.144766621855
0.144955821207
0.145175074001
0.145396379513
0.145653426033
0.145927918984
0.146240216499
0.146576336811
0.146944371921
0.147357421863
0.147812058817
0.14830769123
0.148852052498
0.149427213089
0.150001000577
0.150574188244
0.151172126354
0.151809370085
0.152483798046
0.15316028494
0.153809331173
0.155254761088
0.154925405206
0.15458553383
0.154077511941
0.153227982337
0.152121695807
0.150818008504
0.149352783025
0.147755731756
0.146048115739
0.144242838669
0.142346607975
0.140361705116
0.138287196157
0.136119787209
0.133854403832
0.131484557309
0.129002556647
0.126399629239
0.123665987521
0.12079088702
0.117762721978
0.114569209892
0.111197659783
0.107635253095
0.103869166439
0.0998863243095
0.0956725205132
0.0912106495018
0.0864776917257
0.0814398473688
0.076045007179
0.0702100283743
0.0638009891825
0.0566013435402
0.0482614913109
0.0382774645065
0.0259789234209
0.0109257613294
0.142654464069
0.142659628044
0.14267327072
0.142686077465
0.142699616607
0.142718600527
0.142742085676
0.142770549586
0.142800995156
0.142845166913
0.142910478907
0.142974187768
0.143055179847
0.143170539119
0.143273174587
0.143369756258
0.143495822536
0.143627117608
0.143753373546
0.143904988404
0.144071707249
0.144241046791
0.14444557163
0.144653866238
0.144884015407
0.145140565108
0.145423309405
0.145735105037
0.14607618067
0.1464526319
0.146876175908
0.147334005191
0.147837687975
0.148382499611
0.148971628788
0.14958777335
0.150238232503
0.150926148211
0.151628545011
0.152220998342
0.152045292083
0.153493950852
0.153690587803
0.153341318179
0.15269795376
0.151727520856
0.150497370819
0.149076900057
0.147508992095
0.14582262485
0.144036722304
0.142161846017
0.140202578344
0.138159482784
0.136030405547
0.133811320498
0.131496869531
0.129080692742
0.126555625682
0.12391382379
0.121146860892
0.118245850622
0.115201669247
0.112005332164
0.108648516448
0.10512409013
0.101426439795
0.0975513208763
0.0934950187616
0.0892526023466
0.0848150586086
0.0801647996293
0.0752688096483
0.0700658464903
0.0644448456404
0.0581966895434
0.0509060189517
0.0417971249809
0.0293530490515
0.0114937095928
0.14209203287
0.142094554748
0.142101542681
0.142108983134
0.142123143688
0.142142045442
0.142163729074
0.142189311544
0.142214693612
0.142247434179
0.142302789169
0.142368280428
0.142427460758
0.142527207963
0.142632496409
0.142722850243
0.142825017939
0.142951334305
0.143070833555
0.143195579464
0.143349899488
0.143502648134
0.143680720273
0.143879194519
0.144077438259
0.144315472926
0.144568571578
0.144854895009
0.14516615263
0.14550814951
0.145897129448
0.146325113189
0.146799137339
0.147321543022
0.14790027292
0.148542463006
0.149248608465
0.150036884026
0.150925086852
0.15187026033
0.152543448851
0.152385817142
0.152514364416
0.152068848161
0.151245145514
0.150123192991
0.148766082638
0.147236403865
0.145576147745
0.14381144617
0.14195779048
0.140022921841
0.138009290067
0.135915953732
0.133739821235
0.131476424676
0.129120391683
0.126665735506
0.124106035213
0.121434576328
0.118644487737
0.115728951514
0.112681580678
0.109497040415
0.106171847601
0.102705155203
0.0990992089181
0.0953592215276
0.0914924786593
0.0875066719483
0.0834075096451
0.0791955017985
0.0748624780699
0.0703841244734
0.0657143381357
0.0607563493059
0.0553020463528
0.0488731349354
0.0394099649354
0.0205064181481
0.141518075514
0.141518456474
0.141518900173
0.141517341309
0.141535170951
0.141554883529
0.141574856966
0.141596733859
0.141616470653
0.141639171398
0.141681296765
0.141741349554
0.141797333716
0.141866994603
0.141968983033
0.142058720527
0.142139934481
0.142249973202
0.142363126922
0.142467431176
0.142600049639
0.142741803697
0.142886455721
0.143064751569
0.143245487695
0.143448848824
0.14367962367
0.143935846749
0.144218016354
0.144529467631
0.144881404014
0.145278154702
0.145722967113
0.146222130437
0.146786661146
0.147431023386
0.148181636623
0.149070481461
0.150152210717
0.151644220443
0.152067229803
0.151679867529
0.151408880992
0.150711212271
0.14969004173
0.148408398158
0.146926327359
0.145296977842
0.143555894093
0.141724213661
0.139813307815
0.137827907303
0.135768438107
0.133632702804
0.131416956049
0.129116556411
0.126726357185
0.124240952228
0.121654847362
0.118962622107
0.116159119821
0.11323976055
0.110201119337
0.107041826357
0.103763668093
0.100372554577
0.0968789871322
0.0932977349309
0.08964669156
0.0859450724869
0.0822113164833
0.0784611246072
0.0747069434258
0.0709568498066
0.0672284188542
0.0635503724673
0.0600444465342
0.0570998852561
0.0554620218637
0.0598901716761
0.140934453882
0.14093537144
0.140938100696
0.14093727013
0.140946949035
0.140962924378
0.140979340065
0.140996102465
0.141011363119
0.141025914651
0.14105156576
0.141098560508
0.141155990181
0.141204940901
0.141281923441
0.141372980584
0.141445262231
0.141523510046
0.141629635588
0.141722888992
0.141821314259
0.141950222127
0.142074379726
0.142221537531
0.142387336109
0.142556285631
0.142755594004
0.142978156349
0.143229063529
0.143506236696
0.143820457576
0.144183370885
0.144593142267
0.145059605695
0.145602517112
0.146232568329
0.146981674499
0.147898323275
0.149054546066
0.150535183559
0.151074183929
0.150580329567
0.150114547484
0.149183304712
0.147982933338
0.146559618296
0.144968534818
0.143255015131
0.141447418836
0.139561377807
0.137604205333
0.135577882676
0.133481136075
0.131310846346
0.129062917286
0.126732793726
0.12431576878
0.121807196512
0.119202658798
0.116498162875
0.113690388789
0.11077713498
0.107758134702
0.104636286044
0.101419025615
0.0981193806198
0.0947562058731
0.0913534120926
0.0879382160388
0.0845389180734
0.0811825755561
0.0778931671325
0.0746924960964
0.0715982288048
0.0686465065463
0.0658682968201
0.0634236506119
0.0616158501961
0.0609232975233
0.0631768873095
0.140341387209
0.140343155841
0.140348189055
0.140357750117
0.140356960008
0.140367928924
0.140380136113
0.140391742595
0.140403001905
0.140409090989
0.140418365504
0.140445443064
0.14049067245
0.14053583007
0.140582264178
0.140660619902
0.140734573256
0.140791383482
0.140871995889
0.14095846506
0.141033318252
0.141133856627
0.141244563973
0.141359709985
0.141495357895
0.14164042952
0.141801312272
0.14199137585
0.142200587482
0.142437603174
0.142714827131
0.143032368144
0.143395856033
0.143815816581
0.144315100099
0.144908782248
0.145627637876
0.14651494171
0.147671354387
0.148989562824
0.149627522566
0.14904764336
0.148515760504
0.14742444139
0.146088295445
0.144556812367
0.14288316943
0.141106496595
0.139249427252
0.137322962296
0.135331095485
0.133273702598
0.131148336181
0.128951372476
0.12667869123
0.124326075567
0.121889454063
0.119365093672
0.116749775551
0.114041037712
0.11123749236
0.108339429498
0.105349934381
0.102276475567
0.0991325125705
0.0959384362841
0.0927213176557
0.0895133205005
0.0863490874483
0.0832627691149
0.0802851365084
0.0774418416089
0.074754322203
0.0722354633293
0.069910326497
0.0677549514581
0.0659314978368
0.0643416102045
0.0624679535185
0.0620730937469
0.139743615057
0.139744699554
0.139746095264
0.139761866812
0.139763781514
0.139770666434
0.139778533111
0.139784835292
0.139790489799
0.139789471423
0.139786765537
0.139790931166
0.139815411641
0.139852784605
0.139885287629
0.139928125703
0.139996954179
0.14005306786
0.140099802641
0.140170858368
0.140237228778
0.140301523031
0.140387675399
0.140476729165
0.140578717854
0.140694811103
0.140821822474
0.140970275576
0.141140045277
0.141336956511
0.141560537091
0.1418198255
0.14212392076
0.1424851897
0.142919548827
0.143446446045
0.144091966319
0.144914389402
0.145996672189
0.147167848732
0.147847493118
0.147156631116
0.146592867643
0.145410242553
0.143990007367
0.142390101734
0.140665527592
0.138849924077
0.136962029515
0.13500980392
0.13299510347
0.130916579959
0.12877125569
0.12655546573
0.124265396516
0.121897408946
0.119448239603
0.116915198034
0.114296360326
0.111590875414
0.108799356228
0.105924688588
0.102973515104
0.0999582197211
0.0968986671242
0.093822803277
0.0907655729846
0.087766199031
0.084864394117
0.0820964231584
0.0794913971576
0.0770701898082
0.0748490769235
0.0728325973629
0.0710471290042
0.069482692376
0.0684901428173
0.0673603638573
0.0648946347578
0.0671663929459
0.139145763164
0.139146285834
0.139146779521
0.139160351949
0.139172652256
0.139172976248
0.139174285295
0.13917367832
0.13917159882
0.139165806554
0.139153963879
0.139142247603
0.139141551668
0.139158925909
0.139185544884
0.139203349486
0.139241460948
0.139291194417
0.139322345794
0.139360495736
0.139412782661
0.139455555866
0.139507047416
0.139569902743
0.139638884633
0.139717340103
0.139809914726
0.13991540335
0.140046859855
0.140195932767
0.14036116123
0.140559907018
0.140791692544
0.141071776308
0.141407439085
0.141824552556
0.142351536539
0.14303849888
0.143973158375
0.145038907591
0.145749709132
0.144914897673
0.14433236585
0.143131111378
0.141686354628
0.140060922052
0.138318228054
0.136488334294
0.134588176473
0.132624552651
0.130598558132
0.128508568172
0.126351724291
0.124124764146
0.121824483573
0.119448029585
0.116993090472
0.114458119944
0.111842559397
0.109147224533
0.106374778598
0.103530804789
0.10062574939
0.0976773194824
0.0947122158404
0.0917661045038
0.0888813767911
0.086103015743
0.0834734495893
0.0810271896396
0.0787856626693
0.0767566113187
0.0749361304981
0.0732994242783
0.0719082529824
0.0709080964608
0.0707222123938
0.0692187260781
0.0709752338432
0.0697788955809
0.138541802337
0.138541546571
0.138543417819
0.138546961002
0.138561683348
0.138564181341
0.138562891811
0.138555999524
0.138546058893
0.138534941442
0.138515395978
0.138493828279
0.138470587069
0.138462148291
0.138471180289
0.138483449492
0.138490333906
0.138515541348
0.138538399396
0.138549931073
0.138566940605
0.138592599939
0.138614931664
0.13864270821
0.138678120747
0.138722033328
0.138772055434
0.138837152125
0.138913947948
0.139004739438
0.139105622865
0.13923006081
0.139379335842
0.139558264126
0.139771280894
0.140040374871
0.140391365904
0.140798303178
0.141356735379
0.142061617742
0.143137752
0.142309935659
0.141749389875
0.140604517144
0.139196793069
0.13758593777
0.135853608385
0.134030671454
0.132134465539
0.130172194978
0.128145354723
0.126052823257
0.123892379008
0.121661510754
0.119357856569
0.116979507534
0.114525206636
0.111994622292
0.109388602075
0.10670966278
0.103962546667
0.101155645148
0.0983035080247
0.0954296515142
0.0925680862667
0.0897623423341
0.0870618149218
0.0845161241943
0.0821687090133
0.0800499743369
0.0781706918333
0.0765200622815
0.0750479999762
0.0736480987749
0.0723753857991
0.0712775890623
0.070670203275
0.0720769864946
0.0715539239092
0.0711045303932
0.137923675358
0.137920594665
0.137918869512
0.137912060976
0.137919932197
0.137933221486
0.137937365311
0.137927702618
0.137911886861
0.137893627295
0.137869710469
0.137837211744
0.137803367758
0.137769137947
0.137750788843
0.137748599007
0.137742270934
0.137734927249
0.137738222695
0.137736829973
0.137723455967
0.137712073555
0.137709786358
0.137703181695
0.137700978178
0.137705170721
0.137711439858
0.137721539883
0.137735118928
0.137754778688
0.137780121877
0.137820948191
0.13788489135
0.137959902063
0.138049927891
0.138175058924
0.138282981477
0.13831340402
0.138166778561
0.137106751114
0.139700485301
0.139468599805
0.138987132222
0.137912728643
0.136570570806
0.13499735809
0.133292787837
0.131490969862
0.129610605106
0.127659765371
0.125640829292
0.123553566668
0.121396671595
0.119168582027
0.116867913914
0.114493795675
0.112046080862
0.109525688367
0.10693488191
0.104277890969
0.101561543848
0.0987971641553
0.0960037648338
0.0932112199865
0.090461305232
0.0878054502162
0.0852994709276
0.0829966066666
0.0809402928054
0.0791566829424
0.0776498621837
0.0763979545941
0.0753115275319
0.0742552142221
0.0731863609112
0.0713391536225
0.0708240539172
0.072052622192
0.0720180448396
0.0718894118408
0.137295070331
0.137287574861
0.137278369345
0.137268132302
0.137266279596
0.137278277351
0.137288014232
0.137282117748
0.137265756696
0.137242801362
0.13721569469
0.137177752592
0.137136256957
0.137087939402
0.137043676765
0.137010358025
0.136989648399
0.13696136961
0.136933008139
0.136909522557
0.136879382367
0.136835501662
0.136792088563
0.136753656198
0.13671259613
0.136667181485
0.136620394607
0.136568428279
0.136519322095
0.136466345673
0.136425180683
0.136382917872
0.136346561322
0.136315970572
0.136303081013
0.136288923367
0.136240972555
0.136161009426
0.135930917916
0.135847141666
0.136275959205
0.136558692457
0.136223893431
0.135169734645
0.133868457399
0.132330783141
0.13065866297
0.128884679887
0.127027509426
0.125095350597
0.123091237785
0.121015813445
0.118868727811
0.116649418994
0.114357521343
0.11199323105
0.109557521761
0.107052565063
0.104482019412
0.101851816382
0.099170852577
0.0964535243262
0.0937237275208
0.0910182645533
0.0883870248122
0.0858890890264
0.0835857327118
0.0815323695002
0.0797709261305
0.0783230674412
0.0771895770644
0.0763404108519
0.0756945479042
0.0753461902784
0.0752972088247
0.0727216868443
0.0730703234383
0.072887862237
0.0726504866409
0.0725015987966
0.136667068445
0.136655657955
0.136641387586
0.136628834315
0.136617386348
0.136614211898
0.13661900192
0.136621950959
0.136609580654
0.136586103725
0.136554770884
0.136515701084
0.13646365571
0.136409870485
0.136347887478
0.136289154682
0.136236307694
0.136189944908
0.136136386383
0.136079938363
0.136023334329
0.135958403366
0.135880228353
0.135798560701
0.135714672809
0.135620073451
0.135514690719
0.135407649453
0.135291282127
0.135174413898
0.135045240161
0.134906983223
0.134765814525
0.134636454394
0.134519479487
0.134392516657
0.134283920659
0.134210098859
0.134261303782
0.134503631542
0.134294404445
0.133965755147
0.13352259788
0.132419436258
0.13112370777
0.129609446524
0.12796841118
0.126224935413
0.12439540027
0.122487079378
0.120503193164
0.118445047586
0.116313155469
0.114107913618
0.111829947904
0.109480506394
0.107061653351
0.104576788666
0.102030913293
0.0994316327168
0.0967898645682
0.0941232449264
0.0914610285406
0.0888474983121
0.0863408005875
0.084007020247
0.0819113985972
0.0801094030863
0.0786389244489
0.0775152789874
0.0767322409952
0.0762390967717
0.0759708765543
0.0759777432549
0.0754697832871
0.077489170957
0.0746524944577
0.0736354118659
0.0731145866991
0.07288941896
0.13604440079
0.1360320155
0.13601647525
0.135999522843
0.135981841941
0.135964839499
0.135956810563
0.135960602857
0.135951190425
0.135927648064
0.135892682005
0.135848973522
0.13579216978
0.135726240096
0.135655636035
0.135574907684
0.135493057461
0.135415246906
0.135341051261
0.135257439559
0.135169348459
0.135070457641
0.134966775964
0.134844122911
0.134711192822
0.134566836673
0.134410446052
0.134240464295
0.134055995306
0.133849872635
0.133622173887
0.133397078407
0.133164763762
0.132929756374
0.132683271473
0.132427208171
0.132177918825
0.131960578078
0.131821494362
0.131815841635
0.132006336359
0.131366057378
0.130794604669
0.129632564616
0.128335954489
0.12684205429
0.125232462948
0.123521721018
0.121723165955
0.119842660085
0.117883336797
0.115846989199
0.113734881033
0.111548295418
0.109288791321
0.106958626084
0.104560899112
0.102100195062
0.0995827799765
0.097017891781
0.0944183936938
0.0918053691171
0.0892139682438
0.0866964457291
0.0843190668516
0.0821538199099
0.0802679021945
0.078714245251
0.077523980127
0.0767036998586
0.0762333666206
0.0760497675522
0.0761805165696
0.0765415946007
0.0757591360289
0.0757325529691
0.0744749609771
0.073680545313
0.073205689859
0.0729916164469
0.135424581149
0.13541622675
0.135400916506
0.135381255329
0.135358112445
0.135332937259
0.135310973902
0.135303738155
0.135295615553
0.135271541124
0.135233535898
0.135183456062
0.135123077899
0.135047707991
0.134964288362
0.13486609411
0.134760613359
0.134655825505
0.134548250959
0.134437754257
0.134321831364
0.134190847181
0.13404559936
0.133885844722
0.13370467963
0.133507034655
0.133294514148
0.133055274793
0.132787323858
0.132490114174
0.132193137628
0.13187393433
0.131531617277
0.131165468972
0.130769154526
0.13034812769
0.129922343764
0.129532394474
0.129216856097
0.129054500089
0.129340827171
0.128596934715
0.127976900783
0.126785648879
0.125500436907
0.124032691838
0.122458163229
0.120783201527
0.119018757969
0.117169424226
0.115238258476
0.113227482648
0.111139040383
0.108975039254
0.106737905488
0.104430856348
0.102057953627
0.0996249171561
0.097139177382
0.0946115635994
0.0920567789231
0.0894996334186
0.086981775913
0.0845638304725
0.0823197150757
0.0803257411464
0.0786485634127
0.0773356750252
0.0764089431992
0.0758640340488
0.0756625815679
0.0757352964214
0.0760633930722
0.0761471914177
0.0775146350468
0.0753838063878
0.0742084706556
0.0734827072365
0.0730639777104
0.0728801983203
0.134811545931
0.134808541608
0.134794315005
0.134773369668
0.134746389692
0.134715021306
0.134683782624
0.134657563668
0.134643098144
0.134619435341
0.134579383285
0.134524186615
0.134455508982
0.134374064056
0.134274101399
0.134166557831
0.134043355461
0.13391469754
0.133775451671
0.133633016314
0.133482092301
0.13332038377
0.133131799224
0.132925626772
0.132696189613
0.132445946664
0.132166696112
0.131853428875
0.131503550325
0.131143824494
0.130754081029
0.13031975605
0.129850986651
0.1293434445
0.128795891663
0.128215067667
0.127643300541
0.127072279324
0.126554424794
0.125984181633
0.126432189505
0.125664378555
0.125055610775
0.123873420321
0.122618397413
0.121186640496
0.119652668052
0.118017121478
0.116289815043
0.114474559737
0.112574544417
0.110592461023
0.10853091265
0.106392792017
0.104181334007
0.101900669671
0.0995557437872
0.0971533637741
0.0947020088574
0.0922140697345
0.0897059603979
0.087206604102
0.0847648309572
0.0824499066055
0.0803425993666
0.0785215527707
0.0770500392047
0.0759669068201
0.0752817243676
0.0749765914833
0.0750036361669
0.0753283198252
0.075849119142
0.0758150882764
0.0755750374988
0.0744739665434
0.073648231674
0.0730947514678
0.07276628395
0.0726226929072
0.134213446633
0.134210108116
0.134196357453
0.134173643868
0.134144080948
0.134108378836
0.134070306457
0.134031452968
0.133998989326
0.133972475494
0.133932096256
0.133872936728
0.133796720063
0.133704772745
0.133595031557
0.133471699856
0.133337973805
0.133183164079
0.133020331304
0.132845644263
0.132658205741
0.13245608799
0.132228025112
0.131972671515
0.131693297705
0.131385632107
0.131041870151
0.130655236747
0.130243778042
0.129795304741
0.129292103157
0.128740640729
0.128139341074
0.127486606217
0.126782492793
0.126048827396
0.125312328694
0.12454987062
0.123733686224
0.122730909289
0.123342748555
0.122613860691
0.122051928099
0.120908024365
0.11969924666
0.118312660001
0.116824472929
0.115231692554
0.113544126492
0.111765318866
0.109898839413
0.107947932699
0.105915868908
0.10380630773
0.101623241512
0.0993716818213
0.0970573722159
0.0946881765686
0.0922734928948
0.0898272773316
0.0873675016278
0.0849277541484
0.0825648028803
0.0803566640637
0.0783897924891
0.0767428932349
0.0754730337075
0.0746076187676
0.0741407568963
0.074036565231
0.0742319765547
0.0746671015106
0.0751353068151
0.0761563678101
0.0746531481147
0.0737142307511
0.0730646058395
0.0726452075765
0.0723980257336
0.072294330193
0.1336296975
0.133621393296
0.133606375626
0.133581560407
0.133549533547
0.133510827009
0.133466195261
0.133420491801
0.133375248686
0.133334079535
0.133292179891
0.133230958731
0.133149213877
0.133048400197
0.132929894048
0.132791982996
0.132637653717
0.132465898153
0.132276893017
0.132074953117
0.131852750833
0.131606813814
0.131334772024
0.131033268156
0.130702897175
0.130335626347
0.129925677584
0.129475074046
0.128980436492
0.128426556977
0.127815074104
0.127142110345
0.12640784465
0.12561066539
0.124754500497
0.123866151812
0.122922553688
0.121896118747
0.120745160285
0.119495820536
0.120184887696
0.119512289955
0.119004779285
0.117912065199
0.116757978802
0.115422347857
0.113983461199
0.112435780831
0.110789783806
0.109049095618
0.107217862461
0.105299952779
0.103299318895
0.10122037936
0.0990678407384
0.0968475760357
0.0945660437709
0.0922321572548
0.089856094839
0.0874534332562
0.0850435324902
0.0826654279071
0.0803846581481
0.078287890534
0.0764657149012
0.0749942593582
0.0739214681814
0.0732613786617
0.072993225677
0.0730680394808
0.0734084789857
0.0739064613272
0.0743696628013
0.0742363078617
0.073481456701
0.0728798030912
0.0724416674894
0.0721577017888
0.0719872023297
0.0718826229185
0.133055094009
0.133042769156
0.133024990754
0.132999186564
0.132965742189
0.132925558409
0.132878445621
0.13282525669
0.132772916441
0.132715706201
0.132660176518
0.132596688435
0.132511944536
0.132404979048
0.132276401539
0.132127138437
0.13195488869
0.131763343425
0.131552309256
0.131320559373
0.131062021615
0.130775370827
0.130459370094
0.130112298743
0.129727270151
0.129297968814
0.128820390152
0.12829304122
0.127703707532
0.12705212855
0.126332373484
0.125541003767
0.124675531173
0.123738929984
0.122735058839
0.121661152775
0.120483902423
0.119168365461
0.117874124239
0.116410898249
0.117059516134
0.116410223223
0.115946955835
0.114907715799
0.113810606761
0.112528302185
0.111140220454
0.1096386767
0.108035102724
0.106333385579
0.104538362423
0.10265456712
0.100686641647
0.098639761196
0.0965193064656
0.0943320129603
0.0920849678856
0.089788165336
0.0874524112085
0.0850950337028
0.0827365832796
0.0804226290429
0.0782283618911
0.0762488182336
0.0745769405746
0.0732834150306
0.0724034807132
0.0719346732071
0.0718416750794
0.0720679300714
0.0725221729624
0.0730775797167
0.0737522802742
0.0730076845059
0.07246801446
0.0720728973021
0.0718044451663
0.0716392845673
0.0715388225068
0.0714785734614
0.132486204294
0.132473733877
0.132455026694
0.132430910313
0.132398765662
0.132358843369
0.132310850275
0.13225406581
0.13219114292
0.132125359664
0.132050241074
0.131973374721
0.131882484187
0.131771370963
0.13163500956
0.131474039158
0.131288632526
0.131076736849
0.130841451262
0.130579486728
0.130288234938
0.129962882662
0.12960426739
0.129206542986
0.128763740919
0.128271456835
0.127721440624
0.127109819443
0.126431216846
0.125681611141
0.124852984587
0.123940707199
0.122947473956
0.121871941619
0.120699950637
0.119412526039
0.118032813952
0.116532966976
0.115128427763
0.113332340357
0.11396477445
0.113323900151
0.112897264849
0.11191227242
0.110871917561
0.10964300864
0.108305486274
0.106849812462
0.105288471324
0.10362568675
0.101867038354
0.100017734058
0.0980831046414
0.0960690801191
0.09398168016
0.0918285247476
0.0896172427983
0.0873589876132
0.0850650220259
0.08275464916
0.0804493609525
0.0782026927131
0.0761002886789
0.0742449831669
0.0727302129996
0.0716189707399
0.0709320199669
0.0706488836625
0.0707109484216
0.0710295454886
0.0715132231291
0.0722503643676
0.0721241104976
0.0717652490759
0.0714721391656
0.0712613109623
0.0711439533402
0.0710893199314
0.0710540545283
0.0710495143898
0.131934530428
0.131922736463
0.131908064218
0.131887405735
0.131857914035
0.131818602743
0.131769151785
0.131709088174
0.131637530447
0.131561869857
0.131474541372
0.13137594013
0.131266113945
0.131149144927
0.131005335128
0.130834767993
0.130634462404
0.130405034019
0.13014492898
0.12985446315
0.12952938899
0.129166855913
0.128763403983
0.128312741403
0.127812138751
0.127254460257
0.126631936758
0.125939101452
0.125170509638
0.124322352409
0.123386751944
0.122359115643
0.121238108933
0.120010050165
0.118643722974
0.11717055446
0.115603484078
0.113880175661
0.112225821571
0.110173725205
0.11086665977
0.110261522004
0.109871650347
0.108941278913
0.107955905129
0.106778654707
0.105489875227
0.104078542291
0.102558186519
0.100933377193
0.0992104376932
0.0973952321839
0.0954937707175
0.0935127381034
0.0914587618533
0.0893403953272
0.0871657171671
0.0849471814055
0.0826963072604
0.0804347189724
0.0781845177061
0.0760090434649
0.0740049012535
0.0722815120306
0.0709299876373
0.0700029393632
0.0695087689639
0.0694186717114
0.0696474566926
0.0700514643347
0.0705785054858
0.0708669596709
0.0707771822294
0.0706251711704
0.0705032373608
0.0704311066529
0.070421192826
0.070460119775
0.0704703121279
0.070489784439
0.131423702064
0.131415216612
0.131402428132
0.131382061315
0.131352485356
0.13131154957
0.131258538209
0.131193044751
0.131114410697
0.13102391232
0.130926927958
0.130815981728
0.130691154785
0.130551052223
0.130392190144
0.130209948641
0.129995494953
0.129746985218
0.129465664746
0.129145470058
0.128787471423
0.12838674892
0.127938424953
0.127434704351
0.126875565668
0.126254219461
0.125559206123
0.124785321064
0.123928904203
0.122984829363
0.121943805726
0.120796183855
0.119539983404
0.118131603173
0.116580788162
0.114912113901
0.113082549583
0.111071809366
0.109220016817
0.10708519257
0.107800717083
0.107245475612
0.106889776132
0.106010703416
0.105076145519
0.103946982391
0.102703649803
0.10133393003
0.0998522877363
0.0982635847102
0.0965748500854
0.0947925636832
0.0929234037723
0.0909748104937
0.0889539978502
0.086870529751
0.0847328372344
0.0825548918488
0.080348225914
0.078137284404
0.0759443386439
0.073844899751
0.0719467182185
0.070364005511
0.0691814948731
0.0684362175423
0.0681201766059
0.0681923897665
0.0685586674172
0.069094445311
0.0697937582647
0.0696440853939
0.0695892855448
0.0695425344193
0.0695250543705
0.0695349705745
0.0695646934617
0.0696435747785
0.0696953347324
0.0697055642703
0.130954295655
0.130951118732
0.130937388103
0.130915513088
0.130883226532
0.130838073451
0.130779271966
0.130706535304
0.130619520212
0.130517036587
0.13040531766
0.130284767222
0.130152546044
0.12999136143
0.129811855347
0.129607429823
0.129374200626
0.129107343124
0.128803085574
0.128455179891
0.128064649732
0.127626211565
0.127130602325
0.126574840994
0.125958546707
0.125272200002
0.124507265469
0.123655561603
0.122713369655
0.121676587958
0.120530697048
0.119258262037
0.11783751634
0.116247812332
0.114514370655
0.112607575651
0.110552170893
0.108309345419
0.106379755888
0.104123043444
0.10481602238
0.104300665996
0.103970630253
0.1031354906
0.10224514142
0.101158857207
0.099956412195
0.0986245302137
0.0971783967949
0.0956230666813
0.0939662084468
0.0922148651751
0.0903763780075
0.0884589471588
0.0864703665811
0.0844213201767
0.0823204844045
0.0801836558695
0.0780220671095
0.0758636630481
0.0737302693136
0.071712567175
0.0699291544881
0.0684968998676
0.0674913109372
0.0669346473036
0.0667958253907
0.0669592961284
0.0672975017869
0.0681698967224
0.068359119111
0.068394332998
0.0684246444384
0.0684595600411
0.0685049809739
0.0685525908773
0.0685896879639
0.0686368344579
0.0687032702611
0.0686753508905
0.130505793604
0.130508022916
0.130497335914
0.130476660195
0.130441877453
0.130391869207
0.130326627317
0.130246318044
0.130150894854
0.130039957157
0.12991343075
0.129775497305
0.129627803964
0.129460399383
0.129263224669
0.129034873713
0.128777288361
0.128486867398
0.128155506657
0.127781724809
0.127360984854
0.126880867214
0.126341038504
0.125735783876
0.125064160893
0.124317962897
0.123484345407
0.122558143832
0.121536618691
0.120411875916
0.119150429042
0.117727171745
0.116143299337
0.114392654006
0.112463433258
0.110369583818
0.10813063258
0.105672779414
0.103680645001
0.101282576338
0.101936966146
0.101444646956
0.101128775698
0.100327773908
0.0994734238247
0.098423763611
0.0972568082332
0.0959582060613
0.0945435987489
0.0930181229099
0.0913900173314
0.0896668379507
0.0878566031445
0.0859682836653
0.0840102730202
0.081994516611
0.0799298200179
0.0778342182767
0.0757182276761
0.0736141699447
0.0715425252492
0.0696128149076
0.0679530439059
0.0666791493022
0.0658545584265
0.0654925806648
0.0655541042513
0.0659125240183
0.0663774364855
0.0668503599785
0.0670659645911
0.067178380719
0.0672713127507
0.0673604120424
0.0674443948486
0.0675158215917
0.0675679548181
0.06759968298
0.0676492210362
0.0676591430898
0.130075578334
0.130080187229
0.130074692521
0.130055661556
0.130018462839
0.12996449117
0.129894151062
0.12980762387
0.129704876374
0.129585702677
0.129449136594
0.129294844715
0.129125692599
0.128941043659
0.128730991164
0.128487233595
0.128207867923
0.127889785469
0.127530955957
0.127128675906
0.126672200413
0.126156009355
0.125575028248
0.124923831701
0.124200499561
0.12339450835
0.122497129046
0.121500564036
0.120403738501
0.119176636974
0.11776921612
0.116205491126
0.114478276352
0.112564389735
0.110467873602
0.108212688078
0.105771869245
0.103135811684
0.101127133331
0.098605542123
0.0991820663062
0.098685043816
0.0983713180599
0.0975952596165
0.0967688425616
0.0957495015902
0.0946124019386
0.093342079213
0.0919544153199
0.0904545734193
0.0888513248234
0.0871527098417
0.0853674707821
0.0835053676321
0.0815754523025
0.0795911036055
0.0775611368957
0.0755063673906
0.0734360429203
0.0713879775756
0.0693800626053
0.0675450213065
0.066016953023
0.0649065203574
0.0642647353668
0.0640826459642
0.0642337789856
0.0646153164665
0.0656212896448
0.0656716996469
0.0658408532468
0.0659853297738
0.0661155500081
0.0662383228847
0.0663475072123
0.0664378355544
0.0665055519312
0.0665441291336
0.0665865422101
0.0666238013948
0.12967709505
0.129675951902
0.129669672078
0.129646817533
0.129606442562
0.129550181254
0.129477535001
0.129387289019
0.129279210334
0.129153023849
0.12900801237
0.128842944723
0.128656680468
0.128450082388
0.128220852178
0.127963949173
0.127664835189
0.127323016218
0.126937512674
0.126502339837
0.126011439026
0.125459103772
0.124838022435
0.124143128781
0.123369598334
0.122508754194
0.121546453839
0.120482987185
0.119296398021
0.117930306012
0.116400838188
0.114719463669
0.112852078413
0.110787557569
0.108547221342
0.106106074982
0.103518671436
0.100768026039
0.0987080802053
0.0960156132636
0.096534674976
0.0960145502409
0.0956961503374
0.0949408241396
0.0941368423222
0.0931425474127
0.0920299441982
0.0907827035817
0.0894169093417
0.0879378150245
0.0863547469075
0.0846762337049
0.0829118286467
0.0810721046295
0.079166885115
0.0772111775718
0.0752137019485
0.0731987556036
0.0711736021065
0.0691830281946
0.0672407872737
0.0655079237845
0.0641184611139
0.0631737024952
0.0627170868368
0.0627175902868
0.0629925522241
0.0634155005301
0.0641224736761
0.0644002253471
0.0646090215512
0.0647894866328
0.0649449294176
0.0650881072593
0.0652129518042
0.0653164067113
0.0653956099201
0.0654384843847
0.0654859906939
0.0655352734754
0.129304967391
0.129296319332
0.12928168676
0.129253513587
0.129210441733
0.129152209346
0.129077582295
0.128985140125
0.128873729244
0.128742321379
0.128590389489
0.128416867977
0.128220133562
0.127997900285
0.12775119004
0.127473374169
0.127150030101
0.126787570121
0.126375557542
0.125909303551
0.125383922766
0.124795241706
0.124136576957
0.123397966838
0.122576850919
0.121655982117
0.120630242507
0.119487664197
0.11818253112
0.116710573531
0.115087096695
0.113291392086
0.111292781762
0.109090102891
0.10667663744
0.104076360605
0.101389596079
0.0984890632942
0.0963577154666
0.0934517264152
0.0939498145225
0.0934154473549
0.0930975118562
0.0923661408714
0.0915826772671
0.0906093281537
0.0895160543231
0.0882864262609
0.0869368816604
0.0854729337544
0.0839045315049
0.0822407194469
0.0804919835834
0.0786697276405
0.0767847287028
0.0748538202383
0.0728855643203
0.0709086214615
0.068927376865
0.0669956373103
0.0651212231413
0.063499478331
0.062257044856
0.061486836346
0.0612069561182
0.061270744701
0.0615725396229
0.0627377272834
0.0628675610463
0.0631357243548
0.0633771325017
0.0635858250088
0.0637597066803
0.0639153402289
0.0640490453753
0.0641601571666
0.0642501317644
0.0643037314179
0.0643538092915
0.0644006721229
0.128948956975
0.128936742624
0.128914494467
0.128884609934
0.128839121183
0.128777775783
0.128699638638
0.128604045673
0.128489357879
0.128354128484
0.128196644388
0.128016062989
0.127810522195
0.127577413605
0.127314074333
0.127010566725
0.126670432965
0.126284513164
0.125842667963
0.125348639793
0.124792780608
0.124169686686
0.123470427293
0.122690177276
0.121815979827
0.120832694552
0.119739401858
0.118506219406
0.117110981235
0.115554790366
0.113841871844
0.111930780535
0.109793766879
0.107427823045
0.104840788488
0.102131265839
0.0992979337572
0.0962693508021
0.0939180917498
0.0907471957315
0.0913660298113
0.0908835904019
0.0905817474461
0.0898789476692
0.0891144591352
0.088157557268
0.0870778263433
0.0858596808162
0.0845200359825
0.0830648138835
0.0815046383677
0.0798490930211
0.0781097373554
0.0762988045766
0.0744282870194
0.0725170097458
0.0705733785133
0.0686314438851
0.066691587151
0.0648195147438
0.0630148063232
0.0615133746031
0.0604273287662
0.0598532368669
0.0597827584019
0.0599673150953
0.0602430768789
0.0610923880835
0.061507073723
0.0618525489534
0.0621450419694
0.0623839426112
0.0625794404331
0.0627469073622
0.0628882367024
0.0630032931031
0.0630941609425
0.0631659657
0.0632249834588
0.0632709960531
0.128611921047
0.128599088379
0.128574465027
0.12854292022
0.128494456366
0.128429543164
0.128347428945
0.128247391621
0.128128440115
0.127988902117
0.127826826166
0.127640099005
0.127426119973
0.127181745826
0.126901979121
0.126584601972
0.12622564833
0.125812117726
0.125347487903
0.124826931513
0.124235156625
0.123577122181
0.122843150675
0.12201739441
0.121082443243
0.120044022998
0.118883841522
0.117569896813
0.116095335183
0.114466743944
0.112656523415
0.110608084167
0.108327608782
0.105801802494
0.10310152748
0.100244257851
0.0971761104086
0.0939042064159
0.0912293068464
0.0881143900384
0.0888411455185
0.0884582214878
0.0881759871492
0.0874955209912
0.0867434076951
0.0857960850266
0.0847227315018
0.0835089716166
0.0821720203663
0.0807182120664
0.079158825478
0.0775039817185
0.0757664591531
0.0739592886719
0.0720960404998
0.0701976197728
0.0682723839795
0.0663608234362
0.0644578056826
0.0626446378508
0.0609091387843
0.0595360265585
0.0586178943828
0.0582407172397
0.0582691023864
0.0585202068286
0.0597400353238
0.0599343019719
0.0602830330917
0.0606317748027
0.060945623733
0.0612147462186
0.0614340905156
0.0616203005828
0.0617779328368
0.0619073803084
0.0620080279353
0.0620922890418
0.0621505148975
0.0621828212114
0.12829915439
0.128286818893
0.12826200773
0.128227408892
0.128175641642
0.128107070047
0.128020972726
0.127916669265
0.127793163919
0.127648971149
0.127482264061
0.127289873468
0.127068702864
0.126814652535
0.126523808285
0.126192170874
0.125811875492
0.125378492564
0.124890067276
0.124333930857
0.123714148866
0.123028254834
0.122249655685
0.121365604568
0.120388444214
0.119299203262
0.118061465711
0.116678415089
0.11514466174
0.113430721577
0.111497235587
0.109331650609
0.106927964139
0.10429155043
0.101459055262
0.0983794327861
0.0950494850219
0.091437495704
0.088805277572
0.0859154480689
0.0865366846469
0.086194696636
0.0859085775587
0.085231878096
0.084479993553
0.0835331873524
0.0824579283766
0.0812406482372
0.0798984090353
0.0784378322933
0.0768707629899
0.0752078400623
0.0734632003507
0.0716506138848
0.0697857157801
0.0678914825928
0.0659765475811
0.0640888599924
0.0622158655582
0.0604584231042
0.0587851543843
0.0575406363531
0.0568022954736
0.0566394936826
0.0567921134052
0.0572157696677
0.0578648180853
0.058498190554
0.0589948734043
0.0594186315844
0.0597756535922
0.0600827600859
0.0603370247649
0.0605504768273
0.0607319096866
0.0608827714608
0.0610048608779
0.0610958786867
0.0611465263308
0.0611528528004
0.128011808045
0.128000452313
0.127974641534
0.127936088413
0.127881760082
0.127809636938
0.127719738913
0.127611671965
0.127484458689
0.127336443017
0.127165245045
0.126967862251
0.12674013391
0.126477838331
0.126176770535
0.125830546166
0.125432597483
0.124979382889
0.124463351489
0.123879881331
0.123233199597
0.12250421708
0.121674940696
0.120757522567
0.119742111682
0.118581904793
0.117282005592
0.115847685846
0.114238428964
0.112433061052
0.110407596874
0.108139984922
0.105625339249
0.102876669832
0.0998854410631
0.0966162923768
0.0930933347049
0.0892790301254
0.0869450770767
0.0841260906164
0.0845110886384
0.0841041153538
0.0837840927463
0.083094005085
0.082330504973
0.0813753412391
0.0802898685464
0.0790608507917
0.0777047905101
0.0762284786765
0.0746442153379
0.0729631391136
0.0712008683082
0.0693718301564
0.0674943618361
0.0655933725777
0.0636785040858
0.0618062711476
0.0599551376887
0.0582502656172
0.0566289403035
0.055506651752
0.0549225908096
0.0548646547321
0.0550844038608
0.056094127246
0.0566798398831
0.0572298536685
0.05776533564
0.0582370942456
0.058640617873
0.0589861526243
0.0592845688873
0.0595318863705
0.059739295514
0.0599093359269
0.0600453333823
0.0601407552013
0.0601990813814
0.060212627197
0.127749162077
0.127738804999
0.127711131785
0.12766998238
0.127613204129
0.127536803189
0.127442925151
0.12733166588
0.127201980444
0.127051655752
0.126877586007
0.126676025862
0.126442682458
0.126173208316
0.125861449141
0.125499925646
0.125083662985
0.124609047266
0.12406968924
0.123459891545
0.122776919332
0.122007765189
0.121148363983
0.120201814846
0.119127776849
0.117905475983
0.116558251116
0.115070175856
0.113396407379
0.111508875894
0.109384854658
0.107023608373
0.104414915558
0.101550663404
0.0984304347909
0.0950329183639
0.0914214030267
0.087617994429
0.0853951868073
0.0823801206165
0.0826476997944
0.0821482738589
0.0817876153384
0.0810799918273
0.0802983140264
0.0793279640644
0.0782247354534
0.0769758225555
0.0755970377695
0.0740953188169
0.072483311415
0.0707726426096
0.0689804849608
0.0671218239671
0.0652184724609
0.0632969443946
0.0613691563309
0.0595013374067
0.0576623402276
0.0560085142339
0.0544368218393
0.053462784506
0.0530334105088
0.0529596643198
0.0532532745278
0.0544131095053
0.055245610956
0.0559219306332
0.0565330322386
0.0570660180228
0.0575321328978
0.0579264613884
0.0582693759058
0.0585535661548
0.0587888110888
0.0589799843652
0.0591300817652
0.0592276754102
0.0592969869417
0.0593328269107
0.127512551279
0.127501865883
0.127473607247
0.127432586961
0.127370223013
0.127288182981
0.127190424387
0.127077558803
0.126947783327
0.126797626935
0.126622838742
0.126418785718
0.126180592612
0.125902951058
0.125578967054
0.125200922902
0.124764135274
0.124265729549
0.123701129686
0.12306880061
0.122358971844
0.121558728172
0.120671327111
0.11968202665
0.118554092764
0.117287616281
0.115895776958
0.114351693442
0.112604941904
0.110643988521
0.108454461078
0.10599944705
0.103272986106
0.100311200908
0.097092214097
0.0936126905484
0.0899942472599
0.0862967807802
0.0838624360868
0.080470845447
0.0808252032284
0.0802976287267
0.0799106548212
0.0791901496381
0.0783878616549
0.0773971691742
0.0762693080019
0.0749924202103
0.073581688909
0.0720442315743
0.0703929002299
0.0686397803631
0.0668035622873
0.0648996719926
0.0629542577276
0.0609948245598
0.059037539787
0.0571592192206
0.0553184972999
0.0537088840905
0.0521817656842
0.0514096494703
0.0512067064664
0.0512252677666
0.051541640734
0.0528963058602
0.0537689290877
0.0545833383998
0.0552895160437
0.0558999325064
0.0564323955232
0.0568917569246
0.0572788830329
0.057600117556
0.0578626857938
0.0580736657263
0.0582349600803
0.0583453665318
0.0584264093858
0.0584773042124
0.127307701929
0.127293650917
0.127267023202
0.127225504039
0.127156811468
0.127072887795
0.126976367404
0.126867234897
0.126741286978
0.126593141025
0.126417477543
0.126209013701
0.12596243454
0.125671962428
0.125329778329
0.124928668281
0.124468539715
0.123949741421
0.123367020524
0.122711456495
0.121972530014
0.121148818817
0.120234229268
0.119201433929
0.118027155226
0.116715255537
0.115278843299
0.113691009523
0.111899668831
0.109879816521
0.10758792016
0.105013624876
0.102209182373
0.0991652033759
0.095838617145
0.0923269676771
0.0887101127702
0.0849763324561
0.0822540249305
0.0786625980204
0.0790761142854
0.0785638672914
0.0781616090086
0.0774317583915
0.0766067867756
0.0755908376684
0.0744315783725
0.0731185383816
0.0716663121723
0.0700821765186
0.0683789599643
0.0665691000412
0.0646725817837
0.0627051414365
0.0606980743277
0.0586788921124
0.0566709924621
0.0547623884722
0.0529012828177
0.05132275607
0.0498219961728
0.0492413313573
0.0491144614234
0.0492980237587
0.0509306694412
0.0515714141231
0.0524126809948
0.0532595931315
0.0540384499983
0.0547422757756
0.0553431417204
0.0558665979891
0.0563041664811
0.05666400563
0.0569537658706
0.057183093024
0.0573528749136
0.0574831401175
0.057573842888
0.0576347957298
0.127140128257
0.127121472572
0.127096342482
0.127054895153
0.126986084774
0.126903825737
0.126812611717
0.126709335422
0.126586277066
0.12643672217
0.126255104311
0.126036072758
0.125774367185
0.125464586638
0.125100468576
0.124678827445
0.124201362307
0.123665611249
0.123063553759
0.122382910872
0.121618334126
0.120768104513
0.119818713903
0.118747140969
0.117538768492
0.116202318839
0.114743607226
0.113114466162
0.111264406947
0.109155789063
0.10675567249
0.104110376541
0.101241019056
0.0980741903589
0.094672918834
0.091148625642
0.0875142965911
0.0837121553623
0.0807660880965
0.0770377220496
0.0774650960914
0.0769733911354
0.0765566554516
0.0758167707433
0.0749655447473
0.0739186846592
0.0727209173058
0.0713633262726
0.0698597860815
0.068217564173
0.0664490686131
0.0645668221853
0.0625915978233
0.0605393008514
0.0584469528919
0.0563406267409
0.0542550981436
0.0522891120445
0.0503819824357
0.0488238634783
0.0473596075939
0.0469879061476
0.0468233034717
0.047167310992
0.0483073779737
0.0496423682016
0.050823709348
0.0518639207695
0.0527728467206
0.053574136686
0.0542707029371
0.0548591264344
0.0553525713136
0.0557568268037
0.056077251461
0.056326386423
0.0565116536682
0.0566537264359
0.0567486314856
0.0568064906484
0.127004762798
0.12698425189
0.126958160832
0.126915833928
0.126848483746
0.126770016826
0.126687041008
0.12658774076
0.126462882945
0.126306242171
0.126113258417
0.125879009066
0.125599149141
0.125270373953
0.124887718493
0.124449901613
0.123956936996
0.123402693449
0.122777744749
0.122074267675
0.121289344613
0.120415006971
0.119436540541
0.118335521721
0.117105200014
0.115752073201
0.114261970605
0.11258369848
0.110667334991
0.108475251898
0.106006275937
0.103300338482
0.100324590296
0.0970591009952
0.0936277228055
0.0900857778206
0.0864319843768
0.0825751617644
0.0794702599564
0.0756045599383
0.0760242902169
0.0755494344692
0.0751138384879
0.0743594771522
0.0734764279884
0.0723918134283
0.0711478955266
0.0697371990869
0.0681724939442
0.0664606397223
0.0646130014504
0.0626416366633
0.0605671776174
0.0584054776533
0.0561992595086
0.0539715358867
0.0517741881962
0.0497130838836
0.0477189396866
0.0461567792196
0.0447410867707
0.0446379671661
0.0445567039039
0.0451832372757
0.0467794339352
0.0479891374916
0.0492596945556
0.0504563677114
0.0515263622434
0.0524403710321
0.0532277300407
0.0538905530067
0.0544432393528
0.0548955536165
0.0552491749376
0.0555222532711
0.055729308471
0.0558816683192
0.0559842186775
0.0560364261397
0.126887154051
0.126868585442
0.126840373679
0.126792289193
0.126730344327
0.126666688606
0.126591164423
0.126490234744
0.126357434861
0.126187638365
0.125978332239
0.125725593319
0.125428136029
0.125084118903
0.124688620674
0.124239099818
0.123731576143
0.123159290876
0.122514767398
0.121792464617
0.120987604972
0.120091631705
0.119090921328
0.117970680475
0.116722497367
0.115346317364
0.113818396612
0.112086806385
0.110113124557
0.107866256442
0.10534121982
0.102553761144
0.0994710530492
0.096145167574
0.092697440683
0.0891418842693
0.0854769159792
0.0816293342553
0.0783474429576
0.0743187693849
0.0747673441312
0.0743159915093
0.0738529353331
0.0730750484985
0.072152327567
0.0710219595664
0.0697238922872
0.0682517362876
0.0666164797767
0.064823924954
0.0628835213004
0.0608059319279
0.0586101793836
0.0563114562631
0.053956740172
0.0515642537988
0.0492110988021
0.0470044175324
0.044870690154
0.043264007777
0.0418091887332
0.0417756214486
0.0419067395647
0.0439168032571
0.044902841285
0.0462613589604
0.0476613277279
0.0490197019316
0.0502686082798
0.0513432641708
0.0522402128164
0.0529829377613
0.0535956296115
0.0540992530471
0.0544972142582
0.0548010905355
0.0550278556084
0.0551875337907
0.0552996614306
0.0553470812736
0.126780829799
0.126768598858
0.126741801946
0.126699273998
0.126652502241
0.126595902696
0.126515326079
0.126402762019
0.126253555078
0.126066222049
0.125842230968
0.125578072253
0.125271048611
0.124916899567
0.124511002324
0.124049263976
0.123526745319
0.12293732012
0.12227514963
0.121536020288
0.120714279363
0.119800283878
0.118780104636
0.117641937556
0.116379276405
0.114982430487
0.113419873273
0.111646571504
0.109620446423
0.107311958483
0.104730908049
0.101876960702
0.0987100319625
0.0953383287887
0.0918762657847
0.0883121117391
0.0846409632986
0.0807628423287
0.0774223682174
0.0733528307518
0.073746652384
0.0732971595026
0.0727913936453
0.0719770789779
0.0710053548972
0.0698207550868
0.068460713437
0.0669195350503
0.0652055383703
0.0633225708266
0.061277078471
0.0590770182157
0.0567378972729
0.0542730673147
0.0517298963221
0.0491192158298
0.0465502127957
0.044120167472
0.0417814794232
0.0401331967347
0.038612969066
0.0385301365731
0.0388649609851
0.0403474267709
0.0422665412811
0.0441499160145
0.0459240629611
0.0475509322313
0.0490111241711
0.0502702910091
0.0513108404296
0.0521522568989
0.0528300291773
0.0533803479
0.0538219584816
0.0541625593243
0.0544143523456
0.0545790659452
0.0546983640846
0.0547485567191
0.126696773202
0.126690232528
0.126668957577
0.126637812895
0.126598351999
0.126534361573
0.126438132223
0.126309280646
0.126148297599
0.125953559007
0.125722010603
0.125449899719
0.125133716409
0.124769289933
0.124351927867
0.123876766284
0.123339202144
0.122734319308
0.122058044445
0.1213058971
0.120469935053
0.119540622658
0.118507095385
0.117358620571
0.116083687034
0.114665533268
0.113072581554
0.111259882502
0.109184924884
0.106832464789
0.104206708237
0.101266359504
0.0980238265168
0.0946317249145
0.0911573758284
0.0875978301615
0.0839527403817
0.0801245007765
0.0767652767546
0.0726163995418
0.0729604528463
0.0725044141462
0.0719430940729
0.0710776320034
0.0700465966361
0.0687992490108
0.067370004226
0.0657536406177
0.063954772671
0.0619740999904
0.0598137053763
0.0574771169195
0.0549741933123
0.0523149072985
0.0495417209091
0.0466566939769
0.0437989501339
0.0410192589534
0.0383362044164
0.036598029404
0.0350951637693
0.0353684953493
0.0359722755576
0.0378754029131
0.039728665245
0.0419198618383
0.0440827497742
0.0460624313848
0.0477915620305
0.0492534795498
0.0504536171616
0.0514118739065
0.0521650354796
0.0527649560196
0.0532394020096
0.0536050514337
0.053882345072
0.0540641883814
0.0541852776532
0.0542509811093
0.126637438504
0.126632498309
0.126614713109
0.126589148636
0.126548104669
0.126469973748
0.126362703767
0.126227616607
0.126060813522
0.125859303934
0.125619871683
0.125338956391
0.125012846143
0.124637303791
0.124207069294
0.123718166858
0.123169681401
0.122557247153
0.121873177831
0.12111060553
0.120262539042
0.119321385328
0.118278446806
0.117121726948
0.115834733356
0.114397047481
0.112778616832
0.11093411627
0.10882231549
0.106430425981
0.103749046456
0.100729316622
0.0974298590836
0.0940128062732
0.0905244335966
0.0869788675495
0.0833986314579
0.0797616890668
0.0763628262052
0.072086837913
0.0724094883693
0.0719563762254
0.0713285903067
0.070391258724
0.0692862235458
0.0679664217342
0.0664613861329
0.0647657317116
0.0628790072746
0.0607971318908
0.0585160263826
0.056032355185
0.0533473959704
0.0504648364525
0.0474170241753
0.0442032780859
0.0409878200847
0.0377260114737
0.0345270314567
0.0323876259768
0.0303232485695
0.0312800645125
0.0344677435032
0.0347162272301
0.036734407368
0.0393583604957
0.0420787692453
0.0445260140154
0.0466071691114
0.0483140443879
0.0496849661063
0.0507690872927
0.0516054228818
0.0522566147708
0.0527692957856
0.053157877584
0.0534476530639
0.0536469606257
0.0537753944969
0.0538525725072
0.126593040643
0.12658686769
0.126573663603
0.126550872002
0.126504287936
0.126416658193
0.12630462388
0.126163564758
0.125990152375
0.125781288194
0.125533628963
0.125243462966
0.124906976802
0.124519807718
0.124078592201
0.1235833936
0.123032135525
0.122415577753
0.121724363641
0.120952052639
0.120093179359
0.119142387796
0.118093256144
0.116931727253
0.115634924393
0.114180546873
0.112542505515
0.110676451539
0.108536450772
0.106104539525
0.103368257159
0.100274696939
0.0969184879486
0.093467161364
0.089947959572
0.0863983790772
0.0828789462682
0.0794559437243
0.0762783258543
0.0721136095925
0.0722191703919
0.0717045519491
0.0709786120171
0.0699328498466
0.0687293081821
0.0673252085711
0.0657395993671
0.0639642448361
0.0619916902044
0.0598111499485
0.0574103600836
0.0547760256289
0.0518961023418
0.0487603088276
0.0453798079901
0.0417533373523
0.0380597031165
0.0341949554942
0.0305819504509
0.0281141618012
0.0246448322691
0.0252829747446
0.0282828347171
0.030025087318
0.0330428700651
0.0364505697766
0.0398988576415
0.0429703037864
0.0454794751597
0.0474703515212
0.0490235978164
0.0502303898297
0.0511519990987
0.0518512843612
0.0523984701805
0.0528190973726
0.0531263676602
0.0533350379356
0.0534632564833
0.0535260510528
0.126566386937
0.126560558463
0.126548032301
0.126521258525
0.126468503839
0.126377942688
0.12626186734
0.126114908321
0.125934924552
0.125718818655
0.125463340863
0.125164563096
0.124818400257
0.124422339907
0.12397594424
0.123479269315
0.122927698826
0.122308611257
0.121611191115
0.120830600671
0.119962428083
0.119003391634
0.117951898476
0.116791428624
0.115488392925
0.114018260405
0.112365713075
0.110491775036
0.108330293321
0.105856398673
0.10306583698
0.0999076382792
0.0964962117449
0.0929872383653
0.0893990969201
0.0857902743719
0.0822727526673
0.0792434981899
0.076765054894
0.0728694652614
0.0725919504554
0.0718132178869
0.0708998073397
0.0696947382424
0.068365644465
0.0668699157529
0.065206204832
0.0633584133132
0.0613103439639
0.0590433390766
0.0565359898719
0.0537629704442
0.0506944570075
0.047294858446
0.0435321212113
0.039366060957
0.034899684321
0.0300277266503
0.0259192373318
0.0235350246595
0.0193891797221
0.0187521470137
0.0208236004855
0.0243312467993
0.028916890706
0.0334762790174
0.0377478191175
0.0414997475145
0.0444930002178
0.0467719588368
0.0484940280449
0.0498061789967
0.050801646129
0.051550999234
0.0521218829329
0.0525600760096
0.0528838845526
0.053103967947
0.0532317213399
0.0532783518528
0.126553718104
0.12654832946
0.126530151041
0.126497482215
0.126444975712
0.126354009623
0.126235053822
0.126081688503
0.125895465852
0.125673831701
0.125413482224
0.125108891007
0.124756053279
0.12435332154
0.123901548349
0.123404524482
0.122855970749
0.122236102951
0.12153408862
0.120747918483
0.119870865244
0.118904397051
0.117859863052
0.116711319862
0.115403506638
0.113914931842
0.112246136451
0.110364626221
0.108200554415
0.105699388954
0.102852853288
0.099643871356
0.0961789929402
0.0925924782628
0.0888830332686
0.0850940574532
0.0813089480027
0.0785092295535
0.0772145860564
0.0750528525778
0.073708944869
0.072231508541
0.0709982304312
0.0696161291177
0.0681659660349
0.0665928361042
0.0648694276596
0.0629690917605
0.0608676138396
0.0585397054446
0.0559565140434
0.0530825016943
0.0498715522917
0.0462606954848
0.0421637115431
0.0374503885407
0.0319878276008
0.0254488241711
0.0189083893828
0.0118023004463
0.00373815722259
0.00976418734992
0.0105319842851
0.0176005013472
0.0247147674825
0.0307681286321
0.0359345478395
0.0403030361593
0.0437414080217
0.046288646994
0.0481326420102
0.0494986217131
0.0505458387018
0.0513406246006
0.0519364748369
0.0523859559724
0.0527183794637
0.0529457442429
0.0530831362491
0.0531380962847
0.126549075899
0.126542334028
0.126516311301
0.126480283167
0.126427349803
0.126349019771
0.126231287151
0.126070291756
0.125881287311
0.125658542208
0.125395558797
0.125085602279
0.12472432654
0.124311685654
0.123853326657
0.123360377759
0.122823341112
0.122209655363
0.121504234448
0.120713067778
0.119833799371
0.118867694497
0.117821671781
0.11667172492
0.115363082461
0.113866309766
0.112187622144
0.11030165655
0.108132092744
0.105612094585
0.102741161367
0.0995063388631
0.095999887149
0.0923403688985
0.0884746197675
0.0843669448978
0.0792633393185
0.078558082196
0.0780133251528
0.0761388594531
0.0748675186377
0.0726586381353
0.0710914722625
0.0696033945528
0.0680930356813
0.0664848311741
0.0647357730028
0.0628134453013
0.0606898781717
0.0583368605489
0.0557223013807
0.0528062001609
0.0495350734571
0.0458328211532
0.0415851349967
0.0366046508604
0.0305740708844
0.0227963214294
0.0121424652532
-0.00793584131457
-0.0263489810158
-0.0101767415547
0.00384663752018
0.00988541700283
0.0213644096832
0.028923227711
0.0348171390613
0.0395994098586
0.0433406866478
0.0460711221743
0.0479764716049
0.0493488263474
0.0504104059807
0.0512310914409
0.0518455152032
0.0523013404102
0.0526355524131
0.0528680175413
0.0530179525088
0.0530816386046
)
;

boundaryField
{
    frontAndBack
    {
        type            empty;
    }
    upperWall
    {
        type            zeroGradient;
    }
    lowerWall
    {
        type            zeroGradient;
    }
    inlet
    {
        type            zeroGradient;
    }
    outlet
    {
        type            fixedValue;
        value           uniform 0;
    }
}


// ************************************************************************* //
