/*--------------------------------*- C++ -*----------------------------------*\
| =========                 |                                                 |
| \\      /  F ield         | OpenFOAM: The Open Source CFD Toolbox           |
|  \\    /   O peration     | Version:  v1806                                 |
|   \\  /    A nd           | Web:      www.OpenFOAM.com                      |
|    \\/     M anipulation  |                                                 |
\*---------------------------------------------------------------------------*/
FoamFile
{
    version     2.0;
    format      ascii;
    class       volScalarField;
    location    "482";
    object      p;
}
// * * * * * * * * * * * * * * * * * * * * * * * * * * * * * * * * * * * * * //

dimensions      [0 2 -2 0 0 0 0];


internalField   nonuniform List<scalar> 
6400
(
0.154404856105
0.154407308451
0.154414270253
0.154427762405
0.154447518641
0.154473397599
0.154505424713
0.15454461529
0.154591471472
0.15464681792
0.154715968257
0.154801707601
0.154901278414
0.155014686989
0.155143704711
0.155290511845
0.155456236149
0.155640572862
0.15584179385
0.156055121629
0.156274966283
0.15650199254
0.156742389275
0.157002970553
0.15728820576
0.157597960911
0.157928922174
0.158278655921
0.158646864987
0.159034208805
0.159441188728
0.159866113575
0.160303270937
0.160746913166
0.161194648504
0.161643329359
0.162092656693
0.162549113275
0.163011562007
0.163470406564
0.16392670995
0.164393787501
0.164878622173
0.165373430928
0.165868356696
0.166357074512
0.166834802737
0.167298217231
0.167744393332
0.168170882952
0.16857594979
0.168955350451
0.169302467055
0.169608689642
0.169873705643
0.170104402595
0.17029891602
0.17045040139
0.170559017992
0.17063329728
0.170679932381
0.170703937518
0.170711645255
0.170706706467
0.170686502516
0.170639400808
0.170563675723
0.170475145329
0.170390823156
0.170316200384
0.170250172444
0.170189577569
0.170132283955
0.170080923048
0.170034937744
0.169995148485
0.169962267085
0.169940820803
0.169927139223
0.169921390321
0.154401229367
0.154403818838
0.154410079471
0.15442326858
0.154444401574
0.154471618306
0.154504089506
0.1545417628
0.154586859769
0.154642109887
0.154710941244
0.154795614782
0.154895418404
0.155009721658
0.155138959714
0.155284508894
0.155449565771
0.155634575697
0.155837212837
0.156051376039
0.156269430168
0.156494310407
0.156733946974
0.156994285285
0.157279861263
0.157590384515
0.157921597725
0.158271884506
0.158641058336
0.159029183935
0.15943620139
0.159861536351
0.160299798312
0.16074357885
0.161191567018
0.161640571892
0.162089671358
0.162546614817
0.163010188064
0.163469477203
0.163924072708
0.164391153498
0.164880048839
0.165377894183
0.165874320025
0.166364654892
0.166843969859
0.167309289928
0.16775718322
0.168183754964
0.16858736221
0.168967904519
0.169320862197
0.169629126949
0.169895371368
0.170128919762
0.170321457041
0.170469269547
0.17057660408
0.170649298298
0.170693127285
0.170716000971
0.170722334068
0.170716518408
0.170695709912
0.170648140296
0.170569564656
0.170477902686
0.170391048675
0.17031420917
0.170246458485
0.170184301245
0.170125288232
0.17007211615
0.170026082135
0.169987231642
0.169956631541
0.169935804696
0.169922515977
0.169918079122
0.15439112047
0.154395443332
0.154401023123
0.154413116974
0.154433568532
0.154464076705
0.15449948605
0.154536042061
0.154578767074
0.154632678197
0.154700779036
0.154784864981
0.154884825798
0.154999791806
0.155129107445
0.155271459705
0.15543440069
0.155624552134
0.155830400546
0.156043446707
0.156257477349
0.156476870279
0.156715118239
0.156977701434
0.157264028366
0.157574216542
0.157906621581
0.158258735385
0.158629479657
0.15901893684
0.159426797328
0.159853191878
0.160293817939
0.160737256176
0.161183949849
0.161635118863
0.162084236009
0.162539928016
0.16300460444
0.163466865859
0.163927923337
0.164399758307
0.164887915833
0.16538528636
0.165883095232
0.166375517379
0.16685794615
0.167326723102
0.1677783333
0.168209532107
0.168617972857
0.169000727173
0.169351371557
0.169662836384
0.169936833664
0.170171597628
0.170361270959
0.170506518077
0.170611276187
0.170680887264
0.170722003295
0.170741777144
0.170745025541
0.170738508668
0.17071587305
0.170663606502
0.17058220656
0.170486551508
0.170393012349
0.17030997107
0.170237093961
0.17017102807
0.170110930478
0.170058173588
0.170012285633
0.16997434548
0.169945797252
0.169926202217
0.169914003208
0.169909628058
0.154376977046
0.154381348363
0.154385903542
0.154397006273
0.1544149931
0.154445359194
0.154490759374
0.154527333192
0.154566755352
0.154618322208
0.154685246613
0.154768974797
0.154869357524
0.154984121571
0.155113461343
0.15526057125
0.15542808687
0.155615846652
0.155814120248
0.156016098161
0.156225610002
0.156448258835
0.1566887096
0.156951633299
0.157238935712
0.157550534729
0.157884810723
0.158239105246
0.158612130149
0.159003381204
0.15941344133
0.159841481739
0.160283722457
0.160731041645
0.161175098273
0.161622788486
0.162075840852
0.162531581825
0.162993310575
0.163459220114
0.163928634568
0.164407085947
0.164897940072
0.165397045569
0.165897529671
0.166393568654
0.166880408234
0.16735408373
0.167810987446
0.168247787479
0.168661389569
0.169047996673
0.169402321236
0.169719610051
0.169997789136
0.170233008964
0.170421687383
0.170564749928
0.170666291158
0.170732059628
0.170768970766
0.170783997153
0.170783759419
0.170775366371
0.170749994302
0.170693971312
0.1706042662
0.170498042313
0.17039345725
0.170300910879
0.170221942258
0.170153592348
0.170092979631
0.170037681751
0.169989630612
0.169953158458
0.169927762613
0.169908516077
0.169895288925
0.169889876527
0.154354917969
0.15435561155
0.15436122956
0.154372611954
0.154392612374
0.15442119718
0.154462451878
0.154502950699
0.154545070021
0.154597243781
0.154663298538
0.154746898103
0.154848209241
0.15496821934
0.155104971391
0.155253201664
0.155414836301
0.155590471368
0.155778102363
0.155977109644
0.156187758193
0.156411464454
0.156653101676
0.156917374524
0.157206060178
0.157519443508
0.157855692899
0.158212749339
0.158588634469
0.158983009773
0.15939522692
0.159827253413
0.160274270692
0.160718881938
0.161162043984
0.161608085298
0.162057872856
0.162515231652
0.162980428546
0.163451782461
0.163928895123
0.164414402099
0.164909959314
0.165412795342
0.165917514195
0.166418630442
0.166911307998
0.167391383952
0.167855135987
0.168299072119
0.168719640946
0.169112699009
0.169473404294
0.169797185132
0.170079992443
0.170317151684
0.170505782571
0.170647230962
0.170745946328
0.170808083754
0.170840756885
0.170851106889
0.170845766086
0.170831165617
0.170797164278
0.170733498157
0.170634047474
0.170514058545
0.170393903449
0.170288398979
0.170202076416
0.170129873312
0.170063497712
0.170002338643
0.169954010466
0.1699200449
0.169895348063
0.169873435076
0.169860068798
0.169855546604
0.154314272603
0.154314047283
0.154323687536
0.154335446878
0.154357535728
0.154388113806
0.154426401511
0.154467648709
0.154513646372
0.154567756665
0.15463253949
0.154716797103
0.154826499453
0.154954523693
0.155090894662
0.155233744359
0.155386246841
0.155553296094
0.155736516399
0.155933592392
0.156142179145
0.156365654074
0.156608686426
0.156874871839
0.15716551054
0.157480351955
0.157819450803
0.158179390308
0.158559322742
0.158957348874
0.159374462748
0.159808971027
0.160255709957
0.160704883526
0.161144009774
0.161584427719
0.162034548297
0.162495494439
0.162965768107
0.163443630014
0.163928581587
0.164421774862
0.164923738712
0.165432258468
0.165942923533
0.166450678141
0.166950720229
0.167438787515
0.167911080297
0.168363981863
0.168793681039
0.169195824953
0.169565494882
0.169897517626
0.170186525678
0.170427465472
0.170617977931
0.170759756421
0.170857436215
0.170917235193
0.170946017242
0.170950855856
0.170937740561
0.170909999965
0.17086389349
0.170784560297
0.170668079048
0.170530510432
0.170391708185
0.170270953557
0.170174455824
0.170091673581
0.170013899013
0.169949116724
0.169902625616
0.169870705631
0.169844384499
0.16982214321
0.169809932634
0.169804827267
0.154252189578
0.154256785588
0.154273054606
0.15429060736
0.154309469979
0.154340283202
0.15438046091
0.154423302796
0.154472234996
0.154528687727
0.154597205895
0.154684669551
0.15480162044
0.154929373553
0.155061692995
0.155197055013
0.15534348051
0.155508442812
0.155690120295
0.155882288111
0.156087943689
0.156311769271
0.156555988877
0.156823466205
0.157116238862
0.157435160706
0.157775317929
0.158139010277
0.158523611447
0.158929150702
0.159350709102
0.159785651074
0.160233480649
0.160677277665
0.161114857634
0.161554769321
0.162007326986
0.16247296638
0.162949305009
0.163434397859
0.163927617193
0.164429281448
0.164939161409
0.165455201146
0.165973583887
0.166489641595
0.166998692792
0.167496489397
0.167979235395
0.168443266292
0.168884616896
0.169298694596
0.16968016194
0.170023025474
0.170321037609
0.170569039206
0.170765037596
0.17091077016
0.171010410532
0.171069177331
0.171092981464
0.171088555497
0.171061909992
0.171014721932
0.170954286211
0.170853692985
0.17070942506
0.170547023738
0.170386236635
0.170245820142
0.17013006632
0.170027798786
0.169939070861
0.169874398588
0.169831322887
0.16980134889
0.169774754405
0.169755180659
0.169745498471
0.169740337315
0.154179087728
0.154188260812
0.154207078721
0.154232696457
0.154253483235
0.154285355413
0.154324366265
0.154369407868
0.154422142787
0.154476750357
0.154552524228
0.154651370958
0.154766811083
0.154891748543
0.155017662761
0.155146199452
0.155291821895
0.155457631694
0.155634667414
0.155822008068
0.156025413946
0.156249187092
0.156494508559
0.156764483543
0.157060390721
0.157382112038
0.157726701567
0.158090031886
0.158482689439
0.158898415967
0.159321438693
0.159753213164
0.160199288231
0.160639883876
0.161075137631
0.161519173552
0.161976601586
0.162447718554
0.162930715082
0.163423703946
0.163925832883
0.164436882865
0.164956111739
0.165481422836
0.166009314992
0.166535429491
0.167055272763
0.167564724353
0.168060088713
0.168537734868
0.168993610582
0.169422857284
0.169819599031
0.170177081476
0.170488519192
0.170748789884
0.170955974067
0.171110988665
0.171216038578
0.171273758279
0.171288771451
0.1712679989
0.171218082356
0.171145287585
0.17105972895
0.170941189029
0.170763863113
0.170565480781
0.170372592568
0.170201010572
0.170054452204
0.169928562074
0.16983325278
0.169772188865
0.169735871208
0.16971099603
0.169690661539
0.169675821466
0.169669827589
0.169666723589
0.154098868083
0.15411087813
0.154130068497
0.154151729322
0.154178499242
0.154217810653
0.154256784284
0.154303109302
0.154362420169
0.154421673047
0.15449518259
0.154601913328
0.154719781687
0.154839624242
0.15496003092
0.155088127058
0.155233091489
0.155396164107
0.155568850049
0.155753452054
0.155955179675
0.156177898602
0.156422761004
0.156694146472
0.156997811242
0.157320910626
0.157670317473
0.158042118619
0.15843631611
0.158852943951
0.159282009843
0.159720224462
0.160153852297
0.160588904289
0.16102839087
0.161478385001
0.161941874743
0.162419311313
0.162909594028
0.163411156478
0.163922987448
0.164444451943
0.164974430321
0.165510711187
0.166049923381
0.166587937873
0.167120507537
0.167643747164
0.168154155807
0.168648223152
0.169121898159
0.169570120556
0.169986562884
0.170363943181
0.17069523747
0.170975330503
0.171201721166
0.171372729004
0.171486299468
0.171541403278
0.171542858828
0.171499631341
0.171419664296
0.171309538553
0.171177419828
0.171026603121
0.170826588597
0.170582454282
0.170342345906
0.170123202137
0.169933497851
0.169783543165
0.169685931603
0.16963433151
0.169612676548
0.169603205568
0.169596139511
0.169588015705
0.169584946078
0.169584145021
0.154010338349
0.154024288692
0.154046663532
0.154067597436
0.154096324424
0.154136104668
0.154176611917
0.154222980313
0.154281761992
0.154355386092
0.154433234745
0.154539919599
0.154658390562
0.154774378187
0.154889388455
0.155019858555
0.155167798146
0.155325871388
0.155493300682
0.155675575405
0.155876840747
0.15609950731
0.156344268851
0.156614044415
0.156923966591
0.157255694637
0.157601111665
0.157980883086
0.158380329331
0.158801866888
0.159233718056
0.159669145948
0.160101187218
0.160532385885
0.160975423818
0.161432080904
0.161902595198
0.162387244659
0.162885520971
0.163396343091
0.163918731889
0.164451737337
0.164993890932
0.165542817633
0.166095186559
0.166647048482
0.167194438775
0.167733802998
0.168261932746
0.168775542119
0.169270728131
0.169742436513
0.170184181161
0.170588531061
0.170948474417
0.171258585927
0.171514591963
0.171708992202
0.171833771845
0.171885700833
0.171871824987
0.171802603719
0.171684148801
0.171521628499
0.171323370771
0.171103137406
0.170867940917
0.170593486941
0.170282402716
0.169992235527
0.169748527494
0.16957474769
0.16947987952
0.169449053175
0.169458840012
0.169482621281
0.169495401072
0.169491588761
0.169488000701
0.169486523911
0.153909707922
0.153923057165
0.153947266006
0.153972612943
0.154008514435
0.154043275119
0.154084052324
0.154132315945
0.154184176162
0.154264992427
0.154354861376
0.154461915883
0.154580368619
0.154696208369
0.154810094574
0.154940733912
0.155089769298
0.155244578703
0.155408020361
0.155587115071
0.155787456979
0.156011565088
0.156260826893
0.156530252422
0.156834764533
0.157180025966
0.157533818108
0.157913061493
0.158314129571
0.158729423188
0.159169198915
0.159606905611
0.160036020277
0.16046855243
0.160916545523
0.161380082193
0.16185824161
0.162350982203
0.162858061998
0.163378857185
0.163912659291
0.164458370743
0.165014167172
0.165577438508
0.166144838444
0.166712595613
0.16727707223
0.167835102605
0.168383848119
0.168920385118
0.169441203513
0.169941639711
0.170415595626
0.170856045463
0.171256127324
0.17160900303
0.171906571661
0.172131334565
0.172274768806
0.172331447757
0.172307086896
0.172209511557
0.172041493049
0.17180933404
0.171526438517
0.17120671625
0.170874270753
0.170540925914
0.170180776218
0.169783558912
0.169470361607
0.169269619339
0.169186498947
0.169198831176
0.169272598977
0.169359244434
0.169398800176
0.169384470502
0.169373831548
0.169367583544
0.153794101199
0.153804541896
0.153823242574
0.153855885713
0.153901038614
0.153935601174
0.153977084274
0.154030342537
0.154080662789
0.15415799708
0.154257002815
0.154366650689
0.154484316034
0.154601427916
0.154721038703
0.154853386071
0.155000575895
0.155152096037
0.155312917899
0.155488929252
0.1556856458
0.15590741738
0.156165355281
0.156446149561
0.156745074402
0.1570901504
0.157452557975
0.157828705984
0.158240615995
0.158661642606
0.159092608424
0.159524894436
0.159955243684
0.1603958243
0.160850872782
0.161321760901
0.161808156126
0.162309860394
0.162826694265
0.163358277014
0.163904311745
0.164463877816
0.165034836303
0.165614195218
0.166198548363
0.166784352771
0.167368346421
0.16794776764
0.168520181945
0.169083182936
0.1696340021
0.170169004196
0.170683431309
0.171171471445
0.17162604547
0.172035003434
0.172385440657
0.172649950457
0.172837989247
0.172924884125
0.172903351797
0.172772855448
0.172538690673
0.172213956416
0.171822966243
0.171375456635
0.170890972438
0.170431256291
0.169954484704
0.169449930382
0.169046576682
0.168810395416
0.168753635263
0.168851270927
0.169051185839
0.169263714149
0.169337964027
0.16926366875
0.169238755833
0.169225253994
0.153663204724
0.15367101236
0.15368163111
0.15371833268
0.153763931943
0.153805012825
0.153849772573
0.153908573523
0.153965065184
0.154040967125
0.154143601987
0.15425474459
0.154371109136
0.154486018997
0.154613213893
0.154753698589
0.154899256324
0.155047915678
0.155207129552
0.155381427364
0.155574299313
0.155789673477
0.156047152131
0.156348162722
0.156653367889
0.156986463847
0.157360848583
0.157743029575
0.158145990467
0.158571456854
0.159003896454
0.159433735038
0.159865701785
0.160313468648
0.160776842337
0.1612561455
0.161751499644
0.162262913967
0.162790554663
0.163334091663
0.163893328773
0.164467777344
0.165055338666
0.165652588422
0.166255900941
0.166862005244
0.167468097672
0.168071784013
0.168670969044
0.169263872213
0.169848936105
0.17042457176
0.170988999976
0.171538746606
0.172064832527
0.172537791333
0.172952009702
0.17327390206
0.173586033349
0.17376784571
0.173772413476
0.173594809134
0.173266613237
0.172816147694
0.172294649479
0.171678798702
0.170962329043
0.170269036013
0.169604041625
0.168933157317
0.168431909466
0.168132963913
0.168125266118
0.168368396196
0.168803903894
0.169285472637
0.169404855955
0.169097199233
0.169069918324
0.169051007348
0.153517975885
0.15352698201
0.153542160922
0.153568875541
0.153609281409
0.153654589506
0.153703609842
0.15376505519
0.153831957803
0.153909357692
0.154014520066
0.154126845811
0.154243025684
0.154356553256
0.154484788042
0.154632808465
0.154780909172
0.15493004354
0.155089064976
0.155262862244
0.155453804637
0.155663809852
0.155916071972
0.156227470975
0.156547741553
0.156878036461
0.157255860946
0.157646341828
0.158044563788
0.158467268359
0.158893422451
0.159322562743
0.159764275344
0.160221083562
0.160693412018
0.16118199985
0.161687425179
0.162209494329
0.16274862319
0.163305214274
0.163879065181
0.164469668798
0.165075178108
0.165692022192
0.166316336007
0.166945106447
0.167576036724
0.168206961443
0.168835873171
0.169461610588
0.170084346217
0.17070611084
0.171330894795
0.17195962969
0.172578437302
0.17310411768
0.173618473305
0.174051193575
0.174713811847
0.175081365192
0.175066018995
0.174688322688
0.174073302433
0.17335896345
0.172676330623
0.17200291099
0.171170947317
0.170135971422
0.169098860422
0.168206817943
0.167404301952
0.166904098574
0.16698921452
0.167520040951
0.168409209908
0.169629363344
0.169784022016
0.168763866772
0.16885300196
0.168830578755
0.153354720054
0.153364907082
0.153388876594
0.153406494639
0.153440799665
0.153487187219
0.153539599574
0.153605104345
0.153684559537
0.153762816486
0.153869287304
0.153983007877
0.15410025963
0.154215388702
0.154344475964
0.154495420372
0.154646204342
0.154797697803
0.15495791186
0.155131822424
0.155322255818
0.155530375134
0.155774058352
0.156082038866
0.15642558492
0.156763517895
0.157129435786
0.157535712614
0.157942932048
0.158348657403
0.158767908368
0.159201036157
0.15965076048
0.160116977204
0.160599314816
0.161098245966
0.161614436355
0.162148360139
0.162700250553
0.163270745804
0.16386043144
0.164468789089
0.165093842461
0.165731944322
0.166379200851
0.167033014608
0.167691646336
0.168352918879
0.169014247907
0.169674498215
0.170336263856
0.171007406417
0.171701893049
0.172429206757
0.173177468145
0.173724199361
0.17434175174
0.174196866614
0.174407238575
0.174687376204
0.174660577447
0.174321102569
0.173780178043
0.173122933157
0.17240342826
0.171622845432
0.170735411208
0.16978036276
0.16884735228
0.16801581837
0.167377669566
0.167123314192
0.167353105473
0.168068077534
0.169310209622
0.171206098588
0.171948096007
0.16702621984
0.168448594369
0.168562217073
0.153170033126
0.153179572703
0.153202103141
0.153221518721
0.153253457491
0.153301138062
0.153355244509
0.153420648992
0.15351193407
0.15359881485
0.153706292497
0.153822136859
0.153941943227
0.154061138632
0.154192653722
0.154344452282
0.1544969707
0.154651368426
0.154813553149
0.154988130153
0.155178260425
0.155386166614
0.155624185496
0.155924181261
0.156281706468
0.156636354867
0.15699423954
0.157393382252
0.157810577991
0.158220699153
0.158634978871
0.159069195094
0.159525440053
0.160001031614
0.160493828828
0.161003635297
0.161531517121
0.162078083378
0.162643983277
0.163229772018
0.16383646258
0.16446410892
0.165110596077
0.165771793384
0.166443703298
0.167124759993
0.167814395564
0.168509660999
0.169205211525
0.169899175485
0.170598007419
0.171316477675
0.172084580631
0.172935918268
0.173970540659
0.173854064873
0.174025932642
0.174266647233
0.174335438678
0.174437641574
0.174358793315
0.174027955306
0.173497847419
0.172830553633
0.172071858209
0.171244580028
0.170352422089
0.169422840157
0.168521423823
0.16770978726
0.167073114115
0.166748881869
0.166828859506
0.167332542054
0.168175423577
0.169084476319
0.168552610498
0.169087627377
0.170013605743
0.168281692535
0.152965822756
0.152974551907
0.152997814049
0.153017517871
0.15304971491
0.153097708912
0.153153056888
0.153215570276
0.153308459368
0.15340906476
0.153522034777
0.15364148098
0.153765453162
0.153892255346
0.154026786774
0.1541793254
0.154333442937
0.154491216064
0.154655856799
0.154831665555
0.155021799001
0.155229116309
0.155463276393
0.155753797418
0.156110872643
0.156491310293
0.156857399045
0.157243388171
0.157654545033
0.158065740044
0.158482276065
0.158922794526
0.159386744039
0.159871678056
0.160375407542
0.16089714384
0.161437420336
0.161997579695
0.162578456439
0.163180947878
0.163806069433
0.164454352106
0.165124236636
0.165810980412
0.166509642421
0.16721990504
0.167943488851
0.168676125148
0.169407055887
0.170131928872
0.170860658092
0.171609367275
0.172413673465
0.173260709436
0.173600872616
0.173869718686
0.173921634957
0.174014209991
0.174023740494
0.173982516522
0.173803257698
0.173425771205
0.172866942335
0.172168522938
0.171366838333
0.170486909964
0.169547301246
0.168578453587
0.167632746179
0.166775807718
0.1660607688
0.165578473125
0.165421039557
0.165594640095
0.166003870659
0.166510842481
0.166851796856
0.167831612101
0.168635230316
0.171089091751
0.15274432782
0.152751569564
0.152770766917
0.152793280635
0.152829955452
0.152878339375
0.152936328427
0.152997790278
0.153089543915
0.153198265758
0.153316190234
0.153438844212
0.153565703063
0.153702892041
0.153843660732
0.153997108498
0.154153410738
0.154315921615
0.154483919172
0.154661654097
0.154852306675
0.155058858223
0.155289964142
0.155572416392
0.155923830599
0.156320049941
0.156705478585
0.157086870252
0.157486204951
0.157892757242
0.15831316529
0.158759967385
0.159231868186
0.159726061286
0.160241271311
0.160776316135
0.161330586807
0.161905176487
0.162502298527
0.163122657447
0.163767639161
0.1644385884
0.165134243508
0.165849092974
0.166575569255
0.167315970872
0.168080250522
0.168860268553
0.169626341545
0.170375566168
0.171124755006
0.171881956695
0.172694407253
0.173030772918
0.173347800442
0.173555042968
0.173609690121
0.173623485859
0.173564886126
0.173411085945
0.173125000125
0.172673215837
0.172058471715
0.171305910963
0.170443633934
0.169496504576
0.168488514908
0.167450378115
0.166424255795
0.165461945122
0.164588838481
0.163855214894
0.163339111087
0.163056682877
0.162968704727
0.16305609362
0.163329613445
0.164217463181
0.166691236526
0.169123294326
0.152508420959
0.152514423416
0.152528475472
0.152554343521
0.152594822057
0.152643322182
0.152703270509
0.15276769997
0.152856074664
0.152968814953
0.153089861117
0.153214657727
0.153342014255
0.153484794989
0.153637115344
0.15379405211
0.153953276046
0.15412131212
0.154295072433
0.154476337959
0.15466876326
0.154874541025
0.155103251576
0.155378839694
0.155719678605
0.156113720412
0.156519556652
0.15691154875
0.157307185537
0.157710470214
0.158129488161
0.158580550649
0.159060174383
0.15956199076
0.160089668184
0.160639219529
0.161207674281
0.161798236716
0.162413177962
0.163053577287
0.163720225968
0.164414872157
0.165137599759
0.165884918536
0.166651324214
0.167437536212
0.168246356906
0.169059000114
0.169853270788
0.170633843652
0.171397789211
0.172168804664
0.172490378611
0.172773746645
0.173006903694
0.173146479469
0.173167830614
0.173098126692
0.172934443795
0.172659903668
0.172254537372
0.171700563871
0.170997301316
0.170159750083
0.169208767264
0.168165804872
0.167053048331
0.165896244378
0.164726335584
0.163577538135
0.16247159782
0.161406326497
0.160413409075
0.159512058308
0.158660580187
0.157809296332
0.156923370852
0.156093097996
0.155318637649
0.153239381494
0.152259157035
0.15226484233
0.152277303151
0.152306713246
0.152347011975
0.152393699041
0.152451525665
0.152520562376
0.152605410693
0.152719942818
0.152843356468
0.152970192693
0.153098955141
0.15324246824
0.153404532582
0.153568249035
0.153732159886
0.153905041798
0.154085287804
0.154272500043
0.154469290083
0.154675148846
0.154901897924
0.155172406932
0.155503019683
0.155889332195
0.156303107556
0.156708358228
0.157101779602
0.157503026281
0.157927656719
0.158380785216
0.158865745585
0.159377546823
0.15991826198
0.160482395186
0.161066315095
0.161674133208
0.162308225269
0.162970168289
0.163660883189
0.164382343004
0.165138193021
0.165930885188
0.16675178812
0.167583828194
0.168424909939
0.169268424096
0.1701105365
0.170945406775
0.171830962278
0.17204875526
0.17223909225
0.172445752654
0.172590174859
0.172637872529
0.172574119077
0.172401495879
0.172119221243
0.171717813648
0.171185303586
0.170512104311
0.169697609312
0.168750977613
0.167686707145
0.166521006795
0.16527083031
0.163954276448
0.162590246879
0.161195258032
0.159780626439
0.158291108811
0.156692120049
0.154970588246
0.153022458651
0.150666957966
0.14766199657
0.1438064624
0.139222768264
0.138856708181
0.151993908439
0.151999760603
0.152012771483
0.152046244826
0.152085778929
0.152130062151
0.152183651857
0.152255460222
0.152335331083
0.152450143803
0.152575961658
0.152704979286
0.152836157842
0.152981759195
0.153149085025
0.153319725683
0.15348987987
0.153668017827
0.153853472873
0.154047185552
0.154250920209
0.154458834086
0.154683790055
0.154950542375
0.155272421576
0.155649007282
0.156062557123
0.156475807768
0.156878813396
0.15727997287
0.157708141693
0.158165958542
0.158653017707
0.159167885501
0.159718230496
0.160300430316
0.1609033562
0.161530597761
0.162184843922
0.162869413755
0.163586918171
0.164340238627
0.165140065962
0.165989936672
0.166861320283
0.167731943958
0.168612168078
0.169520426471
0.170453079552
0.171461779012
0.171684642701
0.171831488305
0.17194156322
0.172040944351
0.172073759471
0.172007101949
0.171828365166
0.171533352778
0.171119159084
0.170580049972
0.169909013071
0.169100711412
0.168154634298
0.167075873447
0.165873125675
0.164556298074
0.163135058697
0.161617877644
0.160010399142
0.158311796184
0.156512466233
0.15453366557
0.152242237523
0.149538306813
0.146214584187
0.141835129593
0.135568604413
0.125666780173
0.10707752549
0.0618479140815
0.1517065978
0.151712556864
0.15172793562
0.151766045254
0.151805506563
0.151848033733
0.15189950221
0.151971184694
0.152045631284
0.152158612437
0.152286523818
0.152417654633
0.152551284454
0.152699030276
0.152869680931
0.153046591165
0.153224946882
0.15340909158
0.153598890312
0.153798323908
0.154010431055
0.15422327252
0.154446378211
0.154709898537
0.155025208423
0.155391180027
0.155798069458
0.156209017043
0.1566243995
0.157039010989
0.157468160963
0.157924842023
0.158417952422
0.158942934205
0.159495933504
0.160089120736
0.160712655769
0.161361721786
0.162039989837
0.162749362025
0.163494878669
0.16428891446
0.165148502635
0.16605785493
0.16697290927
0.167889431538
0.168851904592
0.16989780265
0.171066767858
0.171302464132
0.17141815062
0.171495765768
0.171537934279
0.17152660549
0.171433168987
0.171235457613
0.170922407073
0.170488636431
0.169930574595
0.169244225292
0.168425140355
0.167469727231
0.166376751321
0.165147742985
0.163785900652
0.162294345211
0.160674424596
0.15892387695
0.157034081174
0.154985403191
0.152739267249
0.150229741245
0.147243035624
0.143516849181
0.138757164015
0.132336937028
0.123028701493
0.108465543447
0.0838689170896
0.042943070355
0.151388768348
0.151394816254
0.151412520009
0.151455316999
0.151494517843
0.151538440013
0.151589516285
0.151659191806
0.151731270846
0.151843551986
0.151973589399
0.152106670462
0.152242533753
0.152391879492
0.152564129236
0.152745054525
0.152933388528
0.15312501444
0.153319433891
0.153523875442
0.153743795291
0.153965602557
0.154188151372
0.154447222436
0.15475797759
0.155114774363
0.15551298613
0.155917442049
0.156333011955
0.156764642418
0.157208816018
0.157667629236
0.158152123715
0.158681426554
0.159248884874
0.159852162406
0.160492339855
0.161163391108
0.161866598967
0.162604552503
0.163385952425
0.164235720063
0.165162264922
0.166125117315
0.167095130849
0.168100287206
0.16922037131
0.170557508133
0.170848107008
0.170965916662
0.171038576759
0.171063360155
0.171014137173
0.170880191097
0.170649472871
0.170308563532
0.169848835661
0.169265515466
0.168555281869
0.167714888223
0.166740809678
0.165629636335
0.164378645111
0.162985832221
0.161449067622
0.159764611639
0.157925262208
0.155917982317
0.153720457829
0.151295798161
0.148584157807
0.145492745311
0.141834801283
0.137232355405
0.131248207638
0.123271036744
0.112175610825
0.0961115583324
0.0718497331283
0.0384305788881
0.151033505374
0.15104139315
0.151060051203
0.151102249869
0.151144376663
0.151194701679
0.151249116715
0.15131964358
0.151396052394
0.151503946053
0.151635405972
0.151770372816
0.15190842397
0.152059056628
0.152231724658
0.152413091082
0.152607586957
0.152809807479
0.153011546524
0.153222175453
0.15344801691
0.153681711311
0.153911482017
0.154162563498
0.154468497971
0.154818116689
0.15520759806
0.155605828535
0.156015485903
0.156454175879
0.156914609043
0.157387761391
0.157872491912
0.158395056774
0.15896506353
0.159581954816
0.160240208697
0.160934204302
0.161662225352
0.16243166466
0.163263986789
0.164183100082
0.165173673639
0.166196835291
0.167256971331
0.168403019416
0.169756065454
0.170195075133
0.170394122081
0.170509953535
0.17055204302
0.170498123719
0.170341170606
0.170079058734
0.169706515631
0.169216585354
0.168604147081
0.167865963588
0.166999381653
0.166001475812
0.164868697808
0.163596862125
0.162181207837
0.160616145833
0.158894428269
0.157005733895
0.154934705614
0.152658270242
0.150141810418
0.147333531191
0.144156119097
0.140494309884
0.136180758987
0.130880093708
0.124038122694
0.115005096623
0.102917087669
0.0864235181252
0.0631387308364
0.0337380222305
0.150645402235
0.150656488467
0.150675157412
0.150711260358
0.150759169963
0.150816281129
0.15087667593
0.150952125001
0.151038198408
0.1511409074
0.151271154235
0.151407309789
0.151547601305
0.151699690715
0.151872996745
0.152055119487
0.152250357924
0.152461567704
0.152673354647
0.152892605365
0.153124307742
0.153369479632
0.153615725836
0.15386907342
0.154161962728
0.154502843807
0.154883361239
0.155275578742
0.155677363159
0.156113993866
0.156581512912
0.157073644568
0.157570270142
0.158088997859
0.15865426774
0.159274505582
0.159947471302
0.160666183966
0.161423216006
0.162235196576
0.16313356317
0.164126009738
0.165181617689
0.16627935878
0.167458917607
0.168684714239
0.169294181723
0.169601045759
0.169834791529
0.169947437661
0.169927581227
0.169780582664
0.169509436995
0.169115521041
0.168598735277
0.167957709135
0.167190906543
0.166296833587
0.165273511971
0.164118010575
0.162826176046
0.161392470919
0.159809781266
0.158068977442
0.156158034047
0.154060616892
0.15175406513
0.149206588702
0.146373332972
0.143190790609
0.139568843908
0.135379512369
0.130440617392
0.124499493896
0.117101539028
0.107549974593
0.0949978869796
0.0784558741733
0.0562799076168
0.0296069761159
0.150238006066
0.150249485587
0.150267095656
0.150296067493
0.150347014809
0.150406808463
0.150471246253
0.150549289191
0.15064226863
0.15074743435
0.150878181696
0.151015723803
0.151158526609
0.151312266937
0.15148658016
0.151670864529
0.151867937551
0.152085281711
0.152306919757
0.152537991858
0.152778863567
0.153032620417
0.15329156948
0.153560499381
0.153854356449
0.154183794014
0.154548023616
0.15493148961
0.155323332381
0.155752038511
0.156217794298
0.156716522735
0.157231820128
0.15775842379
0.158323035061
0.158938625808
0.159614724277
0.160352972538
0.161147472404
0.162017030428
0.162990659873
0.1640567721
0.165183512477
0.166378100085
0.167715117704
0.168454871377
0.168755446582
0.169025386231
0.169220503494
0.169269546558
0.169164380057
0.168912299871
0.168518778369
0.167988901558
0.167326991599
0.1665357676
0.16561647621
0.164569045533
0.163391923534
0.162081861494
0.160633737508
0.159040362456
0.157292176717
0.155376707005
0.153277643825
0.150973429598
0.148435249616
0.145624255047
0.142487743311
0.138953904793
0.134924622604
0.130265683286
0.124793639696
0.118258205947
0.110326004075
0.100490543449
0.0880032575078
0.0719825566243
0.0511738223668
0.0265824668231
0.149816628837
0.149826551647
0.149842118384
0.149868832925
0.149915427587
0.149973248794
0.150038575037
0.150115925062
0.15021159759
0.150321269499
0.150454836401
0.150594206615
0.150739706151
0.150895043309
0.15107021777
0.151256615703
0.151455802616
0.151678158557
0.151908016769
0.152150033987
0.152405135568
0.152668333657
0.152938968349
0.153214147844
0.153516400469
0.153852245059
0.154210829718
0.15457846354
0.154956946256
0.155374354541
0.155834685691
0.156328062187
0.15684999881
0.157386891199
0.157956594177
0.158574498352
0.159248939927
0.159998240194
0.160833942934
0.161772387491
0.162823837318
0.163958091
0.165133546282
0.166286193488
0.167218071992
0.167933240685
0.168170043904
0.168380520681
0.168509425314
0.168473218131
0.168265449942
0.167895495271
0.167372098854
0.166703726096
0.165897800939
0.164959695219
0.163892479516
0.162696950665
0.16137160869
0.159912594498
0.158313596487
0.156565670206
0.154656898895
0.152571806582
0.150290422647
0.147786898379
0.145027568083
0.141968309259
0.13855099447
0.134698758811
0.130309742886
0.125248922626
0.119337624
0.112340447836
0.103949339583
0.0937680032076
0.0812920114036
0.0658314796966
0.0463765029021
0.0237563895677
0.149375536213
0.149387114878
0.149399386948
0.149428909481
0.149468239293
0.14952128085
0.149584770363
0.149660131813
0.149755786425
0.149865467729
0.150001714336
0.150142580587
0.150289877965
0.150446710528
0.150622901127
0.150810111495
0.151009691368
0.151236351984
0.151473191233
0.151722090671
0.151988532935
0.152260531273
0.15254705069
0.152836090652
0.153138626654
0.153479159906
0.15384938024
0.154212798258
0.154577656372
0.154979890724
0.155435198237
0.155925428364
0.156443542589
0.156982136582
0.157551595756
0.158169750424
0.158844193709
0.159602965785
0.160479809143
0.161492282396
0.162622373945
0.163819287768
0.165043479783
0.166355113207
0.166963253411
0.167247447755
0.167516893642
0.167683629241
0.167706911472
0.167558698489
0.167231941914
0.166733872043
0.166075694181
0.165268471774
0.164321589567
0.163241897898
0.162033364346
0.160697026759
0.159231030652
0.157630659636
0.15588830471
0.153993310093
0.151931633085
0.149685252324
0.147231250412
0.144540490877
0.141575799142
0.138289534407
0.134620405573
0.130489351886
0.125794287655
0.120403518493
0.11414769008
0.106810280109
0.0981168735424
0.0877238089721
0.0752051499774
0.0600748934396
0.0416442458683
0.0209143209084
0.148905643584
0.148918038932
0.148932063803
0.148962626033
0.149000147248
0.149050170052
0.149111005419
0.1491838682
0.149277108101
0.149383132842
0.149520279561
0.149662347707
0.149809203027
0.149967488994
0.150145804327
0.150333620416
0.150531650177
0.150758763666
0.151001517857
0.151254210573
0.151528601295
0.15181079731
0.152105731661
0.152416717002
0.152733645713
0.153078497051
0.153459660228
0.153833624173
0.154186718593
0.154570756276
0.155011830446
0.155499567576
0.156019207374
0.156559473752
0.157122235123
0.157733196573
0.158401706812
0.159164784938
0.160080210435
0.161165434497
0.162363455168
0.163564970822
0.164704743216
0.165705876632
0.166425551459
0.16659851268
0.166785155532
0.166880111375
0.166794769482
0.166521951727
0.166064796395
0.165432440434
0.164637922728
0.163694019117
0.162611207446
0.161396900847
0.160055171441
0.158586730687
0.156989019101
0.155256296417
0.153379654196
0.151346886481
0.149142163747
0.146745459234
0.144131673796
0.141269399331
0.138119252737
0.134631698982
0.130744267666
0.126378058618
0.121433443814
0.115784918219
0.109275161308
0.101708593984
0.0928450424976
0.0823952866137
0.0700178265282
0.0553503260501
0.037830131255
0.0187340005404
0.148406205715
0.148416231798
0.148436229169
0.148467201043
0.148506629933
0.148556641998
0.148615594238
0.14868629776
0.148776332252
0.148876552078
0.149012158632
0.149155989213
0.149300833659
0.149457905416
0.149639726925
0.149829667586
0.150026966684
0.150249156143
0.150492707337
0.150748555109
0.151026435167
0.15132119858
0.151630940501
0.151953924462
0.152289654294
0.152643906806
0.153036599077
0.153433989709
0.153789244258
0.154154963706
0.15457189761
0.155047464018
0.155565554656
0.156113265949
0.156675520921
0.157273357246
0.157927687538
0.158683278165
0.159629686908
0.160787133124
0.162039865244
0.163279740241
0.164475246899
0.165194681531
0.165660407324
0.165884399021
0.166002051917
0.165976968777
0.165765693971
0.165360150106
0.164766670506
0.163997884373
0.163068656755
0.161992687271
0.160780764831
0.15944013946
0.157974376456
0.156383428555
0.154663790118
0.152808632804
0.150807847252
0.148647932965
0.146311690981
0.14377768086
0.141019403602
0.13800416859
0.134691596294
0.131031702206
0.126962502832
0.122407092458
0.117270167295
0.111434044582
0.104754354351
0.0970558407092
0.0881290177004
0.0777297808265
0.0655801249616
0.0514090658135
0.0347518317865
0.0170340162284
0.147883522857
0.147892700678
0.147914356231
0.147945725663
0.147987282087
0.148038638655
0.148096471861
0.148165785152
0.148254055361
0.14834858954
0.148479537613
0.148625344749
0.148769515285
0.148921477459
0.149104387531
0.149297203745
0.149495400012
0.14971207909
0.149950651159
0.150205686918
0.150485585169
0.150780878374
0.151105760835
0.151444136839
0.151798652888
0.152166794096
0.152570491725
0.152996709497
0.153377171269
0.153736746966
0.154132131467
0.154580588651
0.155084988504
0.155633355736
0.156209810187
0.156801949565
0.157434508252
0.158161093408
0.159121708845
0.160334087189
0.161590594832
0.162835033983
0.164243516147
0.164672185442
0.164792712116
0.165018861102
0.165095032262
0.164957149436
0.164614001622
0.164071786954
0.163341191727
0.162438022001
0.161378742617
0.160177467209
0.158844699898
0.157386988895
0.155806971094
0.154103570634
0.152272226916
0.150305069257
0.148190978149
0.1459154888
0.143460503644
0.140803786788
0.137918214974
0.134770756547
0.131321145449
0.127520211871
0.123307832353
0.118610473918
0.113338345124
0.10738224318
0.100610328057
0.0928653188903
0.0839628754418
0.0736934415527
0.0618243757475
0.0481466721577
0.0322540752284
0.0156242969031
0.14733987313
0.147348465849
0.147368995095
0.147401523978
0.147443742614
0.147495570031
0.147552260577
0.14761940033
0.147709332036
0.147804118954
0.147924586907
0.148070521234
0.148216172362
0.148365676984
0.148541789615
0.148734585179
0.148933812927
0.149146935191
0.149381028343
0.14962954698
0.14991087498
0.150204842961
0.150525180275
0.150871101737
0.151239343789
0.151629656272
0.15204964418
0.152506050763
0.152937534027
0.153310751304
0.153696589315
0.154123416064
0.154604031897
0.155132287658
0.155708956938
0.156315752677
0.156941351625
0.15761917569
0.158546497377
0.15981205852
0.161071330904
0.162148433336
0.162845090605
0.163850780867
0.16400668169
0.164099879496
0.16407109967
0.163816817568
0.16334052876
0.162660579401
0.161794920521
0.160762210666
0.159579758469
0.158261482788
0.156817095216
0.15525204968
0.153567797497
0.151762117325
0.149829412981
0.147760918928
0.145544773689
0.143165933348
0.140605904839
0.137842283345
0.134848078211
0.131590808548
0.128031342212
0.1241224457
0.119807009568
0.115015926578
0.10966563339
0.103655405466
0.0968646289386
0.0891505481546
0.0803472072264
0.0702680349735
0.0587077441862
0.0454931573326
0.0302484905757
0.0144430057812
0.146776078371
0.146784384044
0.146804139157
0.146838155156
0.146878666052
0.14692836613
0.146984058383
0.147047476597
0.147136340426
0.147235224402
0.147344778036
0.147488569522
0.147635153757
0.147786015428
0.147952040064
0.148140311352
0.148338489518
0.148548562298
0.148781779041
0.149025397942
0.149298968735
0.149595197721
0.14990768251
0.150249560119
0.150621146749
0.151019244626
0.151453509707
0.151930306845
0.152426725048
0.152857837127
0.153246922502
0.153664665593
0.15412494811
0.154639699915
0.155197426429
0.155804680454
0.156445975886
0.157102145351
0.157913663597
0.159166989663
0.160577873109
0.161855465859
0.162394666481
0.162802552563
0.163070279709
0.163119215845
0.162951662225
0.162560306906
0.161947502158
0.16113178328
0.160135821465
0.158980535087
0.157683357708
0.156257387225
0.154711112076
0.153048636126
0.151270116315
0.149372204037
0.147348397502
0.14518926732
0.142882536251
0.140413001563
0.137762292697
0.134908458538
0.131825376989
0.128481971766
0.124841209647
0.12085883644
0.116481801129
0.111646318855
0.106275550741
0.100276943132
0.0935393974817
0.0859307200104
0.0772960168415
0.0674597087683
0.0562261259253
0.0434334569787
0.0287116613833
0.0134779474443
0.14619318485
0.146201379631
0.146224897387
0.146258614352
0.146294270431
0.146340100061
0.14639469628
0.14645534585
0.146535516953
0.146633885129
0.146736786795
0.146876541233
0.147022219647
0.147171665511
0.147330088188
0.147512683155
0.147705281326
0.147911191497
0.148143668915
0.148387210042
0.14864898004
0.148939807923
0.149247327232
0.149584907909
0.149950263745
0.150343772484
0.150777285999
0.15125622323
0.151783461542
0.152313426867
0.152759649259
0.153180718957
0.15363281625
0.154129607576
0.154680405561
0.155282379819
0.15593550849
0.156631415934
0.157363095079
0.158360056711
0.159759865441
0.161472242948
0.161850766992
0.161836652009
0.162018854699
0.16200853688
0.161717815275
0.16118698679
0.160437616541
0.159491135429
0.158372318012
0.157103197263
0.155700791137
0.154176941293
0.152538626486
0.150788483065
0.148925394743
0.146945013923
0.144840147963
0.142600993742
0.140215220164
0.13766790201
0.134941309326
0.132014556429
0.128863108543
0.125458130958
0.121765642684
0.117745411432
0.113349502384
0.108520382529
0.103188488229
0.0972692106945
0.0906593515269
0.0832333826209
0.074840061721
0.0653022886589
0.0544151941317
0.0420015725518
0.0276695615618
0.0127479560828
0.145591464741
0.145600434321
0.145627379812
0.145656884252
0.145688114669
0.145730993069
0.145784165964
0.145843027192
0.145914105624
0.146007375095
0.14610347644
0.146235328781
0.146379417276
0.146523118349
0.146674616359
0.146853759072
0.147038602034
0.147235054272
0.147463714364
0.147703957362
0.147957693985
0.148241086699
0.148538506957
0.148872385373
0.149230002022
0.149616770925
0.150035225032
0.150499320403
0.151013981487
0.151585392979
0.152151220738
0.15263683937
0.153108790829
0.153603727857
0.154146863356
0.154747920681
0.155412074879
0.156138050018
0.156903432102
0.157745842073
0.158710673564
0.159828657107
0.160885595479
0.160877475333
0.160890396349
0.160767381417
0.160360808839
0.159697696702
0.158816375607
0.157746153364
0.156513452574
0.155140260071
0.153642596573
0.152030744998
0.150310031077
0.148481627045
0.146543265096
0.144489805291
0.142313633647
0.140004895781
0.137551581803
0.134939478029
0.132152000856
0.12916992549
0.125971012313
0.122529509166
0.118815472185
0.114793804677
0.110422874599
0.105652538612
0.10042138384
0.0946530025238
0.0882511623885
0.0810939703799
0.0730272666676
0.0638600569413
0.0533575534489
0.0412919535551
0.0272096636167
0.0123047205086
0.144968893761
0.144977870405
0.144996869536
0.145025106345
0.145057219666
0.145099069398
0.145150467857
0.145206475928
0.145272195067
0.145359632174
0.145451815426
0.145569064957
0.145711861052
0.145850344638
0.145993160931
0.146167106278
0.146348640307
0.146535245291
0.146750245474
0.146982664008
0.147225631483
0.147503899334
0.147792262178
0.148108253486
0.148454757489
0.148834132884
0.149237713966
0.149680222333
0.150169129478
0.150712669125
0.151315265579
0.151923373401
0.15247767209
0.153017129051
0.153575967057
0.154181404128
0.154849937524
0.155593436708
0.156402340821
0.157295640023
0.158044710296
0.158292274977
0.159456894064
0.159735689583
0.159693687256
0.159428476527
0.158892126346
0.158099227755
0.1570917626
0.155905617006
0.154568469046
0.153101240916
0.151518281201
0.149828041816
0.14803415111
0.146136414128
0.144131603868
0.142014042206
0.139775989294
0.137407869415
0.134898361071
0.132234377346
0.129400962059
0.126381124753
0.123155619477
0.119702634722
0.115997306183
0.11201090466
0.107709493397
0.103051798344
0.0979859786479
0.0924449283116
0.0863396848696
0.0795506554569
0.0719162886098
0.063221687864
0.0531826822316
0.0414774072945
0.0275335374536
0.0122825393002
0.144327123127
0.144334960254
0.144346673028
0.144374196506
0.144407631903
0.144447093698
0.14449428962
0.144545990559
0.144605770699
0.144687707969
0.144779970766
0.144881415134
0.145020346868
0.145158533714
0.145296288989
0.145455144223
0.145633202195
0.14581426506
0.146010671331
0.146234283798
0.146465192335
0.146725957352
0.147008493684
0.147303521738
0.147633002789
0.147990586789
0.148380557011
0.148802497407
0.149262927203
0.149772913455
0.150332553681
0.150952637068
0.151589354434
0.152213607724
0.152822703419
0.153454174721
0.154133120088
0.154889818705
0.155746202955
0.156824129812
0.157863202194
0.158021734506
0.158180922133
0.158527061586
0.158436907679
0.158013035578
0.157326528761
0.156399891569
0.155271344348
0.153977631484
0.152545765596
0.15099454729
0.149336023677
0.147576602219
0.145718257436
0.143759601541
0.141696690504
0.139523585739
0.137232719909
0.134815112471
0.132260471963
0.129557219096
0.126692468871
0.123652005888
0.12042025951
0.116980226941
0.113313217166
0.109398213016
0.105210582725
0.100719802437
0.095885750616
0.0906529604941
0.0849419636693
0.0786366626145
0.0715661194667
0.0634830358055
0.0540329463313
0.0427572441714
0.0289328943568
0.0129187920159
0.143670230893
0.143678122382
0.143693694519
0.143716360877
0.143744933408
0.14377864054
0.143819394911
0.143866487025
0.143919735163
0.143993464754
0.14408367988
0.144173267203
0.144300712508
0.144441070814
0.144575646027
0.144716695363
0.144887689844
0.145060751319
0.145240006723
0.145452748637
0.145675004676
0.145912518742
0.146180547785
0.146456456475
0.1467678589
0.147100356345
0.147470674686
0.14786794695
0.148299247849
0.148775135983
0.149293935323
0.149856607345
0.150467793925
0.151109198481
0.151756556621
0.152411053583
0.153098793563
0.153853261112
0.154725458285
0.155804315533
0.157386934507
0.157604637806
0.157348302938
0.157370546234
0.157101787919
0.156503760527
0.155659796904
0.154600507361
0.15335889135
0.151967993382
0.150452095318
0.148827137513
0.147102574191
0.145282762001
0.143368193598
0.14135654052
0.139243420526
0.137022918654
0.134687923476
0.132230336712
0.129641197882
0.126910767739
0.124028623859
0.120983817571
0.11776509549
0.114361106096
0.110760415957
0.106951084332
0.102919488386
0.09864802992
0.0941112146972
0.0892692802224
0.0840579471255
0.0783717868318
0.0720365340986
0.0647683309718
0.0561013231086
0.0453471174889
0.0315395935843
0.0140629656085
0.142997953386
0.143005196135
0.143022552932
0.143041770266
0.143063707274
0.143092944
0.143128911378
0.143172205823
0.143220510533
0.143283694802
0.143368384291
0.143454549766
0.143558923267
0.14369735222
0.143827452317
0.143956033777
0.144113864508
0.14428010741
0.144446508447
0.144638791635
0.144848515957
0.145065536974
0.145316999547
0.145577402828
0.145861648613
0.146173758206
0.146513786528
0.14688448629
0.147286238767
0.147723949551
0.148206379896
0.148723748683
0.14928396125
0.149880704262
0.150511801386
0.151160007346
0.151831705795
0.152548112541
0.153369075434
0.15440321269
0.156185527838
0.15670259094
0.15623931545
0.156037065798
0.155600576162
0.154851869381
0.153870827352
0.152695113841
0.151355409239
0.149880936005
0.148292989964
0.14660480389
0.144823493184
0.142951653527
0.140988613039
0.138931419368
0.136775548722
0.134515382159
0.132144517586
0.129655983208
0.127042397743
0.124296132518
0.121409551489
0.118375393529
0.11518728934
0.111840288842
0.108331168868
0.104658235922
0.100820332609
0.0968147485654
0.0926336378404
0.0882581917734
0.0836490751062
0.0787296245764
0.0733541562154
0.0672483535569
0.0598624610326
0.050187081195
0.0363301678529
0.0153381114361
0.14230989131
0.142314520128
0.142325509127
0.142339406235
0.142361589526
0.142390378156
0.142424242082
0.142464268056
0.14250713562
0.142559366337
0.142634241761
0.142720870488
0.142804684456
0.142927703864
0.143058798317
0.143179957196
0.143314930586
0.143474579399
0.143632203562
0.143798601512
0.143994308158
0.144193393266
0.144418414843
0.144665650661
0.144918623168
0.145209745713
0.145519619901
0.145862962368
0.146233578955
0.146636051325
0.147082037957
0.147564828161
0.148087346659
0.148646877876
0.149241669508
0.149865154298
0.150503793677
0.151159187061
0.151861782262
0.152635735868
0.153992614736
0.155090934823
0.154651167279
0.15437501444
0.153864181871
0.153027755387
0.151949528442
0.15068332971
0.149264651356
0.147721731786
0.146074025961
0.144332846668
0.142503579093
0.140587532305
0.138583261776
0.13648752367
0.134295933481
0.13200340757
0.129604461755
0.127093441893
0.124464731603
0.121713011655
0.118833675522
0.115823480274
0.112681393841
0.109409446762
0.106013290735
0.102502168153
0.0988880755113
0.0951840091385
0.0914011980833
0.0875450736022
0.0836093870481
0.0795662444695
0.0753479115827
0.0708081602224
0.0656023410547
0.0589987064931
0.0483311561995
0.0250890799634
0.141609663084
0.141612122585
0.141616842842
0.141622081371
0.141647249522
0.141676450334
0.141708287501
0.141744289398
0.141781132333
0.141823477281
0.141885547548
0.141966330165
0.142046051808
0.142140653603
0.142267476695
0.142386198652
0.142500661808
0.142643722317
0.142793090783
0.142938764659
0.143112438083
0.143298138173
0.143490862142
0.143716437683
0.143949560073
0.144206830359
0.144492420477
0.144805054589
0.145145823814
0.145517308425
0.145927453434
0.146378825264
0.146870776802
0.147401849964
0.147968676449
0.14856197863
0.149166808457
0.149748981084
0.150277987129
0.150604500533
0.150970844509
0.152725217259
0.152695480113
0.152461307548
0.151930432909
0.15105223799
0.149910667279
0.148576959073
0.147096132269
0.145498084312
0.143801510537
0.142016469976
0.140147157391
0.138194028814
0.136155214963
0.134027462446
0.131806754463
0.12948872801
0.127068969821
0.124543274588
0.121907909702
0.119159987742
0.116298090107
0.113323223897
0.110240011333
0.107057813885
0.103791414612
0.100460970079
0.0970911372465
0.0937094992466
0.0903445645313
0.0870236774238
0.083771426959
0.0806083090793
0.0775526243523
0.0746236094027
0.0718462316538
0.0693773441315
0.0671066641524
0.0682251879208
0.140899864475
0.140902804604
0.140909593539
0.140915091059
0.140932403865
0.14095767231
0.140985622606
0.141016219588
0.141047967579
0.141081843182
0.141128077164
0.141195934318
0.14127573303
0.141350447518
0.141453183631
0.141571507496
0.141675887606
0.14178870856
0.141929230742
0.142062164823
0.142203295786
0.142374187927
0.142545328965
0.142740080144
0.142955234418
0.143178678647
0.143432585122
0.143711762417
0.144020967139
0.144359298588
0.144735042545
0.145156240511
0.145619382276
0.146125760609
0.146676613479
0.147256035411
0.147841799151
0.148379082554
0.148785178189
0.14879290317
0.148459683152
0.150121183305
0.15060161927
0.150468973463
0.149909032067
0.148984785655
0.147787320036
0.14639626356
0.144863132527
0.143219115382
0.141482008379
0.139660611136
0.137758083654
0.1357742483
0.133707025268
0.131553338692
0.129309692482
0.126972566125
0.12453871044
0.122005440651
0.119370960904
0.1166348659
0.113799006096
0.110868782971
0.107854660062
0.10477344485
0.101648874968
0.098511256088
0.0953961996265
0.0923428175834
0.0893919036034
0.0865848098642
0.0839641731494
0.0815766492332
0.0794843321391
0.0777768440135
0.0766101683739
0.0763003194977
0.0771221863505
0.0809296344843
0.140181177223
0.140184967277
0.140193958131
0.140208878104
0.140216209136
0.140236340592
0.140259752979
0.140284823209
0.140311830036
0.140336726197
0.140366960751
0.14041547802
0.140482978852
0.140552949385
0.140626479941
0.140731690153
0.140835791529
0.140927381911
0.141043115993
0.141167259537
0.141284734433
0.141427725414
0.141583171423
0.141746361068
0.141931061101
0.142128579916
0.142344722324
0.142590690777
0.142859805839
0.143160247387
0.143501987551
0.143885993746
0.144316311353
0.144797561134
0.145336397256
0.145923574838
0.146538436413
0.147125917341
0.147629214168
0.147704547689
0.147731340648
0.148174138703
0.148692718184
0.148546541823
0.147895793585
0.146882845813
0.145611635644
0.144160032206
0.142577498489
0.14089273831
0.139121080449
0.137269384645
0.135339550845
0.133330762543
0.131240806126
0.129066875946
0.126806079123
0.124455800812
0.122013996207
0.119479519767
0.116852508548
0.114135029694
0.111332228536
0.10845398784
0.105516706945
0.102544564392
0.0995697220498
0.0966312951316
0.0937733078249
0.0910421754392
0.0884843441809
0.0861448887144
0.0840681738083
0.0823004811528
0.0809036969842
0.0799578593061
0.07961309798
0.0801123281407
0.0817143988482
0.0848784032047
0.1394584918
0.139461661236
0.139467342607
0.139488171435
0.139497770908
0.1395136648
0.139532394693
0.139551721611
0.139572506927
0.139589511873
0.139607412184
0.139633867368
0.139681049686
0.139742608524
0.139802071191
0.139873454344
0.139971230444
0.14006024474
0.140143947163
0.140251890636
0.140358772799
0.140467212626
0.140597517591
0.140733779278
0.14088471028
0.141051811966
0.141233216698
0.141438001247
0.141667641932
0.141928403372
0.142222227105
0.142558405076
0.142946469983
0.14339745442
0.143921798222
0.144525939672
0.145206681525
0.145932664065
0.146664776874
0.146654666191
0.147142721937
0.147118059589
0.147172853015
0.146751142665
0.145913811101
0.144763757194
0.143395676962
0.14187628087
0.140244949952
0.13852330909
0.1367221731
0.134845611094
0.132893937958
0.130865616068
0.128758312457
0.1265695352
0.124297033247
0.12193912195
0.119494961763
0.116964926165
0.114351037262
0.111657785563
0.108893612628
0.106072956344
0.103218206639
0.100360721793
0.0975403343116
0.0948033289009
0.0921993220951
0.0897777325764
0.0875844348527
0.0856591747701
0.0840343411207
0.0827345338204
0.0817877272465
0.081211364833
0.0811058353302
0.0815776237095
0.0827476092345
0.0844135722246
0.13873652196
0.138739150655
0.138743943445
0.138762848633
0.138782094616
0.138791477856
0.138803464326
0.138815536278
0.138828163607
0.138839453379
0.138847570042
0.138858188521
0.138881097864
0.138923073644
0.13897591834
0.139023051216
0.139091439133
0.139173145928
0.139240844458
0.139317404857
0.139409008095
0.139495270727
0.139591792003
0.139700986465
0.13981854627
0.139947836013
0.140093225934
0.140254720499
0.140443770936
0.140656041059
0.14089392528
0.141174536456
0.141504615778
0.141904103541
0.142390289069
0.142996885766
0.143767664177
0.144753847884
0.146378059201
0.146439125995
0.146512366963
0.146299192549
0.145850724268
0.145003022156
0.14390785033
0.142597629807
0.141126211053
0.13953980346
0.137864046482
0.136111201918
0.134286499755
0.132390854143
0.130422918104
0.128380458976
0.126261079635
0.124062653006
0.121783601231
0.119423178487
0.116981730354
0.114461104944
0.111865134449
0.109200667038
0.106479454601
0.103720596321
0.100952538293
0.0982135721745
0.0955503332006
0.0930145533738
0.0906587678519
0.0885318492085
0.0866748254122
0.0851173796232
0.0838746119351
0.0829419317677
0.0822942872906
0.0818482982852
0.0816403310539
0.0815819308746
0.0819311595171
0.0831973112622
0.138009270754
0.138011094143
0.138016978491
0.138026310437
0.138047770754
0.13805920516
0.138068465917
0.138073987399
0.13807842514
0.138083720926
0.138083474204
0.138083706715
0.138084922504
0.138101989363
0.138137598952
0.138178630532
0.138217232901
0.138275212746
0.138333661596
0.138384347015
0.138442255415
0.138510259869
0.138577756721
0.138652305441
0.138735834276
0.138829351994
0.138931346492
0.139049547101
0.139182279306
0.13933337973
0.139503822386
0.139710017479
0.139962466729
0.140278945668
0.140684890724
0.141227021405
0.14196461656
0.142957232111
0.144338836078
0.146276844711
0.145738758124
0.1449953287
0.14424312418
0.143089800076
0.141776524143
0.140331679132
0.138776787501
0.137138030292
0.135429250664
0.133654490097
0.131814006926
0.129906016393
0.127927850813
0.125876822468
0.123750628241
0.121547606301
0.119266901169
0.116908718933
0.114474562698
0.111967702413
0.109393692294
0.106761681065
0.104086793268
0.101392968175
0.0987148154172
0.096097286519
0.0935928803257
0.0912570372881
0.0891427689158
0.0872955545865
0.0857490317085
0.0845220860733
0.083616835917
0.0830130203414
0.0826576851793
0.0824127451278
0.0822156599326
0.0813769431912
0.081337479114
0.0824308341776
0.137268655691
0.137267590131
0.13726969293
0.137268853244
0.137283772752
0.137305713016
0.137320351047
0.137322908106
0.137321260601
0.137319223348
0.137314018102
0.137303198901
0.137293586482
0.137286068428
0.137295550832
0.137322429977
0.137348057461
0.137375165897
0.137414505213
0.137451757621
0.137480459969
0.137513080075
0.137555523958
0.137596065786
0.137642070845
0.137695031376
0.137751193371
0.137812090983
0.137878292281
0.137953475761
0.138041945175
0.13815676882
0.138312822706
0.138518667549
0.138805783514
0.139228246746
0.139824938199
0.140670195973
0.141814142692
0.142273378718
0.143853088504
0.143001208926
0.142130957559
0.140867902488
0.139445811006
0.137926344655
0.13632604204
0.134660075157
0.132935601039
0.13115151075
0.129304850983
0.127392222559
0.125410331576
0.123356472913
0.12122870402
0.119025985473
0.116748261197
0.114396714667
0.111973981003
0.10948470058
0.106936061169
0.104339485176
0.101713613973
0.099087505231
0.0965020909158
0.0940086796337
0.0916646231857
0.0895273286858
0.0876479632359
0.0860660160222
0.0848051961505
0.0838720883322
0.0832568112572
0.0829332565352
0.0828827454875
0.0831311597012
0.0836737343677
0.0820617828124
0.0824040394842
0.0825201844662
0.136518750005
0.136513121945
0.136507617609
0.136503022399
0.136508312453
0.136529070305
0.136549462563
0.136555834977
0.136553647298
0.136546990164
0.136538430838
0.136521960698
0.136504555775
0.136483357843
0.136468170289
0.136465710053
0.136477506348
0.13648468366
0.136494028811
0.136510031457
0.136521885513
0.136523439081
0.136526828927
0.136535753419
0.136543026339
0.136546667796
0.136548388874
0.136544990201
0.136542989002
0.136538334639
0.136544998017
0.136557308603
0.136588995787
0.13665678252
0.136798198537
0.137051494082
0.137495839115
0.13828601099
0.139976984659
0.139904545554
0.140837723644
0.140330478437
0.139590397485
0.138344672311
0.136901991218
0.135368623229
0.133765599235
0.132101838445
0.130381972154
0.128602947818
0.12676072282
0.124851657954
0.122872720838
0.120821749059
0.118697496769
0.116499744455
0.114229330621
0.111888453674
0.109480857058
0.107012509115
0.104492147829
0.101933493875
0.0993589569135
0.0968031026335
0.0943133780335
0.0919470887391
0.0897653570033
0.0878258496597
0.0861758643029
0.0848467766264
0.083850342447
0.0831777247122
0.0827966350382
0.0826519670551
0.0827287761076
0.0830443744048
0.0835179677938
0.085488629835
0.0832417937149
0.0827275317476
0.135771549773
0.13576176785
0.135750945826
0.135743650608
0.135739246495
0.135744861283
0.135760451691
0.135776034064
0.135778066197
0.135771116907
0.135758617758
0.135740871101
0.135713271551
0.135686445139
0.135654566762
0.135628004768
0.135609454315
0.135599600308
0.135585330043
0.135570380231
0.135557321478
0.135538264073
0.135508641407
0.135476366295
0.135441733347
0.13539641472
0.135339434564
0.135277507128
0.135203464629
0.135122968428
0.135026083779
0.134917959575
0.134809283722
0.134722602783
0.134682483873
0.134728356789
0.134998692592
0.135748284808
0.137774046778
0.137727020609
0.138154733557
0.137460067234
0.136714438249
0.135543696809
0.134152079292
0.132661653277
0.131098753998
0.129467379057
0.127772778982
0.126013190463
0.124185788481
0.122288177768
0.120318526074
0.118275797055
0.116159786009
0.113971293117
0.111712143938
0.109385589996
0.106996456818
0.104552008483
0.102062458033
0.0995439176331
0.0970229441241
0.0945401011882
0.0921495299308
0.0899140475943
0.0878973229602
0.0861556038851
0.0847306271212
0.0836446695832
0.082898305023
0.082469324762
0.0823034140725
0.0823207424156
0.0824616012184
0.0824859577287
0.0828430498859
0.0831790528173
0.0825433116833
0.0822726117007
0.135032509067
0.135021487759
0.135009099159
0.134997123471
0.134986209209
0.134977871377
0.134980607601
0.13499749007
0.135002957919
0.134996293592
0.134980517384
0.13495850319
0.134926327395
0.134887878309
0.13484760787
0.134800289897
0.134754464682
0.134715084843
0.134681809218
0.134641828819
0.134599649784
0.134549229375
0.134495330361
0.13442447693
0.134343137909
0.134249395283
0.134141233709
0.134015489188
0.133868541074
0.133691089034
0.133482072743
0.133258823977
0.133012482646
0.132747583652
0.132464737631
0.132188653618
0.131981040185
0.131939929873
0.131767800981
0.134285728249
0.135254247568
0.134253516871
0.133433523444
0.132440180227
0.131205893544
0.129824800409
0.128343419066
0.126771180137
0.125119395949
0.123391173716
0.121587170487
0.119707573576
0.117752542349
0.115722640146
0.113618970728
0.111443507116
0.109199120286
0.106890139916
0.104522434047
0.102104542092
0.0996480818107
0.0971717391287
0.0947067360437
0.092300201127
0.0900130665163
0.087912959292
0.0860646142539
0.0845209613188
0.0833163317754
0.0824628742189
0.081951035764
0.0817496562392
0.0818061324262
0.0820921855718
0.0825187989013
0.0822298972497
0.0822774172493
0.0821520935044
0.0818353866115
0.081669403288
0.13429931491
0.134292224263
0.134279895915
0.134264964552
0.134248349514
0.134231632764
0.134220287438
0.134226208382
0.134233562404
0.134226848918
0.13420848437
0.134180590253
0.134145160972
0.134097807721
0.134045332272
0.133981492585
0.133913450767
0.133849164626
0.133784941428
0.133720539317
0.133653506125
0.133574006618
0.133482074131
0.133376714879
0.133250630944
0.133106981072
0.132945044983
0.132751637553
0.132520941276
0.132249575798
0.131956664697
0.131616820159
0.131218580296
0.130749135239
0.130187207012
0.12951450098
0.128698534502
0.127563521123
0.125392404568
0.127433187969
0.129326255949
0.129949609702
0.129749518723
0.129122875798
0.128137296368
0.126912777567
0.125537789772
0.124039472649
0.122440136403
0.120750051429
0.118974622207
0.117117312956
0.115180655623
0.113167030415
0.111078956735
0.108919639393
0.106692992019
0.104404420568
0.102060773924
0.099671858387
0.0972506264371
0.0948186289327
0.0924124165308
0.0900862871437
0.0879079224081
0.0859488074974
0.0842730108952
0.0829280536674
0.0819386138105
0.0813044488351
0.0810021688595
0.0809863858754
0.0812120588752
0.0816584658857
0.0820743794131
0.0830421541205
0.0818410459388
0.0814194459643
0.0811554187532
0.0810337349318
0.133576123208
0.133574436512
0.13356307123
0.13354664624
0.133525951773
0.133502819808
0.133481941332
0.133468523583
0.13346989559
0.133464369527
0.133444620761
0.133412245304
0.133369162782
0.133316173582
0.133248082645
0.133175678326
0.133091299253
0.133004871161
0.132911775709
0.132818167181
0.132719461413
0.132613056509
0.132482400015
0.132335128491
0.132165474414
0.131974240257
0.131751544539
0.131489484376
0.131182591473
0.130847993236
0.130460974326
0.129997124953
0.129447560156
0.128784705467
0.127971274705
0.126963419689
0.125700608964
0.124211266962
0.122693098623
0.123481119062
0.124113413822
0.125704800918
0.126147279925
0.125856513124
0.125090062272
0.124008082246
0.122732619468
0.121305008477
0.11975699773
0.118105183163
0.116359273825
0.114525745833
0.112609327655
0.110614104508
0.108543916869
0.106403145876
0.104196669193
0.101930937798
0.0996136907655
0.0972560106969
0.0948721061608
0.0924868174867
0.0901428174836
0.0879021443849
0.0858389602732
0.0840273916824
0.0825290449705
0.0813842616989
0.0806065256664
0.0801822396668
0.0800727038257
0.0802144684207
0.0805299520926
0.0809083318528
0.0815367480693
0.0813576503471
0.0809031925373
0.0806227327666
0.0804493510142
0.0803699190316
0.13287148356
0.132869416654
0.132858363019
0.132839916111
0.132816360469
0.13278858172
0.132760591183
0.132734280929
0.132717350549
0.132709753323
0.132690690912
0.13265518595
0.132605323195
0.132542749358
0.13246568839
0.132378604491
0.132284826427
0.132174217511
0.132059526693
0.131936929297
0.131805548646
0.131663082209
0.131497817974
0.131307486598
0.131094224253
0.130853058841
0.130574464075
0.130249493168
0.129889612648
0.129478331214
0.128991228675
0.128419747171
0.127743519266
0.126931192898
0.125938299556
0.124728498136
0.123232507461
0.12154929508
0.120284130402
0.120712675066
0.121612866714
0.122550107474
0.123003637723
0.122831869886
0.122178721539
0.121181389982
0.119973104756
0.11859782746
0.117090631532
0.115471240885
0.113751895015
0.111941025941
0.110044906437
0.108068927284
0.106017976852
0.103897456902
0.101713061902
0.0994722362757
0.097183490668
0.0948592227358
0.0925148038971
0.0901789557317
0.0879013685664
0.0857522449559
0.0838115499226
0.0821543391879
0.0808376935394
0.079893302914
0.0793230718346
0.0791023441267
0.0791850655835
0.0795136781118
0.0799763686256
0.0802456810589
0.0803353016927
0.0802003251525
0.0799834187952
0.0798262877794
0.0797245011376
0.0796759799969
0.132184871959
0.132177544258
0.132164972727
0.13214412329
0.132117818745
0.132086768072
0.132051906467
0.132018545139
0.131988630471
0.13196627029
0.13194684308
0.131910423907
0.131855992417
0.131785506006
0.131700796034
0.131600305902
0.131487320887
0.131361384093
0.131222771814
0.131075600301
0.130912918355
0.130731726222
0.130528326703
0.130298629918
0.130042420073
0.129751328288
0.129418632572
0.129043299034
0.128618261016
0.128125052305
0.127556550484
0.126898518266
0.126133450043
0.125234517726
0.124171087309
0.122921683396
0.121421063352
0.119492433929
0.118721868497
0.117808249133
0.119205297175
0.120091841163
0.120346232166
0.120103498612
0.119453425664
0.118472152213
0.117288012509
0.115938729433
0.114456318125
0.112859701971
0.111161311882
0.109370094831
0.107492959075
0.10553604091
0.10350489617
0.101405738276
0.0992448859247
0.0970307281645
0.0947724053692
0.0924837185944
0.0901810897201
0.0878979393222
0.0856919601401
0.0836417428058
0.0818318893013
0.0803359190265
0.079203192432
0.0784535611509
0.0780760195163
0.0780392920888
0.0782914446795
0.0787600782193
0.0792976307538
0.0800063215598
0.0794119938376
0.079214615163
0.0790844246331
0.0790071163144
0.0789589603407
0.0789272843987
0.131510619574
0.131498954249
0.131483354083
0.13146133378
0.131433451854
0.131400799203
0.131363331308
0.131322202774
0.131285068202
0.131246206853
0.13121310682
0.131175793441
0.131119665323
0.131044189417
0.130950514083
0.13083997556
0.130710471845
0.130566252356
0.130407638179
0.130233298523
0.130037961494
0.129820500571
0.129579502027
0.129311818782
0.129010267663
0.12866906653
0.128283610488
0.12785037702
0.127356005492
0.126796218134
0.126161537407
0.125441519905
0.12462409301
0.123697100885
0.122644922367
0.121436751251
0.12001815647
0.118045277498
0.118173795055
0.117121589325
0.117516320712
0.118202584569
0.118137112687
0.117666056069
0.116916741903
0.115887902207
0.114686335028
0.11333636903
0.11186184199
0.110277380545
0.108593412556
0.106818005313
0.104957804064
0.103019129607
0.101007815723
0.0989306870781
0.0967944828062
0.0946085198068
0.0923824092668
0.0901315160402
0.0878731701812
0.0856466004196
0.083518552403
0.0815760762903
0.0799070722423
0.0785810173578
0.0776358641565
0.0770736442778
0.0768632973497
0.0769637747033
0.0773167970101
0.0778645657704
0.0785860165801
0.0784688138158
0.0782869635573
0.0782012658741
0.0781610899133
0.0781468341003
0.0781384543102
0.0781266200834
0.130844925063
0.130833064765
0.130816508012
0.130796337654
0.130769899309
0.130737584578
0.130699243518
0.13065431855
0.130606044118
0.130558401771
0.130504749676
0.13045402528
0.130392895862
0.130314803861
0.130214712605
0.130093727296
0.129952631105
0.129789589915
0.129608416022
0.129406414786
0.129181416569
0.12892993197
0.12865225059
0.128342098758
0.127993259731
0.127601892226
0.127161072759
0.126666272544
0.126111379229
0.125492045368
0.124800727609
0.124032668464
0.123189031221
0.122268744876
0.121261426443
0.120153779732
0.118971083253
0.117497050622
0.118200926057
0.117142683609
0.116517178413
0.116685689296
0.116226675321
0.115441977342
0.114526229041
0.113406692278
0.112158203606
0.110787479366
0.109307414443
0.107726236475
0.106050931213
0.104287719614
0.102442331211
0.1005208599
0.0985291104626
0.0964743898456
0.094363673963
0.0922072544448
0.0900150369646
0.0878042036354
0.0855927896284
0.0834272741404
0.0813844369861
0.0795595737078
0.0780424466549
0.0768968650394
0.076149073718
0.0757842707955
0.0757466775053
0.0759446895569
0.0762772726932
0.0769807311184
0.0771860034356
0.0771946557549
0.0771712618166
0.0771762901528
0.077206831729
0.0772426373413
0.0772638749294
0.0772776544815
0.130200508766
0.130189399729
0.13017730528
0.130160995439
0.130137522114
0.130105931655
0.130066036727
0.130017539352
0.12995985959
0.129901627537
0.129835101836
0.129761190412
0.129680494909
0.129598008539
0.129491999739
0.129362940311
0.129208254186
0.129029230355
0.128824853157
0.128596338364
0.128340625159
0.128055827641
0.127739362199
0.127384388984
0.126988091683
0.126545262798
0.126049548959
0.12549674239
0.124882913549
0.124206283901
0.123463719186
0.122656525419
0.121792734006
0.120876288285
0.1199096331
0.118951864382
0.118070895712
0.117228819431
0.118169845254
0.11691293284
0.115726921082
0.115247539462
0.114405604827
0.113308814131
0.112211304305
0.110987934505
0.109681149829
0.108280360337
0.106787612582
0.105204437634
0.103534017577
0.101780398585
0.0999481316223
0.0980429151933
0.0960703648917
0.0940382576714
0.0919536649302
0.0898279911936
0.0876712334418
0.0855027541005
0.0833409746337
0.0812414265114
0.0792916188202
0.0775943014615
0.0762386523467
0.075279948916
0.0747340566148
0.0745828930577
0.0747736372492
0.0751604419948
0.0754037856639
0.0758466814736
0.0759440447939
0.0760035089246
0.076056061546
0.0761185072649
0.0761921243677
0.0762656413194
0.0763032322705
0.0763312329029
0.129603550787
0.12959606292
0.129586078642
0.129570180795
0.129546667499
0.129513276014
0.129469383278
0.129414782488
0.129349059896
0.129274266003
0.129197283955
0.129110492846
0.1290137063
0.128906539737
0.12878612289
0.128646798639
0.128479450363
0.128282528408
0.128058627475
0.127802200102
0.127515938466
0.127196646241
0.126840320453
0.126439931255
0.125995304063
0.125501636556
0.124950801635
0.124339718591
0.123667520331
0.122933853234
0.122137800266
0.121282026247
0.120380256266
0.119429403627
0.118480127755
0.117616351457
0.116923192593
0.116580156876
0.117546959689
0.116085708606
0.114685588811
0.113602500082
0.112475261234
0.111143399683
0.109898207801
0.108587371254
0.107229041832
0.105800126051
0.104294461203
0.102708180746
0.101041309473
0.0992960266131
0.0974758488352
0.0955861759793
0.0936324424477
0.0916230218296
0.0895649902432
0.0874711210369
0.0853512589004
0.0832274421906
0.0811179654548
0.0790895714719
0.0772406623946
0.0756800016307
0.0744927607415
0.0737214651702
0.0733676013296
0.073395372338
0.0737223300792
0.0742184120098
0.0751342057772
0.0747938654043
0.0747871129981
0.0748381304997
0.0749141327055
0.0749972729156
0.0750768807278
0.0751583838356
0.0752063370102
0.0752254263805
0.129054684869
0.129053080682
0.129042148214
0.129024654415
0.128998134892
0.128959945967
0.128909400385
0.12884646394
0.128771117516
0.128682503601
0.128588451361
0.128490913671
0.12838702827
0.128257220955
0.128114437602
0.127952264826
0.127766965479
0.127553037028
0.127307457204
0.127024976404
0.12670817464
0.126353759487
0.125954732661
0.12550883518
0.125016037679
0.124469751997
0.12386425035
0.123195141989
0.122462894058
0.121669061185
0.120810246781
0.119885114536
0.118899337226
0.117872163784
0.116872582984
0.115961589484
0.115277298775
0.115020799116
0.115932469231
0.113967791397
0.112968699206
0.111562144586
0.110312619428
0.108863293581
0.107533291915
0.106170515141
0.104780240892
0.103333730922
0.101820557113
0.100233646906
0.098571158152
0.0968341709591
0.0950256372841
0.093150978611
0.0912156087184
0.0892287609676
0.0871974709459
0.0851362835407
0.0830546018191
0.0809778375024
0.0789234200862
0.0769718853017
0.0752316912104
0.0738146849169
0.0727975970974
0.0722114515575
0.0720479927603
0.0722190873118
0.0725907987118
0.0732546050061
0.0735365538602
0.0735273298056
0.0735686480493
0.0736384632326
0.0737220124585
0.0738033440417
0.0738710090776
0.0739287437224
0.0739780559978
0.073981200302
0.128530789429
0.128535434304
0.128528010124
0.128511917814
0.128482525052
0.128438659201
0.128380531472
0.12830865566
0.128223390394
0.128124784549
0.128013343592
0.127894987446
0.127773356402
0.127637771893
0.127476285385
0.127288153225
0.127077049312
0.12683952954
0.12656772344
0.126260944724
0.125915776034
0.12552176983
0.125081681384
0.124591707486
0.124051242231
0.123454621102
0.122793436284
0.122065758938
0.121273115896
0.120414102116
0.119470222864
0.118435289123
0.117332371695
0.116190987683
0.115048808033
0.113978079701
0.113072930902
0.112326180927
0.112621877812
0.110882142214
0.110557293936
0.109133440794
0.107903831881
0.106443303694
0.105092576669
0.103718875337
0.102322101665
0.100873245484
0.0993613848637
0.0977785965866
0.0961227030832
0.0943946875649
0.0925976096293
0.090737378585
0.0888196617824
0.0868549271528
0.0848501511659
0.0828222224922
0.0807797597211
0.0787525664951
0.0767563632728
0.0748889868149
0.073267239609
0.0720008976285
0.0711495051622
0.0707296582178
0.0707271699937
0.0710383066699
0.0715697930197
0.0722603796963
0.0722456907923
0.0722699141464
0.0723255785129
0.0724020887825
0.0724845144267
0.0725600016893
0.0726205715878
0.0726628036091
0.0727011494046
0.0727144316109
0.128028719803
0.12803626073
0.128034821142
0.128020583148
0.127988255556
0.127939551038
0.127875177244
0.127795688046
0.127701479136
0.127592844203
0.127469270977
0.127331163668
0.127183242653
0.127027145797
0.126852279541
0.126648181793
0.126413682715
0.126146621422
0.125846329729
0.125511287006
0.125131902074
0.124703825756
0.124224697695
0.123692424138
0.123105971787
0.122457532934
0.121741670559
0.120954855401
0.120099208737
0.11915340119
0.11808559401
0.116927580454
0.115689700041
0.114382688929
0.113046764066
0.111747808896
0.110521695365
0.10933355075
0.109321450644
0.108153491293
0.107872022258
0.106437150952
0.105283969951
0.103890077124
0.102573923566
0.101228656726
0.0998518708955
0.0984172966251
0.0969166494946
0.0953434180124
0.0936966346374
0.0919782500223
0.0901921846384
0.0883453605248
0.08644403485
0.0845003563448
0.0825212161194
0.0805265911216
0.0785238528426
0.0765485959844
0.0746139210931
0.0728399835858
0.0713502225369
0.0702494570472
0.0695780894846
0.069323506939
0.0693691931455
0.0696027784504
0.0706179992704
0.0707858698002
0.0708881488659
0.070963296347
0.0710407089725
0.0711244354249
0.0712067226092
0.0712799476238
0.0713389378478
0.0713791835585
0.0714111934107
0.0714337528005
0.127563776921
0.127564781225
0.127562445299
0.127543675453
0.127507401946
0.127455630393
0.127388066424
0.127303638018
0.127202522559
0.127084945065
0.126950721504
0.126799153575
0.126630010552
0.126446254184
0.126247694659
0.126029322015
0.125773708724
0.125481186203
0.125152379486
0.12478271521
0.124368107221
0.123904830862
0.123387307886
0.122813487746
0.122180714971
0.121482507312
0.12070881779
0.119861812127
0.118924675382
0.117854464585
0.116669425069
0.115386154423
0.113988809796
0.112484234937
0.110915217576
0.10930816841
0.107773553268
0.106384535282
0.106385616332
0.104949858276
0.10491855721
0.103497942934
0.10246456848
0.101215017329
0.099988966769
0.0987092458519
0.0973770048486
0.0959717910844
0.094490978614
0.0929316892434
0.0912956163372
0.0895866515571
0.0878102940078
0.0859749637863
0.0840878560945
0.0821632643392
0.0802079274715
0.078245813675
0.0762823362497
0.0743606006786
0.0724897735493
0.0708183054761
0.0694727548808
0.0685533325902
0.0680972591667
0.0680892699624
0.0683144864704
0.0683910645724
0.0691485304416
0.0694121386614
0.0695353835571
0.0696320415304
0.0697203494511
0.0698084293247
0.0698912520799
0.069964290169
0.0700236853826
0.0700627929102
0.0700956046095
0.0701220144183
0.127129754472
0.127122012042
0.127109882859
0.127084754215
0.127044927547
0.126990268417
0.126919683851
0.126831898814
0.126725974459
0.126601234507
0.126457734115
0.126295024663
0.126112096175
0.125908010348
0.125686253195
0.125441445044
0.125157707414
0.124842212982
0.124484440692
0.124081243655
0.123629937544
0.12312909829
0.122574181659
0.121957553653
0.121279141318
0.120524816494
0.119691833415
0.118771273753
0.117725184601
0.116551074549
0.115263152213
0.113844657012
0.112271288601
0.110545386578
0.108667905728
0.106681288269
0.10472686905
0.102807526997
0.102583035794
0.100910244307
0.101421164189
0.100265833935
0.099461462053
0.0984492882161
0.0973701111682
0.0961863663146
0.0949163009384
0.0935502129129
0.0920939587106
0.0905501686069
0.0889242849059
0.0872228251548
0.085453408539
0.0836263023664
0.0817499520889
0.0798412231391
0.0779065772349
0.0759750367526
0.0740489846664
0.0721811163911
0.0703745267457
0.0688119406933
0.0676161108467
0.0668829922721
0.0666339737775
0.0667599795526
0.0670644917543
0.0682913989783
0.067963128029
0.0680554421763
0.0681650461541
0.0682728584998
0.0683704004533
0.0684631627299
0.068547558775
0.0686212905566
0.0686830963583
0.0687251520089
0.0687594134016
0.0687853446002
0.126714664263
0.126702608949
0.126681297016
0.126653857943
0.126610681865
0.12655163366
0.126475983896
0.126383405205
0.126272459411
0.126141950614
0.125990433912
0.125817743838
0.125622643405
0.125403177091
0.125158521006
0.124880496761
0.124574841421
0.124230686047
0.123838439253
0.123404394878
0.122919581037
0.122381426444
0.121784009681
0.121125243331
0.120394697756
0.119580025011
0.118682955464
0.117677259137
0.116543676571
0.115282078725
0.113891500549
0.11233094059
0.110566271067
0.10857982561
0.106356461677
0.103953397453
0.101363433108
0.0985136559062
0.0974760540394
0.0944984333852
0.0970021235291
0.0968227791667
0.0964047590633
0.0956861020476
0.0947824259791
0.0937040141796
0.0924990200957
0.0911722706284
0.0897390338179
0.0882080467794
0.0865887932445
0.0848905830182
0.0831234018273
0.0812994951664
0.0794288157618
0.0775311356111
0.0756124641622
0.0737080906838
0.0718158775268
0.0700008851416
0.0682570726062
0.0668071550924
0.0657608561993
0.0652155803228
0.0651666920407
0.0654232625723
0.0658752842099
0.0664832614155
0.0665214068911
0.0666478985967
0.0667817714758
0.0669050552996
0.0670148159918
0.0671147392611
0.0672033627551
0.0672791046442
0.0673413866046
0.0673913426087
0.0674302745092
0.0674568191362
0.126321570523
0.126308614259
0.126284097389
0.12625423714
0.126206875987
0.126142689874
0.126061186434
0.125961981084
0.125844440346
0.12570718846
0.12554850472
0.125366556822
0.125159220081
0.124923950885
0.124656327964
0.124356588399
0.124024318805
0.123645762496
0.123224523453
0.122758082485
0.122232149491
0.121655522327
0.12102020214
0.120313376635
0.119521413839
0.118652773581
0.117690681835
0.116607490616
0.115397003765
0.11405905946
0.112562203501
0.110845669694
0.108893008718
0.106657985659
0.104143361709
0.101268925761
0.0978929824679
0.0935908371985
0.0902145650096
0.0911410097879
0.092650974953
0.0935705850544
0.0935630829578
0.0930762295737
0.0923118096494
0.0913145775376
0.0901583753359
0.0888598518947
0.0874410563543
0.0859155022061
0.0842959745387
0.0825941502979
0.0808222972828
0.0789945379661
0.0771225554569
0.0752292415333
0.0733199749511
0.0714376114786
0.0695734370329
0.0678085681566
0.0661236728236
0.0647892245219
0.0638945498619
0.063528624589
0.063587705051
0.0638970920421
0.0648482440143
0.0650347193002
0.0651271740631
0.065267232112
0.0654151840765
0.0655561718329
0.0656814439691
0.0657946464692
0.0658948130436
0.0659802811482
0.0660493045007
0.0661063636659
0.0661457275236
0.0661665489771
0.125956539686
0.125943986474
0.125918769476
0.125884630778
0.125832482833
0.12576282583
0.125675213172
0.125569321301
0.125444509116
0.125299616874
0.12513317275
0.124942108143
0.124723589771
0.124473805152
0.124189586487
0.123868081774
0.123503593799
0.123095675481
0.122643077153
0.122132481082
0.121571528635
0.120960592331
0.120275615109
0.119506425248
0.11866995258
0.117749385316
0.116712465447
0.115563581342
0.114295266037
0.112875108723
0.111259610858
0.109419182605
0.107320250529
0.10492011337
0.102169228058
0.0989414891318
0.0951259838269
0.089537251481
0.0891945219605
0.0892984994253
0.0902188202547
0.091116780874
0.0911707647074
0.0907384543497
0.0900244938622
0.0890592584813
0.0879215958593
0.0866317441671
0.0852133868736
0.0836820842762
0.0820524480287
0.0803376789719
0.0785520106721
0.0767111628413
0.0748288187013
0.0729310908389
0.0710227132702
0.0691555234883
0.0673115872169
0.0655922705883
0.0639570394595
0.0627350138754
0.0619985408368
0.0618217686844
0.0619656380117
0.0624091819457
0.063273307981
0.0634767792793
0.0636825267805
0.0638790400142
0.0640613623939
0.0642310551721
0.0643826146885
0.0645178053726
0.0646370598116
0.0647390017339
0.0648226456167
0.0648857842041
0.0649227528719
0.0649328092854
0.125620803791
0.125609249176
0.125582300738
0.125542609504
0.125486374657
0.125411155456
0.125317412771
0.125205174371
0.125073805259
0.124921912981
0.124747323396
0.124547238292
0.124317604971
0.124054457944
0.123754121166
0.123410758289
0.123018919491
0.122578744851
0.122086348737
0.121538208922
0.120941201154
0.120277568623
0.119533204588
0.118724873129
0.117846460416
0.116853669902
0.115754944987
0.114557884659
0.11322245392
0.11172289428
0.110026551197
0.10809624528
0.105897633571
0.103392679793
0.100525885008
0.0972787052227
0.0936017298448
0.0888687046977
0.0888535036493
0.0886143972703
0.0888722972526
0.089353419089
0.0892247601231
0.0886923017652
0.0879399406438
0.0869553887374
0.0858034357382
0.0845001580545
0.0830659751208
0.0815156568627
0.0798640527431
0.0781249668837
0.0763142132918
0.0744487539471
0.0725446751168
0.0706313141231
0.0687131664078
0.0668528500481
0.0650209002599
0.0633446480061
0.0617489482544
0.0606303028932
0.0600279752433
0.0599705044015
0.0602058415691
0.0610446758873
0.0616361121333
0.0619478272245
0.0622351802985
0.0624915348882
0.0627211071809
0.0629286002346
0.0631180118797
0.063283434377
0.0634268054158
0.0635474152911
0.0636450449359
0.0637151467102
0.063758605427
0.0637731865929
0.125313409647
0.125302874796
0.12527311694
0.125229406448
0.125169041478
0.125087191938
0.124986882607
0.124868736626
0.12473200382
0.124574575556
0.12439336551
0.124184655908
0.1239442479
0.123668131501
0.123350328658
0.122983637981
0.122564369313
0.122091144022
0.121560825979
0.120971752048
0.120324713005
0.119608536737
0.118823310249
0.117977652256
0.117033232
0.115974931173
0.114829392531
0.113583446306
0.112193547322
0.110629366949
0.108861600959
0.106870368404
0.104620143462
0.102060944294
0.0992022207034
0.0960877710582
0.0927069804461
0.0887014988953
0.0888319626816
0.0885626655892
0.0880806787338
0.088007191718
0.0876019815317
0.0868877105256
0.086038427544
0.0849980822883
0.0838063069016
0.0824705675674
0.0810052052678
0.079422318271
0.0777358559834
0.0759595340643
0.0741104381638
0.0722064283924
0.0702665828782
0.0683232960838
0.0663817876564
0.0645175810901
0.0626885355562
0.0610578215049
0.059506379933
0.0585247598503
0.0580579839472
0.0579448397231
0.058183467457
0.0595936912046
0.0600284473445
0.0604153808839
0.0607737158701
0.0610960038099
0.0613893062771
0.0616489716323
0.0618833946079
0.0620856301677
0.0622578350952
0.0624008499366
0.0625148179463
0.0625927933572
0.0626465459655
0.0626742432549
0.12503590569
0.125024722475
0.124993719067
0.124949329843
0.124880836858
0.124790482854
0.124683458768
0.124561034626
0.124421503087
0.124261187031
0.124075584759
0.123859882589
0.12360916982
0.123318267635
0.122980356815
0.122587893942
0.122137451135
0.121628584174
0.121059275692
0.120432221561
0.119741192736
0.118977039416
0.11814944078
0.117247716443
0.116238069454
0.115128598452
0.11393610796
0.112639232157
0.111191572157
0.109578522496
0.107778378178
0.105745327582
0.103452501692
0.100893323799
0.0981170815042
0.0951857862328
0.0921310674603
0.0886983122072
0.0888586290233
0.088566430297
0.0875362558155
0.0868225514277
0.0861384050156
0.0852408472879
0.0842796661273
0.0831700298339
0.0819253379341
0.0805443674539
0.0790353443123
0.0774072594859
0.0756727362037
0.0738450888962
0.0719424808127
0.0699833851582
0.0679906247736
0.0659991899052
0.0640166385464
0.0621332067392
0.0602925500088
0.0587034716522
0.057198923091
0.0564362486186
0.0562597617334
0.0562804807068
0.0562530709806
0.0575922765196
0.0582293001079
0.0587922665791
0.059266122834
0.0596823057034
0.060054230744
0.0603847443051
0.0606718673624
0.0609165292968
0.0611212720527
0.0612888166838
0.0614193864022
0.0615119955665
0.0615777808978
0.0616166266679
0.124795300053
0.124779603533
0.124750127197
0.124704320045
0.124626736475
0.124532477648
0.12442510164
0.124305073767
0.124167649931
0.124006734003
0.123816479588
0.123591236751
0.123325505723
0.123013459776
0.12264702853
0.12221929029
0.121732591677
0.12119027506
0.120589617807
0.119924124319
0.119185587724
0.118379110854
0.117504542023
0.116538782011
0.115465138356
0.114297471882
0.113056174451
0.111719905066
0.110240459843
0.108596382088
0.106743007915
0.104661957165
0.102374573139
0.0998607438025
0.0971824702462
0.0944246989032
0.0916425964165
0.0886598310376
0.0887651075275
0.0879607192851
0.0867633868265
0.0855502160513
0.0846855392157
0.0836741440007
0.0826262992995
0.0814547417047
0.0801556071766
0.0787228412964
0.077160799021
0.0754761420287
0.0736803334008
0.071786279219
0.0698130604275
0.0677795253979
0.0657130463419
0.0636503246037
0.061603875858
0.0596801137824
0.0578065139152
0.0562435425112
0.0547567169555
0.0541882519818
0.0541376650766
0.0543919287365
0.0562368618602
0.0561602236084
0.0566174182432
0.057180517814
0.057735771676
0.0582576635801
0.0587194498573
0.0591301376584
0.0594810770391
0.0597751237277
0.060016373156
0.0602102311279
0.0603575395906
0.0604693142762
0.0605461241017
0.0605934722972
0.124598472739
0.124576648142
0.124548588468
0.124502110214
0.124423306672
0.124329623082
0.124227086899
0.124112242496
0.123975913809
0.123810329162
0.123609298503
0.123366987721
0.123077836228
0.122736337459
0.122336123574
0.12187507915
0.121357970906
0.120784486156
0.120148240899
0.11943845424
0.118654220796
0.117800079706
0.116867267157
0.115838213585
0.114707576475
0.113496704518
0.112223128569
0.110843991256
0.109318442987
0.107617246534
0.105713131033
0.103636757644
0.101381419121
0.0989090240854
0.0963270595913
0.0937006670402
0.0910988578594
0.088507223788
0.0882444814082
0.0854848691069
0.0852782927771
0.0840723371733
0.0831902224131
0.0821569306354
0.0810637608453
0.0798470751637
0.0784980000496
0.0770105423171
0.075388173373
0.0736364717848
0.0717660955937
0.0697895996309
0.0677266702434
0.0655962910863
0.063431009798
0.0612677783918
0.0591279111858
0.0571346298092
0.055199754676
0.0536520738348
0.0521837275337
0.0518022175679
0.0516662001794
0.0520109817347
0.0533367993311
0.0539238682953
0.054688227726
0.0554455731377
0.0561565373506
0.0568089555921
0.0573911728358
0.0578940628438
0.0583210569834
0.0586744188281
0.0589583181425
0.0591817224687
0.0593506099451
0.0594781954453
0.0595634232246
0.0596125778279
0.124439296286
0.124414962216
0.12438519574
0.124336860502
0.124258916853
0.124168523024
0.124074573042
0.123962684329
0.123821783316
0.123644664377
0.123426287715
0.123161111872
0.122844441982
0.122473306828
0.122042781796
0.121553125888
0.121006685243
0.120398381376
0.119719740385
0.118965462434
0.118138209473
0.11723483896
0.116245995092
0.115159694257
0.113980870091
0.11272998091
0.111406488082
0.109967691475
0.108381113655
0.10662598404
0.104709670758
0.102660529902
0.100427942729
0.0980106946126
0.0955116054295
0.0929486149987
0.0903468172095
0.0876003336377
0.0864135272213
0.0832272420568
0.0834851636642
0.0825057549006
0.0817023470431
0.0807097491292
0.0796038662345
0.0783560678685
0.0769613349065
0.0754168529514
0.0737274586405
0.071898607147
0.0699402653769
0.0678644424086
0.0656907218749
0.0634378442881
0.0611436106709
0.0588432729631
0.0565722170569
0.0544675525344
0.0524251228943
0.0508691151281
0.0494447453777
0.049384029645
0.0493774017007
0.0497307667712
0.051054531329
0.0517528087939
0.0526745399436
0.053633306142
0.0545478114793
0.0553646483723
0.0560832887537
0.0566966619029
0.0572113545171
0.057633369498
0.0579659507591
0.0582239044434
0.0584194789292
0.0585627526859
0.0586580699648
0.0587070319036
0.124300146464
0.124278170068
0.124245252414
0.12418884871
0.124116492492
0.124043480992
0.123957343822
0.123841712112
0.123688875619
0.123492684961
0.123250447385
0.122957691145
0.122613642904
0.122217032127
0.121762818764
0.121249521914
0.120673956117
0.120029949974
0.119311258943
0.11851535935
0.117642062491
0.116687793647
0.115644703826
0.114505250986
0.113273590275
0.1119668407
0.110576475508
0.109065318631
0.107418588815
0.105629969234
0.103711581975
0.101682123861
0.0994932459955
0.0971658804429
0.0947581421813
0.0922452613724
0.0896134693701
0.0867628952987
0.0847555020719
0.0810811618318
0.0817086264625
0.0810087148892
0.0803069632511
0.0793790722127
0.0782755308138
0.0770015299265
0.0755611971317
0.073955771674
0.0721922864562
0.0702763310811
0.0682167787977
0.0660243997836
0.0637173412888
0.0613132796138
0.0588539968553
0.0563707421476
0.0539204849933
0.0516479258518
0.049434600427
0.0478156133056
0.0463235325463
0.0463764518146
0.046655835759
0.0488782293002
0.0487278219389
0.0494265084108
0.0504899428824
0.0517042521916
0.0528792181719
0.0539250050093
0.0548156104967
0.0555590499168
0.0561719107032
0.0566711814028
0.0570643905944
0.057364307715
0.057586699147
0.057743875875
0.0578508871339
0.057899568701
0.124173199183
0.124159002369
0.124127451844
0.124077200922
0.124022769296
0.123957448651
0.12386383094
0.123732076032
0.123556434472
0.123335253173
0.123070876736
0.122759434921
0.122398325566
0.121982821823
0.12150798528
0.120969831929
0.120363587617
0.119683470985
0.118924863284
0.118086799818
0.117167634666
0.116162031218
0.115060920901
0.113861304483
0.112571052815
0.111199480431
0.109731395024
0.108144892675
0.106427897585
0.104586795657
0.102666981127
0.100681528964
0.0985728495274
0.096383911318
0.0941087225353
0.0916652614929
0.0890079045914
0.0859977021441
0.083354834843
0.0793466214524
0.0801483978958
0.0797110651179
0.0790902230003
0.0782181655788
0.0771145001248
0.0758088383661
0.0743173233834
0.0726446565354
0.0707994748362
0.0687869475426
0.066613869466
0.0642884803305
0.061825531493
0.0592401096316
0.0565743383352
0.0538520577688
0.0511585269411
0.0486350216359
0.0461770329219
0.0444827918543
0.0428545180795
0.0428323441225
0.0432798971507
0.0448843535966
0.0455440398702
0.0466481488342
0.0480430010227
0.0496162356877
0.0511426158608
0.0524782378345
0.0535934617074
0.0544982246596
0.0552236458335
0.0558038041626
0.0562605538657
0.0566080626524
0.056862153623
0.0570323145524
0.0571497635924
0.0572027925718
0.124072316652
0.124064988581
0.124039965316
0.124003271317
0.123957221013
0.123881706111
0.123767229624
0.12361325843
0.123420541333
0.123187497662
0.122910483364
0.122585112365
0.122207412883
0.121772593503
0.121275270039
0.120709915774
0.120071657185
0.119355955959
0.118560378367
0.117683051687
0.116718378663
0.115660380762
0.11450357837
0.113246318681
0.111890025802
0.110436360538
0.108875688765
0.107192183475
0.105382233508
0.103487904212
0.101571444709
0.099621464832
0.0976240520952
0.0956657504617
0.0936084081901
0.091306326795
0.0886948019795
0.0856557192622
0.0824822613589
0.0778950730454
0.0788850571589
0.0787088060173
0.0781298928581
0.0772784256272
0.0761567934925
0.0748046646727
0.0732507688983
0.0715022715498
0.0695677325533
0.0674505176403
0.0651537304895
0.0626811332361
0.0600416427737
0.0572456539378
0.0543301779175
0.0513083945982
0.0482920120503
0.0453838162944
0.0425340971654
0.0407061991192
0.0390211980039
0.039388407253
0.0400438436867
0.0410762080635
0.0420848035861
0.0435912295853
0.0454089445282
0.0473959917691
0.0493587034762
0.0510489636121
0.0524309982077
0.0535291445042
0.0543856197121
0.0550543451786
0.0555706279109
0.0559594868346
0.0562457814618
0.0564362084216
0.0565610151818
0.0566272884725
0.124000880884
0.123995323918
0.123974316584
0.123944038583
0.123895356327
0.123801202792
0.123671712756
0.123508532534
0.123306782962
0.123062858413
0.122772827893
0.122432362159
0.12203697801
0.121581527422
0.121059399434
0.120465789111
0.119800844045
0.119060435143
0.118236464744
0.11732261857
0.116313623727
0.115205044983
0.113993337523
0.112673409863
0.111238704526
0.1096868038
0.108015092028
0.106212953368
0.104289578116
0.102315588817
0.100372098772
0.0984691694833
0.0966287909111
0.0949925061765
0.0932884608726
0.0912579284299
0.0887763919134
0.0857754893976
0.0822297176834
0.0770157039658
0.0780424345688
0.0780921977941
0.0775038219661
0.0766120623885
0.0754368075714
0.0740132634072
0.0723799931014
0.070545293166
0.0685148223021
0.066287713143
0.0638609424335
0.061230986285
0.0583976040789
0.0553630980305
0.0521533972003
0.0487735168808
0.0453553322411
0.0419115397405
0.0384632370905
0.0361269808832
0.0337179743697
0.0347676280728
0.0382761346888
0.0370154575546
0.0382110626797
0.0402241748598
0.0426078203804
0.0450938072736
0.0475407989303
0.0496665042123
0.0513508291127
0.0526639154375
0.0536655503157
0.0544289085863
0.0550105558896
0.055440015228
0.0557497946163
0.0559598683153
0.0560941549552
0.0561713967018
0.123947031042
0.123939759433
0.123924155167
0.123897013652
0.123840914439
0.12373422473
0.123597880517
0.123425941561
0.123214232184
0.122958816276
0.122655437054
0.122299356531
0.121885765914
0.121409030119
0.120864905232
0.120254201698
0.11957518506
0.118815957593
0.117965059462
0.11701571698
0.115963599966
0.114805916832
0.113541144214
0.112158649499
0.110638245479
0.108973180102
0.107169656844
0.105224446819
0.103156177265
0.101052394053
0.0990515553048
0.0972016134787
0.0955570404618
0.094359711149
0.0931567746013
0.0915779747433
0.0893684435852
0.0865158399625
0.0829436198172
0.0771367831822
0.0778463225389
0.0779778768255
0.0773051905298
0.0762754952992
0.0749814680073
0.0734482054779
0.071714147795
0.0697836986048
0.0676546979787
0.0653183884641
0.0627626081888
0.059973058063
0.0569355633219
0.0536369946905
0.0500813433045
0.0462650557384
0.0423285605194
0.0382120633106
0.0341906377859
0.0312790548158
0.0272093448853
0.0278793269145
0.0308533202301
0.030958619972
0.0333757264109
0.0364495719158
0.0396833114412
0.0428207660851
0.0457750404687
0.0483639336352
0.0503843727537
0.0519177594032
0.053068816176
0.0539253485154
0.0545697896182
0.0550457766076
0.0553822092223
0.0556059531431
0.05574289279
0.0558078494478
0.123914652511
0.123907611804
0.123892572053
0.123860199954
0.123796051333
0.123685336428
0.123543212759
0.12336279333
0.123141353478
0.122874797571
0.122558822426
0.122188279485
0.121757793765
0.121264198402
0.120707214633
0.120087536486
0.119399387885
0.118625267922
0.117750361086
0.11676937699
0.115677773272
0.114473760526
0.113162816291
0.111729232876
0.110125511579
0.108333325258
0.106379986646
0.104274159293
0.101995097259
0.0997068154779
0.0975968358497
0.0958545060583
0.0942247035661
0.0938447566222
0.0931997918406
0.0921853108309
0.0906523676776
0.0880970366491
0.0850462279071
0.0788306203393
0.0787343302465
0.0785607921102
0.0776127479615
0.0762869838721
0.0747804289347
0.0730966779631
0.0712477094196
0.0692213792219
0.0670013240914
0.0645675320347
0.0618967980283
0.0589617906068
0.0557303096361
0.052163955078
0.0482251730251
0.0438686947604
0.03916370739
0.0340205001143
0.0293552467077
0.0262314412262
0.0211155449284
0.0203132961266
0.0200237028474
0.0230729631988
0.0277632069386
0.0324728821658
0.0368290182222
0.0407321208506
0.044216730262
0.0472375074087
0.0495820591746
0.0513153094373
0.0526010283188
0.0535465047525
0.0542422017338
0.0547525034857
0.0551137367398
0.0553510092162
0.0554890161007
0.0555403060477
0.123899206172
0.123892610965
0.123870303068
0.123830340197
0.123766291982
0.123654898708
0.123508679135
0.123319269062
0.123088757017
0.122813646391
0.122489462493
0.122108855339
0.121666423186
0.121159987175
0.120590756612
0.119965025851
0.119274894653
0.118491211514
0.117598040241
0.116593666098
0.1154671544
0.114222765685
0.112895662673
0.111446641807
0.109769487745
0.107839341974
0.105715286732
0.103422559271
0.100926239655
0.0983966436128
0.096245107502
0.0944123440127
0.0940600759579
0.093536355865
0.0932202294842
0.0929634519017
0.0915135184351
0.0905713120922
0.0900856171747
0.0830039089562
0.0814296414959
0.0799247164732
0.0782745456426
0.0765087502204
0.0747461703437
0.072914300524
0.0709675127355
0.0688669207546
0.0665802708826
0.0640769502282
0.0613243454602
0.0582840788252
0.0549077396262
0.0511306002122
0.0468648458171
0.0419808609463
0.036338080808
0.0296302683617
0.0227202563114
0.0152576402669
0.00587461662717
0.0103241205093
0.00388565419491
0.013481871947
0.0219495200718
0.0287949611992
0.0344041742996
0.0390635127118
0.0430224057426
0.0464059252865
0.0490085502743
0.0508820034072
0.0522672573307
0.0532851773799
0.0540244270939
0.0545591261393
0.0549370329814
0.0551862574095
0.0553333755637
0.0553911101699
0.123893509593
0.123885189538
0.123852926556
0.123808627196
0.123744024315
0.12364867359
0.12350380795
0.123303991634
0.123069410966
0.122792233713
0.122463752581
0.122074713139
0.121618879628
0.121095789455
0.120513338191
0.119890424531
0.11921537988
0.118437936501
0.117533934804
0.116514788413
0.1153763216
0.11412248071
0.112775817075
0.111300066804
0.109583470881
0.107565660913
0.105301918252
0.102826286128
0.0999867799366
0.0975900363538
0.0951832105437
0.0946017357829
0.0940504821884
0.0935909659031
0.0931794842262
0.0926123659341
0.091615140248
0.0905950155851
0.0904736365978
0.0904554327167
0.0855022865897
0.0812686639631
0.0787226664069
0.0766550022778
0.0747527961809
0.072849581371
0.0708589988361
0.068726528022
0.0664119645676
0.0638798170686
0.0610933089384
0.0580092133784
0.0545718111128
0.0507038423254
0.0462915291964
0.0411525971098
0.0349826516996
0.02713689699
0.0165542726429
-0.00254121458107
-0.0206515198578
-0.00209860445654
0.00182400894125
0.00292010296677
0.0175751620179
0.0263297367813
0.0329293871886
0.0381080142115
0.0423658692272
0.0459702231603
0.0487228587178
0.0506626173685
0.0520940269056
0.0531521354033
0.0539190301815
0.0544674517768
0.0548519404075
0.0551080065906
0.0552669255184
0.0553323398922
)
;

boundaryField
{
    frontAndBack
    {
        type            empty;
    }
    upperWall
    {
        type            zeroGradient;
    }
    lowerWall
    {
        type            zeroGradient;
    }
    inlet
    {
        type            zeroGradient;
    }
    outlet
    {
        type            fixedValue;
        value           uniform 0;
    }
}


// ************************************************************************* //
