/*--------------------------------*- C++ -*----------------------------------*\
| =========                 |                                                 |
| \\      /  F ield         | OpenFOAM: The Open Source CFD Toolbox           |
|  \\    /   O peration     | Version:  v1806                                 |
|   \\  /    A nd           | Web:      www.OpenFOAM.com                      |
|    \\/     M anipulation  |                                                 |
\*---------------------------------------------------------------------------*/
FoamFile
{
    version     2.0;
    format      ascii;
    class       volScalarField;
    location    "950";
    object      p;
}
// * * * * * * * * * * * * * * * * * * * * * * * * * * * * * * * * * * * * * //

dimensions      [0 2 -2 0 0 0 0];


internalField   nonuniform List<scalar> 
6400
(
0.142857966373
0.142861296504
0.142870863744
0.142889736375
0.14291817167
0.142956256543
0.143003956485
0.143062336113
0.143132740711
0.143217333094
0.143322334852
0.143451127779
0.143601492399
0.1437733701
0.143968673628
0.144190096683
0.144439690072
0.144717765481
0.145022269348
0.145348065913
0.145690329015
0.146051146728
0.146438270383
0.146859546905
0.147319681049
0.147818611365
0.148353155566
0.148920782482
0.14952092601
0.150153993583
0.150820156264
0.151517350449
0.152239885398
0.152981905644
0.153740466344
0.154513232464
0.155300660035
0.156107250931
0.156931288004
0.15776488917
0.158608167239
0.159470500968
0.160356140717
0.161257261941
0.162162844023
0.16306453495
0.163955802193
0.164831245653
0.165685845984
0.166515056605
0.167314801163
0.168079127627
0.168798844843
0.169463564972
0.170069987615
0.170619731506
0.171108110872
0.171526868372
0.171874018602
0.172155399959
0.172377146497
0.172543589632
0.172660746867
0.172744536955
0.172816426527
0.172892882139
0.172973924493
0.173043738355
0.173093224743
0.173125032768
0.173144305976
0.173155194398
0.173160241144
0.173160970642
0.173158500712
0.173154144923
0.173148810905
0.173144491193
0.173141256788
0.173139813442
0.142853210614
0.142856774222
0.142865552291
0.142883968906
0.142913796062
0.142953237733
0.143001374678
0.143058064757
0.143126491357
0.143210792281
0.143315445993
0.143443323735
0.143593962317
0.143766691251
0.143962091701
0.144182212871
0.144431025598
0.144709658231
0.145015248834
0.145341366488
0.145681863347
0.14604086998
0.146427582222
0.146849043758
0.14730969295
0.147809327754
0.148344267784
0.148912522315
0.14951357113
0.150147370221
0.150813773976
0.151511482068
0.152234935961
0.152977185842
0.153735927154
0.154509077427
0.155296720361
0.156104001872
0.156929330198
0.15776417739
0.158607816393
0.159471232217
0.160359642077
0.161262953476
0.162169890411
0.163073063501
0.163965944183
0.164843265525
0.165699705248
0.166529838768
0.167329539364
0.168095045477
0.16881817295
0.169484821854
0.170092769826
0.170644462665
0.171131814706
0.171548397121
0.171894792684
0.172174989712
0.172394255978
0.172559305517
0.172676289217
0.172760929944
0.172833844358
0.172910552694
0.172991312743
0.173058640257
0.173105206573
0.173134731947
0.173152128889
0.173161445924
0.173164981657
0.173164051432
0.17316020895
0.173154735301
0.173148858336
0.173143878886
0.173140309478
0.173139009715
0.142839688602
0.142845495461
0.142853612051
0.142870630067
0.142899466578
0.142942959785
0.142994533293
0.143049643408
0.143115062036
0.143197666954
0.143301487432
0.143428864097
0.143579805437
0.143753315032
0.143948723248
0.144165719019
0.144412206707
0.144694626741
0.145002740687
0.145327430939
0.145664223297
0.146018951987
0.146405071771
0.14682866116
0.147290332622
0.14779012507
0.148326260053
0.148896235405
0.149498844354
0.150133955201
0.150801297078
0.151500175604
0.152225540284
0.152967896229
0.153726015367
0.154500697462
0.155289188217
0.156096707926
0.156923779069
0.157762070525
0.158611300331
0.159479241455
0.160368950313
0.161273312991
0.162182389105
0.16308826088
0.163984432287
0.164865250615
0.165725306315
0.166559466626
0.167363157517
0.168130918257
0.168854126076
0.169523992613
0.17013762256
0.170691050724
0.171176982784
0.171591853137
0.171936408632
0.172214208664
0.172430842074
0.172592613785
0.17270847027
0.172795903924
0.172873925267
0.172952261088
0.173027132376
0.173087608746
0.173129525299
0.173155191129
0.173169117309
0.17317478313
0.173174403443
0.173169973598
0.173163516675
0.173156092893
0.173148763276
0.173142585556
0.173138443025
0.17313677736
0.142819920109
0.142825965589
0.142833197086
0.142848997854
0.14287455605
0.142918036545
0.142981834719
0.143037257054
0.143098114444
0.143177773355
0.143280178775
0.143407271552
0.143558900663
0.14373255247
0.14392775732
0.144148027768
0.144397713605
0.144677360415
0.14497774405
0.14529274086
0.145626312869
0.145984419642
0.14637299731
0.146797518801
0.147260415808
0.147761690205
0.148299660812
0.148871800086
0.149476660597
0.150113666265
0.150783004141
0.151483561969
0.152210677799
0.152955622764
0.15371243262
0.154485728032
0.155277545687
0.156086817028
0.156914391111
0.157757350882
0.158614303377
0.159488752716
0.160382196703
0.161289417638
0.162201996489
0.163112110157
0.164013065963
0.164898965582
0.165764306634
0.166603861383
0.167412490783
0.168184136467
0.168911119543
0.169586157311
0.170204145893
0.170759152437
0.171244823111
0.171658235505
0.172000304792
0.172274698853
0.172487298197
0.172646220989
0.172764287083
0.172858342781
0.172939998537
0.173014148817
0.173082177814
0.173135163758
0.173169443228
0.173188066485
0.173195265379
0.173194181876
0.173187767701
0.173178614912
0.17316813449
0.173157770653
0.173148348055
0.173139789401
0.173133593386
0.173130942432
0.142788728241
0.142790496045
0.142799346246
0.142815713226
0.142844100365
0.14288546474
0.142944718721
0.143004624113
0.143069002903
0.143149141338
0.143250418727
0.143377429857
0.14353031797
0.143708908681
0.143910662897
0.144131216831
0.144374096634
0.144641630801
0.144932292004
0.145244834969
0.145579733647
0.145939519741
0.146329924846
0.146756267198
0.147220877659
0.147724047663
0.148264106416
0.148838976173
0.149446782894
0.150086762348
0.150758321187
0.151462119405
0.152192814661
0.152936891223
0.153693457742
0.154466748442
0.15525866235
0.156071241488
0.156903551794
0.157752892694
0.158617934425
0.159499959651
0.160399100772
0.161311115456
0.16222882797
0.163144742085
0.164052042557
0.16494462583
0.165816860787
0.166663350836
0.167478568194
0.168256226881
0.168989151258
0.169670296018
0.170293111848
0.170850593625
0.171336743115
0.171749058252
0.172088665819
0.172359685504
0.172569220605
0.17272795284
0.172850570448
0.17294989229
0.173030372085
0.173100021217
0.173160403552
0.173203406492
0.173226446938
0.173233598341
0.173229833282
0.173219201885
0.173205254612
0.173189661101
0.173173852029
0.173159259795
0.1731456641
0.173132427806
0.173123334413
0.173119698146
0.14273276717
0.142733504741
0.142747396465
0.142764726081
0.142796407322
0.142840300981
0.142896380205
0.14295720573
0.143026692476
0.143109299312
0.143209386992
0.143336973032
0.143498165112
0.143685024959
0.143886007267
0.14410056898
0.144334115167
0.144593150495
0.144879107551
0.145189609874
0.145523184836
0.145883606787
0.146276076556
0.146704833949
0.147171772376
0.147676841615
0.148219640158
0.148797532942
0.149409305915
0.150053105986
0.150728801113
0.151434862988
0.15216617707
0.152913636095
0.153668903524
0.154440469456
0.15523493799
0.156052645499
0.156891323582
0.157748317935
0.158622166918
0.159512855914
0.160419524596
0.161338345687
0.16226300762
0.163186401301
0.16410168832
0.16500261343
0.165883411249
0.166738519285
0.167562166156
0.168347952957
0.169088801693
0.169777327101
0.170405931824
0.170967066708
0.171455014805
0.171867595936
0.172206270341
0.17247598258
0.172685360381
0.172846838769
0.17297456872
0.173074019097
0.17315125424
0.173215071734
0.173266749986
0.17329698297
0.173303940777
0.173293619222
0.17327414331
0.173251050785
0.173226845743
0.173202562812
0.173179963613
0.173159231017
0.173138918632
0.173119367829
0.173106519842
0.173100709821
0.14264787854
0.142654811412
0.142676747001
0.142701822797
0.142730247501
0.142775208089
0.142833261968
0.1428969638
0.142970431655
0.143056226537
0.143160576724
0.143292279912
0.143460981253
0.143647087544
0.143843715906
0.144050802399
0.14427848488
0.144534980627
0.144818735866
0.145124774356
0.14545609732
0.145817446596
0.146211836454
0.146642710702
0.147112403338
0.147621296363
0.148165857689
0.148747255638
0.149363848457
0.150014259179
0.150694124671
0.151401111246
0.15213371553
0.152878981075
0.153635043289
0.154408796928
0.155207642036
0.156031603487
0.156877807784
0.157743490123
0.158627008209
0.159527528863
0.16044346578
0.161371095524
0.162304640058
0.163237328499
0.164162365967
0.165073407846
0.165964578721
0.166830179792
0.16766427007
0.168460310655
0.169211035296
0.169908543575
0.170544570004
0.171111426168
0.171603759562
0.17201973854
0.172361147037
0.172633507376
0.172846282925
0.173011993668
0.173141087041
0.173238172631
0.173314748401
0.173371446687
0.173407445943
0.173418158533
0.173402978306
0.173369531665
0.173329228171
0.173289080333
0.17325066321
0.173216155571
0.173185512508
0.17315611684
0.17312618681
0.173099028821
0.17308119133
0.173072511758
0.142546906241
0.142559803855
0.14258471078
0.142619725313
0.142651291049
0.142698688069
0.142755646907
0.142822852682
0.14290136544
0.142985856179
0.143098973061
0.143243385024
0.14341077804
0.143593627814
0.143784091114
0.143984725511
0.144211505209
0.144468240036
0.144747603693
0.145049227229
0.145378818222
0.145740639287
0.146136763676
0.146570703457
0.147044027065
0.147556293699
0.148104907496
0.148687381999
0.149310778988
0.149970047335
0.150652593225
0.151358431986
0.152090316913
0.152835286796
0.153592475353
0.154371795306
0.155177166061
0.15600835054
0.156862945148
0.157738276974
0.158632458344
0.159544071324
0.160470987993
0.161409416999
0.162353860578
0.163297798564
0.164234514221
0.165157628472
0.166061184059
0.166939364871
0.167786079006
0.168594596316
0.169357346058
0.170065998326
0.170712052289
0.171288126598
0.171789415589
0.172214204631
0.172563727171
0.172842907515
0.173060640198
0.173228527845
0.173356025908
0.173451451416
0.173522617513
0.173572934477
0.173587567231
0.173572004021
0.173528975632
0.173465074541
0.173394956465
0.173329533602
0.17327350553
0.173228456696
0.173189274284
0.173149015325
0.173106744385
0.173069840002
0.173045564167
0.173034020913
0.142434891346
0.142451211082
0.142476680681
0.142507926391
0.1425471249
0.142603214436
0.142661408187
0.142731040692
0.142818209515
0.142908758807
0.143020790842
0.143174141246
0.143344667
0.143522543976
0.143707658467
0.143908295458
0.144134730599
0.144388782088
0.144664087308
0.144963278478
0.145291755227
0.145653376981
0.146049906226
0.146486137977
0.146966604737
0.147481452537
0.148034597836
0.148624442299
0.149250348679
0.149912097815
0.150600626733
0.15131198848
0.152037234291
0.152780259965
0.153543181361
0.154330059846
0.155143275898
0.155982732657
0.156846627372
0.157732573526
0.15863851352
0.159562570371
0.160502182148
0.161453406255
0.162410847337
0.163368144646
0.164318673455
0.165256057876
0.166174270162
0.167067373243
0.167929120827
0.168752581382
0.16952993612
0.170252719746
0.170912750259
0.171503453392
0.172020601492
0.172461577903
0.172825024109
0.17311438245
0.173337683611
0.17350715596
0.173631929903
0.173719183251
0.173774717108
0.17381049751
0.17381343528
0.173768681479
0.173692232014
0.173585604024
0.173467663465
0.173365104402
0.173289549518
0.17323661794
0.173191632588
0.173139403706
0.173079927523
0.173029570322
0.172996034303
0.172980836594
0.142309902919
0.142328289612
0.14235787482
0.14238834042
0.142430823976
0.142487683788
0.142548884924
0.142619365938
0.142707955303
0.142815685399
0.142933470752
0.1430877526
0.143259733761
0.143434828244
0.143615088151
0.143818681702
0.144048341614
0.144298065724
0.144568511188
0.144865663699
0.145194133688
0.145556744881
0.145954157671
0.146389975021
0.146876816427
0.147400054585
0.147952042664
0.148548403864
0.149180011951
0.149846524402
0.150539221263
0.151250553191
0.151976568893
0.152719521321
0.153487998219
0.154283395079
0.155105678249
0.155954543484
0.156828734282
0.15772628805
0.158645143388
0.15958308001
0.160537144793
0.161503189752
0.162475820485
0.163448771066
0.164415504698
0.165369663695
0.166305139373
0.167215847904
0.168095385852
0.168936686758
0.169731901394
0.170472904518
0.171152471841
0.171765284068
0.172307299516
0.172772932859
0.173155954305
0.17346096384
0.173693993471
0.173867721672
0.173986504431
0.174054280518
0.1740788941
0.17407572875
0.174056475261
0.174020210735
0.173911467859
0.173737538308
0.173537449885
0.173381494176
0.173287191642
0.173236796574
0.173197642949
0.173133275342
0.173043583184
0.172971837574
0.172922789757
0.17290166766
0.142166498753
0.142184016601
0.142216379245
0.14225213088
0.14230329431
0.14235572849
0.14241837239
0.142491991392
0.142574114277
0.142691803169
0.142824355456
0.142980123297
0.143153124157
0.143329767329
0.143510057362
0.143714995788
0.143946517954
0.144193868434
0.144460849809
0.144755208514
0.14508306058
0.145448124158
0.145851012449
0.146287596672
0.146771368717
0.147306534731
0.147867147146
0.148464533439
0.149098887372
0.149763155999
0.150462860991
0.151178634293
0.15190525914
0.15265211858
0.153427585636
0.154231965448
0.155064172408
0.155923565358
0.156809147354
0.157719357411
0.158652316618
0.159605621273
0.160575954645
0.161558909513
0.162549034841
0.163540142177
0.164525788917
0.165499620255
0.166455401131
0.16738686017
0.168287458485
0.169150145306
0.169967409514
0.170732041379
0.171438340677
0.172082257133
0.172659105051
0.173158876116
0.173569621839
0.173906677609
0.174160608697
0.174344341087
0.174451215897
0.174482985108
0.174451061708
0.174378636889
0.174296221673
0.174288920472
0.174213293968
0.17394473134
0.17358377082
0.173346796627
0.173242921233
0.173224100902
0.173223910973
0.173146931017
0.172989482781
0.172882684559
0.172808358253
0.172781956024
0.142000436648
0.142014571289
0.142041199574
0.142086184477
0.142148163096
0.142202064068
0.142266814075
0.14234763574
0.142429119156
0.142544544521
0.142688684969
0.142848936405
0.143022601726
0.1432025197
0.143390574674
0.143599041638
0.143830149202
0.144075445497
0.144340712652
0.144632601127
0.144957343569
0.145321287591
0.145733808812
0.146182020652
0.146662237294
0.147198431959
0.147768022281
0.148365565545
0.149008894922
0.149679329907
0.150374671242
0.151089723379
0.151820934858
0.152577005872
0.153361571687
0.154175622443
0.155018541384
0.155889551386
0.156787722811
0.15771174124
0.158660014788
0.159630195116
0.160618672533
0.161620706804
0.162630761433
0.163642767704
0.164650410562
0.165647302469
0.166626995715
0.167582973105
0.168508610413
0.169397133717
0.170241880917
0.171037060047
0.171778380011
0.172461764455
0.173082989028
0.173631681371
0.174082935806
0.174494370688
0.17479787843
0.175003686917
0.175094009954
0.175070062549
0.174947821258
0.174759862041
0.174528675874
0.174601828535
0.174688362615
0.174249974397
0.173556377214
0.173196799901
0.173113881914
0.173196943879
0.173321815839
0.17323093918
0.172886346438
0.172738998669
0.172628681494
0.172613293994
0.141811313616
0.141822648933
0.141840661523
0.141890738781
0.141954505711
0.142016977434
0.142086579146
0.142175548059
0.142265498615
0.142381016743
0.142530751858
0.142694573627
0.142868803055
0.143048489486
0.143246872558
0.143466152514
0.143697937908
0.143941941158
0.144206924091
0.144498066971
0.144819728385
0.145178257706
0.14559286913
0.146061459994
0.146549277949
0.147077024522
0.147657743537
0.148262614111
0.14890088845
0.149576253035
0.150275605425
0.150991816684
0.151728122882
0.15249358482
0.153288800768
0.154113831938
0.154968459484
0.155852129777
0.156764159987
0.1577033704
0.158668304014
0.15965684414
0.160665329931
0.161688694771
0.162721262762
0.163757166095
0.164790314966
0.165814251486
0.166822174377
0.16780722391
0.16876279326
0.169682826511
0.170562156943
0.171396411717
0.172180658949
0.172907026865
0.173584019595
0.174221724837
0.174729925189
0.175416370664
0.175766426326
0.175966721716
0.175989304436
0.175842299845
0.175535247766
0.175108498818
0.17443606398
0.174592274582
0.174764358286
0.1747640588
0.17319856233
0.172689190885
0.172747202841
0.173082935602
0.173609272982
0.173478589036
0.172649196296
0.172518640675
0.172336762406
0.172395954442
0.141600263095
0.141613286639
0.141636485067
0.141676187597
0.141734881794
0.141803201925
0.141878964604
0.141972883177
0.142076079235
0.142195618005
0.142350185671
0.142517490405
0.14269387378
0.142874159205
0.143076763215
0.143306433976
0.143543641972
0.143790516987
0.14405728139
0.144349532282
0.144670490904
0.145024389024
0.145435561495
0.145917105315
0.146421632991
0.14694892269
0.147533820607
0.148148509537
0.148785505235
0.149459793769
0.150157929521
0.150877594329
0.151625086768
0.152401943342
0.153208752649
0.154045916852
0.154913546583
0.155811095698
0.156738109263
0.157693900112
0.158677124507
0.159685694855
0.160716043564
0.161762976482
0.1628207434
0.163883797853
0.164946434055
0.166002089125
0.167043388609
0.168062979297
0.169054442748
0.170013196236
0.170936465029
0.171820431212
0.172654041664
0.173418363438
0.174188533125
0.174998258125
0.175243278672
0.175374342272
0.175569792995
0.175732496885
0.17575235216
0.175624382839
0.175381781269
0.175070454959
0.174748124884
0.174610873148
0.174538422158
0.173920758936
0.1731570502
0.172880395351
0.173048441528
0.173567805532
0.174477655216
0.174771931591
0.171480543432
0.172109015577
0.171826011894
0.172180874409
0.141362478328
0.141377281304
0.141410804951
0.141441151985
0.141493721117
0.141564031574
0.141644915926
0.141745167682
0.141864137324
0.141987476868
0.142145990396
0.142317294788
0.142497557115
0.142681860592
0.142888013511
0.143123534921
0.143366788246
0.143619282414
0.14389003159
0.144184825575
0.144507330822
0.144860486468
0.145264511809
0.145746259972
0.146275891616
0.146813321901
0.147389633896
0.1480191843
0.148667086167
0.14933118192
0.150026404395
0.150753096338
0.151511408023
0.152300715286
0.153120602752
0.153971285573
0.154853083315
0.155765938302
0.156709429796
0.157683122288
0.158686215517
0.159716715665
0.160770974496
0.161843729832
0.162929369532
0.164022977151
0.165119527569
0.166212359258
0.167293136013
0.168353627603
0.169387910647
0.170394200335
0.171373400809
0.172319729293
0.173206215218
0.173978789038
0.174664442802
0.174872089108
0.175089806528
0.175291947225
0.175463644212
0.175597575037
0.175611681428
0.175486461985
0.175245974639
0.174926976625
0.174575404556
0.174271444511
0.17399630095
0.173553193867
0.173057737705
0.172742311708
0.172740291679
0.172983088657
0.173263218007
0.1726791078
0.172844011712
0.17312507317
0.17045138682
0.172105845784
0.141093376678
0.141107934635
0.141141218158
0.141174044824
0.141224795864
0.141297260349
0.141381403498
0.141483446847
0.141617659224
0.141753453506
0.141915904851
0.142092232422
0.142278306287
0.142469620307
0.142681219496
0.14292073643
0.143169195369
0.143428249666
0.143704411049
0.144002988257
0.144328053999
0.144683076754
0.145082767258
0.145559237158
0.146106760259
0.146664502431
0.147236806376
0.147862471934
0.148522033021
0.149193930453
0.149888302251
0.150619483097
0.15138770294
0.152189894682
0.15302390348
0.1538892802
0.15478658595
0.155716048587
0.156677583188
0.15767084875
0.158695426431
0.159749775644
0.160830215066
0.161931189749
0.16304725312
0.164174744269
0.165310105039
0.166446500015
0.167573652128
0.168682024363
0.169766716186
0.170830409287
0.17188027142
0.172913099669
0.173898630503
0.174229138114
0.174472793331
0.17472493223
0.174940126915
0.175117324688
0.175243096925
0.175306633323
0.175265909897
0.175103924195
0.174836484563
0.17449407245
0.17411303921
0.173731937062
0.17334520348
0.172893530954
0.17239341359
0.17198389263
0.171794178639
0.171777017297
0.17180067541
0.171658514255
0.171777290467
0.171337690159
0.172287856564
0.173931296367
0.140794752983
0.140808755653
0.140843907006
0.140878033023
0.140930144897
0.141004008259
0.141091061252
0.141191737799
0.141330514238
0.141483884067
0.141655313353
0.141838532483
0.142032498657
0.142235041526
0.142453405839
0.142697267101
0.14295106051
0.14321742131
0.143499987784
0.14380352441
0.144132086861
0.144489640667
0.144887629313
0.145357013303
0.145908847935
0.146496244296
0.147081750291
0.147698044434
0.148355828959
0.149033360923
0.14973436996
0.150474510211
0.151253635808
0.152068953757
0.152917961186
0.153799458671
0.15471355747
0.155661025181
0.15664209448
0.157656697508
0.158704587424
0.159784689349
0.160893685622
0.162025622281
0.163174795819
0.164339244465
0.165518104236
0.166704748516
0.167886142168
0.169050592509
0.170192925951
0.171321036024
0.172451619833
0.173509423673
0.173742046324
0.173992842902
0.174278453987
0.174517629182
0.174700817353
0.174830793497
0.174897209192
0.174886197812
0.17477635655
0.17455677881
0.174236638563
0.173837580553
0.173385239718
0.172902739673
0.172395616045
0.171854586661
0.171280004991
0.170740141654
0.170329869216
0.170054264989
0.169872543811
0.169743158878
0.169863416503
0.170520427776
0.172518038112
0.174880941107
0.140469510613
0.140481984022
0.140513111246
0.140551892278
0.140610126947
0.140685894592
0.140777616225
0.140878864086
0.141018581873
0.141183425565
0.141363368125
0.141553273967
0.141753998727
0.141971434378
0.142200579756
0.142449489752
0.142709653682
0.142985077632
0.143275598805
0.143585454993
0.143918688439
0.144279431933
0.144677564816
0.145141472173
0.145690909119
0.146299551348
0.146910029431
0.147527227161
0.148178299889
0.148856332249
0.14956572376
0.150316111002
0.151107241148
0.151936229792
0.152801293164
0.153700615301
0.154633330827
0.155600241686
0.156602530063
0.157640196574
0.158713308857
0.159821445674
0.160961681098
0.162127524811
0.163311977318
0.16451541988
0.165743383374
0.166989516736
0.168233548769
0.169463633903
0.170670255261
0.171874711025
0.172996745475
0.173274531198
0.173530534454
0.173775197571
0.174021100948
0.174217327166
0.174348115562
0.174409618155
0.174393363193
0.174288676307
0.174084120107
0.173774092689
0.173364677529
0.172870995991
0.172311369333
0.171702052865
0.171051328035
0.170360509943
0.169639216004
0.168896772
0.168180662111
0.167536014204
0.166964672566
0.166495780773
0.166370987996
0.166997273892
0.169111499342
0.171109215078
0.140121644
0.140132822658
0.140158292826
0.140202255287
0.140265839869
0.140343364409
0.140439079432
0.140545213509
0.140683531576
0.140855277292
0.141041549055
0.141236958917
0.141441714755
0.141669693239
0.141915486617
0.142172662127
0.142440537259
0.142726490841
0.143028036533
0.143346659933
0.143686612034
0.144051493946
0.144451547572
0.144912222918
0.145454495455
0.146067288199
0.146704622327
0.147339954395
0.147993010518
0.148672299489
0.149385471593
0.15014469539
0.150948052452
0.151790421098
0.152672880359
0.153591757167
0.154544266965
0.155532495389
0.156557951882
0.157620998544
0.158721587651
0.15985971276
0.161033332546
0.162236664347
0.163463155254
0.164713530318
0.165993060056
0.167294970331
0.168608162494
0.169925108113
0.171205740557
0.17241171143
0.172728815015
0.173009757222
0.17326639487
0.173489543032
0.173676646949
0.173804482989
0.173856308743
0.173824680483
0.173703063714
0.173484319661
0.173162053602
0.172733719238
0.172203499962
0.17158131465
0.170879238038
0.170107806776
0.169273034038
0.16837620321
0.167422019787
0.166371679898
0.165230775597
0.164040132776
0.162786075472
0.161450396595
0.160090412249
0.158686968042
0.1568734431
0.153530935236
0.139753103845
0.139764148596
0.139788190665
0.139836749179
0.139901056859
0.139977931177
0.140072913889
0.140185528116
0.140322245073
0.140498537588
0.140690268691
0.140891055724
0.14110076366
0.141333876919
0.14159442402
0.141863890436
0.142141912191
0.142438500298
0.142752504685
0.143083249919
0.143433486677
0.143804383934
0.144208042489
0.144668660405
0.145204987373
0.145815449666
0.146468747974
0.1471259451
0.147785959264
0.148469341894
0.149192219767
0.149959392439
0.150773316077
0.151630664602
0.152531518705
0.153471003772
0.154445220818
0.155456616574
0.15650709613
0.157597590382
0.158728306829
0.159899552413
0.161111078985
0.162359536029
0.163635831596
0.164932560282
0.166255647737
0.167611113953
0.169007707934
0.170459962514
0.171771695176
0.172117871407
0.172412460402
0.172693374107
0.172926525185
0.173101673353
0.173214033757
0.173250648853
0.173198874341
0.173051401339
0.172803112811
0.172449306861
0.171986239254
0.171412594091
0.170730695233
0.169945899828
0.169064342052
0.168090290111
0.167023990656
0.165860538159
0.164594995624
0.16315350259
0.161465385746
0.159521744766
0.157244731924
0.154469565599
0.150970283829
0.146470672345
0.140931783566
0.139218267521
0.139360882088
0.139372441932
0.139397606042
0.139450909152
0.139515260006
0.139590530826
0.139682092351
0.139799014206
0.139932233645
0.140111323123
0.140308543795
0.140514869078
0.140730653191
0.140970058473
0.141240805798
0.141522958982
0.141813188249
0.142121305576
0.142447245836
0.142791541038
0.143155814395
0.143535763562
0.143944541722
0.14440790469
0.14494108938
0.1455473501
0.146207463339
0.146882196029
0.147560466063
0.148253268675
0.148985598433
0.149763227485
0.150586366007
0.151454608562
0.152371891479
0.153334827154
0.154334326635
0.15537147931
0.156448812829
0.157568625544
0.158732442987
0.159941394258
0.161198512241
0.162499597354
0.163824317687
0.165161955969
0.166527382718
0.167944823266
0.16946714348
0.171113390773
0.171480842445
0.171768249555
0.172060428429
0.172310254178
0.17249019285
0.172591718929
0.172608873784
0.17253306158
0.172355963436
0.172072000264
0.171677355847
0.1711688433
0.17054388779
0.169801043469
0.168940298769
0.167962421985
0.166867241523
0.1656513527
0.164305604543
0.162812236493
0.161140422089
0.15923765276
0.156928794737
0.154063269976
0.150472966445
0.145738621502
0.13902690763
0.128551758875
0.109182397658
0.0627472628465
0.138937390527
0.138949381696
0.13897777891
0.139036481592
0.139101672603
0.139175865928
0.139266086691
0.1393844207
0.139513300161
0.139692551687
0.139894832251
0.140106593151
0.140328480742
0.140574345696
0.140853390356
0.141147684416
0.141452542373
0.141773594591
0.142111195033
0.142468921956
0.142849955854
0.143243041696
0.143658142062
0.144126183312
0.144660090169
0.145262400001
0.145923026629
0.146605774039
0.147306375662
0.148022613999
0.148765477483
0.149550053687
0.150385368717
0.151269463285
0.152199134455
0.153181062858
0.154207610869
0.155273562438
0.156381408594
0.157533263775
0.158732671224
0.159986124132
0.161299561755
0.162656804622
0.164027296396
0.16540762565
0.166829178505
0.168331692007
0.169784405634
0.170919528346
0.171182640257
0.171414287476
0.171656390712
0.171842470695
0.171940682977
0.171942680263
0.171842709888
0.171634725413
0.171313516562
0.170875366254
0.170317549345
0.169637601572
0.168833012769
0.167901173693
0.166839144446
0.165642821358
0.164305337284
0.162814802194
0.161151433741
0.159283827476
0.15716304529
0.154721139059
0.151740903942
0.147908548012
0.142932542687
0.136209340803
0.126506656267
0.111418421521
0.0860775447806
0.0440410266587
0.138471840321
0.138484155627
0.138515692507
0.138580237404
0.138646073957
0.138722712629
0.138813530443
0.138931609789
0.139059531555
0.139239941834
0.139447261651
0.139664223598
0.139891891445
0.140143605507
0.14042920343
0.140733309586
0.141055098084
0.141391534813
0.141741713027
0.1421128068
0.142511474236
0.142923221731
0.143347109487
0.143819628591
0.144357954225
0.144959440327
0.145619771124
0.146305971361
0.147019216981
0.147763484535
0.148532173049
0.149328843178
0.150166117941
0.151062039047
0.152012098696
0.153013198344
0.154064428502
0.155160218712
0.156300641679
0.157488412748
0.158729607689
0.16003824215
0.161414492125
0.1628272003
0.164250898771
0.165698177881
0.167229683359
0.168811643677
0.170089973089
0.170527654791
0.170776316118
0.170988540711
0.171166139067
0.171263014653
0.171256065549
0.171137037812
0.170901080139
0.170544371422
0.170064020356
0.169457858792
0.168723916447
0.167859813271
0.166862296451
0.165726849745
0.164447119316
0.163013878777
0.161413345509
0.159624748409
0.157616956422
0.155343652
0.152735911723
0.149689898401
0.146052517828
0.141418823274
0.13526399933
0.127006487097
0.115535198825
0.0989634160336
0.0739756041946
0.0395343306218
0.137955743571
0.137970303965
0.138003265284
0.138067900283
0.138138043988
0.138222992586
0.13831891561
0.138440252754
0.138574623652
0.138752023579
0.138963612373
0.139185650819
0.139418978913
0.139676158581
0.139967073577
0.14027710858
0.140612383441
0.140968124613
0.141334195152
0.141720858836
0.142136530374
0.14257154127
0.143013281424
0.143488686648
0.144031738479
0.144636119571
0.145297948762
0.1459884093
0.146708227078
0.147472528445
0.148271130689
0.149093539149
0.149942257234
0.150842299187
0.15180397628
0.152826474963
0.153904006921
0.155030711552
0.156204800748
0.157431547696
0.158725345412
0.160099708961
0.161540305357
0.163015252964
0.164517572313
0.16607295968
0.167684180162
0.169032030348
0.169641822945
0.169982219698
0.17026490796
0.170458275281
0.170556421558
0.170547662983
0.170418404402
0.17016182907
0.169775230304
0.169257237572
0.16860691629
0.167823279311
0.166904721987
0.165848432115
0.164649839197
0.163302030838
0.161794962799
0.160114256221
0.158239391243
0.156141108062
0.153777730485
0.151089879855
0.147992639425
0.144363530214
0.14002617461
0.134689176442
0.127756312755
0.118486437836
0.106036852114
0.0890477680923
0.0650763133287
0.0347509687682
0.137395112587
0.137413470881
0.137446628642
0.137504783669
0.137582365278
0.137676262934
0.137780296622
0.137909249004
0.138056444536
0.138230114473
0.138442818264
0.138669007894
0.138907975449
0.139170770257
0.139467299347
0.139783736243
0.14012689334
0.140500091155
0.140885528471
0.141291820746
0.141725213962
0.142183624793
0.14265503495
0.143145574544
0.143687953633
0.144294723087
0.144958856999
0.145655307369
0.146380800168
0.147157179909
0.147978370956
0.148834011514
0.149708250508
0.150616913091
0.151584939231
0.152620474402
0.153721276079
0.154880302824
0.15609132363
0.157364813982
0.158722870006
0.160168982077
0.161678568129
0.16323282775
0.164854675771
0.166499674948
0.167814977404
0.168944046841
0.169185258991
0.169463362935
0.169700300922
0.169821981597
0.169818823861
0.169687121689
0.169419197685
0.169011244265
0.168462984339
0.167775167537
0.166948357291
0.165982297724
0.164875320526
0.163623751971
0.162221314581
0.160658440634
0.158921357262
0.156990775525
0.154840000549
0.152432251083
0.149716888749
0.146624084211
0.143057184828
0.138881721885
0.133909713754
0.127879577033
0.120379865813
0.110674779543
0.0978408968077
0.0808508930914
0.0580341172122
0.0305115085013
0.136807708432
0.136826519851
0.136858404729
0.136908282701
0.136989927133
0.137087715437
0.137197240865
0.137330469248
0.137487292814
0.13766589874
0.137881526331
0.138111973335
0.138356815004
0.138625311345
0.138927750656
0.139252203724
0.139604088061
0.139991695731
0.140396823877
0.14082693354
0.14128125587
0.141760881893
0.142260596433
0.14278270989
0.143342429794
0.143951040602
0.144611973483
0.145312858319
0.146043535427
0.146827686852
0.147664018593
0.148544662086
0.149452272872
0.150383582008
0.151362581155
0.152404906476
0.153518776195
0.154705188583
0.155957922071
0.157289470968
0.158720086059
0.160241168319
0.16182721241
0.163482506936
0.165203124449
0.166676118808
0.167845568298
0.168446689983
0.168684695832
0.168888750488
0.169040372615
0.169063581806
0.168941402646
0.168671905757
0.168252780587
0.167683897302
0.166967334715
0.166105560047
0.165100189584
0.163951267668
0.162656674333
0.161211550309
0.159607690737
0.157832818788
0.155869618176
0.153694380839
0.151275105798
0.148568849373
0.145518059201
0.142045508903
0.138047292009
0.133383150259
0.127863270415
0.121230391051
0.113137438005
0.103112864475
0.090375115944
0.0740005125362
0.0526993519391
0.0273995552636
0.136201543331
0.136218511411
0.136247726118
0.136294743607
0.136371246143
0.136466854084
0.136577573687
0.136710443578
0.136871431939
0.137056809111
0.137277877179
0.137512834611
0.137763555406
0.138037341755
0.138345117174
0.138677332928
0.139038030801
0.139438750231
0.1398618083
0.140314647386
0.140795980928
0.141300240666
0.141828527024
0.142375194933
0.142962631674
0.143597752215
0.144270234699
0.144970032081
0.145702714046
0.146493124466
0.147343153786
0.148239611738
0.149173327835
0.150132066789
0.151129981679
0.152184453609
0.15330558453
0.154509616622
0.155804197088
0.15720167866
0.158708656595
0.160304907233
0.161961743041
0.163645777091
0.165369032826
0.167005275077
0.167441025003
0.167723007263
0.168035957725
0.16821782431
0.168267899125
0.168171658965
0.167915452101
0.167497081946
0.166918602226
0.166183598672
0.165296379234
0.164260747071
0.16307893122
0.161750873417
0.160273675959
0.158641076
0.156842867229
0.154864182138
0.152684528064
0.150276455758
0.147603720006
0.144618763904
0.141259310871
0.137443780634
0.13306516169
0.127982894098
0.122012276384
0.11491093051
0.106361952981
0.095953683172
0.0831926251361
0.0673856496433
0.047499071645
0.0243283564666
0.13557064815
0.135589750811
0.135614445062
0.135664484896
0.135732055022
0.135821627006
0.135929832988
0.136060132838
0.13622139569
0.136407409269
0.136633208655
0.136871717718
0.137126811234
0.137405162534
0.13771777082
0.138055762927
0.138422731375
0.138835487865
0.139275170423
0.139746372801
0.140253185319
0.140783178405
0.14134680327
0.141928112789
0.142537958812
0.143201439836
0.14390912504
0.144624902877
0.145359625276
0.146154496091
0.14702094159
0.147937251376
0.148891134652
0.149872962894
0.150888832137
0.151954837968
0.153082432018
0.15429761711
0.155629248421
0.157093686577
0.158676815458
0.160338819275
0.162044654142
0.163771003305
0.165202194603
0.166315365651
0.16690845633
0.167119263866
0.16732812772
0.167431792917
0.167371543941
0.167141609825
0.166738306724
0.166162890139
0.165420789582
0.164518552316
0.163462322875
0.162256803371
0.160904390463
0.159404555579
0.157753371203
0.155943058039
0.153961463317
0.151791386198
0.149409659746
0.14678588875
0.143880731167
0.140643591421
0.13700956751
0.13289546074
0.128194628153
0.12277045271
0.116448256779
0.109005644238
0.100161565222
0.0895652429164
0.0767864945627
0.0613135838345
0.0424423529078
0.0212702011152
0.134904171771
0.134924324546
0.134950834766
0.13500177496
0.135066751668
0.135152123494
0.135256474866
0.135383072125
0.135541160774
0.13572243677
0.135950068295
0.13619108512
0.136447181276
0.136729169262
0.137047148864
0.137390015512
0.137760012333
0.138179806297
0.13863497572
0.139121114858
0.139650559575
0.14020893016
0.140800818665
0.141427800722
0.142077685164
0.142770899895
0.143520286298
0.144272657465
0.145016693954
0.145815016802
0.146691811756
0.147632843595
0.148617455321
0.14962726684
0.150658595984
0.151730812152
0.152856946418
0.154071836446
0.15542993586
0.156954959051
0.158610554853
0.16031744059
0.162024321395
0.163721140658
0.16543929959
0.165859137027
0.166092870792
0.166380633541
0.166539233103
0.166531018898
0.166342173195
0.165967995231
0.165409644548
0.164673120236
0.163767089317
0.162700370055
0.161480405647
0.160112330002
0.158598295715
0.156936999892
0.15512331992
0.15314795226
0.150996965549
0.148651192662
0.146085386
0.143267057556
0.140154918088
0.136696820684
0.132827102197
0.128463208827
0.123501499402
0.117812163126
0.111233298319
0.103564440591
0.0945601932094
0.0839259119715
0.0713151052289
0.0563599643498
0.0384886633594
0.0190443477472
0.134202413885
0.134219549558
0.134253073165
0.134304047748
0.134370852198
0.134455462229
0.134556489607
0.134679231525
0.134832581542
0.135005604652
0.135231313987
0.135474828339
0.135729073667
0.136010392957
0.136334698595
0.13668329772
0.137056203144
0.137476131642
0.137940490271
0.138440344506
0.138986650808
0.13957533792
0.140202427486
0.140865558988
0.141562594099
0.142297858944
0.143095491109
0.1439079326
0.144684483215
0.14548748699
0.146367410166
0.147327561202
0.148346563029
0.149398097738
0.150458991873
0.151536432684
0.152648374238
0.153840274808
0.155200546117
0.15676871262
0.15847682414
0.160250017834
0.162072059454
0.163461661893
0.164403551701
0.165208114696
0.165410166311
0.165575411731
0.165635441431
0.165506312575
0.165176965668
0.164650103067
0.163932667787
0.163034930892
0.161968297508
0.160743213532
0.159367832993
0.157847243192
0.156182989633
0.154372769069
0.152410192966
0.150284526813
0.147980327453
0.145476913183
0.142747607783
0.139758699404
0.136468053576
0.132823315426
0.128759635129
0.124196857744
0.119036146981
0.113156081672
0.106408399588
0.0986138363561
0.0895588307983
0.0789953372169
0.066641606201
0.0522247905003
0.0352707634348
0.0172559800618
0.133474946331
0.133490783305
0.133525922249
0.133576731094
0.133645426717
0.133730613525
0.133828662236
0.133947798146
0.134097598061
0.134261748255
0.134480779412
0.134726297371
0.134979264426
0.135253967095
0.13558078282
0.135935003652
0.136311775319
0.136730249139
0.137195758814
0.137702959134
0.13826280985
0.13886575282
0.139527720611
0.14023228648
0.140981098926
0.141767508454
0.142616626458
0.143508708785
0.144352155434
0.145180906631
0.146069080233
0.147036635893
0.148083208462
0.149184654065
0.150302489994
0.151404068401
0.152491882795
0.153622409229
0.154936669853
0.156507552518
0.158215733927
0.160000354765
0.161946981457
0.163758979413
0.164018767402
0.16421845903
0.164554857283
0.164689620604
0.164622582129
0.164353205467
0.163874100015
0.163190120694
0.16231337954
0.161257928677
0.160037255991
0.158662749064
0.157142679679
0.155481643674
0.153680288817
0.151735179393
0.149638689974
0.147378845896
0.144939044754
0.142297607939
0.139427118223
0.136293502473
0.132854817075
0.129059692389
0.124845394143
0.120135473132
0.114837010829
0.108837547149
0.102001919613
0.0941695224502
0.0851527583316
0.0747390872152
0.062693091382
0.0488054531151
0.0326625568672
0.0157788816222
0.132726771281
0.132741452789
0.132774392745
0.132825988384
0.132894386522
0.132978503997
0.133072825923
0.133186538754
0.133336565677
0.133498737731
0.13370229581
0.133946668671
0.134199895996
0.134470005408
0.134788365988
0.135143541655
0.135523269666
0.135941267655
0.136407047002
0.136913085704
0.137484463462
0.138097411478
0.138770082152
0.139505346852
0.140297074575
0.141143843438
0.142053976601
0.143034265487
0.143994564447
0.144888684793
0.145805252339
0.146790755265
0.147860587024
0.149003778941
0.150189894489
0.151359209948
0.152441451528
0.153463540117
0.154630308181
0.156149100679
0.157876299837
0.15961779731
0.161145834108
0.162689467626
0.16344870095
0.163491603777
0.163643110933
0.163684112875
0.163490048693
0.163070465921
0.162434448282
0.161592339707
0.160559774204
0.159353393123
0.157987991185
0.156475225936
0.154822943502
0.15303487813
0.151110585727
0.149045470341
0.146830800206
0.1444536413
0.141896657821
0.139137742407
0.136149447189
0.132898187971
0.129343191177
0.125435148346
0.121114542158
0.116309618716
0.110934015021
0.104884128033
0.0980364497541
0.0902453769261
0.081342218585
0.0711379720478
0.0594251008825
0.0460305819825
0.0305726481609
0.0145452634397
0.131960827216
0.131974645358
0.132005832755
0.132058682157
0.13212312632
0.132202034635
0.132292130084
0.132397564753
0.132543207663
0.132707556081
0.132893479774
0.133132715608
0.133384218157
0.133653375419
0.13395754237
0.134306489935
0.134685439683
0.135101899977
0.135570829533
0.136075889077
0.136645610158
0.137272230071
0.137950077656
0.138697747488
0.139514884484
0.140400262677
0.141364759767
0.142416963842
0.143527783554
0.14456475777
0.145549201521
0.146578865841
0.147689331837
0.148891559806
0.150155405392
0.151426587094
0.15255117084
0.153453610161
0.154294140382
0.155560486032
0.157408779472
0.1596153303
0.160852696676
0.1617158191
0.162467680149
0.162649262682
0.162681357136
0.162567566508
0.162227517936
0.161653616001
0.160859650682
0.159862568851
0.158681147438
0.157333510435
0.155834914011
0.154196671874
0.152425767625
0.150524818952
0.148492211084
0.146322269778
0.1440053838
0.141528019664
0.138872592789
0.136017173097
0.132935008594
0.12959384874
0.125955040043
0.121972353989
0.117590497153
0.112743254375
0.107351239634
0.10131929561
0.0945337103844
0.0868597121124
0.0781399093766
0.0681964663406
0.0568315713665
0.0438834497203
0.0289769832124
0.0135443293683
0.131180824771
0.131193798122
0.131229749518
0.13128119783
0.131336542441
0.131407171666
0.13149224085
0.131589843564
0.131719590343
0.131879101806
0.132051093209
0.132281192835
0.132527330192
0.132790562691
0.133081362154
0.133420837099
0.133791907321
0.134203392138
0.134673515528
0.13518268328
0.135744744197
0.136374575479
0.137058557214
0.137814530595
0.138641823506
0.139543806248
0.140534750205
0.14162558169
0.142827017256
0.144073264082
0.145223317405
0.146354540126
0.147537051512
0.148809884642
0.150200434621
0.151637372275
0.152857927077
0.153598392885
0.154098904093
0.154508582407
0.156323360718
0.158743480665
0.160999992011
0.161282422346
0.161362052055
0.161595452472
0.161583407299
0.161321063754
0.16082600593
0.160098265186
0.159151669895
0.158007602442
0.156687658221
0.1552108439
0.153592225809
0.151842296964
0.149966889871
0.147967391123
0.145841060479
0.143581331952
0.141178025552
0.138617430265
0.135882239448
0.132951331334
0.12979938956
0.126396349385
0.122706635889
0.118688134601
0.114290810207
0.109454873711
0.10410840263
0.0981643636156
0.0915170866425
0.0840385360807
0.0755749372687
0.0659467395403
0.0549466501352
0.0423968228806
0.0279007034906
0.012794519426
0.130389488468
0.130403062942
0.130443387141
0.13048702849
0.130533211365
0.130596295048
0.13067534553
0.130765409957
0.130877203702
0.131024483469
0.131180764435
0.13139472546
0.131633158048
0.131882882489
0.132158824863
0.132490137236
0.132848523249
0.133245778756
0.133711612507
0.134219608077
0.134776517948
0.1354049452
0.136085780036
0.136849636839
0.137683589828
0.138593398277
0.139585389416
0.140682851385
0.141895911629
0.14324255177
0.144635015138
0.145954491034
0.147284887086
0.148695317329
0.150251606723
0.152074807927
0.153139752457
0.153817558216
0.154051654308
0.154329077212
0.154850324146
0.156957662066
0.15976037198
0.160518488554
0.160374548608
0.160406694924
0.160305548705
0.159920635551
0.159279608027
0.158404436707
0.157315026467
0.156035797273
0.154590321959
0.152998080976
0.151273552559
0.149426113526
0.147460312329
0.145376327211
0.143170450606
0.140835498412
0.138361094481
0.135733811772
0.132937169851
0.129951497085
0.126753661843
0.123316657246
0.119608989248
0.115593774526
0.111227410991
0.106457646936
0.101220851519
0.0954382954199
0.089011294824
0.0818153368177
0.0736934334491
0.0644515778682
0.053851939854
0.0416646388742
0.0274314313079
0.0123475300564
0.129586389375
0.129599410699
0.129626668154
0.129666973314
0.129711458802
0.129769304525
0.129841179644
0.129921122732
0.130018635255
0.130151220766
0.130294978988
0.130480976355
0.130710912853
0.130945919288
0.131202731947
0.131521793798
0.131871349231
0.132251634679
0.132697762995
0.133197015844
0.13374229696
0.134370624803
0.135047369382
0.135799092643
0.136632069026
0.137547065787
0.138537983488
0.139624129615
0.140819139964
0.142141973975
0.143603025678
0.145120945379
0.146609939202
0.148098046122
0.149616422997
0.151177241741
0.15256259475
0.153437110038
0.153945899985
0.154770642601
0.155233059797
0.155658180799
0.157352678584
0.158951920647
0.159128635233
0.159061318009
0.158848432242
0.158356038994
0.157587048954
0.156577335825
0.155358021103
0.153957577565
0.152400998651
0.15070782584
0.148891689252
0.14696070816
0.144918146027
0.142763105456
0.140491154518
0.1380948227
0.135563943388
0.132885847218
0.130045426175
0.127025093551
0.123804652161
0.120361048292
0.116667934666
0.11269490232
0.108406177577
0.103758519673
0.0986979924805
0.0931552272769
0.0870387356184
0.0802260208124
0.0725521149568
0.0637981308491
0.05367591688
0.0418590531591
0.0277713677178
0.0123377051553
0.128776162509
0.128786918801
0.128802165018
0.128839693285
0.128882974583
0.128932845732
0.128993022643
0.129059828851
0.12914082364
0.129257758389
0.129393487029
0.129547656126
0.129764257734
0.129989743273
0.130231088267
0.130520881435
0.130859170951
0.131226326658
0.131643670948
0.132130907378
0.132660572678
0.133269115494
0.133946400799
0.1346807787
0.135502920416
0.136403976012
0.137392145153
0.138464790083
0.139633246737
0.140913693269
0.142309318376
0.143830096003
0.145407901281
0.146978349135
0.148506000792
0.14997399878
0.151265761774
0.152301743156
0.153251749973
0.15425076216
0.155699767435
0.155956617039
0.156409232449
0.156901608705
0.15754252429
0.157571838354
0.15725542723
0.156649156768
0.155761074084
0.154629082011
0.153292967532
0.151785371488
0.150132140714
0.148352308403
0.146458367398
0.144457104026
0.142350578372
0.140137019347
0.137811561338
0.13536680265
0.13279319298
0.130079277176
0.127211837504
0.124175977455
0.120955165959
0.11753120564
0.113884012817
0.109991015404
0.105825897392
0.101356336028
0.0965402657614
0.0913200323646
0.08561353213
0.0793013437673
0.0722081705707
0.0640811624208
0.0545601777714
0.043177648534
0.029210324943
0.0129984748481
0.127967582711
0.127977660988
0.127997880536
0.128025794557
0.128058001947
0.128094160746
0.128138535357
0.128191189507
0.128253984064
0.128349765865
0.12847271243
0.128598586095
0.128788939793
0.129007112365
0.129232485046
0.12948587964
0.129806189039
0.130154323489
0.130541972447
0.131012306938
0.131530642171
0.13211070384
0.132775945092
0.13349372916
0.134304693088
0.135187601034
0.136163893625
0.137219646032
0.138361508422
0.139601131558
0.140934376499
0.142361110563
0.143874594904
0.145425322755
0.146945795122
0.148375705176
0.149661080841
0.150779111778
0.151811156689
0.152893249361
0.154260437568
0.155616193849
0.155866317369
0.155694214003
0.156006755493
0.155984816183
0.155561719858
0.154828921906
0.153820310328
0.152574498117
0.151133601615
0.149532178049
0.147795980761
0.145942903607
0.143983996943
0.141924674288
0.139765922468
0.137505334163
0.135137914092
0.132656675791
0.13005306274
0.12731724508
0.124438357626
0.121404742148
0.118204215233
0.114824303203
0.111252288264
0.107474822209
0.103476791343
0.0992390340903
0.0947343602685
0.0899210055218
0.0847320262191
0.0790582407958
0.0727198013324
0.0654252386496
0.056700041296
0.0458398223065
0.0318865543088
0.0141816619035
0.127163011894
0.127171365365
0.127193352122
0.12721269546
0.127230257638
0.12725455217
0.127285428963
0.127324890598
0.127371162277
0.127440735741
0.127543960654
0.127653601882
0.127796166315
0.12799996575
0.128203771205
0.128425873251
0.128716454644
0.129045542857
0.129407460744
0.129844025348
0.130345019767
0.130898614468
0.131549255498
0.132256751158
0.133044723618
0.133917107247
0.134871240633
0.135911521949
0.137029265283
0.13823089072
0.139521937901
0.140884799018
0.142317785896
0.143795342596
0.145280708303
0.146706607346
0.148020910073
0.149195662773
0.150222392547
0.151214989001
0.152119501231
0.153723679453
0.154604057122
0.154411525449
0.15444750756
0.154294660964
0.153760221338
0.152903929565
0.151778375776
0.150427264359
0.148893078466
0.147210347364
0.145403814345
0.143489734269
0.14147749245
0.139371136846
0.137170740581
0.134873505244
0.132474595221
0.129967749649
0.127345728965
0.124600669693
0.121724440518
0.118709081885
0.115547345657
0.112233239961
0.108762373132
0.105131817121
0.101339179416
0.0973805383314
0.09324677659
0.0889174965955
0.0843508901059
0.079466226533
0.0741107216002
0.0679997743962
0.0605698733437
0.050789207307
0.0367945992828
0.0155342756193
0.126364506363
0.126367954092
0.126378175589
0.126385564648
0.126399709687
0.126418513336
0.126439785553
0.126466345099
0.1264940162
0.12653478903
0.126610363591
0.126707051163
0.126802611748
0.126969505206
0.127159313163
0.127354721911
0.127596261392
0.127905571516
0.12824531706
0.128637180334
0.12911814423
0.129648365503
0.130267874001
0.130971482196
0.13173309934
0.132598780562
0.133536679876
0.13456215249
0.135662069212
0.136838649202
0.138098348406
0.139428257402
0.140821505805
0.142263915832
0.143733777256
0.145195376044
0.146596565336
0.147897544739
0.148942620784
0.149923504929
0.14984459527
0.150588189688
0.152556570061
0.152816034398
0.152770559559
0.152498712493
0.151857745187
0.150885828687
0.149649460498
0.14820107188
0.146583889954
0.144831123648
0.142965584707
0.141001426949
0.138946200704
0.136802624541
0.134570022244
0.132245433719
0.129824435616
0.127301748302
0.12467170036
0.121928648749
0.119067476958
0.116084270696
0.112977165801
0.109747215861
0.106399012084
0.102940758831
0.0993835559216
0.0957397056355
0.0920198622624
0.0882286629526
0.0843580207531
0.0803760210155
0.0762058950323
0.0716863094169
0.0664455241273
0.0597142243244
0.0488561616175
0.0251961624135
0.125579296015
0.125578219943
0.125576392088
0.125565840565
0.125582989019
0.125597982624
0.125609446575
0.125621006323
0.12562802536
0.125640855894
0.125683157482
0.125754286835
0.125828366
0.125932325338
0.126099529802
0.126272065133
0.126465436232
0.126736524801
0.127053337893
0.127405511343
0.127850229649
0.12836493051
0.128944975228
0.129635776901
0.130391027052
0.131234259727
0.132168765705
0.133182742128
0.134273350476
0.135434632981
0.136672954492
0.137986211235
0.13936483372
0.140804237254
0.142292856374
0.143821202126
0.145376586409
0.146988216538
0.148280390913
0.149864064443
0.149787163135
0.150029185532
0.150420455298
0.151094613592
0.151088424018
0.150670516627
0.1498909991
0.148794381833
0.147448171472
0.145908248051
0.144216747229
0.142403892299
0.140489440757
0.138484922062
0.13639589933
0.134223814915
0.131967403254
0.129623744608
0.127189034107
0.124659165355
0.122030207157
0.119298896478
0.116463304464
0.113523781907
0.110484130138
0.107352753546
0.104143451655
0.10087555283
0.0975732454155
0.0942641413093
0.0909772355483
0.0877404575486
0.084578064721
0.0815078201873
0.0785382412425
0.0756689913079
0.0728776772249
0.070244987356
0.0675394304241
0.0675111662244
0.124813349236
0.124811641532
0.124811441903
0.124800493328
0.124801037298
0.124805061529
0.124803835787
0.124797730201
0.124785811998
0.124772429635
0.124774591865
0.124808231165
0.124864106058
0.124915529804
0.125023102369
0.125176024063
0.125333830538
0.125537927987
0.125833479366
0.126156324475
0.12654347034
0.12704351992
0.127602034128
0.128264960707
0.129023089071
0.129851232317
0.130777169896
0.131781660264
0.132863039944
0.134013709781
0.135237008868
0.13653601257
0.137903592749
0.139339931236
0.140845184871
0.142413267176
0.14404913682
0.145777367153
0.147475089867
0.149610637193
0.149597355494
0.149622452299
0.149535675471
0.149707337854
0.14946059335
0.148832609649
0.147875186584
0.146638076086
0.145181523994
0.143556036055
0.141798855732
0.139935414712
0.137981439795
0.135945432721
0.133830906811
0.131638132191
0.129365422856
0.127010079783
0.124569077909
0.12203961497
0.119419595228
0.116708205324
0.113906775545
0.111020023104
0.108057531164
0.105035088687
0.101975462131
0.0989083205336
0.0958692998312
0.0928984558199
0.0900385310976
0.0873335720482
0.0848286592127
0.0825712234276
0.0806163592054
0.0790377038595
0.077937873573
0.0775438979987
0.0778984859472
0.0806808396474
0.124069880054
0.124067943135
0.124068750206
0.124073256353
0.124051831526
0.12404479226
0.124030930038
0.124007790836
0.123978017658
0.123935875569
0.123896221105
0.123881458928
0.123894192269
0.123915774891
0.123950266745
0.124062280412
0.124201149918
0.124354197886
0.124595978864
0.124896880989
0.125239369412
0.125696639988
0.126246176842
0.126883800155
0.127631427353
0.128462010019
0.12937493054
0.130375220271
0.13144236451
0.132577450517
0.133782603394
0.135058261178
0.136404648498
0.137820821801
0.139311698851
0.140876544838
0.142512272435
0.144203570978
0.145951359583
0.147782155934
0.149317259359
0.148970402675
0.148554261778
0.1483303735
0.147778077907
0.146920661956
0.145781619755
0.144406170727
0.142846904813
0.141146010423
0.139333767251
0.137429895432
0.135445725214
0.133386680079
0.131254351381
0.129048033487
0.126765819196
0.124405400345
0.121964657816
0.119442172167
0.116837712605
0.114152909582
0.111392345034
0.108565115325
0.105686572389
0.10277969407
0.0998755731311
0.0970128009629
0.0942358902228
0.0915931752436
0.0891347587293
0.0869111532765
0.0849733859381
0.0833746468978
0.082176643288
0.0814562217992
0.0813146696191
0.0819210034499
0.0832998496992
0.0860847399513
0.123360049961
0.123354826228
0.12334504675
0.123358820642
0.123338323616
0.123322407818
0.123296856331
0.123257339416
0.123206771468
0.123137157814
0.123061222382
0.12298959295
0.122947798837
0.122928550292
0.122914872046
0.122939499969
0.123055071439
0.123193343639
0.123362091767
0.123628737003
0.123948210825
0.124343763068
0.124868865766
0.125493306395
0.126229948403
0.127065479634
0.127979378748
0.128970292987
0.130027483465
0.131141509566
0.132314225221
0.133552516947
0.134855141213
0.136226878169
0.137674571964
0.139203493474
0.140808248358
0.142468499437
0.144127302923
0.145693197502
0.145808547919
0.147359647206
0.147058042479
0.146674059107
0.145911310451
0.144868600838
0.143576267268
0.14208281593
0.140437985788
0.138676917938
0.136822853991
0.134889862181
0.132885139805
0.130811371705
0.128668570347
0.12645535813
0.124169845543
0.12181028553
0.119375565731
0.116865689078
0.114282268432
0.111629319228
0.108914622098
0.106151623662
0.103361360869
0.100573655671
0.0978270217553
0.0951671774164
0.0926445054847
0.0903110683995
0.0882177862537
0.086412414227
0.0849387951996
0.0838370876607
0.0831490357522
0.082915928082
0.0831891637445
0.0840440374571
0.0854553576299
0.0874512785407
0.122695378089
0.122686972251
0.122673428226
0.122681113143
0.122677735812
0.122645058524
0.122604302306
0.122546778934
0.122472726425
0.122381606838
0.122271827788
0.122156236383
0.122049883201
0.121967520228
0.121914414452
0.121871382475
0.121919204784
0.122039861349
0.122170723083
0.12236152364
0.122649731467
0.122998992269
0.123474245411
0.124095794947
0.124834201953
0.12567347308
0.126596415895
0.127581741912
0.128626049983
0.12971376669
0.130843833991
0.132025212948
0.133257257057
0.134551618914
0.135916326303
0.137369642224
0.138923073644
0.14058446419
0.142452017677
0.144944507637
0.145037709571
0.145358843151
0.145202555152
0.144794843235
0.143849999593
0.142648950259
0.141236900773
0.139655252586
0.137948997012
0.13614723638
0.13426695217
0.132317276719
0.130302019796
0.12822179487
0.126075570683
0.123861698119
0.121578582187
0.119225210519
0.116801561359
0.11430907236
0.111751144819
0.109134092795
0.106468837287
0.103773157469
0.101073685287
0.0984066788984
0.095817048309
0.09335573573
0.0910760426536
0.0890296644828
0.0872629998564
0.0858142895312
0.0847114867751
0.0839706440908
0.0835995758271
0.0835876495653
0.0839379499595
0.0846518350343
0.0856626969846
0.0867968617235
0.122068795131
0.122056688733
0.122044880367
0.122029801489
0.122028392058
0.121995500969
0.121948458997
0.121875923993
0.121781486238
0.121670481728
0.121530858675
0.121378339693
0.121207188653
0.121054461581
0.120934968351
0.120861481076
0.120845730942
0.120928633214
0.121043342944
0.121169391841
0.121363459996
0.121673903644
0.122101675485
0.122709142623
0.123465818074
0.124327388966
0.125254929424
0.126235675845
0.127250602861
0.128296110867
0.129364803167
0.130468542332
0.131607415618
0.132788031634
0.134023422741
0.135334493366
0.136736718738
0.138274528738
0.140042007
0.142392465551
0.144222316277
0.143806005148
0.143109942674
0.142601916233
0.141542060072
0.140231684144
0.138744545345
0.137113834663
0.135376634027
0.133557146516
0.131667938983
0.129714695738
0.127699034007
0.125620428212
0.123477482566
0.121268744789
0.118993213153
0.116650782791
0.114242591567
0.111771506801
0.109242643186
0.106664525475
0.10405119083
0.101424793214
0.0988175131756
0.0962716338049
0.0938374149487
0.0915691899509
0.0895205891478
0.0877397967613
0.0862653367994
0.0851228916687
0.0843221590421
0.0838536860962
0.0836869495294
0.0837495608928
0.0840021293901
0.084365620675
0.0848731267235
0.085830833657
0.121466711229
0.121446645664
0.121426268453
0.12138703114
0.121373595975
0.121363293274
0.121324312977
0.121243421414
0.121134882264
0.121003473173
0.120844971438
0.120650389322
0.120440857223
0.120205831429
0.120004088021
0.119873660834
0.119861689989
0.11989458202
0.119995990286
0.120076551647
0.12019940825
0.120375432344
0.120764731037
0.121374475482
0.122160567358
0.123048283217
0.123983317635
0.12494240756
0.125916058916
0.126898420612
0.127890907482
0.128895280922
0.129918368446
0.130959528759
0.132030255964
0.133158633953
0.134319946864
0.13560955538
0.137105697321
0.139085745382
0.140858920928
0.141464719992
0.140503799706
0.139958552623
0.138915882895
0.137590329052
0.136090905024
0.134457858859
0.132723858532
0.130911016192
0.129030389875
0.127086384285
0.125079941467
0.12301046699
0.120876932463
0.118678562008
0.116415236507
0.114087915844
0.111698948057
0.109252612536
0.106755653446
0.104218739816
0.101659071093
0.0991033145859
0.0965892218877
0.0941647023276
0.0918843186305
0.0898040588184
0.087975653712
0.0864414699326
0.0852304600212
0.0843558663991
0.0838128623124
0.0835771486514
0.0835983824849
0.0837741981032
0.0840031709518
0.0839224829158
0.0841992682154
0.084763018732
0.120893596056
0.120861564178
0.120822314567
0.120778504242
0.120750194996
0.120744768953
0.120716787806
0.120641239226
0.120531966135
0.12039152936
0.120221076719
0.120008106233
0.119765247078
0.119482604638
0.119196983983
0.118868318826
0.118995302482
0.119047953719
0.11910039889
0.119119557592
0.119191325601
0.119257511507
0.119447127824
0.120148815709
0.120975076637
0.121876747308
0.122806867327
0.123731424652
0.124652690342
0.125562340799
0.12646637266
0.127358082552
0.128245041868
0.129126626195
0.130008862967
0.13090209088
0.131795446459
0.132727023592
0.133762544477
0.135122269908
0.13708118213
0.138300542059
0.137352513957
0.136858843875
0.135967729309
0.134736420028
0.133292840716
0.131702770538
0.130003599116
0.12821938034
0.126362731391
0.12443903393
0.122450057737
0.120396135736
0.118277258477
0.11609373989
0.113846579646
0.111537923175
0.10917135139
0.106752527614
0.104289738794
0.101795774476
0.0992911434389
0.0968072845068
0.0943876128778
0.0920852634332
0.0899580306308
0.0880618583667
0.086444516096
0.0851405109862
0.0841678047264
0.0835273788448
0.0832027821432
0.0831646311292
0.0833766006797
0.0838242157351
0.0844179059304
0.0839068384935
0.0841707955824
0.0841815207263
0.120364976229
0.120322510373
0.120272104666
0.120227928068
0.120187490621
0.120160260095
0.120130419236
0.12007821309
0.119981582889
0.119846756555
0.119673177979
0.119463780656
0.119192610842
0.118909698378
0.118571497968
0.118461334009
0.118273434157
0.11846081428
0.118469025875
0.11828114489
0.118479575483
0.118431117038
0.118617754886
0.119140051089
0.119993572005
0.120891052409
0.121783277711
0.122656346902
0.123503336279
0.124327650473
0.125121187735
0.125888820783
0.126628293787
0.127341385351
0.128021730771
0.12865045171
0.129225603555
0.129716560498
0.13006513366
0.130542211369
0.129611188544
0.133749113127
0.133820218552
0.133481578968
0.13279690336
0.131733906136
0.130397027848
0.128881813639
0.127239288122
0.125499037155
0.123677229867
0.121781750973
0.119816254728
0.117782693521
0.115682516497
0.113517400061
0.111289604217
0.109002523695
0.106660957293
0.104271913767
0.101845136253
0.0993955721238
0.0969473120802
0.0945369521015
0.0922137176181
0.0900355449773
0.0880623648744
0.0863484371505
0.0849356707502
0.0838487353923
0.0830926719076
0.082653951577
0.0825008599143
0.0825952143275
0.0829023060934
0.0834163965015
0.0840038917486
0.0852219917015
0.0840022645822
0.0837169378164
0.119885731463
0.119840985236
0.119788831197
0.119739378698
0.11969475326
0.11964998703
0.119611145161
0.119575162039
0.11949514012
0.119374046915
0.119212170997
0.119005471885
0.118757541415
0.118460859351
0.118290156452
0.118140966371
0.118129249062
0.118081380449
0.118150688884
0.118108583342
0.118136990268
0.11822023615
0.118335440477
0.118545564763
0.119306430429
0.12013821013
0.120953072637
0.121733237243
0.122483722661
0.123194025472
0.123864169462
0.124499745576
0.125093881598
0.125639164533
0.126116678667
0.1264888688
0.126744452496
0.12682641765
0.126420410172
0.127190799881
0.127918637584
0.128490658768
0.129935268445
0.130084823233
0.129595169694
0.128690883642
0.127469948289
0.126039057803
0.124460836017
0.122770745209
0.120988647432
0.119125262454
0.117186480781
0.115176132267
0.113097281218
0.110953057897
0.108747005442
0.106483763865
0.104169290494
0.101811892738
0.0994226825828
0.0970188800603
0.0946285685977
0.092293997924
0.0900703586529
0.0880199043754
0.0862036034559
0.0846725916176
0.0834615655219
0.0825843102685
0.082032043679
0.0817735218124
0.0817542717727
0.0819240242243
0.082247957945
0.0827256049639
0.0833016886466
0.0834303187453
0.0830995912263
0.0829572155663
0.119448465619
0.119413733627
0.119362398958
0.119313686497
0.119266325995
0.119215690483
0.119160921934
0.119130017272
0.119073530354
0.118973401536
0.118834350321
0.118654041347
0.118429416395
0.118235152683
0.118091996397
0.118012082485
0.11803242928
0.118005048334
0.118010107785
0.118069735828
0.118084810774
0.118131717141
0.118216452358
0.118376554775
0.118940363607
0.119615175545
0.120293374412
0.120947750259
0.121572109939
0.122155609956
0.122702695591
0.123202860428
0.123649026778
0.124024635387
0.124308860518
0.124463124189
0.124455549014
0.124261750046
0.122611145452
0.124304803938
0.125954746379
0.125631270391
0.126580309713
0.126890731232
0.126511621475
0.125706319536
0.124574668854
0.123217170505
0.121698069933
0.120055641844
0.118312182505
0.116480672844
0.114568980037
0.112582667618
0.110526300376
0.108404377428
0.106221629435
0.103983872874
0.101698119867
0.09937392738
0.0970236860954
0.0946670969445
0.0923367827323
0.0900811993414
0.0879615608602
0.0860437742661
0.0843886535445
0.0830429571633
0.0820335500627
0.0813639953274
0.0810146152869
0.0809407641931
0.0810703232453
0.0813219824993
0.0815833401393
0.0820423607578
0.0822375740137
0.0822964982003
0.0821998341893
0.0821416181544
0.119058125103
0.119036313256
0.118988887255
0.118946816799
0.118905352551
0.118852801583
0.118801551183
0.118745960816
0.118708804594
0.118637719449
0.11853115412
0.118389541628
0.118219152024
0.118090086346
0.117925409893
0.117957549988
0.11797399449
0.117988886187
0.117993477915
0.118044647544
0.118078225029
0.118112208565
0.118127672888
0.118368737283
0.118747073873
0.119239903595
0.119755222751
0.120268992676
0.120757602373
0.121216466764
0.121632649371
0.121993753205
0.122288156244
0.122500359737
0.122612139183
0.122609754473
0.122472143931
0.122379090459
0.120721881213
0.12133237543
0.12310794118
0.12317429709
0.123663928472
0.123930097575
0.123588629508
0.122832775992
0.121755792555
0.120450110009
0.118976260832
0.117372372603
0.115661598835
0.113858219552
0.111971450665
0.110008158883
0.10797408482
0.105874871519
0.103716243019
0.101505074715
0.0992492918268
0.0969596619031
0.0946497605467
0.0923420962349
0.0900745065826
0.0879021860635
0.0858921817365
0.0841129802554
0.0826236187754
0.0814649186519
0.0806552207654
0.0801886023476
0.0800385065169
0.0801598549154
0.0805051133124
0.0809681079272
0.0810498145535
0.0812643012218
0.0813087799203
0.0813308639605
0.081310265432
0.08129471495
0.118724527278
0.118701362874
0.118659338477
0.11862616049
0.118601492503
0.11855886427
0.118500080814
0.118441687072
0.118395672896
0.11835876106
0.118288092463
0.118182180359
0.118051625107
0.117938636589
0.117900574661
0.117940179783
0.117961099025
0.117981912523
0.11799590592
0.118025435726
0.118054802532
0.118095795957
0.118150763836
0.11831161423
0.118581279061
0.118920755928
0.11929380119
0.119667338426
0.120028162978
0.120357841073
0.120639592283
0.120862525751
0.121013480677
0.121075524071
0.121029796822
0.120871355711
0.120559302293
0.120289474524
0.118925675393
0.118485613544
0.119552078788
0.120501780453
0.120981100831
0.121205478538
0.120855648691
0.120105044964
0.119044682068
0.117762757655
0.116314429981
0.114735356345
0.113047827826
0.111266233668
0.109400291467
0.107457564266
0.105444508441
0.103367598852
0.101233292133
0.0990493823663
0.0968245391973
0.0945707299929
0.0923026183365
0.0900460053895
0.0878447537392
0.0857612707364
0.0838679373904
0.0822342328643
0.0809150503498
0.0799425395912
0.0793241262355
0.0790433592191
0.0790683202081
0.0793469084669
0.0798206542374
0.0803646584717
0.0811598631407
0.0805523165551
0.0804395409434
0.080416559149
0.0804101119306
0.0804075097824
0.11844259252
0.118405701569
0.118363037967
0.118343652396
0.118344111767
0.118319417558
0.118260177303
0.118187187248
0.118160385951
0.118126328889
0.118096638425
0.118024741367
0.117931953674
0.117862807016
0.117888042442
0.117923591256
0.117941740326
0.117957506349
0.117976763601
0.118000791839
0.11802164666
0.11805354152
0.118106617735
0.118219948977
0.118394845705
0.118616060393
0.118863838765
0.119115426914
0.119351542658
0.119553066993
0.119708980628
0.119807072851
0.119832102948
0.119766541163
0.119586207633
0.119257680397
0.118683562682
0.117768808296
0.117399870659
0.116772102382
0.116821800525
0.118178454733
0.11868124658
0.11879687954
0.11835476618
0.117548307558
0.116459833108
0.115169456476
0.11372381629
0.112153483699
0.110477947048
0.108710368847
0.106860027502
0.104934510967
0.102940479951
0.100884903632
0.0987746828248
0.096618399969
0.094425285919
0.0922085463742
0.0899838260768
0.0877809044848
0.0856506013726
0.0836629338944
0.0818949220339
0.0804153589276
0.0792725830556
0.0784865086574
0.0780485538472
0.0779268229385
0.0780837803175
0.078457166214
0.0789957580648
0.0796688613688
0.0796445090272
0.0794965742754
0.0794523204205
0.0794518921637
0.0794602574975
0.0794629475446
0.118205892281
0.118154268249
0.118089545237
0.118105459273
0.118132893391
0.1181311228
0.118085198506
0.118010042857
0.118002071279
0.117963039589
0.117946586271
0.117916178443
0.117834569823
0.117839037319
0.117865370817
0.11789373518
0.117910238689
0.117928069691
0.117950563243
0.117971693583
0.117973015697
0.117988716182
0.118018221473
0.118081886166
0.118179612416
0.118304918732
0.118444361953
0.118583095851
0.118701655029
0.11878871586
0.118833674664
0.118825034911
0.118750619472
0.118595552723
0.118331235027
0.117892939279
0.117064957246
0.116338231282
0.116676899713
0.116511900021
0.115950487653
0.116724917008
0.116866810336
0.116719241054
0.11608697079
0.11516127113
0.114001407483
0.112671874536
0.111206851973
0.109629472792
0.10795469282
0.106193213471
0.104352998756
0.102441043025
0.100463732791
0.098428232563
0.0963416108043
0.0942131541649
0.0920524683852
0.0898741096833
0.0876945708163
0.0855485273497
0.0834947149939
0.0816109029844
0.0799777443159
0.0786618707152
0.0777040309559
0.0771115158527
0.076859549283
0.0768945859763
0.0771447812925
0.0775154486037
0.078186502664
0.0783561614711
0.078409502607
0.0783980036053
0.0784096163052
0.0784331248692
0.0784534115648
0.0784618140012
0.118021947019
0.117968638593
0.117904359662
0.117910066527
0.117973022293
0.117992003746
0.117958640231
0.117928263119
0.117888037369
0.117834654271
0.117835087447
0.117864895449
0.11782627121
0.117834306447
0.117850498558
0.117867205564
0.117877230211
0.117899134437
0.117918310688
0.117909903806
0.11790289426
0.117891217873
0.117890403403
0.117905165182
0.117935117351
0.117976148333
0.118020301982
0.118055492278
0.118069992461
0.118055162048
0.118003222429
0.117907828341
0.117763973166
0.117565345772
0.117291536549
0.116907630334
0.116325544386
0.116316616707
0.116285984569
0.116556244169
0.115508977358
0.115695059819
0.115340075921
0.114867112629
0.113999217966
0.112915369374
0.111652817482
0.110260244456
0.108757885586
0.107160244691
0.105476625652
0.10371433962
0.10187934835
0.0999775755517
0.0980147571681
0.0959980480415
0.093934454462
0.091833965608
0.0897063816253
0.087567827274
0.0854354703256
0.08335009254
0.0813792157122
0.0796079852387
0.0781187882464
0.0769734264246
0.0762030907088
0.0758056236991
0.0757560275062
0.0759968071936
0.0764029718642
0.07669689791
0.0770656217064
0.0771584789228
0.0772274954917
0.0772714688147
0.0773180946372
0.077360792179
0.0773901842544
0.0774071117446
0.117910707118
0.117858018529
0.117864981815
0.117869802928
0.117883191377
0.117907140234
0.117889296343
0.117874716776
0.117830211545
0.117813844249
0.117789530638
0.11778051203
0.117817274661
0.117824049217
0.117834988297
0.117843725637
0.117837901561
0.117865549736
0.117845512517
0.117834234672
0.117802373352
0.11776675199
0.1177307063
0.117696126373
0.11766334127
0.117629072099
0.117586656626
0.117528964355
0.117448581007
0.117340997125
0.117203633661
0.117037057254
0.116846127675
0.116633907494
0.116402039159
0.116182304807
0.116037024758
0.116286302453
0.115705497441
0.113864002861
0.114296818179
0.114650194009
0.11394288707
0.113150917821
0.112033979987
0.110772628672
0.109388026363
0.107916720377
0.10636493397
0.104737956965
0.103038780448
0.101270719215
0.0994372843152
0.0975430491996
0.0955928751378
0.0935938414564
0.091552734996
0.0894803620686
0.0873865438262
0.0852893347955
0.0832063518924
0.0811860987929
0.0793056586767
0.0776568008422
0.0763210685984
0.0753508858896
0.0747610079388
0.0745338258591
0.0746428163138
0.0750241070626
0.0755680771762
0.0763944976242
0.0760297338038
0.0760114247889
0.076051699952
0.0761066845153
0.076165793593
0.0762200877635
0.0762525069522
0.0762737576518
0.117861226251
0.117853772087
0.117859823862
0.117864427481
0.117859820329
0.117866036747
0.117851125518
0.117832151076
0.117805271467
0.117793794107
0.117776776272
0.117766907303
0.117788192428
0.117799984682
0.117817628043
0.117836778213
0.117838668233
0.117788068301
0.117778451014
0.117739025997
0.117685673695
0.117620759361
0.11754702837
0.117463619541
0.117371229481
0.117266597853
0.117144341413
0.116999498662
0.116829470824
0.11663378558
0.116415509765
0.11618177149
0.115946428815
0.115720126253
0.115531638606
0.115399479112
0.11529048073
0.114869857507
0.115623138425
0.114129423009
0.113545290618
0.113813362868
0.112714794228
0.11153944179
0.110141835109
0.10868951145
0.107173667862
0.105617125531
0.104011166134
0.102351220411
0.100633615415
0.0988574264777
0.0970235765752
0.0951352634268
0.093196446997
0.0912142401362
0.089195142241
0.0871510354915
0.0850915832486
0.0830373060163
0.0810059447247
0.0790558364449
0.077274222907
0.0757585964593
0.0745874642728
0.0738013904969
0.0733972430143
0.0733318968917
0.0735165516461
0.0738621146216
0.0746966347361
0.0748075722677
0.0747618846729
0.0747767965391
0.0748214677076
0.0748760385299
0.0749295182933
0.0749804811632
0.0750120947515
0.075026314127
0.117859214768
0.11785344829
0.11785719727
0.117864876299
0.117854265117
0.117843026219
0.117823189687
0.117793103667
0.117786536988
0.117779395791
0.117778498261
0.117773899923
0.117772479145
0.117777160187
0.117803212921
0.117834743045
0.117846281921
0.117761777275
0.117707184221
0.117637979554
0.117556833086
0.117460960762
0.117346857937
0.117215026183
0.117065238091
0.116893038989
0.116693923685
0.116464813981
0.11620584753
0.115920991868
0.115616144532
0.115303521822
0.11500665845
0.114762986935
0.114629902685
0.114637771884
0.114806776303
0.114890563539
0.116164123093
0.114908046231
0.113400282247
0.113171782071
0.111571098717
0.109951666056
0.108248912031
0.106607548732
0.104967410428
0.103331943152
0.101676538391
0.0999866737938
0.0982523099125
0.0964686244452
0.0946342665396
0.0927513629473
0.0908231857758
0.0888571913302
0.0868596175617
0.0848438467545
0.0828191708419
0.0808093125414
0.0788316224958
0.0769569274277
0.0752827125613
0.0739105458577
0.0729128594845
0.0723179299479
0.0721161672424
0.0722606351617
0.0726043293855
0.0728482982412
0.0733389188604
0.0734514124477
0.0734675355238
0.0734946791245
0.0735343089347
0.0735774448268
0.0736159677832
0.0736489825753
0.0736756432471
0.0736802675854
0.117851447949
0.117847903741
0.117848387667
0.117854402207
0.11784054351
0.117824720578
0.117805306997
0.117782414692
0.117784828071
0.117777560282
0.117775738514
0.11776491781
0.117748667987
0.117742271881
0.117780202984
0.117808915373
0.117755097323
0.117689084125
0.117613454666
0.117523712839
0.117418181387
0.117288693519
0.117135704727
0.116957180484
0.116751590874
0.11651411756
0.116239158021
0.115925045462
0.115574534287
0.115191560924
0.114778730902
0.11435418665
0.113964914971
0.113679644514
0.113582361992
0.113776227335
0.114361433686
0.115657939458
0.116943983135
0.115903678675
0.11358427668
0.112422359142
0.110268609594
0.108228850439
0.106247436459
0.104453110611
0.10272073122
0.101029699971
0.0993408170964
0.0976313732806
0.0958865445717
0.0940988400437
0.0922655522069
0.0903884315711
0.0884705398059
0.0865201911271
0.0845434720152
0.0825558687309
0.0805660102548
0.0786017857032
0.0766793409226
0.0748852974021
0.0733266330908
0.0721062390832
0.0712863618092
0.070881085692
0.0708621480815
0.0711199608534
0.0715512643711
0.0725857947283
0.0721930426936
0.0721554870043
0.0721479903266
0.0721661689798
0.0721955411281
0.072226920726
0.0722542535967
0.0722741886393
0.0722920452444
0.0722985420952
0.117825400689
0.117838473992
0.117840326273
0.117832429519
0.11782336561
0.117807412405
0.117790417007
0.117776773817
0.117782774781
0.117762878244
0.117758091516
0.117738795857
0.117706677776
0.11766912322
0.117728888998
0.117698883072
0.117664320271
0.117598413657
0.117511146433
0.117403745737
0.117271212933
0.117111071584
0.116921397209
0.116697958105
0.116438172912
0.116135347208
0.115784138576
0.115382570943
0.114932153226
0.114427259165
0.113866097452
0.11329111746
0.112755440889
0.112343005889
0.112189065221
0.112494856539
0.113484410491
0.116341992421
0.117642344354
0.116657839996
0.113495093585
0.110990272922
0.108401346672
0.106144512975
0.104011959471
0.102151788872
0.100389391956
0.0986842601969
0.0969885441047
0.0952761090137
0.0935306976342
0.0917444137613
0.089914738547
0.0880441051787
0.0861360762282
0.0842005080697
0.0822434988022
0.0802834296266
0.0783278443948
0.076410041633
0.0745437485896
0.0728354775509
0.0713995667704
0.0703365582607
0.0696970450771
0.0694839979132
0.069634411966
0.0699751597157
0.0704828084853
0.0708370288435
0.070792800944
0.0707769314073
0.0707747920023
0.0707888012287
0.0708112334029
0.0708356480489
0.0708575025779
0.0708731539206
0.0708858874714
0.0708955002154
0.117825796706
0.11783201202
0.1178409692
0.117829701327
0.117809103798
0.117789696309
0.117771239965
0.117755721478
0.117749774126
0.117735080398
0.117730668033
0.117707480091
0.117673786959
0.117624570501
0.117587263983
0.117616250376
0.117583424737
0.117510723367
0.11741057438
0.117282712858
0.117125574715
0.116936163198
0.116710617455
0.116444010952
0.116130846508
0.115763584412
0.115333925004
0.114839550129
0.114270364774
0.113607616294
0.112870457508
0.112092831893
0.111309924471
0.110600639007
0.110107977361
0.110004363966
0.110591361065
0.112490675949
0.11800962575
0.111938187487
0.111407823899
0.108345257583
0.105627081614
0.103500508022
0.101448832482
0.0996587165873
0.0979515327494
0.0962853242701
0.0946151439539
0.0929189938316
0.0911839874493
0.0894048042512
0.087581044498
0.0857170693012
0.0838177805747
0.0818953459309
0.0799560407909
0.0780221143358
0.0760994010737
0.0742282172822
0.0724182304363
0.0708009663427
0.0694938378591
0.0685907770215
0.0681316384489
0.0680991794031
0.0683602077943
0.068809823272
0.0697414028754
0.0694943236061
0.0694023796448
0.0693655798982
0.0693571760877
0.0693668387909
0.0693853347303
0.0694067031513
0.0694266746699
0.069440487375
0.0694529328584
0.0694638275702
0.117823695687
0.117821720117
0.117839034687
0.117814385409
0.117792964846
0.117771192374
0.11774969486
0.117730121787
0.117713935268
0.117705491617
0.11770258813
0.117682063058
0.117658310787
0.117630548803
0.117592607218
0.117586197574
0.117522985009
0.117434312902
0.117315616592
0.117166652814
0.116985592209
0.116768643174
0.116510156037
0.116201749812
0.115836983597
0.115403594082
0.114893500099
0.114295509742
0.113584508592
0.112754952103
0.111817109104
0.110769818646
0.109633990583
0.108488538829
0.107397318559
0.106406349332
0.105606338271
0.105137144612
0.1053891863
0.10305278492
0.106309055143
0.104242833364
0.101880710578
0.100263393522
0.0985640702542
0.0969934553375
0.0954256757531
0.0938474237532
0.0922314081193
0.0905677619201
0.0888516989029
0.0870832754751
0.0852660040664
0.0834072944317
0.0815141889551
0.0796019014008
0.0776769992835
0.0757667383559
0.0738743094704
0.0720491017388
0.0702945501124
0.0687735278212
0.0676001802641
0.0668601801312
0.0665819280351
0.0666970656574
0.0670341420265
0.0676787208865
0.0679209810411
0.0679164716597
0.067897742498
0.0678892383005
0.0678920309529
0.0679059372953
0.0679258230246
0.0679478272374
0.0679691856728
0.0679847346492
0.0679985732404
0.0680096684624
0.117814523646
0.117807722048
0.1177907461
0.117794972266
0.117776786782
0.117753027892
0.117728091021
0.117704811554
0.117683261068
0.11767936492
0.11767848702
0.117664378978
0.117654462872
0.117654250108
0.117618973663
0.117559229932
0.117474935722
0.11736649221
0.117226206126
0.117057959608
0.116856310455
0.116614652442
0.116324238901
0.115976830001
0.115560591419
0.115061157064
0.114468437954
0.113758921903
0.112909830268
0.111909425986
0.110742686906
0.109383336127
0.107883824819
0.106284968443
0.104546748136
0.102602785881
0.10033529447
0.0975778047268
0.0932258437535
0.0951423453292
0.096922867193
0.098352786723
0.0974809153643
0.0966958016712
0.0955170048375
0.0942551128964
0.0928741343535
0.0914101108949
0.0898629243023
0.0882391871342
0.0865447599005
0.0847866238556
0.0829732981562
0.0811159254602
0.0792243050637
0.0773172844988
0.075401770442
0.0735113261816
0.0716451676026
0.0698644043908
0.0681630716738
0.0667421375706
0.0657041854375
0.0651322648565
0.065033792581
0.0652375802285
0.0656803148469
0.066664620584
0.0664268690989
0.066388465529
0.0663811381083
0.0663890396031
0.0664055885222
0.0664289460608
0.0664553940279
0.066481878274
0.0665062253268
0.0665275993626
0.0665453308799
0.066557650357
0.117806633767
0.117802757914
0.117795860962
0.117797417979
0.117767818421
0.117737566341
0.117707796391
0.117680895548
0.117657875842
0.117656869073
0.11765732509
0.117648261705
0.117647107767
0.117670043366
0.117638212114
0.117543229566
0.117436311036
0.117302663797
0.117146784649
0.116962971747
0.116739706409
0.11647506624
0.116158375948
0.115774322355
0.115306808713
0.114746685367
0.114074163302
0.113258788853
0.112276803038
0.111106105273
0.109696786092
0.108053056204
0.106245400838
0.104228218325
0.101911600965
0.099126001114
0.095599862993
0.0900220188777
0.0883168579866
0.0886854729694
0.0895051397281
0.0928073481669
0.0933271146384
0.093276503656
0.0925617735415
0.0915861900213
0.090382011557
0.0890263832924
0.0875437184794
0.0859555379705
0.0842777330929
0.0825240247503
0.0807080767745
0.0788448609114
0.0769473076887
0.0750382681666
0.073125018755
0.0712489242639
0.0694035529789
0.0676654889868
0.0660149659951
0.0646977543503
0.0637929202892
0.0633833007989
0.0634340779392
0.0637275925245
0.0643838675726
0.0647661220663
0.0647942933952
0.0648196349283
0.0648485070325
0.0648834570154
0.0649212659528
0.0649619349786
0.0650027198609
0.0650408365205
0.0650737832443
0.0651024040092
0.0651226764607
0.0651333585848
0.117803472521
0.117803008482
0.117800079544
0.117802000427
0.1177607274
0.117723328002
0.117688413759
0.117657937159
0.117635399063
0.117636878663
0.117636478935
0.117627131027
0.117620789061
0.117655507544
0.11760548822
0.117507552636
0.117390097222
0.117245971302
0.117077037055
0.116875715495
0.11663889226
0.116359819752
0.116016226442
0.115594352565
0.115087522575
0.11447449166
0.113723800208
0.112814143735
0.111715231053
0.110375049125
0.108747312033
0.106887760103
0.104822874727
0.102483614384
0.099768830873
0.0965060573719
0.0924723936103
0.0864911457299
0.0857389553033
0.0853965748101
0.0859031487367
0.0889925726185
0.0900370464989
0.0903458709722
0.0898978198742
0.0891075918771
0.0880261632754
0.0867468365935
0.0853078012397
0.0837399014736
0.0820661582431
0.0803054943384
0.0784760494607
0.0765961851452
0.0746821397719
0.0727608836272
0.0708401812762
0.0689709035035
0.0671391303858
0.0654424167963
0.0638416657635
0.0626388782995
0.0618827188571
0.0616333732218
0.0617103036345
0.06204489358
0.0633015019435
0.0631619289945
0.0631963343274
0.0632521902158
0.0633163271747
0.0633851566725
0.0634537928566
0.0635207455112
0.0635837819741
0.0636403400333
0.0636883033087
0.0637253807747
0.0637477659103
0.0637548831436
0.117801580745
0.117803029043
0.117800433855
0.117802004966
0.117753086347
0.117709511548
0.117669632143
0.117634318986
0.117605063574
0.117619225524
0.117616336235
0.117603287658
0.117584616052
0.117587078549
0.117547171799
0.117458370043
0.117338436673
0.117191326124
0.117013838727
0.116803926091
0.116559317724
0.116262890305
0.11589587904
0.115452384576
0.114914542187
0.114247504168
0.113434582906
0.112450576837
0.111243621421
0.109753152325
0.107961475972
0.105937029015
0.103680218555
0.101125077278
0.098186458067
0.0947405680986
0.09068430281
0.0852333678424
0.0851880943074
0.0851348521439
0.084900240543
0.0868263726294
0.0876628266767
0.0879887449998
0.0876092828676
0.0868869825869
0.0858577162487
0.0846094336845
0.0831830423215
0.0816124807874
0.0799243099509
0.0781405418731
0.0762826814134
0.0743716830863
0.0724271713381
0.0704800509603
0.0685388662203
0.0666657932881
0.0648375918902
0.0631801222215
0.0616266079301
0.0605540878843
0.0599861845752
0.0599612669452
0.0601528175537
0.0603927133076
0.0612081028832
0.0613806686876
0.0615311172177
0.0616594300326
0.0617800223473
0.0618957100572
0.0620073402646
0.062109710234
0.0622015666603
0.062280908916
0.0623462092313
0.0623941169889
0.0624243410401
0.0624359283242
0.117799570282
0.117804434453
0.117798010671
0.11779947051
0.117745139451
0.117696631233
0.117653496041
0.117615045599
0.117609355477
0.117611085798
0.117602316538
0.117585727349
0.117564044511
0.117542988231
0.117505768702
0.117413350201
0.117288047226
0.117136866218
0.116958581877
0.116746920881
0.116495242632
0.116188841938
0.115813433225
0.11535645476
0.114786948213
0.114078953035
0.113221808449
0.112178529789
0.110888339294
0.109280836204
0.107365868163
0.105224727495
0.102838908074
0.100154866351
0.0971112329874
0.0936337064363
0.0897061077395
0.084779323715
0.0850223642588
0.0839837113094
0.0843317755381
0.0855976146999
0.085989022805
0.0861414027915
0.0856955053414
0.0849448079785
0.0839011856367
0.0826370165769
0.0811887853817
0.0795887637552
0.0778639345485
0.0760373712618
0.074132735837
0.0721726269965
0.070180148507
0.0681895998335
0.0662108203828
0.0643187706874
0.0624788348994
0.0608539293287
0.0593390677643
0.0584140169199
0.0580375193581
0.0581097152812
0.0584306836174
0.0599700161047
0.0596222135831
0.0596933986559
0.0598653978706
0.0600545819216
0.0602429986363
0.0604192547004
0.0605834328605
0.0607293395481
0.0608561579791
0.0609630419585
0.0610491017445
0.0611101637359
0.0611517497768
0.0611729134943
0.117793132169
0.117800648489
0.117787391793
0.117789694066
0.117735208749
0.11768550383
0.117645270607
0.117614948166
0.117604919818
0.117604967319
0.117594880459
0.117576538438
0.117558232863
0.117533621735
0.117483255587
0.117380120447
0.11724522978
0.117086383072
0.116905520442
0.116699158903
0.116452936095
0.116147309784
0.115770052506
0.115301678944
0.11471167678
0.113981788082
0.11309700471
0.112011580521
0.110658642788
0.108971345293
0.106979094875
0.104760564349
0.102296890961
0.09954523802
0.0964637618969
0.0930102234586
0.0892087933593
0.0845329877395
0.0851158897516
0.0841044936203
0.0839292392491
0.0848495537061
0.0848154905836
0.0847115911206
0.0841197672395
0.0832730143717
0.0821614728845
0.0808396149355
0.079336328507
0.0776793930502
0.0758940133524
0.0740027245659
0.0720302436449
0.0699998815812
0.0679384329684
0.0658827227309
0.0638449259127
0.0619136251987
0.0600396538167
0.0584297495816
0.0569273603898
0.0561666934585
0.0560025315114
0.0561759565476
0.0566926350751
0.057505514709
0.0575974751723
0.057825224097
0.0581186174095
0.0584160360847
0.0586966413475
0.0589538203129
0.0591820007015
0.0593795790527
0.0595470009502
0.059685208461
0.0597940929408
0.0598731035481
0.0599278668787
0.0599583537275
0.117780676948
0.117770221794
0.117771960501
0.117775057834
0.117721101537
0.11767284111
0.117633693555
0.117604240867
0.117598002851
0.117601614623
0.1175917717
0.117571630985
0.117554848192
0.117531018006
0.117480474234
0.117356542463
0.117205690016
0.117039793963
0.116861667269
0.116662714248
0.116425295501
0.116131642945
0.115762651483
0.115292188705
0.114694738911
0.113955438345
0.113056844598
0.111952902005
0.110574035202
0.108844176867
0.106802360235
0.104543636435
0.102042604991
0.0992648116968
0.0961820374915
0.0927738427363
0.0890914425706
0.0846669049172
0.0853594503843
0.0844320619419
0.0838540471809
0.0844215308497
0.0839998802578
0.0836131982503
0.0828348643952
0.0818498175603
0.0806316996614
0.0792184461494
0.0776309000333
0.0758911488435
0.0740213104302
0.0720422751214
0.0699788572422
0.0678542591402
0.0656993011912
0.0635521910555
0.0614297114179
0.0594350429738
0.0575019462999
0.0558852581572
0.0543508455974
0.0537172349879
0.0536441805509
0.0539274620418
0.0551438195515
0.055388302359
0.0555678063833
0.0558988616044
0.0563148080731
0.0567510657637
0.0571466447403
0.0575014607238
0.0578078109892
0.0580664702333
0.0582802976373
0.0584530925587
0.0585863115698
0.0586863756737
0.058754142538
0.0587926550625
0.117774111282
0.117759464961
0.117762042877
0.117761432518
0.117711086149
0.117668749713
0.117634133116
0.117605880823
0.117602240274
0.117604644887
0.117592164502
0.117568509125
0.117548107958
0.117489246161
0.117469878136
0.117337204263
0.1171716017
0.116997241422
0.116822845501
0.116638005631
0.116418589628
0.116140615876
0.115781678686
0.115318392339
0.114729261261
0.114001718184
0.113113905625
0.112012786325
0.11063062613
0.108889228754
0.106834601055
0.104569564563
0.10206395072
0.0992876209813
0.0962184846195
0.0928478175175
0.0892440963096
0.0850043368454
0.0856511446267
0.0848418274982
0.0839766247292
0.0841937115843
0.0834362193323
0.0827738601771
0.0817954498837
0.0806497212528
0.0792998255873
0.0777699820425
0.076074102116
0.0742284633445
0.0722514116805
0.070161441787
0.067982552159
0.0657371301299
0.0634602990444
0.061190099795
0.0589516928125
0.0568639400809
0.0548459897279
0.0532188194911
0.0516623708675
0.0511710961415
0.050972365785
0.0512524149294
0.0529111163962
0.0530168834407
0.0533961889356
0.0538846856632
0.0544552158118
0.0550581562463
0.0556027374039
0.056074735619
0.0564752958493
0.0568066947406
0.0570739691191
0.0572851270523
0.0574461234952
0.0575660003818
0.0576454052382
0.0576885554019
0.117767181264
0.117752837226
0.117755768128
0.117754581177
0.117707910619
0.117668833356
0.117636450988
0.117609324341
0.117607587152
0.117608191067
0.117594551025
0.117569236746
0.117544484317
0.117519246877
0.117533241839
0.117341162154
0.117139353377
0.116945916555
0.116773938558
0.11661556847
0.116430649688
0.116178197081
0.115835740174
0.115385762554
0.114814600501
0.114112068233
0.113249020113
0.112172873909
0.110818522555
0.109108933869
0.107080374027
0.104836111181
0.102354597578
0.0996006902035
0.0965482052658
0.0931866524886
0.0895886095898
0.0853990078609
0.0859174985062
0.085264009177
0.084211385162
0.0840887288889
0.0830531528406
0.0821410026711
0.0809653208594
0.079649741317
0.078153207728
0.0764891257054
0.074666117102
0.0726950373155
0.0705900467562
0.0683666003601
0.0660468098743
0.0636515471304
0.0612200808074
0.0587882729668
0.05639473019
0.0541716212375
0.0520256629799
0.0503748229488
0.048857896645
0.0487526094551
0.0487301787526
0.0486631891946
0.050004093802
0.0505110770822
0.0511034685074
0.0517901838185
0.052554738364
0.0533549614702
0.054080052246
0.0546944064563
0.0552060005229
0.0556222421734
0.0559503676341
0.0562045277783
0.0563966695356
0.0565363449256
0.0566280559385
0.0566744012632
0.11774587359
0.117747677729
0.117749547514
0.117737562893
0.117711468363
0.117674402459
0.117642500748
0.117614178384
0.117612975713
0.117609752524
0.11759816082
0.117578106929
0.117561424345
0.117554054879
0.117570849889
0.117342806251
0.117096179601
0.116877207324
0.116711404513
0.116595971407
0.116459109159
0.116239585753
0.115921036488
0.115493274634
0.114948518065
0.114278350789
0.113453393233
0.112419468518
0.111122116618
0.109494158703
0.107534237676
0.105341044248
0.102916175793
0.100209426472
0.0971776276143
0.093789136015
0.0900990837717
0.0857637895013
0.0861176284592
0.0856377627942
0.0845032822217
0.0840689459273
0.0828107843816
0.081680987485
0.0803182772877
0.0788312032167
0.0771806525128
0.0753711766448
0.0734074409418
0.0712953817541
0.06904459893
0.0666667468138
0.0641806120571
0.0616045612908
0.0589806373723
0.056340148264
0.0537422375476
0.0513260440515
0.0489864713848
0.0472479165868
0.0456483040051
0.0457157186825
0.0460414039676
0.0484743451392
0.0476803988323
0.0480359747608
0.048731352412
0.0496227470877
0.050612525106
0.0516429142773
0.0525953466296
0.053381661713
0.0540214459372
0.0545342514203
0.0549341113748
0.0552374575636
0.0554612350654
0.055619278275
0.0557238892631
0.0557729904139
0.117743193681
0.117747137513
0.117744605312
0.117738682242
0.117736753445
0.117689368585
0.117653439149
0.117626618288
0.117614257564
0.117606152081
0.117600203944
0.117583713256
0.11756766451
0.11756208486
0.117565811225
0.117338317854
0.11703700215
0.116784666218
0.116654187081
0.116578898597
0.116506228261
0.116327523515
0.116035067736
0.115628243753
0.115115195191
0.114490313829
0.113719647307
0.112750413439
0.111532403508
0.110019343808
0.108179096863
0.106081434193
0.103758557279
0.101140708404
0.0981534300552
0.0947157843937
0.0908235329163
0.0860532933744
0.0862400085171
0.0859223691498
0.0848366465081
0.08412848549
0.0826823937668
0.0813656754877
0.0798326663066
0.0781791387816
0.0763736261992
0.0744134418548
0.0723004022902
0.0700361993267
0.0676255139008
0.0650752119817
0.0623989027491
0.0596108886067
0.0567523554885
0.0538465989432
0.0509798614178
0.0482880659962
0.0456811487281
0.0438332108252
0.0420510012922
0.0419906143402
0.0424132317308
0.0442879577398
0.0443989057988
0.0451267656096
0.0461475236007
0.0473498777484
0.048632781887
0.0499312110342
0.0511541036883
0.0521535864901
0.0529422189142
0.0535605389275
0.0540371440986
0.0543943137737
0.0546529089489
0.0548282906221
0.0549446657678
0.0549989001268
0.117740711131
0.117746434981
0.117740639493
0.117740211724
0.117742367398
0.117698480546
0.117659745881
0.117627225814
0.117596451577
0.117609922205
0.11760324416
0.117583689865
0.117560255127
0.117545796125
0.117486581782
0.117337896734
0.116969440603
0.116696723424
0.116591871296
0.116576378008
0.11656333245
0.116433918638
0.116173924322
0.115784475778
0.115299375031
0.114729666554
0.114032625327
0.113146462665
0.112022111689
0.110647748195
0.108994921741
0.10705626281
0.104897002265
0.10244138047
0.0995701270903
0.0961169643839
0.0919342293565
0.0861731978471
0.0862734637894
0.0860160768354
0.0851432759857
0.0842140674802
0.0826178173183
0.0811638615106
0.0794945058375
0.0776875079221
0.075729954637
0.0736172570038
0.0713501976402
0.0689269844867
0.0663467843462
0.0636102033942
0.0607234145378
0.0576945745271
0.0545585617792
0.0513271925889
0.0481118828468
0.0450115647145
0.0419931562892
0.0399939893802
0.0381784176022
0.0385375257476
0.0388962248572
0.0400392803911
0.0407414981649
0.0419165072216
0.0433807172209
0.0449917590589
0.0466377815454
0.0482511734836
0.0497723952296
0.0510239103283
0.0519848068878
0.0527201386158
0.053274599443
0.0536829872507
0.0539763661181
0.0541724049694
0.0542982231804
0.0543630170939
0.117734405445
0.117732359697
0.117736119594
0.117738021406
0.117739261794
0.117699270352
0.117664216008
0.117634651503
0.117607374098
0.117624020479
0.117605977059
0.117581802589
0.117551064684
0.117527669636
0.117517881825
0.117480839238
0.116850500902
0.116583028052
0.116576288505
0.116571070857
0.11655637062
0.116523716587
0.116347645673
0.11594505185
0.115469031975
0.114969590246
0.114374714792
0.113596587889
0.112562931436
0.111311504459
0.109904659639
0.108245592877
0.106335784746
0.104163128735
0.101567099265
0.0982850320443
0.0939334805226
0.0865578493044
0.0862952533998
0.0857850286079
0.0850207154195
0.0841895909104
0.0826170548397
0.0811019219431
0.0793281513077
0.0773713674113
0.0752569590402
0.072987516523
0.0705634853803
0.0679787031348
0.0652249628684
0.0622939926953
0.0591812695813
0.0558853918236
0.0524289377337
0.0488143812795
0.0451717177035
0.0415103571208
0.03786525567
0.0353266958785
0.0327981544108
0.0338850845128
0.0375941667663
0.0358907239438
0.0367458008428
0.0384239558724
0.0404640157227
0.0425925073633
0.0446721849639
0.0466369828463
0.0484688482851
0.0500024138015
0.051155164156
0.0520175990308
0.052656859559
0.0531174756593
0.0534403737296
0.053655502393
0.0537904779233
0.0538641637726
0.117731261057
0.117728945141
0.117733744041
0.117734880803
0.11773439113
0.117696604417
0.117665748732
0.117639936034
0.117619925404
0.117625624453
0.117600616143
0.117578612934
0.117546184857
0.11752290023
0.117463749961
0.11709961644
0.116497266376
0.116537277582
0.116562294025
0.116537901186
0.116505740191
0.116487916779
0.116423564349
0.116064793709
0.115570182987
0.115175137546
0.114731236521
0.114109103145
0.113136201536
0.111919118061
0.110758288483
0.109523841344
0.108072022952
0.106329657914
0.104283150417
0.101701653427
0.0982266066704
0.0932357463755
0.0866152982585
0.0815949459772
0.0839160541174
0.0843786660367
0.0830025631001
0.0813529503523
0.0794074726308
0.0772568866619
0.0749604556499
0.0725249327978
0.0699438425659
0.0672016904613
0.0642791451705
0.0611552090661
0.0578097428718
0.0542244112043
0.0503986299186
0.0463250322814
0.042140861426
0.0377823787326
0.0335294043544
0.030361163429
0.0261069165685
0.0267469830348
0.029936783213
0.0296545609115
0.0317679949262
0.0345294898433
0.0374360679762
0.0402300953443
0.042814522368
0.0451637135574
0.0472961537336
0.0491029972952
0.0504587291155
0.0514494893538
0.0521732866813
0.0526907487246
0.053045681614
0.0532759135956
0.0534142372794
0.053478380855
0.11773132516
0.117730853907
0.117732535047
0.11773274194
0.117731840812
0.117690196009
0.117662371644
0.117638202177
0.117613318312
0.117569294002
0.117596093282
0.117570358971
0.117524875298
0.117419860641
0.117229782689
0.116745405445
0.116527078626
0.116568499561
0.116538080257
0.116408083532
0.116383611903
0.116389881936
0.116332144498
0.116148597127
0.115457171806
0.115236378075
0.115030800903
0.114796255297
0.113800877898
0.112345904597
0.111369180637
0.110571139469
0.109785649344
0.108784797922
0.107529738058
0.105994160703
0.103904188491
0.100742647353
0.0959929884985
0.0852771346824
0.0854012192041
0.0858827180371
0.0842283504278
0.0820719570718
0.0797509032745
0.077323610993
0.0748180232579
0.0722162438655
0.0694904719049
0.0666089736577
0.0635379579403
0.0602409948939
0.0566781196041
0.0528042905259
0.0485761541191
0.0439434276628
0.0389711621685
0.0335654823976
0.0286459657607
0.0252608374708
0.0199577779432
0.0188876000555
0.0186698546192
0.0215540607233
0.0260128675595
0.0304464082822
0.0344946541427
0.0380649246388
0.0411855522319
0.0439154327649
0.0463275994062
0.0483679967375
0.0499081158606
0.0510179657235
0.0518152296686
0.0523804392187
0.0527662854822
0.0530115820904
0.0531516189676
0.0532046429252
0.117731802251
0.117731942662
0.117732355082
0.117730414205
0.11771676413
0.117668088081
0.11765203434
0.117639089051
0.117625351523
0.117609075545
0.11758921954
0.117574645395
0.117540626519
0.11742198455
0.117192433269
0.116870056624
0.116733829508
0.116853487876
0.116852535349
0.116177066978
0.116266602605
0.116304480126
0.11619956028
0.115881321994
0.115548328932
0.115461679987
0.11524082146
0.11498481007
0.114797648577
0.11233142528
0.11153464204
0.111302710298
0.111291141062
0.11133550105
0.111335904105
0.111323194481
0.111329954855
0.11125288722
0.110731995423
0.0952387882285
0.0915186543412
0.0890854179081
0.0860477789098
0.0829977779888
0.0801725920445
0.0774585177566
0.0747705026541
0.0720384978066
0.0692064937629
0.0662258226524
0.063049796405
0.0596288182503
0.0559052784072
0.0518066987166
0.0472384677071
0.0420647960726
0.0361393766156
0.0291500804554
0.021963359211
0.0142251444367
0.00460557367182
0.00906920850955
0.00222563253976
0.0118291352639
0.0201029648043
0.0266948015953
0.0320088078597
0.0363425473075
0.0399451058049
0.0429944717487
0.0456286468173
0.0478411100956
0.0495187805925
0.0507219035033
0.0515781027911
0.0521791479196
0.0525885310099
0.0528490386271
0.0529976807775
0.0530545985773
0.117731640439
0.117731312702
0.117731409278
0.11772510059
0.117700960532
0.117674052051
0.117655921229
0.117641443749
0.117627334581
0.117613086715
0.117600039661
0.117601186739
0.117579000761
0.117493564839
0.117309410147
0.117045547731
0.116857250032
0.116785874171
0.116654314119
0.11641384582
0.116348205594
0.1163469162
0.116218387649
0.11593732312
0.11564115623
0.115399747619
0.115074809448
0.114689405898
0.113806801071
0.112617777118
0.111963801834
0.111725332658
0.111634337466
0.111585864844
0.111564167971
0.111587003103
0.111677310118
0.111849406586
0.112235199903
0.111996062519
0.100702858731
0.0921217213937
0.0871813248551
0.0834912233338
0.0803834122784
0.077529106523
0.0747589289707
0.0719708746194
0.0690943015676
0.0660725379835
0.0628531300463
0.0593806890258
0.0555896918894
0.0513946554423
0.0466745798789
0.0412404378834
0.0347809084756
0.0266426723784
0.015754045598
-0.00370638427678
-0.0221441225713
-0.00322897556407
0.000341989751702
0.00129705850759
0.0157073390925
0.0241997774761
0.0305047946401
0.0353594829581
0.0392638836418
0.0425022060158
0.0452657252508
0.0475709065806
0.0493174786923
0.0505714672915
0.0514624595042
0.0520838434992
0.0525048356562
0.0527743840147
0.0529340064416
0.0529969646898
)
;

boundaryField
{
    frontAndBack
    {
        type            empty;
    }
    upperWall
    {
        type            zeroGradient;
    }
    lowerWall
    {
        type            zeroGradient;
    }
    inlet
    {
        type            zeroGradient;
    }
    outlet
    {
        type            fixedValue;
        value           uniform 0;
    }
}


// ************************************************************************* //
