/*--------------------------------*- C++ -*----------------------------------*\
| =========                 |                                                 |
| \\      /  F ield         | OpenFOAM: The Open Source CFD Toolbox           |
|  \\    /   O peration     | Version:  v1806                                 |
|   \\  /    A nd           | Web:      www.OpenFOAM.com                      |
|    \\/     M anipulation  |                                                 |
\*---------------------------------------------------------------------------*/
FoamFile
{
    version     2.0;
    format      ascii;
    class       volScalarField;
    location    "234";
    object      alphak;
}
// * * * * * * * * * * * * * * * * * * * * * * * * * * * * * * * * * * * * * //

dimensions      [0 0 -1 0 0 0 0];


internalField   nonuniform List<scalar> 
6400
(
0.835075318131
1.25783602616
1.93178675051
2.22844882464
2.52639456526
2.86441310191
3.43695389832
4.10889973297
4.24163090994
4.56565633782
5.67978670826
6.18134614078
6.55188976965
7.05705169536
7.82760039761
8.61825744557
9.20083652939
9.76421142652
10.2710977092
10.4865287309
10.3971673288
10.3295730263
10.5347609501
11.0754300836
11.7133531959
12.2445164866
12.5820629669
12.8730848235
13.2564471472
13.7429671371
14.2801867375
14.5948251403
14.6256994255
14.5530663952
14.3849886795
14.0082615358
13.8195938473
14.0757876911
13.830757102
13.2385031266
13.0953010946
13.5841996759
14.1237044167
14.3792129079
14.4383367204
14.3558025432
14.2100161144
14.0682002835
13.9350338258
13.8174713541
13.5495426269
12.7062175018
11.8461978957
10.8781764545
10.3878207067
10.6285567944
10.3572883036
8.96693410319
7.33779075935
6.68249311103
5.7651591507
4.76134891525
3.75569479401
5.45051740098
9.53970856652
14.4990795559
17.5052465301
17.2242935415
15.2244089978
13.5372080245
12.5733997796
12.6446706776
13.0627383629
12.8678028125
14.795276522
14.1973571968
16.0103852566
9.91220889843
12.8765878796
4.81630953154
3.08394807279
2.39254103656
2.9272863421
4.12055793078
3.78393103045
3.38023758411
3.38177356358
3.6492121226
4.07548853988
4.64318954839
5.37327224292
6.10121985486
6.71722962564
7.30485014373
7.88814609931
8.57624671344
9.29561049548
10.0312561707
11.0884849302
11.0829469285
10.710444535
10.5371041898
10.6058500653
11.0769245824
11.9885287903
12.3855609735
12.6583785304
13.0262858002
13.4476667538
13.8964094862
14.3706700317
14.8905515636
14.9279725476
14.8784025479
14.8038721406
14.1908837649
14.1498855016
14.4127420113
14.0110962581
13.0840611542
12.8658203631
15.0417919214
16.3910228691
16.478512274
16.417215873
16.0727418551
15.5673409118
15.1604608878
14.5442786663
14.0209361854
13.9401305994
14.4411004572
14.1642952247
11.0999822543
10.8956620647
10.5122338491
8.81029742018
7.52581375053
6.46370509284
5.43196775455
4.61633843283
5.12664046943
3.99301568258
5.6525556078
9.59613602312
15.419560729
19.1540719335
17.9747342194
15.8091955619
13.8506560226
13.0460181441
13.3335485592
14.2963734912
13.66498812
13.4470532818
12.8713831358
11.631511382
9.7667957771
8.19480514207
4.28154697977
3.04883197323
2.58557803529
3.07060157721
3.15102098839
3.40787227037
3.7055612224
3.62271982374
3.59562579709
4.00350747245
4.62813617553
5.3485221758
6.0956390456
6.76645052364
7.36903012843
7.8168568196
8.43200328456
11.6164745563
13.7575549731
13.97232438
12.9306413707
10.5712270846
9.99565998355
10.8196370459
11.3542770676
11.7797440037
12.3272543396
12.7968331152
13.171149996
13.5703419509
14.0463274718
14.4498163479
15.151662119
15.2496366433
14.7211985232
15.4199337749
14.8345442589
13.986424007
14.7942979893
14.3315489142
13.3461757417
13.1021251422
13.6529035772
14.2506135895
14.5375383871
14.6193967604
14.5797687993
14.4529436083
14.2592010828
13.9989284432
13.6975255123
13.3584037937
12.8900218493
12.209595475
11.747644417
11.4560388822
10.0985083993
8.71257595457
7.58364928676
6.58798450224
5.70879779922
5.05646875467
4.42584473349
4.06553822666
6.43826879164
11.5798819789
16.2710697577
18.5867591052
18.711295039
17.1084582799
15.390496254
14.6170918362
14.4342581193
13.7184228437
13.0708475988
12.974872063
12.5655262018
11.5336504903
9.8884577565
7.45394177539
7.62037855857
2.83417322278
5.31652263572
3.17633173743
3.13199933489
3.7541941905
11.6942837419
10.0055106627
4.41064526823
4.02271843548
4.65670107202
5.3724288479
6.12457077098
6.77327238181
7.47210828486
9.47836244527
11.8095838795
13.455193826
13.5553427517
11.7289340348
10.0245381637
10.0216077067
10.2728706988
10.6350401431
11.2186697806
11.8731542535
12.4922416384
13.0177546045
13.3405516258
13.8202961179
14.1288386768
14.879212205
15.0780235204
15.828568427
15.4802007892
14.5120045304
15.0797935409
14.3638997599
13.5841758681
13.4554367162
13.3999091592
13.4741847707
13.8359205251
14.2675738058
14.5468180474
14.6640887427
14.6563957237
14.5525656638
14.3735288279
14.1289688981
13.8302277481
13.4732946683
13.0294060295
12.4887829475
11.9075400833
11.1601831202
10.0793327748
8.85632462687
7.75291686618
6.83046257611
6.09285250269
5.54794984078
5.16247056286
5.25682019912
7.06620546806
10.8003276043
16.5562154669
20.1429122589
20.3491235408
18.6787114018
16.3160281644
14.6668165739
13.8089764522
13.8978265337
15.198264706
15.0699887445
13.6973907637
13.5016974031
16.7409359058
13.1574374593
11.1865129714
5.2745789581
7.30202782394
3.63360808455
3.95494615031
6.14255574873
11.5731016936
7.68158461497
4.54572074138
4.50637247859
4.87798740804
5.52629020184
6.31208101732
7.79428223607
10.4636746281
11.4257517869
11.5731584452
11.1142673764
10.2049526822
9.69966778991
10.0899101013
10.1704489128
10.2332910375
10.6942776798
11.3257722884
12.0254272224
12.7107885468
13.1505666204
13.759354594
13.9295787563
14.7424854656
14.8394666582
16.3361286899
15.6600851679
14.7510921818
14.9704480375
13.9797106636
13.6241271045
13.5258754723
13.5411685978
13.5972137894
13.7224791526
13.9949779247
14.3294080825
14.5887606206
14.725343772
14.7422681451
14.6592493269
14.4974434372
14.2716103869
13.9892012669
13.6447168871
13.2249983691
12.722120659
12.1153240195
11.3001643527
10.2257885643
9.06823938029
8.04482118371
7.2429929789
6.66554577113
6.30029441405
6.19492978876
6.66011107507
7.69934821277
10.6663761633
15.9714160413
20.172192573
21.5733990941
20.3829439242
17.6090335074
15.1168224001
14.734361309
16.8777285705
17.6779549808
16.5852222404
15.6169701562
18.197838461
21.1689621613
16.5018114628
15.6149105065
9.62163026982
8.73251000415
4.49928630412
5.30894115785
11.8288683839
11.2408750144
5.51216241566
4.99234397614
5.04791788973
5.20598876521
5.85008741395
8.85244854509
12.3733519791
12.6509581251
12.0407973921
10.548613448
9.4496651252
9.24397998901
10.1197431956
10.1096180621
9.93502515153
10.267642012
10.8434627489
11.5510263717
12.1375425957
12.8497633115
13.8205690978
13.8089069149
14.9356493507
14.6665128484
16.6318575132
15.8638883341
17.029836312
15.3658894253
13.8328687649
13.4285229488
13.4713721007
13.5832060818
13.6896426171
13.7910500238
13.9380687941
14.1700082394
14.4450081322
14.6807554132
14.8222899038
14.8556762034
14.7902481509
14.6475767701
14.4466222912
14.1932777571
13.8795442334
13.4900521524
13.0005257525
12.3625198466
11.5117981462
10.4738158091
9.41783602886
8.51216611098
7.81874669345
7.37091393112
7.17329645268
7.4460298166
8.7028135281
8.05705885799
11.9886760246
17.6002188165
21.3329790202
22.7443211706
21.7964846282
18.433868373
16.2561943139
17.9902497993
20.1218222713
19.545436777
18.4926958108
18.5117805117
22.980329684
24.5231778422
19.5334160283
19.324600994
11.6796376946
8.29444584116
5.47585759626
5.19346937895
11.6879298118
7.6462920693
5.39855900789
5.4749787074
5.54338845111
6.23129447754
6.54642065325
12.3441274561
12.8057411897
12.6878211686
10.8547855414
9.06539500729
8.79198748235
10.2201977489
10.1750166527
9.65425376199
9.93798892736
10.376568775
10.950275336
11.6537791905
12.5915361958
13.5681417145
13.7719675358
15.3443136949
14.8140370384
17.0005196876
16.0289764235
17.3425822832
16.0048884956
15.0167353492
13.3897319263
13.2317581601
13.4803467376
13.7036058455
13.848254748
13.9751209472
14.1402244787
14.3561055558
14.5980316186
14.8139051783
14.9545739124
14.997748744
14.9484238191
14.8296502983
14.6620987231
14.448572608
14.1749218083
13.8159523954
13.3330931368
12.6780200955
11.8295519522
10.8583529834
9.91718044461
9.12484318489
8.51077123717
8.08732899347
8.00757129092
8.38289461966
8.65618737234
9.19112426137
13.0363538189
19.9212751802
22.5549409207
22.9864705656
21.9185877463
19.6620241262
19.4389737879
21.9580995963
22.3489851792
21.4503107096
20.8036340861
22.6766043571
25.3317446541
26.7412588157
22.152712968
21.0017022727
11.2509258012
7.59067276823
6.50855052759
11.6750750486
11.6464255432
6.08447419144
5.93651413948
6.01442090361
6.21665569043
6.73174359708
12.1715352733
13.0293067066
12.906407766
12.1806530362
9.24368474403
8.35980782564
10.1144594934
10.4609369707
9.61058623153
9.4783578943
9.9912599761
10.6191177564
11.1852037256
11.9765282976
12.6439029975
14.0926931738
13.909685
15.253008256
16.9218895105
17.0192681434
15.476748718
16.4659140698
16.313262718
13.7600780946
13.2684366135
13.3351847859
13.5805916512
13.8289255904
14.0074501053
14.1586829333
14.3392184871
14.5551926423
14.7817386382
14.9825885928
15.1192213501
15.1689977936
15.1372231328
15.0486733806
14.9232076867
14.7582534816
14.5313551835
14.2059158135
13.7350817313
13.0840304273
12.2709853302
11.3884686237
10.5524759652
9.80885225095
9.13699019699
8.63903925063
8.62214818331
9.07681346763
9.74880195186
10.7222809397
11.72799213
19.7770375828
24.089225633
24.2483423299
23.70174686
22.8310891041
23.7448114184
25.0939515899
24.3601065144
23.6069553345
23.7281923499
25.9265669354
26.5020501256
27.0251214283
24.1137784407
21.9466845416
10.3130945799
7.1754930059
7.14771037378
12.5699672067
10.269594603
6.37670918196
6.51744313052
6.70342690671
8.3447187929
6.674801562
12.9447197047
13.4473043765
12.8820293546
10.5801768802
8.50392891103
8.47739623446
10.2480736517
10.0019525259
9.39945946745
9.50557900253
9.97236500126
10.7522426048
11.4737621103
12.8371600503
14.0639370785
13.9029901591
16.3028617813
14.8381698627
17.2770280195
15.7106288423
17.5354810242
15.2238712626
14.2378514388
13.5459782528
13.3845291566
13.4967078331
13.7105856211
13.9559572051
14.1663433031
14.3503074163
14.5479173826
14.7682902215
14.9905072113
15.182864763
15.3140558962
15.3697167175
15.35993085
15.3090883708
15.2332633763
15.1242905577
14.9509079197
14.6655875241
14.2185768792
13.5941397168
12.8412296622
12.0507013004
11.271906936
10.4445040341
9.51957668992
8.85405131499
9.07536605567
10.1223790104
11.3292053261
12.3476316739
13.1679037877
16.1948397511
24.1102170542
25.8162098473
25.9901829183
26.7958757656
27.9511396373
27.6019891365
26.5240392704
26.222723765
27.0687811549
28.1045944163
27.8305540772
27.1371278083
26.0539380936
24.6266875044
9.46188466216
7.32863474759
8.34926598397
12.5558741773
7.6611273448
7.38873022759
7.09720097569
7.34584624501
11.1101212079
9.59939436908
13.7712142554
13.6355814669
12.8463483221
9.53158422057
8.36576668473
10.3165105023
10.5232909998
9.63165566734
9.33255882724
9.69138004217
10.0935701408
10.8143655294
11.3843504681
13.0227578425
15.4947670751
13.7144842647
16.1847477998
17.3007429931
17.5169570745
17.8046328389
16.0287641645
15.8750008287
13.6770774727
13.3805708921
13.5185147671
13.6674420035
13.8555562076
14.0867212508
14.3205691612
14.544706555
14.7704996695
15.0010054472
15.2229914051
15.411407261
15.5401389989
15.6022169998
15.6176466351
15.6122581092
15.5943074863
15.5480251129
15.4350867774
15.198996323
14.7902448896
14.2134105723
13.5362366582
12.8166107043
11.9796117801
10.8048618663
9.40529942108
8.7962434429
9.81346805521
11.6678181624
13.250531346
14.4309007183
15.2847951479
15.258730502
16.3136490614
27.5775914055
30.4448275802
31.6835107938
31.6574735881
30.2238744216
29.2033028996
29.3212780033
30.2618862112
30.3932125626
29.9802824029
29.5575703014
29.8015352924
29.9277117779
9.07321052773
7.94664042256
12.069030858
12.4762609437
7.34250054401
8.06847957165
7.64368998165
8.39056715851
10.2752308264
13.3819182463
14.4574462057
13.7718298585
12.9256875416
9.22742488182
8.43620684651
10.9255924719
10.5141298395
9.50458813769
9.33920347016
9.84298254823
10.5653962613
11.1408865693
11.5759182334
12.5632331917
15.6226249568
16.7735805592
15.3842196745
17.4723220832
15.4926433531
17.8538239853
17.8297467555
15.6913148759
13.5255063499
13.4696714802
13.6870628117
13.8486052335
14.0214949461
14.2359583893
14.4742383563
14.7363563492
15.0042338976
15.2541357843
15.4799877475
15.6676001489
15.7967240569
15.869312247
15.9145898962
15.9592029327
16.0043746795
16.026783283
15.9814381012
15.8046698749
15.4509044835
14.9433978962
14.3463445567
13.6217446832
12.4274710633
10.4898113952
8.8979751262
9.10144181295
11.4135160576
14.0050271126
15.7928876274
17.0147703985
17.6418991576
17.514242189
16.8846177045
18.5616895319
32.1154536819
37.4040747611
36.1730546674
33.7442106842
32.7419702237
32.9649867708
33.4517714295
33.4977620141
33.5615951344
33.8967430374
34.375077111
34.9897054447
9.08936548757
8.65975027639
13.6185845409
12.8997945499
10.6340629438
9.18698168682
8.375261707
9.93349022974
9.38416202866
14.30695302
14.946600951
13.9591554827
12.7675732287
9.57328458081
9.20779835348
11.4428384157
10.4109301221
9.49456810661
9.44330758307
9.87890016306
10.7647007636
11.5752834801
13.5350091041
12.7058279727
14.9925644412
17.1585179025
15.0102701435
17.79231117
18.278759306
16.3994326905
16.3425189452
14.1747840766
13.8585542994
13.7907443939
13.9036973628
14.0586908915
14.221276239
14.4198993452
14.6370362536
14.9105187067
15.234123042
15.5325409199
15.7681762887
15.9523137564
16.0848817644
16.1741445311
16.2540563711
16.350610106
16.4598958749
16.5529215234
16.5777923493
16.4705242221
16.1977857427
15.78270678
15.2307661438
14.2350688224
12.0966544396
9.54056818894
8.59030850473
10.3373760416
14.1952231671
17.2355470977
19.0413898477
20.4170383604
21.0349366272
20.7384450197
19.8642734638
18.5677346941
28.3484501683
38.5227580872
41.3066425507
38.4587435922
37.388836551
37.4620088146
37.6868178246
37.6338242083
38.2291155717
38.8111773041
38.6103340657
38.7551915673
9.46538224767
9.19690493446
13.2026165535
13.1826246727
13.1147670449
10.0843372674
9.2429965526
13.0494966492
9.44646010258
15.1448130942
15.315248223
14.1629434675
12.6321748184
9.97509543884
12.454314332
12.5478253712
10.4397298974
9.62355680069
9.67840408788
10.0365534789
10.7297003682
11.5144167905
15.0927702009
16.1051039514
14.2108343943
17.2610414513
18.025164705
17.1928386567
18.2522783769
18.2207957014
16.9194133354
14.1104440282
14.0461638242
14.1087174926
14.1680623995
14.2848074091
14.4184795965
14.6330084296
14.8669197259
15.1097022632
15.443668121
15.8041282629
16.0848099592
16.2745274429
16.4091841493
16.5197711391
16.6394642435
16.7874448788
16.9550967209
17.1098186729
17.1990204125
17.1740864957
17.0186557236
16.7038669042
16.0538628335
14.236206314
10.7975461158
8.19453226746
8.79386028061
13.0843873039
18.2996563331
21.479540735
23.0133938534
24.9001939842
25.0965026416
23.9899197041
22.5086927435
20.8451332412
24.8772909945
35.9267163067
42.914108446
43.8658138205
41.76484344
41.9378359901
42.0709223664
42.512984764
43.3729316303
43.8275192686
43.6872946305
43.8216590894
9.89770495827
9.7445165533
9.46821954369
13.388026788
13.480613547
10.5967618604
10.0462475577
13.8651493616
9.84685792434
15.9747262286
15.6263359519
14.3741766529
12.6259987548
10.12836494
13.6589582155
12.8735683206
10.6514411686
9.90858955844
9.98263887679
10.3725003633
10.8197019417
11.4307470525
15.7171233328
17.0927847338
14.4414989895
17.3814868799
18.5486604828
16.1571207406
17.8660066612
17.4900643219
14.6874200354
14.4676085195
14.4698296261
14.4552992477
14.448133357
14.5726583939
14.6876375473
14.8191395299
15.0809940423
15.3720250825
15.6934189468
16.071178721
16.4032851428
16.6268209879
16.7768170541
16.9133437938
17.0739703539
17.2650783015
17.4796455478
17.679932935
17.8042026099
17.8756762588
17.8854538558
17.6748958089
16.5912956395
12.9393608805
8.10558356685
7.05465578982
11.5102626018
18.3057243234
24.4077563634
26.6226091808
24.9279796693
22.8507262996
19.9174592535
18.1899182616
17.7233306188
17.0256221912
15.2873421115
16.8829312791
42.3968942411
46.0173691352
45.7906471203
44.79583991
44.9855370381
47.5871699326
48.5872185072
49.0423078035
50.0715902189
50.6533331985
10.496716069
10.5514092821
13.9616207882
13.8684106745
13.7329648677
11.0022255763
10.9779971399
14.4840260848
10.6819655196
16.6571926083
15.8982650195
14.5893344249
12.6761396499
10.3938932028
13.8270062534
12.8024366602
10.8715600292
10.2352638548
10.2885730351
10.6316819078
11.054011185
11.530527725
14.8522418666
17.8633866273
17.9598968244
16.4258340199
18.7218833232
19.3176985041
15.7663056283
14.8679080126
14.5248761629
14.6369146325
14.7219730144
14.750921283
14.7999712427
14.8547237238
14.9607388898
15.1152171437
15.2948120806
15.6147323538
15.9853461604
16.3735542309
16.7297688734
16.9934616895
17.1860159467
17.3576344699
17.5547492007
17.7992621573
18.0506630525
18.2282085386
18.3356233258
18.5125040381
18.7193846395
18.5235110645
16.2234191844
9.70078789116
5.87489708
10.590998873
17.8024171091
24.2857308094
25.7690751566
19.3002036637
6.90601251323
0.000126392771122
9.88648005705e-05
0.000240021001423
0.00161793131773
0.00757829996201
0.0279942778881
0.177899261168
0.139291150243
12.0842645955
49.5006366325
51.951000064
46.9377005441
50.601644602
53.2025966225
55.8823392102
58.2098972277
58.5482251686
11.0274550305
11.2057494636
15.4775885709
14.2955836455
13.5030597471
11.4385649455
11.9144485809
14.9233195142
14.9229956634
17.4597404741
16.193926543
14.8672212036
12.7616435498
10.8123395581
13.9968670937
12.6895199565
11.1128151729
10.5772819248
10.5753014182
10.8506060455
11.2630352652
11.8402266091
14.0816296145
18.094457292
19.3603584946
15.6553445647
18.2868266483
19.1834813166
18.4288573911
15.5780033016
14.6738251328
14.8352889161
15.030899728
15.1506042052
15.0709822864
15.1515841888
15.2208433455
15.3899629376
15.5790884918
15.8708373407
16.2817604316
16.7124147706
17.072288045
17.3489407927
17.6059365102
17.9025204606
18.2007577332
18.4747626105
18.6255209861
18.715057742
18.838110069
19.0333429043
19.4584990241
19.187596897
13.1147780631
5.22943870023
8.4007561417
14.3490765397
16.4209988502
2.39550901272
0.00194630045091
3.24758881933e-06
2.289240263e-07
0
0
0
0
0
0
0
0
3.18394281003e-11
1.07387799464e-08
1.60629258438e-06
0.000931919517363
1.30166285697
57.8339145444
59.30604143
63.2171831059
64.9778723351
11.441950192
11.6468066694
17.7508503071
14.5648179301
12.9294597493
11.8377658107
12.5545259642
14.6779937799
16.4792381329
18.3866033407
16.6235232187
15.2514478048
13.0630202302
11.5590491452
14.3784546469
12.7475154975
11.4553592214
10.9832418156
10.902088893
11.1028797538
11.4527313679
11.9999305716
13.7331341272
17.9449575604
20.3141040519
19.3067397133
17.5713335595
18.4894891847
17.831450376
14.9442686329
15.1328650791
15.3552597665
15.6495996429
15.6025424784
15.5369179424
15.4480171419
15.5623496637
15.6639716458
15.8769884709
16.1679744352
16.5630758426
17.0401826488
17.5146733611
17.8212764868
18.133913803
18.557410427
18.9903957665
19.2827147449
19.3749996217
19.4431590574
19.5451321485
19.6199762468
19.4574523882
18.296637041
9.32632442725
4.87075395125
0.667159779181
0.0269771860707
0.000367825811047
1.00867833833e-06
0
0
0
0
0
0
0
0
0
0
0
0
0
4.10250994704e-10
4.07673583187e-09
8.93708824506e-08
4.33347050771e-06
0.0240647561008
75.4591741132
15.5639714043
11.7490745337
11.940010223
19.9072828101
14.7249688499
12.6888378697
12.2239813059
13.3410657813
13.5428722601
17.4308795804
19.034144991
17.0485994146
15.6509364771
13.5856719498
13.6962212378
14.9064166443
13.0630081566
12.0114615035
11.6136411841
11.3380020343
11.4467606602
11.699277487
12.1794375285
13.6242894833
17.8071297768
20.677020085
20.9717365822
16.5370698402
16.7518333158
15.5807240156
15.0342982256
15.3258906559
15.8819259455
16.1310317818
16.0532886424
15.9772786321
16.0979960478
15.9335196622
16.0075923147
16.1806284138
16.435617024
16.9330831651
17.4651277444
17.956004128
18.2171205738
18.6315774936
20.4678822991
23.0223041954
23.8132581673
22.1154079501
21.8599093721
21.9817266106
22.0497575468
21.3353815725
18.7047159534
18.3667465046
7.27854073121e-08
7.35505557709e-05
1.20014237759e-06
0
0
0
0
0
0
0
0
0
0
0
0
0
0
0
0
0
0
6.33824924838e-09
4.29215770238e-08
7.91509466191e-06
52.4172714693
12.0479277566
12.2098789466
19.5851591893
13.6889184258
12.6233962622
12.5426150588
14.2305992025
13.1921567612
18.2076469727
19.6593377362
17.4704854842
16.0344068814
13.9638998642
16.193278596
15.6844475284
13.5895279727
12.6679212085
12.7316085595
12.0028696397
11.9654248367
12.0523372337
12.3743965454
13.6824847289
17.6528355718
20.5114378894
22.0881374306
20.1528695755
18.7136124564
17.3616061629
15.3749043984
15.6505045629
16.7088942368
16.4076796223
16.4553490796
16.9282536806
16.5691286101
16.4186918197
16.4692128048
16.6334203283
16.863873796
17.1890681575
17.7844807584
18.4928057945
19.6573749851
21.3855347063
23.84115276
25.6862857989
25.6308199118
25.8272090496
27.1739097528
29.1826211016
31.9994852319
31.5090897201
30.1996935884
5.8732668009
0.0797702205578
0
0
0
0
0
0
0
0
0
0
0
0
0
0
0
0
0
0
0
0
0
0
1.95026907596e-08
80.003033902
12.4510799393
12.6010797325
19.0309393525
12.9559749435
12.7577622139
12.7830314956
14.9593990181
13.4541639197
18.8230231276
20.2697016032
17.9005053701
16.4426076995
14.2932101419
16.7880195409
16.3891416759
14.1905078613
13.304369539
13.5324085278
12.821101197
12.7166674861
12.6382294035
12.5713408037
13.9186013348
17.6164702905
20.1989783835
22.4433816405
21.4044950191
18.9137937777
15.7666168078
15.9138665582
16.3140449538
17.3219187261
17.6444043085
17.7526362348
17.7279970471
17.0999657256
16.9526385196
17.0367946551
17.1817591565
17.424639108
17.7203891899
18.39047713
19.6559044866
21.9963504393
23.5434650595
23.8261681386
24.8659810259
25.8707102996
29.4943194584
33.7930509457
40.3104499239
44.093568674
43.4471920141
10.2140744141
0.0209495926217
0.000507229936146
1.70259872196e-06
0
0
0
0
0
0
0
0
0
0
0
0
0
0
0
0
0
0
0
0
0
3.27749277532e-09
4.33642230112e-09
13.1209913437
13.2755483949
18.4054608256
12.9739969885
13.2273299632
13.1361362791
14.6264296457
14.1163012468
19.185370347
20.8335631945
18.3708680059
16.9113368696
14.7743378222
17.3509137373
17.046760842
14.9320687023
14.0324632928
14.3297768804
13.599755239
13.6224670747
13.5595265118
12.9543791251
14.3756792464
17.7417698875
20.044263917
22.5365765562
21.8470097481
19.2323506415
15.9748362243
16.0403354081
17.1294965383
17.0591214993
17.1528312241
17.6066344371
18.6812176488
18.0741360737
17.8387014089
17.6450976824
17.7282022105
18.0803443588
18.5071859232
19.2399780604
21.9648970816
24.5503797396
24.5787582327
24.7530200601
26.4181654712
31.4643394999
38.0040994936
43.5473764724
48.391340585
41.1282713318
0.0876109991377
2.87247713351e-05
1.80232535439e-07
3.65316743242e-07
5.60990199014e-08
0
0
0
0
0
0
0
0
0
0
0
0
0
0
0
0
0
0
0
0
0
2.42249109863e-10
1.09998202576e-09
14.1888479501
14.2755102849
18.3743106792
13.7697357103
14.383361182
13.8751709805
14.5948841276
15.5523222302
18.9241386401
21.1821237604
18.9159552741
17.4650986983
15.383297284
17.994221791
17.7379137529
15.8688315742
14.9921144703
15.3176212131
14.377703714
14.6457675017
14.8641918227
13.63440628
14.8491477365
18.0176275834
20.0652366786
22.3077815899
22.0187536555
19.579417119
18.6427292869
16.9604873922
17.6119857881
18.3321618345
19.3080630896
18.0601766012
18.4168063289
19.1946147612
18.7251100226
18.7572431168
18.6259343011
18.7620667497
19.297194353
21.7341141479
25.6662420274
26.5544458627
25.9821804141
27.571647214
33.8337693952
42.4192275513
48.1586045851
46.9236978943
23.179215015
0.000299467339671
2.04905425799e-06
0
0
0
0
0
0
0
0
0
0
0
0
0
0
0
0
0
0
0
0
0
0
0
0
0
0
0
15.7525955873
15.5097227107
18.8629823287
15.7373380578
16.4606932859
15.0440207278
15.3422826095
17.7075909887
18.8575120773
21.647643379
19.6030496426
18.1194991831
16.1028980788
18.6713673241
18.4230507806
16.9237909472
16.5515878434
16.6645452051
15.2388318892
15.8047953455
16.5275675804
14.7201342937
15.1286328028
18.349437054
20.2587146545
22.0528419743
22.172187681
19.5083346218
19.8230630954
18.6705134056
18.8487271814
17.4477028372
18.2343081461
19.6393857079
19.3001838036
19.5671579803
19.636553572
19.6011643405
19.7729676
19.8553528279
21.4179493656
26.1320862306
28.8959269108
28.8922412981
29.5512179452
34.4874707231
43.6754154357
49.4611012723
38.4435125811
0.286246182874
0.000500418744608
2.29135362653e-06
0
0
0
0
0
0
0
0
0
0
0
0
0
0
0
0
0
0
0
0
0
0
0
0
0
0
0
0
17.4500292219
16.6539345483
19.4504603092
18.5005424874
18.1432215694
16.4619893957
16.1907770865
18.7791153409
17.4542035197
21.9613606504
20.4192036579
18.8677755023
16.9266141681
19.3656917746
19.0565930049
17.7835814991
18.9395569913
18.3146507708
16.2349594094
17.158545867
17.9009327791
16.1684609861
14.962784256
18.2300818273
20.3599992597
21.8230129448
22.1712933516
19.4811831457
20.0432801439
19.9786128247
20.0151454813
18.1001403612
18.6561789301
19.0555356566
20.2170590668
20.781124851
20.8225532863
20.6782353737
20.7202574809
21.6870326375
26.0783451544
30.6279225222
32.2995185749
32.911377036
35.6568782017
42.140050916
44.9009840458
29.0869489349
0.770742643264
0.00111581258812
3.90779094261e-06
0
0
0
0
0
0
0
0
0
0
0
0
0
0
0
0
0
0
0
0
0
0
0
0
0
0
0
0
0
18.1827743361
17.4530348992
19.780031263
19.4343814585
19.0969943475
17.8426392834
17.2933791315
20.1260290259
18.3741794456
22.4077617181
21.2404930638
19.6692264512
17.846399335
20.097405868
19.7198315486
18.5113720666
19.8215283251
19.3076299655
17.2310428431
18.5408072096
18.5057428546
16.7725037467
16.0988930976
16.2679520562
19.8195332419
21.2498465228
21.8878482644
19.3997813832
20.0108491228
20.3905089446
20.895545963
20.270974142
18.4206955262
18.8827491289
20.3105626942
21.5770681494
22.1240560015
22.3290201321
22.3622421451
25.935557725
31.3641520194
34.8183610111
35.9782068081
37.2767614791
40.795933091
39.3141955835
25.3591543921
4.07172129794
0.00366780773833
1.04461063246e-05
0
0
0
0
0
0
0
0
0
0
0
0
0
0
0
0
0
0
0
0
0
0
0
0
0
0
0
0
0
0
18.1130453871
17.9917021905
19.9944205191
19.5289303161
19.7153046869
18.9329158957
18.2713120227
21.4435710328
20.0930530076
23.0110038354
22.1186305893
20.5069669236
18.8536659364
20.8801586755
20.4619875795
19.4024245357
20.5271448063
20.1782299945
18.3267982723
19.4872145464
17.6539896367
17.3935016195
17.0688511521
17.452337728
18.385861342
19.1957247552
20.9678176753
19.2585802798
19.2775871892
20.2945396312
21.2413390057
21.5977344053
20.0514736888
19.5631745053
20.1447334522
21.3272663687
22.7726991285
24.0318027057
25.595657566
31.0425549411
35.9149413237
38.3756064606
38.7325649122
38.9744549975
34.207904351
27.128857796
18.4776337351
0.0127403345237
2.85395411374e-05
0
0
0
0
0
0
0
0
0
0
0
0
0
0
0
0
0
0
0
0
0
0
0
0
0
0
0
0
0
0
0
18.2915042869
18.3879902951
20.2235609761
18.2047462226
19.9425563521
19.5072609591
18.9304191051
21.940852613
20.8410690218
23.6674898613
23.0609221333
21.3606675591
19.9622942164
21.7017843582
21.2548479359
20.4389816988
21.278023756
21.1623205266
19.5410649532
20.8188891363
18.956486147
19.173431503
18.2817108424
18.6722193573
20.4269251636
21.0103710173
20.5581527421
19.0774358585
18.5774435442
20.2059069847
21.2095895703
21.7379891866
21.7107812745
20.5955636494
21.9203891459
22.0521027925
23.3278181125
25.7178177441
29.7325483469
35.7497509623
39.6800563128
40.8473626383
38.5295667437
31.2873380841
29.1840040575
26.0944433622
0.106907486543
0.000243380124397
0
0
0
0
0
0
0
0
0
0
0
0
0
0
0
0
0
0
0
0
0
0
0
0
0
0
0
0
0
0
0
0
18.9819195599
19.0560623784
20.4294889453
18.5755695286
20.123722701
19.7837262678
19.4008246045
22.0153382013
21.3866913283
24.1398234611
24.0180699157
22.1810978901
21.1702178864
22.5237279298
22.0275610686
21.456130204
21.9882128565
22.2453929725
20.8096126267
22.1339247558
20.7373746878
21.3857370409
21.0182739566
19.3943774713
20.9226844705
22.0109406471
22.0859710946
18.9514105288
17.7593229761
20.090455176
21.3244530204
20.9995976116
21.0906588544
20.8236636864
21.8794782267
22.4396601927
24.0489863848
27.5352787447
33.8771450198
40.1659811646
42.9102025096
41.5722687832
32.2945112804
29.8384321662
29.2006253773
1.2155458766
0.0016959683863
6.87718951239e-06
0
0
0
0
0
0
0
0
0
0
0
0
0
0
0
0
0
0
0
0
0
0
0
0
0
0
0
0
0
0
0
0
19.8643823804
21.1997023445
20.7631373367
19.5894004351
20.6144535076
20.1199854407
19.8597452621
22.0734171929
21.9059888665
24.235260012
24.9803866771
22.9400502692
22.2476884244
23.1596960623
22.7842863704
22.1956597038
22.0312215827
23.2480203008
22.1969273563
23.2714643858
22.8306333762
22.6045530217
22.3217645349
21.8483493579
20.8443592727
21.7447795505
23.0266125444
18.040565158
17.2271782823
19.1928811114
21.3108328389
21.7238922538
22.2298607842
20.782264597
21.5844801161
22.6460677764
24.397691953
29.2159084303
37.7897829508
44.2075003068
45.5758131523
37.7108294818
31.6047933614
32.6336475256
24.2784209943
0.0114954275667
2.9339096106e-05
0
0
0
0
0
0
0
0
0
0
0
0
0
0
0
0
0
0
0
0
0
0
0
0
0
0
0
0
0
0
0
0
0
20.5211083587
21.8870023817
21.4297064226
20.498486103
21.2991631669
20.6701098176
20.3958338861
22.2302642844
22.4301901778
24.0447331563
25.8560766049
23.7165821295
22.8614651962
23.684486997
23.6638673589
22.8727431803
22.0645621779
23.9484839359
23.700891891
24.2562741118
24.1160683316
24.1684071236
22.4324921046
22.3973859456
21.8281568868
23.5314491915
24.3601618103
20.6366341121
16.7863380955
18.0425797681
20.6556510601
22.0283180792
22.1871439305
21.3964826074
21.0965621962
22.6530353582
24.3037332121
30.5317024025
41.3579914176
48.2173514741
45.1362290597
32.4680365078
33.4959648236
32.9672287966
0.394131448601
0.000338947415121
1.13905580603e-06
0
0
0
0
0
0
0
0
0
0
0
0
0
0
0
0
0
0
0
0
0
0
0
0
0
0
0
0
0
0
0
0
0
21.0234352367
22.2454361967
22.0323375417
21.1241284414
21.9901647003
21.3933473586
21.0226774861
22.5740107625
23.02556977
23.4545121014
26.448976088
24.5929631335
23.3033150028
23.5197672772
24.5981677865
23.7299589964
22.5804422257
24.5333103821
24.4573166985
25.0491366881
25.045941353
25.328553985
25.300469649
25.1812135373
24.6637319206
24.1100763275
25.5403807227
22.6525762661
16.8153719462
17.147894007
18.4707973648
20.7806762354
22.1593087477
23.2246638609
21.8556030834
21.8743138547
23.5857109631
30.7494676345
44.5762843986
51.0351518017
42.6411208472
34.5083686451
35.9751911158
26.4286426472
0.00485640762407
1.32783618377e-05
0
0
0
0
0
0
0
0
0
0
0
0
0
0
0
0
0
0
0
0
0
0
0
0
0
0
0
0
0
0
0
0
0
0
21.5259250592
22.5816743475
22.5467465226
21.5753906324
22.60876669
22.2458378877
21.6683764159
23.0554338013
23.843086598
22.703315737
26.7720878925
25.5782204459
23.9787966561
22.8909958915
25.400578854
24.666013172
23.4949413106
25.3041965983
24.9997617744
25.3484053227
26.0766679603
24.8990073777
26.5820701307
26.9557675563
26.7478185381
26.7109455408
27.0692097638
25.7652482556
19.4597998241
16.7606021828
17.4921728403
18.4780975319
20.4831699352
21.4670181524
23.4969019887
22.4082054072
22.952979075
27.7798518717
49.0629387306
52.4852366987
36.9078382403
36.8830563552
36.5516125688
0.468576191437
0.000164769156547
0
0
0
0
0
0
0
0
0
0
0
0
0
0
0
0
0
0
0
0
0
0
0
0
0
0
0
0
0
0
0
0
0
0
0
22.0174174437
22.8999343196
22.5594605335
21.9249543292
23.1289942875
23.0490491517
22.2258256919
23.0065186521
24.9209994136
23.7470203916
26.9466466973
26.6181675127
24.9338137775
23.6294142246
26.1510202911
25.587617209
24.7560161453
26.3200890002
25.8852328978
25.0373372002
27.1841352688
26.3820466463
27.5940819263
27.8978390967
28.1173955612
28.5643773781
29.0734179241
28.9026958552
25.8631507911
17.7825669429
17.3280474314
18.031231705
20.4924980299
20.496008594
21.8401903342
23.3732697003
24.0420051757
24.179775074
46.9414204937
49.9628893444
37.9361066996
37.094289754
32.6405423466
0.00824317908889
1.35648840214e-05
0
0
0
0
0
0
0
0
0
0
0
0
0
0
0
0
0
0
0
0
0
0
0
0
0
0
0
0
0
0
0
0
0
0
0
22.4550719638
23.1685583728
22.4598247751
22.4591357645
23.6537021359
23.5470451954
22.765312857
22.8246216699
25.4235835466
24.8571446704
26.7186470131
27.6624975052
25.9464264364
25.0094556737
26.8969383755
26.4631161707
26.1916289345
27.2334847294
27.1379294556
26.2591199364
28.1421483941
27.9765795946
28.6802069311
28.4977671402
29.6613203748
29.9441977218
30.9511970757
31.8087131721
32.1195060412
26.711209367
18.6267970409
19.7357227024
18.8913126723
21.4210665644
22.4973923398
23.2001745497
24.0790586432
24.6607400348
22.3966808982
42.7413923024
39.3602540082
35.1513891487
1.76183119214
0.000337354375778
4.13209178706e-07
0
0
0
0
0
0
0
0
0
0
0
0
0
0
0
0
0
0
0
0
0
0
0
0
0
0
0
0
0
0
0
0
0
0
0
22.9108200451
23.0558585019
23.2544178342
23.8349909778
24.2895324721
24.0719477588
23.4374894942
23.2813855616
25.347063502
25.6055148569
26.3834894835
28.5541434769
26.9015701412
26.1648541632
27.4009711816
27.3679363209
26.8313141975
27.7344496583
28.369371748
27.9202005065
29.0565047062
29.0964531373
29.5430653081
30.2981283053
30.9137542278
30.2681067885
32.0246120093
33.2016683097
34.4775966494
35.5854808073
29.4439430464
20.6389942753
20.4181237549
20.2168737811
20.6543970433
21.202099493
21.4451430617
21.2778531658
19.2401499519
22.3779893203
37.3952449079
31.1073388188
0.0314959075179
2.52118093669e-05
0
0
0
0
0
0
0
0
0
0
0
0
0
0
0
0
0
0
0
0
0
0
0
0
0
0
0
0
0
0
0
0
0
0
0
0
23.3929191302
23.4580055423
25.1423812169
25.0215488629
24.8368742589
24.5783822558
24.2147131243
23.9883005904
25.5436545706
26.4504258177
25.6738406037
28.894555374
27.9158744359
26.6741221409
27.0933033972
28.3616640859
27.4157515549
26.9714772178
29.2245276406
28.7852619442
29.6592057418
30.4022024018
29.3127526204
31.6767722264
32.0957357767
32.7962569498
33.4917469661
34.3256195387
35.7532494159
37.2769327811
38.2598209402
33.1020961397
26.4123563333
21.2837122167
19.7255231717
19.3282326471
20.3991506347
20.6993503633
20.8268074558
26.2178049564
37.9581409748
22.642085265
0.00122655795599
3.18734401763e-06
0
0
0
0
0
0
0
0
0
0
0
0
0
0
0
0
0
0
0
0
0
0
0
0
0
0
0
0
0
0
0
0
0
0
0
9.66893920873e-11
23.7777660069
23.978050346
24.220692238
25.1726369606
25.1021759983
24.988635514
24.9672577975
24.5792829092
25.8497200419
27.1784273572
26.271840588
28.5927545168
29.1456188916
27.4560025694
26.5210080258
29.1054327481
28.4124775122
27.6964347885
29.7901951332
29.6071046363
29.1349462437
31.7606549469
31.0872008068
32.3802169697
32.7159714323
34.3288884579
34.7492918113
35.5274078127
36.8637676054
38.2771116186
39.2786383361
41.2563603988
38.8943421894
34.9454225937
32.551869897
31.9291919852
31.7992731988
31.403372368
32.8054048451
40.068629439
39.1569390118
0.323177493125
0.000102691989788
0
0
0
0
0
0
0
0
0
0
0
0
0
0
0
0
0
0
0
0
0
0
0
0
0
0
0
0
0
0
0
0
0
0
0
0
2.42249109863e-10
24.1004306501
24.3498419527
24.2061590606
25.2313751336
25.5601438395
25.4404730588
25.4834283038
24.9821865365
25.5782163274
27.4842759093
27.0464466252
27.8966163615
30.2879193002
28.6549231316
27.772382692
29.5052232803
29.5812222817
28.9047846741
30.169598279
30.8886040784
30.4523226138
32.3969418883
32.4344921943
33.0782968252
34.2854446027
35.0521926356
36.0062375093
37.0902551513
37.9734938195
39.5845362684
40.1261684704
42.5340608963
43.7013777769
45.4997193309
44.1140564928
43.759310632
43.2359338961
44.84951425
48.0298012836
45.5486428857
38.4098903823
0.00884150714779
1.3876799635e-05
0
0
0
0
0
0
0
0
0
0
0
0
0
0
0
0
0
0
0
0
0
0
0
0
0
0
0
0
0
0
0
0
0
0
0
2.42249109863e-10
2.42249109863e-10
24.4787975227
24.7552807042
25.2723803018
26.2700056837
26.3584709616
25.9650269511
25.8351305787
25.3383767286
25.4686202266
27.3034503501
27.8916389001
26.8336161568
30.0855899764
30.0334368925
28.6094517911
28.9574906804
30.6940947077
29.7713004501
29.5106776383
31.7251226438
31.4852764516
32.8128425153
33.8217599068
32.9189195179
35.1916047714
35.0392720712
37.5048266942
37.8602152759
38.5628279319
40.5112626676
41.7515228716
42.9596823017
44.057025926
45.6555691109
46.4425045178
46.4405856501
47.2353768046
49.3563674756
50.9469758742
46.1592470029
39.1972036973
0.00029190134883
1.93142221467e-06
0
0
0
0
0
0
0
0
0
0
0
0
0
0
0
0
0
0
0
0
0
0
0
0
0
0
0
0
0
0
0
0
0
0
1.18232671844e-10
2.42249109863e-10
2.42249109863e-10
24.868057649
25.0960607261
26.3129865262
27.4698716966
26.798872422
26.3641636768
26.1537726211
25.7524648095
25.6688741057
27.174442629
28.4330812872
27.8836186848
29.027633726
31.5014803651
29.7336355042
28.9314325582
31.3150568065
30.9937446498
30.3674223086
32.2567710413
32.5951302436
32.4841043489
34.8422342233
34.5185896959
35.8527642063
36.8293006607
37.8241743628
38.3524278542
39.5846693413
40.5562855449
41.8225497574
42.8529728155
43.8861163072
45.3806452998
46.5971967564
47.5021261977
48.2634837803
49.3760951681
50.1993942676
44.6821660831
24.1030886118
4.98242110797e-05
0
0
0
0
0
0
0
0
0
0
0
0
0
0
0
0
0
0
0
0
0
0
0
0
0
0
0
0
0
0
0
0
0
0
1.4719254613e-10
2.42249109863e-10
3.88390774911e-09
4.09824337467e-09
25.2508494859
25.3855562434
26.1491341049
26.9370098341
26.9161155918
26.6080515597
26.4114259817
26.210316706
25.8690478418
26.6374662409
28.2934187219
28.797293489
27.8325675561
31.012234426
31.2648075917
29.7855030727
30.4956791286
32.1369112202
31.3250288378
31.6241771035
33.7056417474
33.3491502738
35.1449003528
36.0426163314
35.1142454209
37.4152839238
38.2488793992
39.5131724834
39.9089026098
40.553940216
42.4648430077
43.2397235055
44.3000774733
45.5388433368
46.0740787735
47.6508138842
48.4895561005
49.7815774159
50.6264173948
47.3117968546
0.0259340403554
1.53105533619e-05
0
0
0
0
0
0
0
0
0
0
0
0
0
0
0
0
0
0
0
0
0
0
0
0
0
0
0
0
0
0
0
0
0
0
0
3.0147717928e-09
1.01762105327e-08
1.51668601724e-08
25.671194332
25.7370484014
26.3277867307
25.2925365326
26.6228148652
26.7449192731
26.5899007455
26.5282230363
25.9519405074
26.2416188407
27.8915914612
29.3155727188
29.080901709
29.7372928568
32.359414801
31.2345301186
30.4553648469
32.8158031727
32.9240048223
32.0378102655
34.3669619263
34.7815727269
34.5245811392
36.3619000998
36.6183200538
37.6023004979
39.1296786796
39.7649711221
40.7451002396
41.7031955859
42.7474800326
43.5063565896
44.7461044865
45.9409200142
46.9308925984
47.5698738651
49.2311063774
51.1774363398
51.5334942471
43.7349406494
0.000345599127699
4.54101728184e-06
0
0
0
0
0
0
0
0
0
0
0
0
0
0
0
0
0
0
0
0
0
0
0
0
0
0
0
0
0
0
0
0
0
0
1.37256814277e-09
4.91717329749e-09
6.91307245936e-08
0.000468777028601
25.9400238794
26.0143560741
27.0880047094
26.1027408277
26.5423339697
26.7938661159
26.7084343971
26.6311233432
26.1411659663
26.1044524273
27.0888486948
28.8997146455
30.1306271887
29.8110085349
31.3916335326
33.0868334413
31.5949457983
31.1144541532
33.9314923017
32.9968462414
32.8550811714
35.4037189674
35.2354973275
36.5542450689
37.4478890405
37.6222980748
39.2113152398
40.085688206
41.3256113099
41.6681563434
42.8101510064
44.5338197311
45.9188138883
46.7963958586
47.8005110728
49.2624691564
50.1023113471
50.1382768763
51.6816412141
37.0188016872
5.1296467306e-06
1.21062836258e-07
0
0
0
0
0
0
0
0
0
0
0
0
0
0
0
0
0
0
0
0
0
0
0
0
0
0
0
0
0
0
0
0
0
8.66085433264e-10
2.87896985327e-09
2.76215378648e-07
8.00667077335e-05
96.6741021498
25.9022044964
25.9729983533
26.968935334
27.172541222
26.0527673913
26.7632995205
26.8317240803
26.8053586379
26.63558694
26.1945756558
26.5028743183
28.1696444017
29.8735468871
30.6835800837
30.2043003596
33.0677027899
33.6002982226
32.0026803384
33.8523324231
34.4562250873
33.6235354705
35.5321567525
36.3177289559
36.8935635653
37.9311495632
38.9435807733
39.4595457073
41.2190251371
41.412016173
41.6325163901
44.0352327302
45.3920836481
46.5841827264
47.1800655673
48.9167535764
49.7411651516
50.6621051065
50.6760646141
54.6487349162
35.3750503602
9.4612198354e-06
8.31809029813e-09
0
0
0
0
0
0
0
0
0
0
0
0
0
0
0
0
0
0
0
0
0
0
0
0
0
0
0
0
0
0
0
0
0
2.78339077535e-09
3.44677178681e-07
7.92634624997e-05
2.97660126893
83.9569222641
25.9205564528
25.9705024262
26.0464695068
27.5829027126
26.2528035257
26.8196909572
27.0698234672
27.0883952253
27.141146508
26.5531933873
26.6105922004
27.0181438779
29.1352774891
30.9184555967
30.9102925321
31.0053953386
33.7281575606
33.5209782601
32.9713646821
34.890265835
35.1305861759
35.2615420889
36.8130037255
37.620421371
38.4214469411
39.2529745652
40.3590816649
41.2204550629
41.8550947508
43.1154426361
44.3254271563
45.479675794
46.7602254611
48.2686230931
50.2383218457
52.4001428945
52.3325741818
55.0458696613
59.6845544156
36.3040708121
4.85516285494e-06
2.02337692764e-08
0
0
0
0
0
0
0
0
0
0
0
0
0
0
0
0
0
0
0
0
0
0
0
0
0
0
0
0
0
0
0
0
8.66085433264e-10
2.05462557293e-07
4.62731254378e-05
0.684983142064
82.9945727483
85.3037831558
26.3867767674
26.4430473931
26.4549928982
28.3476976893
28.6703471205
27.766265453
27.6125653591
27.5163688264
27.5179131178
27.2322644397
26.8978827253
27.2513603232
28.2549374262
30.2443224077
31.7670546644
31.3219604849
32.6381831087
34.3079211826
34.039764616
33.7649009622
35.7650612805
36.3829953193
36.5976753205
38.05361104
38.9279334508
39.5233158015
40.56645738
41.4311164319
43.2315338266
44.2772081465
46.1047306829
48.2314016532
49.207731055
50.5734157761
52.4014009313
53.0170642764
54.7643965269
60.2185157963
68.1930076142
56.4689161989
2.18207437072e-06
2.02337692764e-08
0
0
0
0
0
0
0
0
0
0
0
0
0
0
0
0
0
0
0
0
0
0
0
0
0
0
0
0
0
0
0
0
4.31640124683e-08
1.41387865857e-05
0.0676094530023
81.8707298496
78.2410733697
78.5550984359
27.053380985
27.0852704568
27.524220697
28.5855262505
29.5399492907
29.1101356199
28.8031837663
28.2934490477
28.0449173409
28.0211031029
27.379166371
27.5872982391
27.6565192902
29.2141199593
31.032255282
32.333469012
32.2596475673
34.0629181422
34.9505170249
34.8068936013
34.5515279032
36.6873024204
37.4885852104
38.0978312378
39.094168929
40.4198264305
41.1628094836
43.211555599
44.3216668445
46.5857406573
47.6696318256
49.092531825
50.2059705149
51.6199680458
52.1944879689
53.1228316547
57.578937312
61.4217351352
71.3891191974
44.9721147724
1.05237211227e-07
5.4321396103e-11
0
0
0
0
0
0
0
0
0
0
0
0
0
0
0
0
0
0
0
0
0
0
0
0
0
0
0
0
0
0
0
2.16973472013e-09
2.01199133732e-06
0.00526472392318
66.3597298381
72.3201885467
70.6588290223
70.1877699739
27.4472611168
27.3419609617
27.945846645
28.0573677935
29.2881430072
30.5182141553
30.8308016392
29.5449557358
28.7657020119
28.496579551
28.2169858571
27.6287360099
28.1079103902
28.0394186682
29.5110214574
31.7123127498
32.9625081589
33.0646882669
34.7611787134
35.6271208453
35.7023100885
35.5827682499
37.6708547262
38.4996682703
39.3491189805
40.8701359838
42.4702578081
43.7599952366
45.4394986233
46.4622255819
47.2999124648
49.0846346098
51.4956048457
52.5241302554
52.4050230223
55.4261681665
55.9226972
56.0923821565
58.8766960462
0.000146799601568
0
0
0
0
0
0
0
0
0
0
0
0
0
0
0
0
0
0
0
0
0
0
0
0
0
0
0
0
0
0
0
0
0
4.18942094102e-08
0.000221149382095
10.1878252739
60.1365758282
62.8195582188
60.553163693
60.1474243636
27.630501268
27.1845916706
27.3033647165
27.5416404033
28.1423763827
30.0316452119
31.6747058923
30.4419202454
29.4656966688
28.9337684384
28.7615824398
28.1567219708
28.4522479662
28.5323777695
29.0194310393
30.0482493898
32.6704748094
33.8242128159
33.951875012
35.4757008276
36.3278493238
36.6764313647
36.7104001169
38.6079392178
40.0192452165
41.1641331109
42.4237947592
43.6628310055
45.3280130001
46.3990940903
49.3951033926
51.0676750987
52.2344238475
52.6802966066
54.1887345504
55.0461244169
55.0532171942
55.812673014
53.600930302
8.58323879444
0
0
0
0
0
0
0
0
0
0
0
0
0
0
0
0
0
0
0
0
0
0
0
0
0
0
0
0
0
0
0
0
0
3.08127594351e-06
0.0864745958139
53.0290310507
53.1894029216
51.3860657636
49.7940844253
49.430375786
27.9542489705
26.9412431575
26.8494193361
27.0589422136
27.4909854675
28.7098361619
30.507487371
30.9451577395
29.9640760271
29.3485203746
29.0307029824
28.9338238857
28.2441168079
28.8586406534
28.831144827
30.2804755987
31.4452624359
33.5735086554
34.7224082552
35.0169464962
36.1403509576
37.1955087354
37.944957071
38.4410835171
40.3304547434
41.9038160582
42.4907203587
44.6209708113
46.0084805692
49.0826030205
50.0640132212
51.0524130877
52.0408812009
53.4221146646
55.4012235918
57.7184168662
59.9182488114
60.7289607917
58.5326667243
10.3137326393
0
0
0
0
0
0
0
0
0
0
0
0
0
0
0
0
0
0
0
0
0
0
0
0
0
0
0
0
0
0
0
0
2.31871780562e-09
0.000337939380188
41.5911346818
48.2829270408
43.9505093945
41.940347505
38.6959853747
39.4138024306
28.3729883418
26.8227856504
26.5923822467
26.6279848935
26.9530560422
27.6998919511
29.2918966806
31.0586778159
30.492567318
29.7536700245
29.3152145446
29.1338440678
29.0082310238
28.5389570606
29.4986872364
29.384214237
31.055662683
32.0715499129
34.1424182866
35.4134904375
36.371948014
36.3922487366
38.3992217788
39.432411772
40.6731967102
42.2516979552
43.8721655007
45.4989306271
48.4121152821
49.2805274578
49.6768778102
52.2123062366
54.156782556
56.1837105792
58.3415365289
59.6586763498
59.7517387495
60.091801872
54.6373273374
25.6844993335
0
0
0
0
0
0
0
0
0
0
0
0
0
0
0
0
0
0
0
0
0
0
0
0
0
0
0
0
0
0
0
0
2.80490217655e-08
0.0752316018064
48.9083617025
43.4313511936
34.9325572972
32.7723023393
30.0970742445
29.8194592165
28.0462398393
26.8244561218
26.4433527486
26.4354859399
26.5615398176
27.0565767334
27.6686083197
29.9789417511
30.9983809949
30.2616992629
29.6615687396
29.3383027124
29.2751824617
29.1236954963
29.6718819401
29.9152890528
29.8510128518
31.8388094863
32.9300608648
34.0053346322
36.4835735113
37.3194799306
38.1169020288
39.7684831536
41.2423993988
42.6411926154
44.6257461017
46.9790106017
48.0846737961
48.4447183938
51.6109931343
53.5607647174
55.5807354477
57.65991373
59.3681602741
60.6008253963
59.580407907
59.4839132492
55.6489773327
46.1477608929
0
0
0
0
0
0
0
0
0
0
0
0
0
0
0
0
0
0
0
0
0
0
0
0
0
0
0
0
0
0
0
0
3.31004797556e-05
37.544851753
48.5659217874
39.7679642768
30.5666562185
24.2420745189
22.8219876888
24.0849264369
27.3901953397
26.9010198073
26.4329289215
26.395073209
26.4376236714
26.6214132028
27.4371619025
28.2982091514
30.3901376126
30.73897777
30.0930982339
29.6252099562
29.4131997707
29.4730219256
29.2120618726
30.0257478047
30.265945724
31.4059627276
32.5782445275
33.9770958515
35.4161402162
37.5315860968
38.5977520065
39.985203004
41.2648545283
43.5936169784
45.1893490208
46.9010197714
47.5855050758
50.6581333739
52.6600035526
55.1679582715
57.5248969613
59.7363693842
61.6540318411
61.0963275943
62.3971432273
62.2330543329
63.5382850075
62.1277028985
0
0
0
0
0
0
0
0
0
0
0
0
0
0
0
0
0
0
0
0
0
0
0
0
0
0
0
0
0
0
0
6.28641188001e-10
0.0246752060274
49.1472205868
46.5331240816
37.3329439766
28.5948696654
21.0883840291
17.117506271
18.7711300727
27.090844224
26.8109074074
26.4984470421
26.3286754446
26.3288005089
26.3622229753
26.6807247706
27.8167245225
28.6357330279
30.5827779572
30.7187694448
30.0967236337
29.6988876145
29.5541575347
29.5526001284
29.4385328575
30.6104963115
30.9127677051
32.2447647041
33.0114795105
35.3921838417
37.4149612844
38.7859940943
39.9321708705
41.5250736193
43.5358753788
46.1626298039
47.0868156012
49.8737863264
51.8002060574
54.5754173356
56.491382364
58.550354396
60.4355549505
61.4754932428
61.7824164803
63.72860047
68.5125354003
65.0234121385
69.1032410881
0
0
0
0
0
0
0
0
0
0
0
0
0
0
0
0
0
0
0
0
0
0
0
0
0
0
0
0
0
0
0
1.96062832738e-08
32.2908076994
50.904859428
42.9975549323
34.8232693248
27.0919240619
20.1093725455
15.6968203709
18.7238806173
27.2747839197
26.6183335227
26.4705235273
26.1490299213
26.0244605478
25.9617892172
25.9948478677
26.6194145427
27.8499661653
28.8937917094
30.9627924291
30.8460460529
30.2709055408
29.9310422332
29.8317332805
29.9467026077
29.9536539644
31.1563350791
31.6436346419
33.4262638169
34.8517955779
37.2175843486
38.7819938875
40.0453705596
41.8518656902
44.3739989861
46.3011647905
49.0797260998
50.9417083771
53.5056887577
55.4653690457
58.0003721904
60.1417628809
62.0094518152
63.0385978644
64.7882790453
66.9236770529
70.8394766149
58.6150799827
76.2784738513
0
0
0
0
0
0
0
0
0
0
0
0
0
0
0
0
0
0
0
0
0
0
0
0
0
0
0
0
0
0
0
0.000832558151501
44.6657880833
47.5348170016
39.3181175019
32.4510293441
25.9530174552
20.1884660704
16.0851840465
13.3953067397
27.5493754289
26.4248283479
26.0973156474
25.6929037741
25.3976094248
25.2826262794
25.2888243129
25.5066242598
26.8095037536
27.6236823107
29.2018807256
30.9480131135
31.0965529956
30.6606134127
30.3201136519
30.2980794526
30.5550235172
30.7271967201
32.1414179069
33.0458203615
35.0884827974
36.9145979221
38.7431259858
40.6866489951
42.4428920981
44.7080330668
47.720320587
49.8638087041
52.4558278624
54.4786757398
57.4270747655
59.236125223
61.0181550748
63.1011901609
65.5163268397
68.1257132798
68.2192577646
69.7219674072
59.4829426177
88.1365255727
0
0
0
0
0
0
0
0
0
0
0
0
0
0
0
0
0
0
0
0
0
0
0
0
0
0
0
0
0
0
1.38498700638e-09
34.4175477306
48.5783510712
43.9900391802
36.5881047901
30.7911170124
25.5404273893
20.7832684331
17.271252578
16.651538696
26.6688817074
25.4493453857
24.8435120194
24.5965826676
24.366867984
24.2930950004
24.3819938016
24.5994448959
25.3491425177
26.8042606806
27.6160717195
29.3796247705
30.7789340425
31.2455615355
31.0611662581
30.853863265
31.0121568019
31.4290330089
31.8790235988
33.53202373
34.9418382591
37.2242671762
39.3115788667
41.2196270872
43.2056997862
45.8304221728
48.0042228404
51.1618715498
53.2073706384
56.0232493326
58.0073294972
60.6177539369
62.5616596645
65.7182102043
68.5205482392
68.8988160523
71.3443194497
75.069421708
66.0568879922
95.6132291428
0
0
0
0
0
0
0
0
0
0
0
0
0
0
0
0
0
0
0
0
0
0
0
0
0
0
0
0
0
0
28.880481878
45.9186846413
46.1151538278
41.1239758536
35.0542300502
29.9448765246
27.7852075869
25.5809312631
21.3512403085
20.8925946743
24.8020890487
22.9750303931
22.9734655675
23.062734754
23.0886141729
23.179957845
23.3842575783
23.7088814862
24.1523676634
25.8200672294
27.0503197595
27.8391920442
27.8224620135
30.6610229687
31.3042679725
31.6758081906
31.6721563104
31.900869347
32.5581232722
33.3866534452
35.3035578613
37.0997464745
39.5883500063
41.7964976147
43.6754586619
46.2270010323
49.2992597299
51.6643184268
54.5125803041
56.6942753319
59.8832765572
61.9074932438
64.727234343
69.4007196574
71.0377920304
73.6963285013
76.6042800463
78.9526480204
62.5936906533
98.9238113762
0
0
0
0
0
0
0
0
0
0
0
0
0
0
0
0
0
0
0
0
0
0
0
0
0
0
0
0
0
9.46641178154e-09
42.7458550389
45.3061951093
43.8994375575
39.5942408252
35.0700632912
31.8139918938
31.4877959106
34.8552720157
28.2401322927
32.9176574774
23.4682119955
21.8902159947
21.7738747816
21.8547010073
22.0439930422
22.2574835558
22.5527935969
22.9306895126
23.3909059392
24.0502069263
25.9052871362
27.6575318765
28.003624487
28.5178414211
29.9370646015
31.6323560841
32.4749894952
32.5203925923
33.2755156247
34.0994745922
35.2660487871
37.6456374311
40.2017237244
42.322192026
44.4498263163
47.1774814319
49.5063799551
52.7632056063
54.9128687527
57.789873279
60.3275199214
63.9990717369
68.2736253337
71.2372364749
73.8669439206
77.0483530811
76.925295824
78.2436661386
55.914129128
99.9158726516
0
0
0
0
0
0
0
0
0
0
0
0
0
0
0
0
0
0
0
0
0
0
0
0
0
0
0
0
0
40.3175422513
43.8478653072
44.2784753384
42.8042906363
39.3460980182
36.1832793789
34.0599035123
33.0521472149
38.0742323868
34.5962414953
32.6858910209
22.8822184016
21.7528842696
21.2920069489
21.3341294794
21.567361993
21.7869207401
22.0481972257
22.395796634
22.8187947458
23.3016630454
24.1971788519
26.2542036775
28.68480007
29.0992464991
29.5876743606
30.6967264734
32.2556115129
33.3661808421
34.5431040113
34.8517446316
36.1638439474
38.0757337912
40.6260793655
42.8443277315
44.7665429118
47.3699700451
50.4849606729
52.7448422421
55.6376116126
58.1684856058
63.0351528226
66.6276981744
70.7406449711
73.8166505089
76.8870334026
77.407233553
79.006998641
78.8652051976
52.1243266306
99.9955168302
0
0
0
0
0
0
0
0
0
0
0
0
0
0
0
0
0
0
0
0
0
0
0
0
0
0
0
0
0.00597657826835
48.5839364732
46.0399374254
44.2894394862
42.6755641552
39.9355479771
37.5910701857
35.8896412267
34.6933685633
37.4169544461
36.1600214931
32.8913745419
21.368413178
21.388277562
21.0135037111
21.3794445082
21.668788642
21.7863689143
21.9015364362
22.1050453416
22.4390169426
22.8760018277
23.4524561256
24.5407964946
26.7775320063
29.8255555782
30.7524858592
30.9476994888
31.8596854521
33.1190361995
34.4870888239
35.9238448364
37.5653089754
38.6257066188
40.9851999262
43.2400600557
45.3583429952
48.0100790075
50.459743726
53.6896282889
55.9179092373
61.0695675168
66.3672335257
69.5197148082
72.7642020289
77.0093468945
78.6896964964
80.4964708181
81.8355108518
79.9055134008
47.6490272522
99.9998332295
0
0
0
0
0
0
0
0
0
0
0
0
0
0
0
0
0
0
0
0
0
0
0
0
0
0
0
0
44.7574270159
44.970242291
46.050670742
44.2629504046
43.1180964417
41.0610148147
39.2844540249
37.8995720629
36.8940237507
39.1675006311
37.6001197741
34.6891646686
19.4454422686
20.3422069065
20.8454470525
21.7623932555
21.9696002507
21.9920594044
21.9515162104
22.0038509641
22.1788552171
22.5312841239
23.0140592279
23.6691479244
25.0040198005
27.2496053313
30.1947781823
31.3464431006
32.4802542786
33.068751661
34.3011040505
35.7308694581
37.6932916158
39.4624235908
41.2699729398
43.5547507443
45.7499214576
48.3130141535
51.4967324244
53.755034096
58.9853033788
64.7540968009
67.4502081854
71.5070435796
75.3068857559
78.1182507639
80.4149666597
83.80155778
81.7829967005
80.9122454214
47.3160093105
99.9999908143
0
0
0
0
0
0
0
0
0
0
0
0
0
0
0
0
0
0
0
0
0
0
0
0
0
0
0
33.8068879245
53.9508000986
49.685304366
47.0685762126
45.2033789063
44.0549278231
42.4689058461
41.0864157902
39.9871909953
39.2937290459
40.6444213788
38.822785506
38.0071542355
18.78829449
19.4444366484
20.7524634964
21.3966332789
21.5633869865
21.7215791962
21.9131231978
21.9513058645
22.029987439
22.2437062654
22.6428898157
23.1894165921
23.9367106559
25.6765699196
27.5263401763
30.8027781633
32.5073347636
33.4365694283
34.7946058734
36.0489836801
37.856741959
39.601726017
41.6878518225
43.8875678357
46.2543378971
49.5180569574
52.0706524372
56.612143375
61.6943094127
65.0409128554
68.7167933808
72.361586098
76.8606752915
80.3022559069
84.1015353892
85.1234011323
84.148323756
85.6766152208
48.7327168899
99.9999987675
0
0
0
0
0
0
0
0
0
0
0
0
0
0
0
0
0
0
0
0
0
0
0
0
0
0
0
58.3793472461
54.1208235558
51.1209491424
47.9580508384
46.210839339
44.7940648266
43.4726485236
42.3310140297
41.5211699044
41.1574684829
41.1357141455
39.603993398
39.9501514229
18.5088861832
18.8047904559
19.8570619221
20.649494406
20.8986980617
21.1397708034
21.4082859133
21.6955620253
21.9128214769
22.0652741869
22.3576767285
22.8362326268
23.5341316633
24.5168194414
27.0542508439
30.0675113533
31.3838717915
33.5046714681
35.2831846941
36.3515808136
37.8499364456
39.770067345
42.2251540277
44.2694687319
47.4510135553
50.3543157425
53.8147612683
57.9900056754
62.1449554349
65.8440694231
69.0314703238
74.7175969778
79.0532489151
84.6076602275
86.5193110331
85.7959522115
88.4184527146
88.8831154517
62.1093715485
99.9999975092
0
0
0
0
0
0
0
0
0
0
0
0
0
0
0
0
0
0
0
0
0
0
0
0
0
0
26.2394366625
49.6182590832
52.8001015687
50.4173333751
48.3883400959
46.8554605967
44.7004503203
43.3084897355
42.0712701727
41.1952274248
41.6895607206
40.9771434977
38.9422136369
40.4222714368
17.9927159737
18.0612261512
18.5758083023
19.8945503553
20.238799514
20.5244239204
20.8270504981
21.1662341726
21.5340087839
21.9293367975
22.1705422684
22.5841953469
23.2302974348
24.169036592
25.5082143603
27.8608012953
31.3595347754
33.3199700854
34.3554710833
36.7497932463
38.8223536484
40.3153012653
42.1406279853
45.389704797
48.7256315991
50.9672643631
54.768305228
59.3741299671
63.1163887558
65.9849539505
71.6162706637
77.4964628473
82.3330743941
86.3683427959
86.0917378353
88.9865563755
92.1545200219
92.9068414491
67.6866061639
99.999963134
0
0
0
0
0
0
0
0
0
0
0
0
0
0
0
0
0
0
0
0
0
0
0
0
0
0
65.4244754196
57.0897778322
53.565186612
49.9737558825
48.7457637853
46.335495659
43.8527580275
42.0963217856
40.5304774167
39.1875728508
38.1030676445
37.8730542818
37.1446518821
40.0704228551
17.2443248652
17.2334858572
17.4766128429
19.2358532987
19.635367784
19.9430029321
20.2597669257
20.6044534893
20.9915588939
21.4234599062
21.9230981255
22.3987271292
22.9694998567
23.7873670303
24.8695782323
26.4462642475
29.5281464951
32.6131835794
34.6073813799
37.1347415936
38.0300254521
40.6306053844
44.0562543123
46.9866088289
48.5842605062
52.5735228594
56.909579482
59.8342705029
63.6892101073
68.8332015241
74.6661472012
78.6478077772
83.8285631734
86.1146728501
89.4487688437
92.8880758223
94.5356584134
92.4437585286
49.0664009697
99.9999487579
0
0
0
0
0
0
0
0
0
0
0
0
0
0
0
0
0
0
0
0
0
0
0
0
0
2.17764111025e-07
53.5861971663
56.2077413972
53.186053954
50.4958540922
48.4536120928
46.5504921058
42.8799568771
40.8046128256
39.170767439
37.9439638518
37.1763125438
37.3805681012
36.0424347118
38.3811337002
16.4864606603
16.4683396582
16.6294812111
18.596397132
19.0354119706
19.3763184599
19.7038908109
20.0457063021
20.4189597025
20.8486019939
21.3680436818
21.9960205194
22.7750440006
23.5586353053
24.5531732576
25.9793362736
27.8217389874
30.9657047668
34.4975421115
36.5364512197
38.8248041441
42.057512387
45.2145896149
46.362816011
50.1319527867
54.335640672
57.1936041571
60.9902478669
65.8873859059
69.8941656883
75.257203317
80.6331144017
85.1840248903
88.6985352857
92.3806181986
95.3300970648
94.8785189225
88.8661488754
33.6493223427
99.9999774916
0
0
0
0
0
0
0
0
0
0
0
0
0
0
0
0
0
0
0
0
0
0
0
0
0
68.1716004278
54.0695371599
56.7370636578
53.822697506
51.2594281927
48.8925071291
46.0377840523
42.2378202547
39.9372978846
38.2801873727
37.1086811774
36.7441454728
37.2856732345
35.7282694535
34.7041892914
15.6348938657
15.906409216
15.8497478911
17.5530047391
18.4012138732
18.8077842355
19.1547487456
19.4821101251
19.825468476
20.2314301273
20.7403635743
21.3911502778
22.1911744036
23.1860045392
24.4889901439
26.0239458545
27.6122327429
29.6034029187
32.7562517476
36.2287349701
39.0980957469
42.1206430913
44.1931506585
47.0318518149
51.8311658169
55.2292236146
57.4538414609
61.4924732962
66.2786215356
72.2451872856
77.4333383482
81.4371190791
86.5511681822
91.1887273484
95.1262097812
97.9272840409
96.2635464356
87.9492576941
33.4134153478
99.9999894996
0
0
0
0
0
0
0
0
0
0
0
0
0
0
0
0
0
0
0
0
0
0
0
0
0
73.5158518004
64.8751768521
59.7562569023
55.9418480942
53.2679220295
49.3020393832
45.4819778406
42.1791153232
39.8273965974
38.1554456758
36.9301419111
36.7938785966
36.8844837711
35.4416599263
34.8989931226
14.5197528176
15.3537903781
14.8024712805
16.314140963
17.7349055767
18.0554126134
18.2725244595
18.452690609
18.6858471912
19.0408323355
19.5597318062
20.2778440061
21.225924794
22.4689038321
24.0793731015
25.9775655577
27.9659110696
30.0226083934
32.011947977
34.2208934201
37.688497438
41.062605693
43.7896134408
47.699598428
52.1325401786
55.2555352086
58.3711113011
63.1567294679
68.5419035801
72.1723102647
77.5837159581
84.1831624116
89.6763295679
92.8075108214
98.0140222339
99.9768694139
97.7018620389
90.3623248167
47.6875092142
99.9999892518
0
0
0
0
0
0
0
0
0
0
0
0
0
0
0
0
0
0
0
0
0
0
0
0
63.2532070841
56.6063685706
64.7927059053
61.6829067671
58.5936080789
53.841614337
50.9791836202
45.9041728562
42.9684881387
40.5852594389
38.9270715628
38.0474122285
38.7786070099
37.0160973551
35.5121044316
35.1659077147
12.8944397737
14.2404035288
13.3506259328
15.3537795265
16.2111981698
15.9174462041
15.5233362276
15.3256075429
15.4378311953
15.8981704709
16.7094385915
17.8748327807
19.3930668067
21.3295998425
23.7828323619
26.2840754748
28.1736994041
30.0002819633
31.9872695231
34.3829372674
36.8785768548
39.4693463045
42.981432966
48.0017374063
52.5719152572
56.3630364634
58.5000236046
62.6750959754
67.5902494079
73.9218185076
81.2930091969
87.3034176716
90.0616146813
95.7523992555
99.9999790627
99.9999993277
99.9999992359
96.3261763302
56.9136845428
99.9999756166
0
0
0
0
0
0
0
0
0
0
0
0
0
0
0
0
0
0
0
0
0
0
0
0
93.4476533438
79.4715642853
70.4149534595
65.4747030989
61.2839868256
56.2184297174
51.1884833926
47.3813636881
44.2109603493
41.6533165043
39.9356223565
39.1644447829
39.0711573468
37.0575460755
36.0359002031
37.5648099542
11.2647583943
12.1341168879
11.7142179754
13.848635759
13.4885706791
13.2425799331
12.7698471237
12.8161446984
13.3996172675
14.4121546699
15.7870688562
17.4804240485
19.4369599325
21.6138744978
23.8790373138
25.9168098097
27.738439753
29.6925648505
32.1503116905
35.150703992
37.6604261871
40.3101806288
43.523138708
47.5155414061
51.3578882861
54.1714806312
57.4089847146
63.2199354534
69.4906957134
77.3326373644
84.1578078165
87.1968020741
92.7283696838
99.5940738619
99.999999268
99.9999995896
99.9999993534
99.3812222098
61.5959198437
99.9999350843
0
0
0
0
0
0
0
0
0
0
0
0
0
0
0
0
0
0
0
0
0
0
0
4.41194417632e-08
69.0995911415
78.3156919398
73.6376401775
68.1069142242
61.5759429336
57.9582582406
52.2421317222
48.424943354
45.1597923245
42.3446252983
40.3449425407
39.5710125824
38.3040626083
36.8034682185
35.5044948309
38.3047165352
10.6783140318
10.1938924759
10.4987872198
13.9829646189
13.0700215407
11.6467923537
11.0617390971
11.6007710388
12.761609531
14.3065699762
16.1286165132
18.187513997
20.3642414769
22.6289859514
24.9093390232
26.7147219941
28.5284282254
30.6392479445
33.058597893
35.4813353579
37.9605143678
40.8711400409
44.1584058209
47.7627179732
50.7160206593
53.5441306182
57.7714197286
63.8915421389
71.5077959141
79.0090904874
84.6882919251
88.9673733288
96.2380239161
99.9999991729
99.9999995022
99.9999994648
99.9999992448
99.9999981879
64.5204594328
99.9998036938
0
0
0
0
0
0
0
0
0
0
0
0
0
0
0
0
0
0
0
0
0
0
0
91.4331319177
72.2556963913
77.3908794388
75.9276994605
71.2435901411
63.9488630976
57.4032315212
52.8022700036
48.7939201769
45.5151075971
42.877005469
40.7405698571
39.1876025932
36.9989949287
35.3781929581
34.0523916445
37.3980654632
11.7210655166
9.65263500195
9.81466335601
14.0725379331
12.7667556794
9.62966507411
9.98494905792
11.3898751355
13.2841430094
15.4627971607
17.8559542863
20.1512816095
21.8624057544
23.6078037536
25.3786759017
27.185355006
29.1715954515
31.3852341894
33.7460599114
36.1269719733
38.5983166444
41.3255603456
44.503699302
47.9489215376
51.4983941624
54.5539846453
59.4390461168
65.3629326551
71.9155112507
79.277548591
85.9444573312
92.1779228558
98.7589063205
99.999999494
99.9999995953
99.9999996073
99.9999996026
99.9999981082
73.8786671333
99.9993779859
0
0
0
0
0
0
0
0
0
0
0
0
0
0
0
0
0
0
0
0
0
0
0
99.9983174024
96.7114573882
86.2208715838
79.0373394684
73.6118681791
66.8079096608
59.2759291055
53.3142479307
48.7641275556
45.6204878146
43.1095214993
39.2405326695
36.7393226577
34.7526565334
33.5212815555
32.6008457065
35.5653838118
12.0917910496
9.4021916262
8.83862679518
9.22832869147
8.40078496961
8.93546076517
10.7385137442
13.1616501857
15.9785271615
17.6425461209
19.1349859356
20.6526008437
22.2489198765
23.9988875119
25.8759325895
27.9010569306
30.0953725642
32.4131097917
34.7511437418
37.0593376393
39.5038302682
42.3005544586
45.4989367304
48.6304764725
51.730755269
55.4044415304
60.391291405
66.5609696804
73.7147931347
80.8608974366
86.3248195651
92.8688175831
99.9999990035
99.9999998096
99.9999998283
99.9999998093
99.9999996507
99.9999976468
70.8327471726
99.9986406224
0
0
0
0
0
0
0
0
0
0
0
0
0
0
0
0
0
0
0
0
0
0
2.19714911752e-07
83.6118280263
96.1305649323
90.8910528856
82.2842150118
74.7886915604
68.4135143797
61.403739596
54.4636945943
48.7868868436
44.693213478
41.8325201573
39.13251397
36.7106699463
33.6136772821
31.1017665842
31.5974006865
32.88030893
9.89008680961
8.64540618251
7.69937242482
7.65283250018
8.99884087929
11.6206433461
14.2119177897
15.4865037626
16.7524834499
18.0718498969
19.5318419276
21.1214474866
22.8618011395
24.7734761714
26.8748612725
29.1525312169
31.5113127596
33.7910514547
35.765542198
37.8644347875
40.1962021957
42.7994365033
45.6343456368
48.690397745
52.0505905548
56.0958252177
61.3269089896
67.7987624936
74.8328370907
81.1611777836
87.6325632766
96.0387089982
99.9566059278
99.9815126925
99.9999999196
99.9999999533
99.9999998518
99.9999967181
72.305504316
99.9990024925
0
0
0
0
0
0
0
0
0
0
0
0
0
0
0
0
0
0
0
0
0
0
99.9999950069
99.3570206276
99.9782084216
96.254828553
87.9407146191
79.23632647
70.7493259313
62.8821789771
55.4580819094
48.5623918845
43.3453768465
39.9194923382
36.7501442989
34.4339715989
32.4232544748
28.0237859476
29.8192215897
29.7592010627
7.68123785314
8.25089771699
6.99498748629
7.08214941349
11.2725164222
13.7586862496
14.8326525691
15.9886571354
17.2870480949
18.7223352014
20.2946965291
22.0100991362
23.8857395299
25.9606492278
28.2641618957
30.3871974409
32.0720313992
33.8886514341
35.8846597904
38.0501772895
40.3945492998
42.9259703482
45.6743977308
48.762380502
52.3078004239
56.528175872
61.8364592331
68.4541554536
75.2617574706
81.8013064554
88.9585417097
97.3362524618
99.8487865709
99.8581301295
99.9166400169
99.9999999487
99.9999999098
99.9999993242
88.34525755
99.999450479
0
0
0
0
0
0
0
0
0
0
0
0
0
0
0
0
0
0
0
0
0
0
99.9999998777
99.9999997634
99.999993705
99.995474879
95.2485563788
84.6909555878
74.2276233827
64.6160533713
56.3926670336
49.0581613493
42.4708985601
38.451086111
34.5367728941
31.4534222519
29.6284057952
25.4563741164
26.1942959224
28.3491211397
6.53144888659
8.87268616824
6.49607598059
6.70663520924
13.1510399858
14.5111575992
15.6385074668
16.9396825297
18.3424929455
19.8515905731
21.4717014625
23.2048770755
25.0599860631
27.0863576725
28.9436523457
30.4059617326
32.0198187889
33.9584205091
36.097256022
38.3305892344
40.6250845213
43.0314672994
45.6477175692
48.7400037401
52.4180789746
56.6753955169
62.0093285651
68.7247696499
75.6917175609
82.5263253704
90.0758801027
98.8006947975
99.6794556182
99.6197558488
99.6082994443
99.7345447418
99.9999999519
99.9999992878
90.8398829003
99.9997770939
0
0
0
0
0
0
0
0
0
0
0
0
0
0
0
0
0
0
0
0
0
5.09605943334e-08
99.9999991203
99.9999999577
99.9999992835
99.9998890905
99.8772399963
90.1598720665
78.307544351
67.2253633678
57.6342915725
49.6877625361
41.735212818
36.3047220008
33.2251424995
29.21521047
25.4594821513
21.6269968449
24.1406955398
30.7662063545
3.77903480328
4.56927870736
5.76836857808
8.51483115067
14.6486209654
16.0166180617
17.3268454308
18.7482761646
20.2519917891
21.7772783051
23.3008053529
24.8124332492
26.3844462062
27.7442698905
29.0860007738
30.415292103
32.0413985677
34.1034537429
36.3699526591
38.5834541127
40.8282080507
43.0566383052
45.3592193752
48.3047785931
52.1155447498
56.3589900798
61.2262951146
68.0759206
76.6419545679
83.2796155595
91.1372014203
99.3095537443
99.4533186025
99.118107839
98.5269168877
97.8251469851
97.1778087304
95.5593858446
99.8409509378
99.9999113216
0
0
0
0
0
0
0
0
0
0
0
0
0
0
0
0
0
0
0
0
0
99.9999999963
99.9999999963
99.9999999959
99.9999999785
99.9999891882
99.9967599997
95.6117642571
81.6397885817
68.2835203417
58.2599238347
49.0941041807
40.8758030512
34.768090889
30.8652895897
28.1640538638
25.8567410285
24.0816831977
26.5968913705
25.6259930581
2.64205180943
3.59804052526
7.08929812231
6.96441258884
15.6865682633
17.9046575472
19.7217353086
21.1591069886
22.5983756113
23.5096684156
24.5815436095
25.8076099775
27.1136875012
28.4642974013
29.7395726588
30.794891172
32.4716195843
34.5778587502
36.4631126873
38.5043957185
40.6170789261
41.7868440689
42.6027012195
46.2739080413
51.477056044
56.0104798808
60.496161816
66.6433193647
75.0449551321
84.0524968171
91.8533741758
99.0858164085
99.0149359348
98.1973909702
96.8532295465
94.6767793475
90.8798167237
89.22228789
46.0371024811
99.9999396473
0
0
0
0
0
0
0
0
0
0
0
0
0
0
0
0
0
0
0
0
8.25060333793e-10
99.9999999635
99.9999999963
99.9999999967
99.9999999959
99.9999998703
99.9997736477
98.933843078
84.4881561533
69.820138445
56.7221557911
48.3494704023
41.8518074971
35.8924569235
31.5264541296
28.9888759365
26.6814378874
24.1285171652
23.0778159904
16.6365524414
1.63071658878
7.20854217373
7.16869506865
6.46559484807
7.17256682347
9.85666865342
14.8796491339
16.8229274572
18.5240108127
20.5291108405
22.7990721225
25.0912370542
26.8729303645
27.7877500494
27.5919814631
26.839410044
28.1184212163
31.3352210372
34.1245708213
36.4388579908
38.7505402922
40.523935637
42.293273852
45.7285613687
51.1569081347
56.1807017527
60.5953958324
66.5672716496
75.1931360268
84.2613622301
91.434034049
98.7970407424
98.6756217279
97.5006046223
95.3737478156
89.8101961112
90.4058840957
0.390400672314
2.46802758001
99.9999261338
0
0
0
0
0
0
0
0
0
0
0
0
0
0
0
0
0
0
0
0
1.37256814277e-09
99.9999999967
6.5967051571
99.999999997
99.9999999969
99.9999999777
99.9999611347
99.7802003684
87.7287397446
70.1587100513
52.9460277682
44.1284311061
39.1960489449
34.1531811725
29.381860774
25.8795311211
23.3636246269
21.5019445633
20.8663776557
12.0941058617
)
;

boundaryField
{
    frontAndBack
    {
        type            empty;
    }
    upperWall
    {
        type            calculated;
        value           uniform 0;
    }
    lowerWall
    {
        type            calculated;
        value           uniform 0;
    }
    inlet
    {
        type            calculated;
        value           uniform 4.90554447472e-07;
    }
    outlet
    {
        type            calculated;
        value           nonuniform List<scalar> 
20
(
2.8249782233e-09
0
0
0
0
0
0
0
0
0
0
0
0
0
0
0
0
0
2.42249109863e-10
5.49099338941e-09
)
;
    }
}


// ************************************************************************* //
