/*--------------------------------*- C++ -*----------------------------------*\
| =========                 |                                                 |
| \\      /  F ield         | OpenFOAM: The Open Source CFD Toolbox           |
|  \\    /   O peration     | Version:  v1806                                 |
|   \\  /    A nd           | Web:      www.OpenFOAM.com                      |
|    \\/     M anipulation  |                                                 |
\*---------------------------------------------------------------------------*/
FoamFile
{
    version     2.0;
    format      ascii;
    class       volScalarField;
    location    "347";
    object      p;
}
// * * * * * * * * * * * * * * * * * * * * * * * * * * * * * * * * * * * * * //

dimensions      [0 2 -2 0 0 0 0];


internalField   nonuniform List<scalar> 
6400
(
0.154528309827
0.154530557605
0.154536910592
0.154549101959
0.154566676185
0.154589415633
0.154617387318
0.154651653123
0.154692413446
0.154740000617
0.154799644351
0.154874036959
0.154960037019
0.155057709527
0.155168871747
0.15529561434
0.155438707292
0.155597593268
0.155770721188
0.155953446241
0.156139774262
0.156329805739
0.156529188652
0.156744426532
0.156979983778
0.157235701017
0.15750816564
0.157794984876
0.158096019272
0.158412087171
0.158743872438
0.159089872744
0.159444387707
0.159801785718
0.160160069252
0.160515787213
0.160868231966
0.161224835593
0.161584766956
0.161937630039
0.16228481681
0.162641146017
0.163014625965
0.163397534617
0.163780880062
0.164159346371
0.16452891993
0.164887209405
0.165232196319
0.165562271657
0.165876605848
0.166171217667
0.166440304488
0.166675661742
0.16687757179
0.16705433151
0.167203912325
0.167318511855
0.167397817816
0.167449673931
0.167479428471
0.167490365439
0.167488596668
0.167472912049
0.167433790868
0.167353532948
0.16722986563
0.167086368158
0.166948040025
0.166822546719
0.166707589474
0.166597663259
0.16648908871
0.166387301883
0.166291688153
0.166205370378
0.166130850159
0.166080626405
0.166047651355
0.166033645989
0.15452493322
0.154527289656
0.154532940038
0.154544866568
0.154563872853
0.154588025223
0.154616488044
0.154649245822
0.154688258205
0.154735846241
0.154795188197
0.154868410626
0.154954670126
0.155053343563
0.155164846456
0.155290346545
0.155432823833
0.155592473007
0.155767254554
0.155951169587
0.15613576071
0.156323537677
0.156522039453
0.15673684367
0.156972694887
0.157229278196
0.157501951572
0.15778932569
0.158091402568
0.158408325956
0.158740065668
0.159086435201
0.15944218138
0.159799699155
0.160158323404
0.16051435772
0.160866361479
0.161223354317
0.161584253977
0.161936971362
0.162281061416
0.162636569987
0.163014743534
0.163400955441
0.163785715181
0.164165696454
0.164536633456
0.164896604976
0.165242971459
0.165572408967
0.165884301965
0.166179897689
0.166456228487
0.166693738702
0.16689682567
0.167077098316
0.16722452557
0.167335248664
0.167413586442
0.167464461294
0.167492444565
0.167503224975
0.167500354208
0.167483987527
0.167444752297
0.16736494592
0.16723875391
0.167092311349
0.166951461358
0.166823357983
0.166705995198
0.166593372204
0.166481100097
0.166374486986
0.166277198931
0.166190989719
0.166119979329
0.166069671238
0.166036798852
0.166025602576
0.154515604748
0.15451958567
0.154524526535
0.154535438861
0.154553866658
0.15458116009
0.154612518995
0.154644340314
0.154681162681
0.154727536474
0.154786201468
0.154858820036
0.154945244698
0.155044629808
0.15515633074
0.155278601075
0.155419133435
0.155584905757
0.155763375683
0.155946327859
0.156126754343
0.156308495894
0.156505287384
0.156722563971
0.156959122439
0.157215174614
0.157489148375
0.157778516994
0.158082268379
0.158400627287
0.158733237553
0.159080647588
0.159439051032
0.159796041088
0.160153083821
0.160511734148
0.160863309535
0.161218226795
0.161579832349
0.161935031579
0.162285737321
0.162645721445
0.163021545229
0.163406107234
0.163791406149
0.164172652629
0.164546097135
0.164908980307
0.165258618927
0.16559254814
0.165909277296
0.166206759236
0.1664793485
0.16672025807
0.16693251624
0.16711425056
0.167258974205
0.167367925078
0.167444757032
0.167493816545
0.167520305922
0.167529707273
0.167524767052
0.167508439416
0.167467984397
0.167384234682
0.167257864079
0.167109319953
0.166961334242
0.166825574362
0.166700855213
0.166581175724
0.166465133037
0.166356336192
0.166256189228
0.166168677388
0.16609890536
0.16604852908
0.166016508591
0.166004639726
0.154502824965
0.154506797132
0.154510635682
0.15452063228
0.154536825399
0.154563985678
0.154604929482
0.154636702686
0.15467062408
0.154714849999
0.154772457612
0.154844746825
0.154931590933
0.155030725758
0.15514274953
0.155270858875
0.155416936
0.155580515434
0.15575152657
0.155922713393
0.156097994165
0.156283068986
0.156482108253
0.156699553003
0.15693712594
0.15719473252
0.157470780957
0.157762509438
0.158068729077
0.15838895972
0.158724017037
0.159073149482
0.159433128037
0.159794874692
0.160148723614
0.160502856304
0.160858759867
0.161212688298
0.161569163092
0.161927047418
0.162285919373
0.162652026359
0.163029460175
0.163414617222
0.163801503856
0.1641852985
0.164562160848
0.164929023363
0.165283137955
0.16562199498
0.165943330242
0.166244215147
0.166520239404
0.166767317988
0.166984012207
0.167166470884
0.167311191781
0.167419341827
0.167494655178
0.167541803673
0.167566018432
0.167572173856
0.167564627801
0.167547486892
0.167506748871
0.167423237745
0.167291519561
0.167133777719
0.166974103754
0.166826769877
0.166693488014
0.166568981843
0.166449089589
0.166331499258
0.166221878713
0.166131906927
0.166063725853
0.166008823147
0.165970371132
0.165954401865
0.154482995361
0.154483397387
0.154488159902
0.154498403114
0.154516434113
0.154541964185
0.154578862402
0.154614480904
0.154650976978
0.154695977853
0.154752886105
0.154825117502
0.15491295522
0.155017926741
0.155138224093
0.155268054527
0.155408720293
0.155560091064
0.155719909581
0.155887981349
0.156064574444
0.156250612753
0.156450738654
0.156669535403
0.156908569542
0.157168159445
0.157446359281
0.15774112495
0.15805037813
0.158374052329
0.158711401598
0.159065066745
0.159430618642
0.159788769139
0.160141662888
0.160493385041
0.160844068426
0.161198476169
0.16155741936
0.161919758249
0.162285465682
0.16265762805
0.163038497992
0.16342602804
0.163815763602
0.164203232292
0.16458456201
0.164956523229
0.165316300497
0.165661283407
0.165988796928
0.166295597718
0.166577735553
0.166831371217
0.167052975853
0.167238087221
0.167384045819
0.167492351031
0.16756700052
0.167612863559
0.16763506762
0.167638426449
0.167627307111
0.167606562263
0.167560744159
0.167474423856
0.167338252959
0.167169883905
0.166994453031
0.166831749151
0.166688002695
0.166555346566
0.16642160598
0.166286916727
0.166167986625
0.166073630981
0.165997099261
0.165926567901
0.165881296035
0.165864673365
0.154445970682
0.154445497164
0.154454111343
0.154464577796
0.154484451661
0.154512023783
0.154545919206
0.154582383718
0.154622537054
0.154669486229
0.154725203056
0.154798364148
0.154895271503
0.15500870471
0.155129024541
0.155253757012
0.155385253539
0.155527904016
0.155683634106
0.155850140856
0.156024534328
0.156210181583
0.156411695304
0.156632495529
0.15687363063
0.157134757982
0.157416243009
0.157714117292
0.158027809735
0.158355290895
0.158698214895
0.159054751134
0.15941970924
0.159783281481
0.160130863202
0.16047491059
0.160824611359
0.161181483164
0.161544395231
0.16191204297
0.162284309833
0.162662762208
0.163048488632
0.163440046569
0.163833994319
0.164226313947
0.164613221765
0.164991450067
0.165358180537
0.165710762856
0.166046339658
0.166361506297
0.166652243131
0.166914116151
0.167142282983
0.167332030703
0.167481286138
0.167591800376
0.167667601113
0.167713489884
0.167734304902
0.167735076322
0.167719888454
0.167690222532
0.167638018893
0.167541900864
0.167395259435
0.167214636015
0.167022124391
0.166842218756
0.166683899998
0.166532153084
0.166373486691
0.166220960757
0.166090661158
0.165984069129
0.165887513182
0.165801239847
0.165749433355
0.165726926253
0.154389214496
0.154393276039
0.154408358412
0.15442420082
0.154440897158
0.154468507552
0.154504429299
0.154542217806
0.15458520267
0.154634462949
0.154694065933
0.154770525733
0.154875266562
0.154988946905
0.155105495442
0.155222630364
0.15534791994
0.155488940311
0.155643809859
0.155805360775
0.155976761297
0.156162868065
0.156365619299
0.15658770868
0.156831089601
0.157096946365
0.157379539389
0.157681758694
0.158000418687
0.15833622845
0.158684205182
0.159041176815
0.159407435026
0.159764261404
0.160109076601
0.160451118892
0.160802067193
0.161162468988
0.161530171264
0.161903588448
0.162282500759
0.162667662208
0.163059403225
0.163456452448
0.163855972613
0.164254361258
0.164648015157
0.165033765187
0.16540889933
0.165770829586
0.166116642742
0.166442757397
0.166744753364
0.167017375226
0.167254899579
0.167452514251
0.167608430774
0.167724302852
0.167803650304
0.167850516035
0.167869333994
0.167865545578
0.1678434158
0.167801355023
0.167743876979
0.167635672639
0.167469471599
0.167270673542
0.167059626948
0.166858754842
0.166674324504
0.166490449221
0.166303655057
0.166132346817
0.165983858353
0.165853249879
0.165729563735
0.16562945733
0.16557134818
0.165542659801
0.154322625125
0.154330934793
0.154348660058
0.154372364943
0.154390836058
0.154419027952
0.154453913088
0.154493666397
0.154540367827
0.154587781827
0.15465462694
0.15474295971
0.154846365979
0.154957694791
0.155067713346
0.155177850646
0.155302699471
0.155445370489
0.155595661312
0.155752425723
0.1559216904
0.156107972646
0.156312037928
0.156536884001
0.156783707655
0.157052644352
0.157340389405
0.157642093166
0.157969944148
0.158317255709
0.158666255624
0.159019614854
0.159384086629
0.159736212733
0.160076949205
0.160422310546
0.160777033209
0.161141618779
0.161514499921
0.161894106371
0.162279998411
0.162672426658
0.163071227283
0.163475089013
0.163881494695
0.164287181742
0.164688803845
0.165083424547
0.16546856147
0.165841796834
0.166200256888
0.166540186468
0.166856664312
0.167143650829
0.167394781036
0.167605073149
0.167772497335
0.167897776312
0.167982730554
0.168029863503
0.168043713696
0.168030883266
0.167995576772
0.167940057554
0.16786992624
0.167758913154
0.167571673241
0.167345003902
0.167106338815
0.166873290109
0.166650272276
0.166427991881
0.166213486731
0.166017893386
0.16584071382
0.165674920756
0.165525854673
0.165411873492
0.165348284826
0.165318300539
0.154249831241
0.15426089056
0.154279066994
0.154298754561
0.154323020824
0.154358649143
0.154393190438
0.154434096394
0.154487134109
0.15453919332
0.154603665725
0.154700271127
0.15480635737
0.154912771042
0.155017223685
0.155127089411
0.155251633806
0.155391946635
0.155538023598
0.155692282485
0.155860065989
0.156045410521
0.156249204892
0.156475667764
0.156731369834
0.157001817641
0.157295181785
0.15760648928
0.157936098477
0.158283951435
0.15863963385
0.159000378036
0.159349852016
0.159694907351
0.160039140372
0.160389526898
0.160749142782
0.161118612229
0.161497097563
0.16188333651
0.162276717002
0.16267708779
0.163083929604
0.163495821082
0.163910375297
0.164324589055
0.164735441635
0.165140356005
0.165537197235
0.165923838402
0.166297576643
0.16665459524
0.166989589097
0.167295922431
0.167566716262
0.167796445783
0.167981794795
0.168120820728
0.168211775969
0.1682558992
0.168260909982
0.168237219526
0.168188647596
0.168114434992
0.168015463729
0.16789087622
0.167701648832
0.167439671823
0.167160163163
0.166881127326
0.166608632266
0.166346354444
0.166102805684
0.165874896505
0.165656075347
0.165448335953
0.165274225413
0.165147601425
0.165076328817
0.165045830848
0.154169836266
0.154182933995
0.154204192019
0.154223377777
0.154249233226
0.154285517449
0.154321310004
0.154362267643
0.154414315537
0.154480703538
0.154549768591
0.154646396975
0.15475326783
0.154855593163
0.154954624169
0.155067208669
0.155195432412
0.155330744323
0.155471728439
0.155624004898
0.155791720272
0.155977168266
0.15618110656
0.156406149063
0.156668927839
0.156948885857
0.157237739245
0.157558578411
0.157894025077
0.158247451035
0.15860583649
0.158963047124
0.159310103736
0.159649729838
0.159996668415
0.160352683586
0.160718019348
0.161093122081
0.161477726184
0.161871047969
0.162272493178
0.162681585099
0.163097457446
0.163518527059
0.163942448015
0.164366420967
0.164787786375
0.16520443586
0.165614707706
0.16601690668
0.166408707258
0.166786516768
0.16714499748
0.167477296562
0.167776065991
0.168034483428
0.16824574897
0.168402010956
0.168495705283
0.168531686656
0.16852672082
0.168495883296
0.16843630048
0.168338330673
0.16819912255
0.168026270575
0.167822579838
0.167557248152
0.167217203886
0.166873402699
0.16654526065
0.166245205875
0.1659712259
0.165702228632
0.165426165524
0.165165903035
0.164960556674
0.164818186454
0.164732021223
0.164693665423
0.154079247514
0.154091923605
0.154114843942
0.154138599239
0.154171511254
0.154202483364
0.154238374723
0.154281194484
0.154326281216
0.154399550507
0.154480778963
0.154577891685
0.154684913755
0.154786790194
0.154884749998
0.154997654432
0.155127418372
0.155259549692
0.155396803376
0.155546269374
0.155713640598
0.155900866056
0.156109731812
0.156334841898
0.15659190653
0.156887370803
0.157185586874
0.157506047604
0.157843235785
0.158189363563
0.158556994171
0.158915995747
0.159258787168
0.159598823059
0.159949906912
0.160311720785
0.160683323359
0.161064827654
0.161456194965
0.161857081491
0.162267164228
0.162685794665
0.163111720041
0.163543105289
0.163977578707
0.164412531017
0.16484569616
0.165275493514
0.165700826732
0.166120615418
0.166533228473
0.166935787178
0.167323633911
0.167690400718
0.168028419602
0.168327969466
0.168573992728
0.16874767313
0.168838839681
0.168864162401
0.168853377399
0.168825942956
0.168763239128
0.168639239454
0.168448449521
0.168201698042
0.167923292726
0.167628471468
0.16727059833
0.166843470208
0.166453244335
0.166119308674
0.165822053676
0.165506383009
0.165147475895
0.164803984242
0.164552875637
0.164388672683
0.164281638208
0.164228216206
0.153975589871
0.153985494506
0.154002818407
0.154033616569
0.154075984716
0.154106302779
0.154142665355
0.154190224853
0.154233824047
0.154303544634
0.154394054956
0.154493779795
0.154600053752
0.154702954447
0.154806695224
0.154921506614
0.155049523862
0.155178422793
0.155313314524
0.155460099644
0.155624337725
0.155809477921
0.156027755622
0.156265428875
0.156517069873
0.156812922621
0.15712051613
0.157437431433
0.157787546508
0.158140279611
0.158498072963
0.158849809126
0.15919268319
0.159540683552
0.159898048268
0.160266134104
0.160644581325
0.161033298335
0.161432265685
0.161841327612
0.162260580539
0.162689556303
0.163126620897
0.163569486369
0.164015686567
0.164462827145
0.16490905488
0.1653533035
0.16579508343
0.16623410905
0.166669847834
0.167100920243
0.1675245954
0.167936429143
0.168328655056
0.16868520643
0.168972765589
0.169164279525
0.169253192384
0.169269208382
0.169260050214
0.169258437116
0.169213797497
0.16906453243
0.168804250302
0.168455322592
0.16805556161
0.167659266866
0.16723598434
0.166754927572
0.166311420832
0.165957764875
0.165670374559
0.165315574325
0.164816110725
0.164312274571
0.164000155616
0.163828098672
0.163707648804
0.163639654812
0.15385853369
0.153865806731
0.153874888876
0.153909750624
0.153952323003
0.153989016321
0.154028569153
0.154081408327
0.154131067495
0.154199263989
0.154293571169
0.154394753809
0.154499621665
0.154600079949
0.154711441118
0.154834762441
0.154960867424
0.155086964265
0.155220499382
0.155366026765
0.155526925654
0.155706080859
0.155923765477
0.156183517947
0.156442246399
0.156725344555
0.157046880345
0.157370809673
0.157711269297
0.158069290896
0.158428303177
0.158776584
0.159120142042
0.159474866669
0.159839778893
0.160215188992
0.160601170048
0.160997779824
0.161405349095
0.161823659149
0.162252816483
0.1626928149
0.163142030602
0.163597619008
0.164056778237
0.164517318326
0.164977816421
0.165437641016
0.165896805026
0.166355917005
0.166816003018
0.167278258997
0.167743976058
0.168213097382
0.168678249356
0.16911003828
0.169443104451
0.169665747834
0.169766705159
0.169773269878
0.169760987851
0.16983533221
0.169867312809
0.169705352496
0.169344948504
0.168837646041
0.168247718673
0.167661361757
0.16709425312
0.166532919775
0.166074027195
0.16573981192
0.165567393491
0.165226924758
0.164444937588
0.163576309598
0.163218528067
0.163120169175
0.162999944534
0.162909507219
0.153729031063
0.153737467877
0.153751342125
0.153775861368
0.153813210877
0.153854019817
0.153897722332
0.153953003023
0.154013003657
0.154082413128
0.154179272949
0.154281550819
0.154386060663
0.154485091963
0.15459720272
0.154728362574
0.154856825204
0.154983399863
0.155116941825
0.155262371677
0.155421883858
0.155596371847
0.155809288918
0.156080107228
0.156354737401
0.156635615859
0.156961951575
0.157294714082
0.15763055193
0.157986704079
0.158337586095
0.158684090802
0.159037686115
0.159401062084
0.15977421442
0.160157860789
0.160552567119
0.160958008474
0.161374731085
0.161803316416
0.162243706611
0.162695752581
0.163158065248
0.163627543511
0.164100953081
0.164576163992
0.165052127394
0.165528391849
0.166005181654
0.166483921932
0.166967505883
0.167461056068
0.167972698008
0.168511045336
0.169069522599
0.169595265549
0.169978967858
0.170311542137
0.170484505859
0.170451795669
0.170386800827
0.17068518888
0.170882848191
0.170620120912
0.170032922831
0.169318944389
0.168521630258
0.167671013149
0.166874945234
0.166208984975
0.165587407475
0.165257571719
0.16554454878
0.16544748102
0.164108390697
0.162375619888
0.162095707068
0.162313426692
0.162158897417
0.161983046797
0.153583564898
0.153593061575
0.153615889432
0.153631080054
0.153662185483
0.153704093401
0.153751121159
0.153810333154
0.15388293935
0.153952825055
0.154050828457
0.154154347125
0.154259683788
0.154360333806
0.154473349958
0.154607516409
0.154738479439
0.154867315822
0.155002159867
0.155147966842
0.155307389577
0.155480799756
0.155685798961
0.155952989806
0.156252686332
0.156542251797
0.156856456107
0.157207539334
0.157553214785
0.157890324496
0.158233700063
0.158584148511
0.158945619135
0.159317913869
0.159700397508
0.160093411094
0.160497487714
0.160913045403
0.16134026443
0.161779876264
0.162232655669
0.162698259917
0.163175017112
0.163659618613
0.164148548348
0.164639754796
0.165132370431
0.165625774544
0.16611965393
0.166615534962
0.167118484799
0.167638811308
0.168193937507
0.168807032706
0.169470816767
0.170129053564
0.170621832219
0.171327647589
0.171674849958
0.171144620514
0.170050511441
0.17006338448
0.170347139654
0.170177413041
0.169624952648
0.16891603468
0.168154283653
0.167397904713
0.166689481545
0.166076307596
0.165697649799
0.165846597998
0.166954124555
0.167529289073
0.164483356048
0.159107197037
0.159867050231
0.161517765096
0.161201222484
0.160770813337
0.153419042184
0.153427737277
0.153448680724
0.15346575297
0.153494331865
0.153537641047
0.153586281492
0.153645059036
0.15372966893
0.153808111395
0.153906729417
0.154012179586
0.154119754791
0.154224514214
0.154340055511
0.154475070426
0.154607671219
0.154739368124
0.154876256319
0.15502293662
0.155182358312
0.155356251121
0.155556488444
0.155816082579
0.156130866257
0.156437679326
0.156744120247
0.157088548925
0.157445303365
0.1577869388
0.158125097812
0.158476606907
0.158844454155
0.159225763703
0.159618029131
0.16002088943
0.160435342641
0.160861796952
0.161300852179
0.161752994196
0.162219349512
0.162700069008
0.163193125545
0.163694480926
0.164200188268
0.164708702015
0.165219723584
0.165731355429
0.166240400171
0.16674783682
0.167262190116
0.167798052609
0.168381119681
0.169053780171
0.169803659529
0.17067663121
0.170699237695
0.170926264526
0.171219850759
0.171081478953
0.17058358917
0.170208029439
0.170134431836
0.169836202149
0.169259163363
0.168543688165
0.167776183798
0.167001065497
0.166267302456
0.165617617642
0.165136817259
0.164911348013
0.164845167121
0.163751596115
0.16133457318
0.160572028112
0.162543959496
0.163729794316
0.160493651882
0.158793202942
0.153237555485
0.153245333812
0.153266767206
0.153283908214
0.153312491844
0.153356084329
0.153405856376
0.153461408127
0.153547255141
0.153639689083
0.153743599683
0.153852464162
0.15396383236
0.154076297135
0.154194848501
0.154330494284
0.154464630456
0.154599760136
0.154739194026
0.154887299298
0.155047026551
0.15522080971
0.155417956673
0.155668731466
0.155983326714
0.156317664757
0.15663308689
0.156964642181
0.15731568195
0.157657846115
0.157997993829
0.15835658647
0.158732507947
0.159123033188
0.159525701758
0.159939632721
0.160365219737
0.160803655358
0.161255589574
0.161721863957
0.162203413409
0.162700739417
0.163212285578
0.163733140692
0.164257799621
0.164785184336
0.165316239516
0.165846872796
0.166368033945
0.166879337676
0.167393714864
0.167926496114
0.16849646532
0.169139065858
0.169797964227
0.170255054632
0.170661279048
0.170766866262
0.17085422012
0.17069447494
0.170263181309
0.169809319614
0.169475176496
0.169046810613
0.168434375782
0.16769209566
0.166884304285
0.166055132193
0.165246772837
0.164490490129
0.16380456169
0.163200296945
0.162589389877
0.161669040867
0.160535375156
0.160150019464
0.160757590068
0.161423211433
0.159252955257
0.15886478331
0.153041287645
0.153047554208
0.153064798865
0.153084238804
0.153117173533
0.153160927142
0.153213213032
0.153267450762
0.153351942848
0.153452654812
0.153561299211
0.153673114707
0.153786873678
0.153909793619
0.154034674644
0.154170948103
0.154307200427
0.154447243695
0.154590115739
0.154740321885
0.154900881687
0.155074299311
0.155269043119
0.155512654961
0.155822742562
0.156174222565
0.156509441916
0.156836568679
0.157175579992
0.15751310896
0.157857505939
0.158222899295
0.158607161284
0.159006864277
0.159420583853
0.159847277099
0.160285922899
0.160737252223
0.161203579893
0.161685352048
0.162183892905
0.162700450793
0.16323349052
0.163777015544
0.164322364929
0.164870558621
0.165429261016
0.165987267168
0.166514375245
0.167015549609
0.167514846807
0.168023217053
0.16853188346
0.169085155017
0.169502635713
0.169941195017
0.170249515582
0.170326809232
0.170291998308
0.170087455926
0.169693789616
0.169214980717
0.168724975871
0.168159911419
0.167462155646
0.166647956085
0.165759635898
0.164833266978
0.16389842199
0.162980594076
0.162056204706
0.16111526929
0.160146143796
0.159056965786
0.157874446212
0.157011490922
0.156706718385
0.156947710991
0.156620083144
0.158081366546
0.152832879202
0.152837914587
0.152850038692
0.152872305643
0.152908979564
0.152952508495
0.153006550792
0.153063702144
0.153144447163
0.153249257463
0.153360851406
0.153474567677
0.153588411055
0.153716607732
0.153853316771
0.153992794209
0.154131831072
0.154277573086
0.154426410671
0.154580290199
0.154742961207
0.154915900533
0.155108782948
0.155346374111
0.155646943513
0.155996440782
0.156353269011
0.156691381063
0.15702713818
0.157362098096
0.157705364145
0.158075749716
0.158468281484
0.158875175897
0.159301380843
0.159742251319
0.160194007459
0.160660119314
0.161142753091
0.16164276908
0.162160637514
0.16269798305
0.163254765604
0.163827685389
0.164410817287
0.165001392388
0.165594169367
0.166162370672
0.166679243986
0.167163699198
0.16763681354
0.168106669578
0.168570064859
0.168867779384
0.169227440651
0.169554667676
0.169736221759
0.169743333579
0.169607895435
0.169320786226
0.168876943885
0.1683206929
0.167693941846
0.166984206244
0.166164405162
0.165237457457
0.164226718014
0.163156242547
0.162044869856
0.160908393777
0.159707801617
0.1583973812
0.156977201332
0.155411459037
0.153721424902
0.152134725048
0.150836632259
0.149992005437
0.149622503769
0.150946504473
0.152613152933
0.152617825996
0.152628306305
0.152654042007
0.152690442192
0.152731844586
0.152783430787
0.152845396968
0.152922224633
0.153028743286
0.15314254234
0.153258095099
0.153373111858
0.153501696109
0.153648314175
0.15379436088
0.153937949276
0.154088520613
0.154244027004
0.154404035097
0.154571484723
0.154744759843
0.154936072381
0.155169358765
0.155460768249
0.155803571011
0.156169296584
0.156521256054
0.15685362332
0.157186794894
0.157537314787
0.157910354542
0.158308989698
0.158726656693
0.159166098213
0.159620991822
0.16008733408
0.160569789159
0.161070421756
0.161590592638
0.162130967581
0.162693499478
0.163282697663
0.163903117683
0.164545032345
0.16518269758
0.165802949521
0.166386109829
0.166903195945
0.167372456295
0.167829562022
0.168363690886
0.16846567353
0.168679433193
0.168911994359
0.169069495911
0.16910496957
0.168998057598
0.16874873058
0.168355321704
0.167819750902
0.167162921488
0.166407578841
0.165554870316
0.164594289337
0.163525185187
0.162358007392
0.161104466292
0.159770905426
0.158354029446
0.156836198538
0.155119786347
0.15314752298
0.150906015286
0.148357270544
0.145512824111
0.142354287059
0.138922997126
0.135576394725
0.138470337037
0.152379481954
0.152384216585
0.15239516154
0.152425255492
0.152460744871
0.152499506901
0.152546480926
0.152611474321
0.152682992125
0.15278961799
0.152905680305
0.1530232464
0.153140515813
0.153271028629
0.153422903944
0.1535757171
0.153725462645
0.15388130838
0.154042037141
0.154208665976
0.154383500418
0.154559161333
0.154748927954
0.154979126573
0.155262789743
0.155597190936
0.155964069393
0.156324236641
0.156666533556
0.156999465112
0.157355074314
0.157734125131
0.158134960256
0.158555481015
0.159004685232
0.159478075601
0.159963100644
0.160464357401
0.160984120862
0.161525877384
0.162092292092
0.162686412453
0.163322568724
0.164008568062
0.164709929841
0.165396074874
0.166068220691
0.166728574374
0.167274564568
0.16771236819
0.16809511724
0.168223051852
0.168379829069
0.168430881324
0.168476980202
0.168468215402
0.168351945959
0.168106198748
0.167724274461
0.167204126184
0.166547952598
0.165765994378
0.164870048333
0.163863135758
0.162740974309
0.161500823497
0.160143792124
0.158670244022
0.157074613882
0.155340996643
0.153443834166
0.151266108713
0.148662538336
0.145564038015
0.141816099899
0.137108983321
0.130777396515
0.121255002952
0.103596562814
0.0607245811039
0.152126035
0.152130726978
0.152143933104
0.152179142038
0.152214361631
0.152251187547
0.152295798959
0.152360638483
0.152426488216
0.15253105187
0.152649144542
0.152768704826
0.152888320051
0.153020805304
0.153175906708
0.153334864141
0.153492847278
0.153654719387
0.153819732369
0.153992151714
0.154175742766
0.154356801748
0.154544875758
0.154772354662
0.155050342065
0.155375371198
0.155736925884
0.156094616544
0.156450420355
0.156797873777
0.157154832056
0.157533604281
0.157942273952
0.158374349961
0.158825148353
0.15930927582
0.159815084726
0.160337657863
0.160881060187
0.161446781522
0.162040287178
0.162677088159
0.16338139531
0.164138075998
0.164896221972
0.165654660367
0.166458632316
0.167369485362
0.167990168138
0.168129001196
0.168105483732
0.168113728739
0.168108240935
0.168037436686
0.167926485448
0.167749054743
0.167468381977
0.167065874562
0.166533840725
0.16586893454
0.165071399888
0.164145445353
0.163096005408
0.161923833342
0.160624815537
0.159192972732
0.157621509752
0.155900103356
0.15401050526
0.151921477287
0.149581937357
0.146914270127
0.14369313271
0.139675642643
0.134620747777
0.127989888986
0.118673436748
0.104444292845
0.0806376208391
0.0414657046776
0.151844658471
0.151849315986
0.151864716273
0.151904962113
0.15193965035
0.15197782311
0.152021817516
0.152084256917
0.152147495367
0.152251307735
0.152371541864
0.152492974258
0.152614771252
0.152748694572
0.152905208445
0.153067992978
0.153236119477
0.153405481413
0.153575006801
0.153752483651
0.1539440949
0.154134727726
0.154322426555
0.154545879415
0.154820155771
0.155137162611
0.155491439477
0.155843355994
0.156199475793
0.156565551481
0.156939153907
0.157321042066
0.157720713878
0.158158351617
0.158625499486
0.159119430274
0.159641744643
0.160185863471
0.160753537933
0.161347070697
0.161976813335
0.162674921001
0.163455928015
0.164274734975
0.165104670243
0.165998712722
0.167068308299
0.168773001683
0.168525426556
0.168279884924
0.168058142765
0.167909172966
0.167751083495
0.167535001692
0.167255406569
0.166899283004
0.166443964675
0.165873492938
0.165179396302
0.164357021544
0.163404284993
0.162321061805
0.161107178714
0.159759715802
0.158271828627
0.156633183633
0.154829729002
0.152841423774
0.15063830334
0.148175279669
0.14538491027
0.142170083223
0.138340895262
0.133535062694
0.127361198851
0.119275095309
0.108242942829
0.0925269481182
0.0690302813212
0.0369802693078
0.151528538175
0.151535084281
0.151551274589
0.151590734101
0.151628278054
0.151672985637
0.1517201341
0.151782938577
0.151850481707
0.15194950072
0.152071197587
0.152194447727
0.152318408395
0.152453460214
0.152610142868
0.152773072435
0.152947321588
0.153127504303
0.153304322137
0.153488081457
0.153685618814
0.153888711476
0.15408426322
0.154299519068
0.154570114886
0.154881148245
0.155228074112
0.155575142226
0.155926011939
0.156300481738
0.156691614146
0.15708935027
0.157490471268
0.157921887629
0.158392226669
0.15890088507
0.159441520633
0.160008364503
0.160599673921
0.161223867279
0.161907742824
0.162682734903
0.163532172687
0.164414761067
0.165338968356
0.166381733696
0.167526661988
0.168295060186
0.168518045233
0.168167287251
0.167837802176
0.167564443337
0.16725815104
0.166883786785
0.166434282484
0.165901002419
0.165269295952
0.164526568745
0.163664608746
0.162677826097
0.16156202946
0.160313624288
0.158928226472
0.157398905504
0.15571492359
0.153861049347
0.151816488288
0.14955255301
0.147028898926
0.144188256008
0.140949121295
0.137195212016
0.132763852333
0.127334969059
0.120391935778
0.111331500486
0.0993637651454
0.0832256668444
0.060663224669
0.0323764357065
0.151182285184
0.15119225307
0.151208342886
0.15124116061
0.151284675045
0.151336208349
0.15138923812
0.151456613939
0.151533849366
0.151627103306
0.151747406027
0.151871733373
0.15199791015
0.152134263984
0.152291320319
0.152454831935
0.152629479122
0.152818859221
0.153005857482
0.153198308347
0.153401716605
0.153616735117
0.153829861331
0.154047657309
0.154304891724
0.154608759518
0.154948432895
0.155291256278
0.155635296311
0.156009110409
0.156408501457
0.156827566071
0.157242026435
0.157670094848
0.158136621824
0.158649541103
0.159205359588
0.159796994957
0.160416574394
0.161084797233
0.161840501697
0.16269325311
0.163608383446
0.164568714981
0.165620012989
0.166846458963
0.167755376262
0.167887068559
0.167976246079
0.167771012862
0.167436259774
0.167049697513
0.166598959462
0.16606873836
0.16545334362
0.164747239933
0.163941587704
0.163027291204
0.1619968769
0.160843990635
0.159562560245
0.15814605705
0.156586455041
0.154872924743
0.152990586868
0.150919351775
0.148632383407
0.146093658946
0.143254313422
0.140047527168
0.136381460437
0.13212941139
0.127115396238
0.121099519669
0.113661940034
0.104154087899
0.0917784527191
0.075600048325
0.0540967581434
0.028370508681
0.150819506832
0.150829947921
0.150844882512
0.150870050616
0.15091681457
0.150970971904
0.151028002049
0.151097678239
0.151181682288
0.151277016436
0.151397582202
0.151523145201
0.151651792266
0.151789640123
0.151947436747
0.152112994628
0.152289324202
0.15248494297
0.152682002228
0.152886582552
0.153099323444
0.153323148735
0.153549402274
0.153783804632
0.154042388662
0.154335260214
0.154659972128
0.154996513547
0.155331861809
0.155699141742
0.15609856492
0.156525739259
0.15696179438
0.157399313468
0.157866689346
0.158375527105
0.158934703724
0.15954599621
0.160204515116
0.160934177869
0.16177024483
0.162696165777
0.163674513948
0.16471189995
0.165822987128
0.167233998349
0.167489228472
0.16748843943
0.167442678902
0.167230039445
0.166845837692
0.166350016836
0.165762323091
0.16508179102
0.1643067654
0.163435133131
0.162462196614
0.161381631588
0.160186752084
0.158870592922
0.157425452125
0.155842301541
0.154109973368
0.152214102823
0.150135940633
0.147851012982
0.145327386581
0.142523199293
0.139383177407
0.135833864761
0.131777175212
0.127081680807
0.121570849046
0.115007080221
0.107075995035
0.0973156120999
0.0850284994255
0.0693922066935
0.049227814781
0.025488084524
0.150445218222
0.150454052124
0.150466891188
0.150489756779
0.15053199303
0.150584099623
0.150642065874
0.150710877372
0.150797382774
0.150896958337
0.151020118368
0.151147324594
0.151278597805
0.151417885437
0.151576303576
0.151743879299
0.151922156435
0.152122834128
0.152328363759
0.152544132664
0.152771694059
0.153005104723
0.15324354553
0.153484032255
0.153751452688
0.154052053519
0.154372859428
0.154695486311
0.15501906033
0.155376519406
0.155772715605
0.156195996951
0.15664127178
0.157091525375
0.157566249593
0.158079905861
0.158638268461
0.159261349963
0.159964273925
0.160768695874
0.161686236996
0.162678063353
0.163694379647
0.164691966783
0.165548730524
0.166572321256
0.166855855071
0.166882366215
0.166788498381
0.166516169051
0.166061318611
0.165462908865
0.164747029768
0.163923774455
0.162997514492
0.161969717007
0.160838686978
0.159600116482
0.158247951189
0.156774693474
0.155171228731
0.153426410714
0.151526415711
0.149453852986
0.147186652872
0.144696702591
0.141948077705
0.138894656954
0.135476897217
0.131617546367
0.1272160118
0.122141028114
0.116221201587
0.109233078754
0.10088643179
0.090808295593
0.0785373598564
0.0634440144461
0.04458028166
0.0227488918057
0.150053516962
0.150064114843
0.150073495345
0.150099502419
0.150134078073
0.150181250851
0.150237399791
0.150304132565
0.150390547241
0.150489850843
0.150615497046
0.150744032579
0.150876988882
0.151017631457
0.151176907015
0.151345202059
0.151523671497
0.151728715944
0.151941508908
0.152164215912
0.152403384142
0.152645506169
0.152900760796
0.153155792293
0.153422950459
0.153728672855
0.154063510343
0.154384284422
0.154696335927
0.155040020837
0.15543412248
0.155856973686
0.156300564818
0.15675548131
0.157232413494
0.157749069123
0.158309905174
0.158945222518
0.15969429444
0.160580412965
0.161580846516
0.162632052899
0.163657318094
0.164677989919
0.165880919587
0.165864700614
0.166142459222
0.166205442217
0.166031826135
0.165663284161
0.165113272609
0.164405228253
0.163563502969
0.162603836242
0.161535011128
0.160361170558
0.159082548947
0.157696052391
0.156195922761
0.154574107065
0.152820261293
0.150921479367
0.148861778481
0.146621331703
0.144175447264
0.141493256972
0.138536022524
0.135254917252
0.131588133189
0.127457152006
0.122762011906
0.117375390995
0.111135362647
0.103836805647
0.0952216891143
0.0849687795137
0.0726830619119
0.0579047194789
0.0400132563044
0.0200143097811
0.149635293014
0.149646705683
0.149657885102
0.149685009007
0.149717631992
0.149761671433
0.149815100908
0.149879238463
0.149963167126
0.150058561964
0.150184975718
0.150314643982
0.150446991822
0.150589005008
0.150750366593
0.150919242915
0.151095971094
0.15130139042
0.151520447747
0.151746903527
0.151994170526
0.152246594562
0.152510069475
0.152788535854
0.153070857456
0.153381148725
0.153728770361
0.154062993299
0.154365038738
0.154692122251
0.155074023686
0.155497612785
0.155946479956
0.156407050125
0.156880359278
0.157393613316
0.157952203358
0.158595894371
0.159390343476
0.160358866871
0.161434111653
0.16247592842
0.16344047793
0.164151203983
0.165242541394
0.1653994504
0.165461664379
0.165416531176
0.165150207774
0.164675256295
0.164014412159
0.163189807224
0.162223998859
0.161134434915
0.159932163754
0.158622891314
0.157207853575
0.155684468294
0.154046924866
0.152286570654
0.150392009452
0.148348933473
0.146139705686
0.143742693192
0.141131339853
0.138272953027
0.135127141029
0.131643817369
0.127760670679
0.123400009393
0.118464898596
0.112834552082
0.106359034621
0.0988535377301
0.0900928276886
0.0798075391855
0.0676820925977
0.0533842220876
0.0363999760439
0.0179800991723
0.149189897078
0.149198675127
0.1492161478
0.149243605415
0.14927811843
0.149322067424
0.1493734707
0.149435309705
0.149515936559
0.149605256235
0.149730004817
0.149861483574
0.14999168494
0.150132342319
0.150297315397
0.150468437489
0.15064444713
0.150844583713
0.151064609179
0.151294413457
0.151545191682
0.151810895398
0.152089807043
0.152380239773
0.152682079784
0.153001979191
0.153362048649
0.153723894602
0.154030722198
0.15434093615
0.154700033669
0.15511485772
0.155565903759
0.156038886902
0.156516097201
0.15702077547
0.157571227497
0.158213185988
0.159047600638
0.160103835054
0.161248540701
0.162315130009
0.163368164351
0.164588892868
0.164473596686
0.164680035193
0.164717389647
0.164541680473
0.164152578545
0.163557852693
0.162776566044
0.161831232293
0.16074348541
0.159530582348
0.158204044495
0.156769983647
0.155229803527
0.153580851355
0.151816973335
0.149928893386
0.147904353498
0.145728006761
0.143381071808
0.140840747139
0.138079380104
0.135063368808
0.131751761996
0.128094501274
0.124030251515
0.119483769984
0.114362800924
0.108554543319
0.101921865252
0.0942996820559
0.0854922138526
0.0752730960564
0.0633866774853
0.0495868565064
0.0334474111647
0.0163512478446
0.148723617762
0.14873146262
0.148750655745
0.14877842829
0.148815046686
0.148860271472
0.148910380663
0.148970650399
0.149049374377
0.149132711991
0.149252622474
0.149386184617
0.149515746734
0.149651003322
0.149817170802
0.149991408545
0.150168522078
0.150362824127
0.150577792577
0.150806978942
0.151060068424
0.151326213721
0.151621413143
0.151927962328
0.152249337592
0.152583118836
0.152954232956
0.153347959114
0.153684448777
0.153990620259
0.154329693184
0.15471888256
0.155160200969
0.1556391894
0.156137920616
0.156642029044
0.157177665017
0.157798250185
0.158656055707
0.159783975414
0.160930740964
0.161984970589
0.162785630755
0.163902892927
0.163975217447
0.163964190583
0.163869715931
0.163563155644
0.163039711175
0.162314968566
0.16140850741
0.160342215817
0.159136493213
0.157807490377
0.156366031226
0.154817712521
0.153163460434
0.151400139493
0.1495210723
0.147516396664
0.145373213386
0.143075511788
0.140603873476
0.13793495707
0.135040758911
0.131887639448
0.128435089991
0.124634208924
0.120425850929
0.115738431189
0.110485399398
0.104562475719
0.0978448752429
0.0901849881294
0.0814112634941
0.0713303691345
0.0597297882877
0.0464217653677
0.0310353007392
0.0149930252265
0.148238441917
0.148245643778
0.148263706938
0.148292669212
0.148329886331
0.14837550198
0.148424325751
0.148482185884
0.14856253494
0.148646147316
0.14875501046
0.148888736752
0.149020001564
0.149152836217
0.149311843157
0.149486250617
0.149664685886
0.149855269908
0.150065819993
0.150288435939
0.150543605876
0.150808817276
0.151099137762
0.15141384052
0.151749587231
0.152106636239
0.152494086001
0.152919614107
0.153313159816
0.153635634517
0.153967282403
0.154337017191
0.154757586432
0.155219416042
0.155724402889
0.156252026815
0.156789432033
0.15737108312
0.158204361119
0.159411963468
0.160597839109
0.161743135734
0.162944575665
0.163031884904
0.163188954281
0.163148829993
0.162911887557
0.162464593722
0.161805152331
0.160949206248
0.159918418751
0.158734638477
0.15741692828
0.155979870342
0.154432929599
0.1527806011
0.151022922524
0.149156044054
0.147172709098
0.145062579456
0.142812372488
0.140405799193
0.137823304964
0.135041615689
0.13203308987
0.12876486859
0.125197806783
0.121285157619
0.116970981854
0.112188262614
0.106856744484
0.100880587782
0.094146060935
0.0865197459608
0.0778479584503
0.0679595884902
0.0566685421924
0.0438209541839
0.0290765153289
0.0138406504049
0.147734984998
0.1477418795
0.147759144861
0.147789684629
0.147825086732
0.147868458581
0.147916275475
0.147970200673
0.148049377116
0.148137330521
0.148234653858
0.14836613949
0.148498560873
0.148633134247
0.148781516503
0.148951406371
0.149129062657
0.149316538657
0.149526536759
0.149744464146
0.149991753585
0.150260322274
0.15054278322
0.150853775301
0.151193618873
0.151558840983
0.151960820445
0.152406632445
0.15287168745
0.153257661837
0.153592903955
0.153956164052
0.154359069916
0.154813330047
0.155302371273
0.155836082338
0.156398849237
0.156970061505
0.157689638406
0.158876551314
0.160142949311
0.161466867673
0.162225750471
0.16223318769
0.162291846884
0.162185211372
0.16182767617
0.161243216557
0.160449199956
0.15946539063
0.158315080813
0.157020006526
0.155597837564
0.154061347046
0.152418301689
0.150671794315
0.148820783675
0.14686064018
0.144783587069
0.142578988975
0.140233469295
0.137730852487
0.135051935638
0.132174095048
0.129070730719
0.125710542085
0.122056615105
0.118065286259
0.113684738844
0.108853292354
0.103497370787
0.0975292020336
0.0908444268684
0.0833200379371
0.0748133466246
0.0651642590004
0.0541967984978
0.0417683737243
0.027548234749
0.0128824990017
0.147214166834
0.14722090321
0.147242094987
0.147272360752
0.147302734337
0.147342136735
0.147388956343
0.147440131605
0.147510212698
0.147597687828
0.147688049294
0.147815355926
0.147947041856
0.148080430046
0.148220927745
0.148385120916
0.148557270032
0.148740670376
0.148950243721
0.149168763306
0.149403817306
0.14966737119
0.149945366052
0.150252720547
0.150586827317
0.150947934845
0.151349393551
0.151796956934
0.15229370888
0.15279079242
0.153186840653
0.153552827957
0.153949770476
0.15438817237
0.154876813788
0.155410354436
0.155990557423
0.156616026162
0.157266917041
0.158161045612
0.159341847196
0.160020124657
0.161155335668
0.161327693708
0.161302535682
0.161088795194
0.160614396657
0.159899847144
0.158976166167
0.157870517049
0.156607876963
0.155209420609
0.153691235027
0.152064155126
0.150334122693
0.148502743636
0.146567885279
0.144524206545
0.142363560065
0.140075243702
0.137646096956
0.135060447302
0.132299914608
0.129343084247
0.126165052212
0.122736833772
0.119024603434
0.114988710753
0.11058239464
0.105750109724
0.100425391816
0.0945282295139
0.0879620240813
0.0806104488277
0.072334810405
0.0629743853343
0.0523459024181
0.0402934307379
0.0264722292956
0.0121332486841
0.146676232768
0.146683790113
0.146708595961
0.146734461994
0.146760287874
0.146796693894
0.146842163393
0.146891672492
0.146952283424
0.147034560506
0.147117898357
0.14723708814
0.147367330103
0.14749500395
0.147628471891
0.147789318037
0.147953675763
0.148127499738
0.14833355345
0.148549193488
0.148776267348
0.149032671741
0.149300718028
0.149605380724
0.14993242795
0.150287722254
0.150674066064
0.151106634688
0.15158990901
0.152131353552
0.152663854872
0.153097874723
0.153515636255
0.153953619744
0.154437057039
0.154974404682
0.155571443624
0.15623121044
0.156940825224
0.157765738975
0.15889572656
0.159931503666
0.160131430129
0.160334336308
0.160253944842
0.159898005742
0.159287438728
0.158442146251
0.157393746974
0.156173309649
0.154806548164
0.15331336717
0.151707907423
0.149998953626
0.148190623214
0.146283097205
0.144273264906
0.142155235063
0.139920699136
0.13755914822
0.135057953924
0.132402324589
0.129575153198
0.12655677
0.123324607432
0.119852757675
0.116111373545
0.112065818785
0.107675443548
0.102891831042
0.0976563541823
0.0918968860894
0.0855235904795
0.0784238407061
0.0704567459154
0.061449277466
0.0511918139036
0.0394823479573
0.0259272305694
0.0116375740589
0.146119030392
0.146126706963
0.146143262644
0.14616779606
0.146194594161
0.146229960477
0.14627366821
0.1463203597
0.146375437937
0.146451730543
0.146531182805
0.146635236649
0.146764267969
0.14688680735
0.147011441926
0.147167133053
0.147328542305
0.147492555903
0.147684597529
0.147892669189
0.148108993798
0.148360990351
0.148620546538
0.148906953935
0.149223508709
0.149572772948
0.14994488808
0.15035609077
0.150813991181
0.151326809778
0.151900121367
0.152477066065
0.152986892434
0.153475271109
0.15397763223
0.154520721949
0.155119960538
0.155786361861
0.156523570832
0.157415732638
0.158772903618
0.159310893189
0.159211968578
0.159271391807
0.159089867029
0.158596525598
0.157847621023
0.156874263293
0.155708404214
0.154381923589
0.152920135992
0.151341225247
0.149657178264
0.147874724373
0.145996270427
0.144020740854
0.14194424297
0.139760552534
0.137461438982
0.135036855127
0.132475010959
0.129762353188
0.126883471445
0.123820955533
0.12055520692
0.117064177245
0.113322947926
0.109303015719
0.10497109522
0.100287206039
0.0952017791425
0.0896514541486
0.0835532483347
0.0767967948742
0.0692345960454
0.060672039923
0.0508549188752
0.0394955752498
0.0260998899209
0.0115185876395
0.145543911618
0.145550469844
0.145559449329
0.145583263837
0.145611503791
0.145644478608
0.145683935382
0.145726333205
0.145775324943
0.145845969092
0.145925712398
0.146013344174
0.146138391863
0.1462609278
0.146380692127
0.146520713014
0.146678989833
0.146837958574
0.147010771071
0.147210364305
0.147414839881
0.147648967894
0.147903883519
0.148169026814
0.148468846163
0.148796218442
0.149155877605
0.149547358109
0.149977492744
0.150458424379
0.150988901603
0.151582173274
0.152191053972
0.152781815427
0.153346323976
0.153923557133
0.154531072611
0.155182925855
0.155873905635
0.156650456966
0.157501701368
0.158312845529
0.158162970503
0.158082800925
0.157788923696
0.157173083681
0.15629537667
0.155201532828
0.15392728799
0.152504398679
0.15095696792
0.149301201571
0.147546895413
0.145698824836
0.143757876724
0.14172194623
0.139586595127
0.137345503747
0.134990762462
0.132513042391
0.129901676092
0.127144674343
0.124228715431
0.121139135842
0.117859931702
0.114373715099
0.11066150761
0.106702174613
0.102471257219
0.0979388940998
0.0930664560782
0.0878013452901
0.0820692703242
0.0757628482323
0.0687258696077
0.0607334683185
0.0514674558059
0.040517129641
0.0272576980999
0.011994859311
0.144954695796
0.144961283759
0.144974262639
0.144992981259
0.145016347082
0.145043565374
0.145076525231
0.145114366898
0.145156736749
0.145218923332
0.145296661386
0.145372001551
0.145485220121
0.145610171727
0.145727111836
0.145848653813
0.145999943404
0.14615115384
0.146306348872
0.146495261777
0.146691754688
0.146901916599
0.147142551497
0.147388594633
0.147670701784
0.147972778961
0.148313539049
0.14868079178
0.14908245409
0.149530743838
0.150023434678
0.150561024973
0.151149665036
0.151770284203
0.152393020666
0.153014174899
0.153649314154
0.154300566628
0.154939601682
0.155483525934
0.155639990879
0.15684165361
0.156914951831
0.156769387501
0.15636475331
0.155634524932
0.154637754115
0.153432045987
0.152058492396
0.150548543877
0.148924460587
0.14720021812
0.145383436843
0.143477089542
0.141480763653
0.13939156883
0.137204761796
0.134914158505
0.132512395396
0.129991093029
0.127340955311
0.124551843804
0.121612873768
0.118512581262
0.115239156824
0.111780668907
0.108125098993
0.104259952079
0.100171158062
0.0958409274742
0.0912441596243
0.0863425977305
0.0810756826386
0.0753453906082
0.0689919841212
0.0617552326728
0.053213765552
0.0427438706073
0.0294917702762
0.0128913015399
0.144350923325
0.144356824383
0.144371633448
0.144386798488
0.144403478466
0.144426255938
0.144454412587
0.144488499125
0.144525942549
0.144577250322
0.144649362386
0.144721331688
0.144810677747
0.14493368761
0.145046289119
0.145155152712
0.145293012734
0.145437660543
0.14557999423
0.145747829673
0.145931979885
0.146121291607
0.14634551469
0.146576464514
0.146830691243
0.147112651684
0.147422488681
0.147763274296
0.148135706585
0.148545771047
0.149004296292
0.14950059106
0.150045010613
0.150632371349
0.151262580597
0.151915254739
0.152589395029
0.153279034556
0.153959566824
0.154544079723
0.154634857691
0.155388817015
0.155616954455
0.15540326316
0.154861006047
0.15400307666
0.152887581204
0.151575421041
0.150110025663
0.148521296186
0.146828764645
0.145043775679
0.143171738433
0.141213965008
0.13916895643
0.137033266821
0.134802069403
0.132469521671
0.130029001725
0.127473273645
0.12479462003
0.121984989129
0.119036231391
0.115940481415
0.112690675766
0.109281069202
0.105707526599
0.101967303007
0.0980580597967
0.0939758398463
0.0897117277337
0.0852464595712
0.0805420636693
0.0755264943668
0.0700666658217
0.0639112019199
0.0565643151995
0.0470919045472
0.0337271700249
0.0138436416354
0.143732009807
0.143735296306
0.143743651928
0.14375346532
0.143770415488
0.143792742195
0.143818757022
0.143849556361
0.143881551725
0.143921578726
0.143983610827
0.144056260098
0.144124311783
0.144231506464
0.144345358546
0.144446905207
0.144561038851
0.144699288489
0.144833197594
0.144974107784
0.145144312598
0.145315576166
0.145512536752
0.145731008988
0.145952624193
0.146213672509
0.146492351218
0.146805395873
0.147145970827
0.147519867526
0.147941903283
0.148405803003
0.148917986891
0.14948012337
0.150097428537
0.150771964006
0.151498109573
0.152284290306
0.153142588501
0.154097091454
0.154238683547
0.154246995148
0.154373406353
0.154015012481
0.15329941501
0.152292321553
0.151052990909
0.149637870806
0.14808733301
0.146427527741
0.14467425121
0.142835804968
0.140915347778
0.138912672021
0.136825395328
0.134649726385
0.132380949496
0.130013739093
0.127542374475
0.124960917905
0.122263389012
0.119444005471
0.116497588306
0.113420207806
0.11021001335
0.106868049606
0.103398745654
0.0998097976596
0.0961112407314
0.0923136398273
0.088425399616
0.0844489843242
0.0803759849453
0.0761783983138
0.071796084358
0.067100736457
0.0618103699326
0.0552668276168
0.045051130111
0.0234289070182
0.143101218282
0.143102350343
0.143104354018
0.143105416347
0.143125438385
0.143148151389
0.143172087952
0.143198805612
0.14322474596
0.143254662617
0.143303524001
0.143370175911
0.143434145541
0.143511986153
0.14362150308
0.143720893451
0.143813860338
0.143935123534
0.144061003515
0.1441806583
0.144328258074
0.144486416641
0.144649602628
0.144846069468
0.14504779936
0.145273258414
0.145527099328
0.145808004875
0.146117208721
0.146458315277
0.146841870929
0.147272827218
0.147754678983
0.148293154642
0.148896786927
0.149575010514
0.150342949336
0.151210754915
0.152209855315
0.153307337093
0.153640347247
0.153352226178
0.153163447869
0.152566986355
0.151658444754
0.150494144524
0.149131492508
0.147619589308
0.145992059361
0.144269516555
0.142463376395
0.14057874109
0.138616605453
0.136575434389
0.134452176617
0.132242894712
0.129943156294
0.127548298603
0.125053627849
0.122454617836
0.119747136538
0.116927795245
0.1139945619
0.11094770725
0.107790967069
0.104532594985
0.101185927027
0.0977691573391
0.0943042767827
0.0908152592006
0.0873259819727
0.0838578904699
0.0804292478416
0.0770535843669
0.073747754728
0.0705358281327
0.0674945246073
0.064857392211
0.063062786664
0.0659632588068
0.142460774245
0.142462368726
0.142466415792
0.142467814416
0.14247985039
0.142498577803
0.142518592663
0.142539839421
0.14256071444
0.142582095318
0.142614698407
0.142668104787
0.142732271416
0.142789555625
0.142874234851
0.142973377903
0.143056220831
0.143146013969
0.143263145557
0.143370088873
0.14348358882
0.143626923867
0.143768031148
0.143932384508
0.144116301918
0.144306106064
0.144526581915
0.144771815491
0.145047115585
0.145351549299
0.145695618969
0.146090759687
0.146536793538
0.147043391361
0.147627524325
0.148296529873
0.149071063979
0.149970797203
0.151053214154
0.152096746757
0.152608177437
0.152195759921
0.151808060003
0.150983574947
0.149894163898
0.148586248506
0.147112910446
0.145516281568
0.143822896033
0.142047478182
0.14019709752
0.138273891357
0.13627697976
0.13420378199
0.132050823237
0.129814220111
0.127489980611
0.125074227202
0.12256338762
0.11995442431
0.117245117958
0.114434547075
0.111523946981
0.10851799981
0.105426306279
0.102264571067
0.0990550084875
0.095825740873
0.0926092171378
0.0894400382153
0.0863527594899
0.0833801346022
0.0805539673065
0.0779060875002
0.0754864228183
0.0733652421616
0.0717135632002
0.0708780179377
0.0715637273941
0.0750222951334
0.141811137579
0.141813536764
0.141819718869
0.141830639608
0.141832521935
0.141846040657
0.141861476011
0.141877149089
0.141893333378
0.141905729579
0.141922010884
0.141955636119
0.142007186272
0.142059626553
0.142114185987
0.142199830059
0.142282530584
0.142350387276
0.142441721608
0.142539924481
0.142628952271
0.1427432244
0.142868606896
0.142999953274
0.143152153132
0.143315412131
0.143495827907
0.143705804946
0.143937154172
0.144198732298
0.144502432558
0.144849893656
0.145248191334
0.145708799268
0.146252972841
0.146894109753
0.147654214784
0.148550347403
0.149670559348
0.150555562318
0.151185463811
0.150695885494
0.150205229502
0.149208558942
0.147972657
0.146548468333
0.144986474586
0.143322593116
0.141577478517
0.139760716056
0.137875643729
0.135922000093
0.133897503971
0.131798900221
0.129622570291
0.127364890941
0.125022457655
0.122592281666
0.120071980915
0.117460050879
0.114756209918
0.111962033303
0.109082110764
0.106125711962
0.103108524482
0.100053788527
0.096992281052
0.093960982317
0.0910006645755
0.0881528912675
0.0854571771566
0.0829482776445
0.0806564741462
0.0786056781306
0.0768325223685
0.0753637914771
0.0743440124109
0.0740204618145
0.0747435120214
0.0761002413533
0.141157016841
0.141158754243
0.141161508623
0.14117820192
0.141182323871
0.14119153158
0.141202237229
0.141212140529
0.141222108607
0.141226675878
0.141230537975
0.141241580819
0.141272333753
0.141316117403
0.141356151876
0.14140682979
0.141482972113
0.141548272215
0.141606024526
0.141687512452
0.141765974398
0.141843904754
0.14194329453
0.142046867132
0.142163926809
0.142295797034
0.142439903283
0.142605944823
0.142794553411
0.143011933002
0.143258766301
0.143544575399
0.143879947242
0.144279088193
0.144759618004
0.145342766705
0.14605501631
0.146934029897
0.148068331641
0.148870438559
0.149481039917
0.148900441251
0.148338451509
0.147219111828
0.145875271314
0.144367533681
0.142744304035
0.141034457688
0.139254034837
0.137408794668
0.13549935919
0.133523866215
0.131479238323
0.129361982408
0.127168640995
0.124896059713
0.122541559207
0.120103126324
0.11757961509
0.114971071388
0.112279142675
0.109507902203
0.106665369117
0.103765580639
0.10083050374
0.0978908949797
0.0949855477082
0.0921589437996
0.0894577816187
0.0869270602607
0.084606447752
0.0825263885621
0.0807072239652
0.079151159845
0.0778519022704
0.0767338522618
0.0758758704476
0.0751640893153
0.0745163568538
0.0762137673317
0.140502974957
0.140504144567
0.140505966628
0.140520540741
0.140534226629
0.140536835161
0.140540728286
0.140543327325
0.140545083577
0.140543996788
0.140538037896
0.140532950535
0.140538821473
0.140562434864
0.140595497421
0.140621042658
0.140666638373
0.140724136777
0.140765214265
0.140813772931
0.140876461213
0.140931480069
0.140995548635
0.141071203551
0.141153670489
0.141246219659
0.141353193569
0.141473733452
0.141619849249
0.141784675242
0.141967969256
0.142186297625
0.142442122631
0.14275286361
0.143131056839
0.143608229911
0.144223893601
0.145032454725
0.146181361387
0.147159534474
0.147614373468
0.146818576071
0.146177078492
0.144991855358
0.143588689498
0.142035859284
0.140382744219
0.138650756043
0.136852807291
0.134992631216
0.133069501652
0.131080920682
0.129023690321
0.12689454205
0.124690485783
0.122409035913
0.120048360042
0.117607490135
0.115086540069
0.112487101562
0.109812716431
0.107069944548
0.1042703274
0.101432885668
0.0985860633551
0.0957680315938
0.0930248778469
0.0904070217484
0.0879645831052
0.0857427306692
0.0837774778733
0.0820921056611
0.0806979637099
0.0795833796333
0.0787187625442
0.0779946790662
0.0775047651675
0.0764543281588
0.0749065858883
0.0764148484311
0.139843127214
0.139843498212
0.13984644193
0.139851392067
0.139867139977
0.13987156443
0.139872545524
0.139868486462
0.139861949073
0.139854791972
0.139840386641
0.139824744308
0.139808268049
0.139806242865
0.139821353535
0.139840232165
0.13985478439
0.139887403166
0.139918644927
0.139940049908
0.139967342009
0.140003480413
0.140037324198
0.140076931493
0.140124282642
0.140180250317
0.140242656382
0.14031949024
0.140407589179
0.140509102564
0.140621107888
0.140756416268
0.140918175079
0.141114101375
0.141354199058
0.141668752757
0.142096830209
0.142657005403
0.143499063778
0.144870929651
0.145395146864
0.144362928194
0.143657347547
0.142496958213
0.141107115491
0.139555799491
0.137905820653
0.136175588132
0.13437750832
0.132515450833
0.130588883373
0.12859566602
0.126533125634
0.124398640415
0.122189957763
0.119905429793
0.117544166863
0.115106292657
0.112593183191
0.110007952186
0.107355982975
0.104646314359
0.101894151246
0.0991237792036
0.0963703406863
0.0936792498929
0.0911030278174
0.0886963312864
0.0865101889197
0.0845866868807
0.0829543326931
0.0816251211139
0.080598033057
0.0798454012368
0.0793610228304
0.0791999529087
0.0795238745896
0.078043108567
0.0795601996816
0.0784102120699
0.139169611148
0.139167172924
0.139166439027
0.139161311314
0.139170373776
0.139184903886
0.139190832014
0.13918358031
0.139170750313
0.139155989323
0.13913639539
0.139109346759
0.139081628907
0.139054149222
0.139042116799
0.139045934561
0.139046527927
0.139046762426
0.139057692273
0.139064768382
0.139061239986
0.139060163364
0.139067947659
0.139072195945
0.13908083817
0.139095496151
0.139111956738
0.139131396322
0.139153155587
0.139179100332
0.139209163348
0.139251679826
0.139312977616
0.139383629655
0.139470726514
0.139596099838
0.139726998684
0.139841368067
0.13987428473
0.13932263201
0.142009162917
0.141488666235
0.140821325405
0.139762706838
0.13845637791
0.136949189844
0.135329358001
0.133620034683
0.131836094158
0.129983181851
0.128062113277
0.126071845304
0.124010695357
0.12187698948
0.119669400692
0.117387234629
0.115030600279
0.112600733695
0.110100250516
0.107533749558
0.104908387631
0.102235698669
0.0995347643568
0.0968355038923
0.0941799992585
0.0916206604362
0.0892154606742
0.0870215626903
0.085088621022
0.0834532148266
0.0821335680243
0.0811280000286
0.0804110817653
0.079909097919
0.0796052089136
0.0794786877391
0.079395536676
0.0811338757784
0.0797795246487
0.0791418456767
0.138486274197
0.13847944436
0.138471302721
0.13846254224
0.138462034225
0.138475102604
0.138486208662
0.138482241894
0.138468419016
0.138448584947
0.138425159089
0.138391989719
0.13835594283
0.138314024674
0.138276311399
0.138249455287
0.138235003918
0.138213897836
0.138193172903
0.138177483511
0.138155882583
0.138121894937
0.138088531815
0.138059876621
0.138028679052
0.137992990884
0.137954997416
0.137910856855
0.137867135459
0.137817190758
0.137773883151
0.137724172145
0.137671991156
0.137615425472
0.137563508919
0.137495096373
0.137377863196
0.137198507733
0.136746618545
0.136578471103
0.137558971601
0.138196913118
0.137862846591
0.136918386637
0.135704609076
0.134255929916
0.132678456248
0.131000458628
0.129239745649
0.127403873618
0.125495281802
0.123514278897
0.12146035773
0.119332920883
0.117131647495
0.114856844205
0.112509629252
0.110092341889
0.107608792615
0.105065016895
0.102469869432
0.0998374323879
0.0971909753345
0.094566503798
0.0920132719698
0.0895903162312
0.0873599231182
0.0853799904871
0.0836967729076
0.0823395399883
0.0813164024317
0.0806157157028
0.0801926095093
0.0799606950984
0.0799169820473
0.0797091753602
0.0791795459338
0.0798618903663
0.0794179055092
0.0791301480483
0.137804480192
0.137793697361
0.137780429539
0.137769081655
0.137759024267
0.137757128325
0.137763150681
0.137767529975
0.137757213504
0.137736430385
0.137708392908
0.137673304247
0.137626362425
0.137578105475
0.137522575262
0.137470382205
0.137424135486
0.137384417657
0.137338252836
0.137289616658
0.137241111443
0.137184933162
0.137116482672
0.137044551365
0.136969973724
0.136884492467
0.13678760405
0.136687129652
0.136575262723
0.136458561538
0.136324452158
0.13617401356
0.136010292575
0.135842588311
0.135666476581
0.13545974369
0.13525052702
0.135080084262
0.135188981896
0.134916207366
0.134894570497
0.135288638003
0.135006526265
0.134081857245
0.132917501653
0.131514591532
0.129978031779
0.128333856681
0.126600523069
0.124786449028
0.122895267965
0.120928469705
0.118886648947
0.116770253677
0.114579945771
0.112317017305
0.109983561048
0.107582986967
0.10512023267
0.102602720847
0.100040919693
0.0974515731784
0.0948625571683
0.0923164858855
0.0898699404768
0.0875880098191
0.0855359312642
0.0837704746547
0.0823324698833
0.0812422786841
0.0804963876985
0.0800705308203
0.0799072593405
0.0800119411335
0.0804165225562
0.0799768204815
0.0807368607864
0.0797018306148
0.0791551809776
0.0788982096207
0.137129292335
0.137117394021
0.137102660956
0.137086773709
0.137070339393
0.137054724257
0.137047974074
0.13705296349
0.137045223142
0.13702395711
0.13699189571
0.136951697586
0.13689934758
0.136838603313
0.136773711619
0.136699473291
0.13662437207
0.136553402077
0.136486191698
0.136410229051
0.136330185005
0.13624002723
0.136145225995
0.136032265249
0.135908820353
0.135773546967
0.135625508747
0.135462608004
0.135282825536
0.135077971866
0.134847232839
0.134610361737
0.134355553497
0.134082533369
0.133778386992
0.13344203787
0.133097680923
0.132823195866
0.132804072209
0.133958083475
0.132989462397
0.132609839798
0.132211024454
0.131261556518
0.130120526841
0.128748931312
0.127246829014
0.125634583288
0.123929457181
0.12213955776
0.120269034202
0.118320162487
0.116294405233
0.114193116737
0.112017845193
0.109770806304
0.107454999999
0.105074858065
0.102636362815
0.10014827933
0.0976226043705
0.0950789359551
0.0925503024642
0.0900864796955
0.0877513776973
0.0856152344739
0.0837445065904
0.0821926970814
0.0809934332573
0.0801576301868
0.0796706043555
0.0794911102036
0.0795346488697
0.0797674307432
0.0798894492312
0.0808656045288
0.0798389314653
0.079119557277
0.07868017999
0.078476763805
0.136458478682
0.136450376571
0.136435702689
0.136416938953
0.136394921191
0.136371063852
0.136350475326
0.136344364288
0.13633760097
0.136315423054
0.136279922101
0.136232983719
0.136176385667
0.136105721505
0.136027536723
0.135935501949
0.135836692157
0.135738803251
0.135638456879
0.135535499746
0.135427561443
0.135305286471
0.135169223332
0.135018903172
0.134847648083
0.1346598501
0.134456543996
0.134226012448
0.133965292085
0.133673642215
0.133376935514
0.133052983059
0.132697817783
0.132306979024
0.131868800138
0.131377895922
0.130831243263
0.130195556174
0.129360318291
0.128459727151
0.129891708117
0.129839280131
0.129448364448
0.128464836775
0.127328179648
0.12597360133
0.124497547379
0.122913331623
0.121235545296
0.119470824266
0.117623103214
0.115694986431
0.113688517393
0.111605778949
0.109449076923
0.107221471547
0.104926783524
0.102570417433
0.100159306237
0.0977035332455
0.0952165360322
0.0927210750377
0.0902560142522
0.0878788600034
0.0856606462057
0.0836755002971
0.0819888643446
0.0806481716082
0.079677002881
0.0790752262446
0.0788188484771
0.0788716838068
0.0791970120278
0.0797314916722
0.0794751704081
0.0794660128529
0.0788969958081
0.0784181894308
0.0781074256178
0.077962478647
0.135796021726
0.13579305736
0.135779289626
0.135759052482
0.135733028065
0.135702848084
0.135672879857
0.135647899961
0.135634622796
0.135612551292
0.135574648457
0.135522224527
0.135456960633
0.135379534836
0.135284572417
0.135182479835
0.135065675559
0.134943775657
0.13481199155
0.134677179693
0.134534421305
0.134381429283
0.134202492614
0.13400619791
0.133787218655
0.133547774796
0.133279687697
0.132977712818
0.132639517569
0.132289504655
0.131908575965
0.131482431229
0.131019156435
0.130514035667
0.129964678587
0.129375238968
0.128780230933
0.12814226972
0.127658317855
0.127523661077
0.127583172786
0.127297299571
0.126792307882
0.125708410449
0.124543815129
0.123192182753
0.121735545189
0.120176426778
0.118525309142
0.116786530993
0.114963313852
0.113058261335
0.11107377561
0.109012523316
0.10687745108
0.104672394709
0.102401908223
0.100072332495
0.0976914538406
0.0952706798075
0.0928248014396
0.090380194732
0.0879823890395
0.0856971626188
0.0836022787314
0.0817742902039
0.0802753561393
0.0791440086771
0.0783899026531
0.0779949767974
0.0779148775656
0.0781111819211
0.0785442353142
0.0791006802327
0.0801743864452
0.0787995095858
0.0781610685914
0.0777545968706
0.0775157854933
0.0774094088002
0.135150071763
0.135146713962
0.135133223308
0.135111022946
0.135082184339
0.135047445928
0.135010465666
0.134972817798
0.134941590818
0.134916489256
0.134877997723
0.134821287132
0.134748124224
0.134659857377
0.134554580952
0.134436386662
0.134308330529
0.134160252825
0.134004572692
0.133837656936
0.133658624819
0.133465500663
0.133247246106
0.133002464692
0.132734282738
0.132438712427
0.132108124493
0.13173619976
0.131339985734
0.130908312192
0.130425031378
0.129896726494
0.129324197189
0.128709586164
0.128060750502
0.127414230031
0.12683031962
0.126373852441
0.126246792747
0.126742359547
0.125787206715
0.124793144546
0.124105940462
0.12293117727
0.12174273594
0.120396270289
0.118960201777
0.117426956725
0.115803449245
0.114091927964
0.112294931432
0.110415003505
0.108454824868
0.106417580572
0.104306780881
0.102127000645
0.0998834483729
0.0975833929368
0.0952353735833
0.092852175231
0.0904498451835
0.0880590128683
0.0857328122856
0.0835457128988
0.0815814978791
0.0799174963435
0.0786107273728
0.0776897123102
0.077149956738
0.0769547572883
0.0770351492347
0.0773199606204
0.0776848168986
0.0782870758849
0.0782165675839
0.0776973178914
0.0773212128542
0.077063178753
0.0769043742415
0.0768322781427
0.134520139772
0.134511819532
0.134496872548
0.134472353583
0.134440815271
0.134402819137
0.13435912375
0.134314463404
0.13427041007
0.134230621816
0.134190455822
0.134131440447
0.134052427792
0.133954935807
0.133840424237
0.133707258543
0.133558310145
0.133392722432
0.133210671495
0.133016210897
0.132802321038
0.132565723087
0.13230382393
0.132013355039
0.131694945673
0.131341039176
0.130946395143
0.130513197451
0.130038582935
0.129509107316
0.128927563513
0.128293149812
0.127609771453
0.126882899488
0.126127871843
0.125387044996
0.12466936881
0.123985537801
0.123382456878
0.12255191428
0.122972929924
0.121961103128
0.121265198198
0.120081687122
0.11890467599
0.117579223703
0.116171175822
0.114667719806
0.113074266707
0.11139192124
0.109622966806
0.107770054322
0.10583619311
0.10382510334
0.101740827308
0.0995886834977
0.0973744694321
0.0951064113751
0.0927936978747
0.0904506043975
0.0880943198421
0.0857605946578
0.0835111794764
0.0814294057772
0.0796038597131
0.0781103282514
0.0769981383791
0.0762845341537
0.0759536961786
0.0759640047857
0.0762524841283
0.0767180801313
0.0769692612594
0.0771422566667
0.0769592042055
0.0766940181946
0.0764870488493
0.0763474108856
0.0762588588556
0.0762023562761
0.133901030067
0.133888658416
0.133870828934
0.133845120363
0.133811964215
0.133772268672
0.133725869205
0.133673629582
0.133622324118
0.133566429045
0.133512515267
0.13345108828
0.133368830952
0.133264844749
0.133139863057
0.132994833939
0.13282755631
0.132641665063
0.13243706402
0.13221242817
0.131962024463
0.131684568914
0.131378921853
0.131043158474
0.130670668894
0.130255844844
0.129795300141
0.129287996118
0.128723124586
0.128101599603
0.127420326514
0.126679238325
0.125881310549
0.125037110414
0.124161073489
0.123264284504
0.122333273686
0.121332906237
0.120491854818
0.119192254277
0.119788659151
0.118923248066
0.118307934992
0.117168989195
0.11603198472
0.11474346601
0.113371954495
0.111903127737
0.110342713862
0.108691648085
0.106952479282
0.105128222517
0.103222338081
0.101239154764
0.0991832502018
0.0970607328797
0.0948779330226
0.0926441107791
0.0903689883575
0.0880685201878
0.085760884224
0.0834881071783
0.0813215903737
0.0793534526072
0.0776754898991
0.0763591522338
0.0754421433442
0.0749255265438
0.0747778937529
0.0749511659879
0.0753730138417
0.0759296459628
0.0767268673243
0.0761383062405
0.0759049551178
0.0757470881294
0.0756520448079
0.0755988949126
0.0755643951509
0.0755351235826
0.133289376074
0.133276821543
0.133258023745
0.133233882163
0.133201882775
0.133162287409
0.133114817536
0.133058778523
0.132996779673
0.132932105215
0.132858414855
0.132783390244
0.132694759255
0.132586366783
0.132453237807
0.132296043923
0.132115045138
0.131908263397
0.131678747746
0.131423376366
0.131139615418
0.130823129305
0.130474591708
0.130088228599
0.129658267741
0.129180908676
0.128649029913
0.12805945564
0.127407913863
0.126692290808
0.125907687602
0.125053456736
0.124136874644
0.123163950226
0.122130043412
0.121027455635
0.119884174891
0.118658980482
0.117634810535
0.115953511652
0.116595431559
0.115819890571
0.115290194228
0.114219314673
0.113138471264
0.111897972318
0.110569645679
0.109139545729
0.107614763609
0.105996750544
0.104288744764
0.102494368464
0.100617669431
0.0986636856743
0.0966375522827
0.0945462517528
0.0923965923397
0.0901989990801
0.0879635868128
0.0857082670518
0.0834519797803
0.0812445070948
0.0791678266493
0.0773224007106
0.0758014988321
0.0746700155873
0.0739523735054
0.0736319548342
0.0736521686063
0.0739238521851
0.0743583122678
0.0750897042747
0.0751371662414
0.0749449375962
0.0748456549571
0.0747966899883
0.0747948941241
0.0748122349332
0.0748199884918
0.0748284872434
0.132697079922
0.132685228843
0.132670413765
0.132649655423
0.132620196619
0.132581073225
0.132531963842
0.132472401074
0.132401535875
0.13232670117
0.1322404882
0.132143349355
0.132035454634
0.13192095615
0.131780036606
0.131612799062
0.131416325147
0.131191276906
0.130936208186
0.130651475313
0.130333159055
0.129978640935
0.129584710718
0.129144994665
0.128656857394
0.128114088823
0.127509775295
0.126839430286
0.126098947175
0.125286287733
0.124396578883
0.123428738407
0.122385931471
0.12126087016
0.120031375664
0.118730107321
0.117370715264
0.115878408869
0.11452875392
0.112713086124
0.113408321117
0.112710249162
0.112256635608
0.111260612629
0.110242181361
0.109055320007
0.107773857281
0.106384924321
0.104897334893
0.103313392318
0.101637283857
0.0998734128447
0.0980265308493
0.0961024891805
0.0941070081583
0.092048062233
0.0899328750973
0.0877732323984
0.0855794584467
0.0833718084157
0.0811696421101
0.0790323466449
0.0770530597852
0.0753395002694
0.0739836222116
0.0730408867608
0.0725240847253
0.0724099790895
0.0726243177264
0.0730199184076
0.0734477734863
0.0738050216717
0.0738230715144
0.0737869602692
0.073786605494
0.073816534605
0.0738759026723
0.0739486183978
0.073981429822
0.0740098687618
0.132148210794
0.132139608644
0.13212663851
0.132106113711
0.132076458603
0.132035542473
0.131982641831
0.131917350481
0.13183903095
0.13174899308
0.13165271416
0.131542864853
0.131419453674
0.131281248415
0.131124859165
0.130945478237
0.130734245344
0.130489313201
0.130212108792
0.129896680674
0.129544307819
0.129150517344
0.128710541403
0.128216814841
0.127669249802
0.127061762423
0.126384079382
0.125631829537
0.124802458759
0.123892547875
0.122895494875
0.121804882944
0.120621322395
0.119309404654
0.117882123988
0.116363241428
0.114711691718
0.112886319394
0.111281888924
0.109547321083
0.11026159414
0.109633707871
0.109242778786
0.108318547635
0.107361605635
0.106229326593
0.104995430629
0.103648165284
0.102197988487
0.100648115336
0.0990037859218
0.0972702821573
0.0954531435934
0.0935591313201
0.0915945769235
0.0895685976125
0.0874887528557
0.085368463546
0.0832180178191
0.0810605417893
0.0789153140649
0.0768536204727
0.0749799558865
0.0734074752102
0.0722229631514
0.0714674110864
0.0711378790974
0.0711967005769
0.0715513668202
0.0720779533163
0.0728473499532
0.072632961
0.0726235247705
0.0726438667177
0.0726969048458
0.0727665399263
0.0728405203997
0.0729294766418
0.0729814060943
0.0729993432385
0.131643385639
0.131639993114
0.131626047825
0.13160394358
0.131571445955
0.131526094676
0.131467100593
0.131394187581
0.131307040188
0.131204514157
0.131092930136
0.130972949645
0.130841768989
0.130681827275
0.130503971432
0.130301636468
0.130070906557
0.129806799112
0.129505621367
0.129161285192
0.128775054273
0.128341955651
0.127853215247
0.127305894177
0.126699569039
0.126025509715
0.125275834118
0.124443330522
0.123525268711
0.12251868518
0.121411191228
0.120187741706
0.118830621322
0.117323789305
0.115692983762
0.113912342278
0.112000511141
0.109900862036
0.108209994562
0.106504595899
0.10719482551
0.10661802683
0.106274755234
0.105414385553
0.104513539079
0.103433434458
0.102245400417
0.100938499492
0.099524566944
0.098007630769
0.0963939809078
0.0946898160638
0.0929015247439
0.091036863804
0.0891028014443
0.0871097819915
0.0850655963874
0.0829856738151
0.0808799345544
0.0787750837006
0.0766895956161
0.0747095398494
0.0729502205359
0.0715278158279
0.0705204226586
0.0699554399836
0.0698114344246
0.0699832962753
0.0703358673323
0.0711481006931
0.0713401436167
0.071359782936
0.0714080399004
0.071474383631
0.0715546413487
0.0716343913285
0.0717005692181
0.0717609664337
0.0718190650718
0.0718145453659
0.131161674462
0.131163707368
0.131152790206
0.131131834732
0.131096698198
0.13104623194
0.130980438743
0.130899516024
0.13080345696
0.130691917233
0.130564875885
0.130426677751
0.130279236247
0.130112590363
0.129916318311
0.12968899432
0.129432808127
0.129144065044
0.128814675904
0.128443204644
0.128025228509
0.12754868234
0.127013681789
0.126414842732
0.125751033241
0.125014465786
0.124193186889
0.123282459226
0.122280126777
0.121178881189
0.119947376857
0.118562685788
0.117027624083
0.115339060601
0.11348782856
0.111487683878
0.109356214457
0.107008760401
0.105279692426
0.103576134498
0.104228103042
0.103679712567
0.103369684321
0.102564236026
0.101712047205
0.100679752202
0.0995342842384
0.0982650197479
0.0968848971023
0.0953986296083
0.0938135112585
0.0921366698708
0.0903753988707
0.0885385311976
0.0866337025894
0.0846729046986
0.0826640253965
0.080624997052
0.0785649246217
0.0765150273465
0.0744920024961
0.0726002531673
0.0709644234844
0.069699429486
0.0688701443637
0.0684930915468
0.0685392953808
0.0688898598408
0.0693828021095
0.0699146271313
0.0700268000152
0.0700998178943
0.0701815181297
0.0702729007301
0.0703656048885
0.0704484470805
0.0705134305294
0.0705573622426
0.0706025076622
0.0706162401803
0.130700243641
0.130704709495
0.130698997202
0.130679640307
0.13064191803
0.130587211784
0.130515955219
0.130428369844
0.13032446579
0.130204088625
0.130066308569
0.129910857655
0.129740771765
0.129555795652
0.129345901068
0.129102347849
0.128823223763
0.128505409331
0.128147052836
0.12774552867
0.12729023023
0.126775667767
0.126197173628
0.1255498331
0.124831561795
0.124032140319
0.123143108896
0.122157201234
0.121073115733
0.119861235368
0.118474071236
0.116934730386
0.115236388161
0.113358807732
0.111307715997
0.109108342941
0.106739927555
0.104183003511
0.10250117843
0.100787395136
0.101373651889
0.100824016262
0.1005345482
0.099778061257
0.0989678591404
0.0979786058991
0.0968717572772
0.0956364666848
0.0942866436701
0.0928276733499
0.0912678440801
0.0896152349866
0.0878781183153
0.0860664802617
0.0841886730985
0.0822584901728
0.0802837511166
0.0782855376818
0.0762715370474
0.0742787147563
0.0723206815924
0.0705247001684
0.0690216411894
0.0679211434211
0.0672740951508
0.0670730359668
0.0671971116329
0.0675415899543
0.0685623210491
0.0686016825108
0.068721138545
0.0688251182782
0.0689296432623
0.0690360979285
0.0691364450634
0.0692233217353
0.0692917006443
0.0693363729144
0.0693746169706
0.0694032128419
0.130272559932
0.130271267815
0.130264716716
0.130241393062
0.130200287769
0.130143033442
0.130069149861
0.129977433264
0.1298676877
0.129739678176
0.129592726611
0.129425630575
0.129237320309
0.129028897374
0.128798433183
0.128540781957
0.128240732466
0.127897754816
0.127511053508
0.127074708365
0.126582872555
0.126030029878
0.125409021151
0.124715092352
0.123943481032
0.123085463243
0.12212729376
0.121068810833
0.119887781795
0.11852925731
0.117007595202
0.115332886725
0.113471510416
0.111412004221
0.109175870498
0.106746505039
0.104186492509
0.101485422521
0.0998297332961
0.0980349475954
0.0986016283608
0.0980383861257
0.0977638431873
0.0970589467376
0.0962888102586
0.0953391521562
0.0942670565205
0.0930614451558
0.0917373978166
0.09030120672
0.088762243862
0.0871295920455
0.0854126012051
0.0836224805517
0.0817683755506
0.0798661637706
0.0779234062971
0.0759651675562
0.073996911502
0.0720629786136
0.0701723221574
0.0684803564843
0.0671186215461
0.0661877388852
0.065731888713
0.0657264913176
0.0659840540866
0.0663063300318
0.0670101088135
0.0672479495035
0.067398047892
0.067528545368
0.0676479553636
0.067763484347
0.0678687906102
0.0679593452263
0.0680313742676
0.0680764313249
0.0681168021506
0.0681517816889
0.129873218164
0.129864328803
0.129849262327
0.129820433907
0.129776421009
0.129716943693
0.129640765762
0.129546468753
0.129432902536
0.129299057737
0.129144443507
0.128968028671
0.128768208163
0.12854284365
0.128293257574
0.128012916948
0.127686993947
0.127321821995
0.126906786708
0.12643725467
0.125908592236
0.12531689145
0.124655604706
0.12391491869
0.123092235371
0.122170440341
0.121144180975
0.120000988651
0.118695325059
0.117221332642
0.115592023625
0.113784509828
0.111765609587
0.109531152979
0.1070735924
0.104423079392
0.101694876821
0.0987975364886
0.0971469912339
0.0951863634992
0.0958268332177
0.0952916770711
0.0950462391919
0.0944087882504
0.0936840436593
0.0927720561389
0.0917303719302
0.0905490485518
0.0892449205485
0.0878256261609
0.086301768956
0.0846834789542
0.0829812859163
0.081207660318
0.0793726544042
0.0774945171368
0.0755803512155
0.0736602468561
0.0717363801825
0.0698626849428
0.0680414973523
0.0664627081093
0.0652515722832
0.0645007902323
0.0642305934875
0.0642984525725
0.0645738124543
0.0657797525941
0.0657022175887
0.0658825900522
0.0660529738724
0.0662065786541
0.0663400302957
0.0664630578678
0.0665720545206
0.0666651885979
0.0667420212184
0.0667922521708
0.0668345482194
0.0668685601406
0.129491837161
0.129479288842
0.129456435541
0.129425761465
0.12937914012
0.129316276078
0.129236228872
0.129138346746
0.129020993715
0.128882722113
0.128721809351
0.128537446875
0.128327783584
0.128090219134
0.127822237992
0.127514070762
0.127169464457
0.126778740196
0.126331630008
0.125832135706
0.1252705127
0.124641587935
0.123936733136
0.123151185065
0.122271936639
0.121283829001
0.120185577675
0.118946799387
0.117544234746
0.115976951622
0.114245468091
0.11230483109
0.110121471095
0.107685000663
0.10499663959
0.102150189715
0.0991616301841
0.096006200978
0.0940660318904
0.0919353528982
0.0929124439193
0.0925724502405
0.0923985888543
0.0918466671575
0.0911722662587
0.0902930112954
0.0892741434292
0.0881092077056
0.0868171662505
0.0854072231
0.0838912123503
0.0822802485701
0.0805860986637
0.0788224727137
0.0770004869325
0.0751410191423
0.0732505160474
0.071365327988
0.0694829298225
0.067669874829
0.0659192346898
0.0644616717906
0.0634088731626
0.0628578406902
0.0628068843202
0.0630241028102
0.0633781625416
0.0639333102831
0.0642380429723
0.0644876864121
0.0647013970323
0.0648798228254
0.0650302836778
0.0651624560868
0.0652766856788
0.0653721648811
0.0654492924411
0.0655105584517
0.0655588700317
0.0655931872161
0.129131286655
0.129118072528
0.129092745779
0.129060301093
0.129010491646
0.128943747333
0.128859316706
0.128756490057
0.12863429128
0.128491051958
0.12832480113
0.128133387761
0.12791418271
0.12766400269
0.127377775812
0.127053522001
0.126687722513
0.126267001533
0.125794605765
0.125265897408
0.124665514242
0.123998849245
0.12325615233
0.122421590063
0.121478022949
0.120431011874
0.119261588611
0.117937329158
0.116450005942
0.114802782555
0.112964231257
0.110872766042
0.108524308444
0.105892911022
0.103029209995
0.099927500763
0.0965141930342
0.0927580505897
0.0901568210091
0.0885485096063
0.089932637641
0.0899858864787
0.0899096725822
0.08942406898
0.0887839893682
0.0879216776473
0.0869117839305
0.0857517615588
0.0844617175497
0.0830518813799
0.0815349609159
0.0799228182246
0.0782284478377
0.0764667051235
0.0746500003398
0.0728020300287
0.0709284315322
0.0690731444658
0.0672269948116
0.0654730730326
0.063791171268
0.0624606902597
0.061573121967
0.0612152001237
0.0612672190379
0.0615477434989
0.0627022414766
0.0627181620897
0.0629214501234
0.0631565149372
0.0633811582528
0.0635807534989
0.0637495283591
0.0638967823445
0.064023975084
0.0641304697223
0.064215034072
0.0642849275467
0.0643330694952
0.0643588787564
0.128796958078
0.128784218037
0.128758628688
0.128722962021
0.128669602804
0.128598859446
0.128510006721
0.128402380686
0.128275002761
0.128126389139
0.127954696712
0.127756679765
0.127529152727
0.127267903736
0.126968965185
0.126628325133
0.126238252471
0.125794807863
0.125295905586
0.124728479933
0.124097002969
0.123399226373
0.122608482695
0.121712048181
0.120722663813
0.119620977459
0.11837041859
0.116973338438
0.115422493632
0.113685589003
0.111719377961
0.10950345031
0.10702015183
0.104256232867
0.101216894594
0.0977985568169
0.0939084261409
0.08920952471
0.0866369840413
0.0859863197971
0.0874170482475
0.0877721553329
0.0877031727004
0.0871971779466
0.0865449596342
0.0856727843168
0.0846533851668
0.0834844810529
0.0821849052132
0.0807647201881
0.0792368871194
0.0776136786429
0.0759092766752
0.0741395405643
0.0723185283096
0.0704728689573
0.0686074137918
0.0667751073141
0.0649576020082
0.0632588525874
0.061637435965
0.0604324635854
0.0597189172817
0.0595665465863
0.0597273605812
0.060167246357
0.060869459264
0.0612139625106
0.0615353407066
0.061827097858
0.062084887979
0.0623142309139
0.062511236241
0.0626817457675
0.0628292677214
0.0629536244599
0.0630548432275
0.0631307410587
0.063174271102
0.0631841085669
0.128489994566
0.128478221129
0.128451506597
0.128411646342
0.128355480674
0.1282808199
0.128187700697
0.128075763777
0.127944051678
0.127790894662
0.127613856128
0.127409841721
0.127174558054
0.126903650298
0.126592796134
0.126235465983
0.125825042787
0.125358400807
0.124828380042
0.124230283394
0.123568552047
0.122823893895
0.121978522684
0.121045112086
0.120013890229
0.118837601712
0.117521379454
0.1160701585
0.114441997323
0.112612841865
0.110554531796
0.108238338148
0.105648075171
0.102777414646
0.0995851373025
0.0959717207039
0.0918534642213
0.0864876479755
0.0863413325514
0.086189835242
0.0860806367576
0.0860218225619
0.0857794204002
0.0851642308089
0.0844540983195
0.0835480211784
0.0825027170667
0.0813120260332
0.0799915079518
0.0785500864706
0.0770004630392
0.0753550542777
0.0736292236095
0.071839683515
0.0700026704552
0.0681477647986
0.066279454775
0.0644613884987
0.06266373583
0.0610168754998
0.0594450444043
0.058357049297
0.0577907088375
0.0577486685512
0.0579900221731
0.0589540333119
0.0594621818386
0.0598167976972
0.0601820557116
0.0605171973841
0.0608149783695
0.0610786222731
0.0613137996319
0.06151473828
0.061686368523
0.0618291523504
0.0619440462315
0.0620256996404
0.0620759249418
0.0620910124838
0.128209594974
0.128198817569
0.128170075463
0.128127391899
0.128068499523
0.127989127431
0.127891520098
0.127775842869
0.127641066659
0.127484921183
0.127304183693
0.127094956877
0.126852783259
0.126573170967
0.12624977203
0.125874910051
0.125443588637
0.12495235612
0.124395153363
0.123766743713
0.123064606477
0.122275616429
0.12139610875
0.120429743046
0.119335666911
0.118093465569
0.116726948534
0.115219998644
0.113526598918
0.11161688884
0.109465577799
0.107066409685
0.104401669745
0.101451537735
0.0981955383854
0.0946210546104
0.0907606224209
0.0862558836794
0.0862705646906
0.0860796678945
0.0851423799043
0.0844330813386
0.083989534182
0.0832662017181
0.0824890413666
0.0815400966906
0.0804594478176
0.0792371706689
0.0778854959343
0.0764120712505
0.0748291718007
0.0731492626523
0.0713889310795
0.0695656023288
0.0676984083368
0.0658197246453
0.0639346436741
0.0621194569176
0.060331449817
0.0587362362888
0.0572139825899
0.0562710866046
0.0558508396328
0.0557761215831
0.0560656030817
0.0573007212311
0.0578955526533
0.0583685648318
0.0588081944385
0.0592035158118
0.0595606426132
0.0598724870435
0.060150675896
0.0603872270671
0.0605865382433
0.0607507453528
0.0608808766286
0.0609680971345
0.0610287966637
0.0610602419525
0.127957123287
0.127945977944
0.12791652625
0.127873825922
0.127808902964
0.127723367205
0.127621361135
0.127503599863
0.127368247882
0.127211682684
0.127029444762
0.126816679686
0.126568305726
0.126278824163
0.125941121584
0.125547275503
0.125092602322
0.124574440942
0.123988426739
0.123333425662
0.122599897174
0.121775156206
0.120863186882
0.119849340125
0.118696541225
0.117405978039
0.115991543013
0.114426664538
0.112660572791
0.110680831874
0.108471795214
0.105995283363
0.103242788789
0.100243577126
0.0969912222894
0.0935624358014
0.0900972961846
0.0867284182363
0.0861723376794
0.0835077956961
0.0835702653622
0.0827572712206
0.0822373115744
0.0814607224471
0.0806330685509
0.0796437528256
0.0785240046424
0.0772631424588
0.0758713081296
0.0743553261337
0.0727271253803
0.0709992455476
0.0691895220789
0.0673159495602
0.0654014094723
0.0634806165028
0.0615609286635
0.0597330131473
0.0579396190997
0.0563902461407
0.0549153480793
0.054182189261
0.0540132999431
0.0540469374677
0.0542456087288
0.0555094258209
0.0562108042702
0.0568479120868
0.0573954370376
0.0578770300101
0.058306170408
0.0586851120095
0.059011624158
0.0592876123986
0.0595168528305
0.0597033617936
0.0598477222599
0.0599487062311
0.0600214372214
0.0600656357667
0.127738547015
0.127723874815
0.127696017045
0.127652659442
0.127580928055
0.127493148012
0.127392117476
0.127277888226
0.127146069232
0.126990979046
0.126807003313
0.126588594106
0.126330207737
0.126025855867
0.125667464166
0.125247658532
0.124766554293
0.124224805749
0.123617324629
0.122935233861
0.122168021749
0.121314983762
0.120370585714
0.119307399133
0.118102492802
0.116761293412
0.115298378269
0.113687343705
0.111876064236
0.109840546891
0.107538511038
0.104961370631
0.102160029276
0.0991226684413
0.0958645957393
0.0925205809702
0.0891768444956
0.0857957482619
0.0842696266777
0.0814424555757
0.0817650276179
0.0810597932369
0.0805399562916
0.0797484722965
0.0788861993811
0.0778610432439
0.076700421974
0.0753952829522
0.0739549239478
0.0723858550674
0.0706997394292
0.0689092053191
0.0670332220708
0.0650901783557
0.0631075614311
0.0611215272807
0.05914439276
0.0572826876863
0.0554629263202
0.053945241877
0.0524946475912
0.0519543687547
0.0518815023211
0.0521103591049
0.0538357957503
0.0540723021456
0.0546717149336
0.0553306658301
0.0559592919456
0.0565426465941
0.0570533373287
0.057506007076
0.0578907492074
0.0582115895208
0.0584734367474
0.05868293685
0.0588406473977
0.058960933769
0.0590441425216
0.0590975330193
0.127559639786
0.127540124499
0.127513738688
0.127470361226
0.12739829108
0.1273119787
0.127216222218
0.127107776476
0.126978490873
0.126821245974
0.126630164424
0.126399634243
0.126124169601
0.125798169217
0.125415156047
0.124971932598
0.124470524122
0.123908608673
0.123278113437
0.122566616672
0.121769113382
0.120884509907
0.119899496499
0.118791102066
0.117545584216
0.116173734427
0.114683414345
0.113026641172
0.111154250341
0.109031165393
0.106628593284
0.103995757671
0.10115352801
0.098049559219
0.0947917307612
0.0914843578546
0.0881533916206
0.0846803352632
0.08268159042
0.0796863662191
0.0800655469144
0.0794436716851
0.0789383511769
0.0781480729204
0.0772593457131
0.0762004013026
0.0749966602839
0.0736416267781
0.072144467932
0.0705116288348
0.0687543881464
0.0668853118968
0.0649241096956
0.0628893273953
0.0608136975801
0.0587333345522
0.0566694113224
0.0547447894315
0.0528699833511
0.0513727489596
0.0499514768589
0.0496122962337
0.0494881665434
0.0498513484342
0.0510388576045
0.0519282842515
0.0528510278981
0.0537068335799
0.0544835377193
0.0551858779303
0.0558082815778
0.0563431311827
0.056796477379
0.0571711172964
0.0574710822365
0.0577063468912
0.0578831832842
0.0580177496542
0.0581078713713
0.058161302671
0.127415072967
0.127393527208
0.127366049934
0.127321622508
0.127250915143
0.127168364563
0.127080995918
0.126976345787
0.126844625112
0.126679228434
0.126475351586
0.126227823919
0.125932091301
0.125584741931
0.125180641102
0.124718576254
0.124198743406
0.123614920011
0.122957480655
0.12221862959
0.121395951303
0.120481764853
0.119461498153
0.118316902774
0.117042497931
0.115646922428
0.114117793849
0.112404419202
0.110459544446
0.108250143206
0.105781669779
0.103100203512
0.100176807531
0.097020446262
0.0937749460837
0.0904828551356
0.0871469049059
0.0836172042395
0.0813261960731
0.0781391593539
0.0785304649688
0.0779626263953
0.0774672774077
0.0766822724475
0.0757687610156
0.0746745279293
0.0734238862349
0.0720128051088
0.0704504406191
0.0687430473354
0.0669010837556
0.0649365843149
0.0628691614239
0.0607171294162
0.0585185405692
0.0563075484543
0.0541196112756
0.0520908628277
0.0501148630164
0.0486123723068
0.0472340753469
0.0471849909443
0.0471742293387
0.0477225988324
0.0490697623063
0.049960571557
0.0509974448074
0.0520313427564
0.0529946615011
0.0538423358951
0.0545847710148
0.0552171343499
0.0557481375507
0.0561842926552
0.0565274476079
0.0567935102453
0.0569954412712
0.0571438445605
0.0572431896245
0.0572943743579
0.127289569348
0.127269976292
0.127240199391
0.127189557614
0.127124400945
0.12705728686
0.126977491225
0.126870708994
0.126730069712
0.126550123816
0.126328228105
0.126060253799
0.125744850125
0.125380106594
0.124960904709
0.124484681361
0.123947367246
0.123342006611
0.12266097122
0.121898825805
0.121051088252
0.120109407422
0.11906027157
0.117889130384
0.116588712068
0.115161121159
0.113583999989
0.111806362568
0.109793520315
0.107520592699
0.104991628817
0.102233835579
0.0992247715029
0.0960391395732
0.0928079518136
0.0895382709209
0.0862212126921
0.0827375631637
0.0801291794935
0.0766686379995
0.0771550345964
0.07665283973
0.0761583092586
0.0753745483633
0.074432864815
0.0732984633965
0.0719954554426
0.0705216397498
0.0688857474785
0.0670933360843
0.0651532597573
0.0630761193371
0.0608800041746
0.0585821815018
0.0562247451722
0.0538376741422
0.0514784926134
0.0492904741249
0.0471526754503
0.0455968225051
0.044158928288
0.0441980001525
0.0444400880647
0.0465466279891
0.0468444869235
0.0478183790814
0.0490232977255
0.0502702542256
0.0514615312264
0.0525132917987
0.0534052342706
0.0541498296522
0.0547655989456
0.0552702432334
0.055668968541
0.0559736193215
0.0562001898054
0.0563602295932
0.0564707881919
0.0565198906384
0.127176235227
0.127163286587
0.12713495901
0.127090073087
0.127040733438
0.12698088717
0.126895473194
0.126775981225
0.126617486235
0.126418393749
0.126180221975
0.125899271089
0.125572703818
0.125196019867
0.124764363119
0.124273464543
0.123718182539
0.123092158155
0.122389414118
0.121605865491
0.12073600633
0.119770201759
0.118694384061
0.117497072689
0.116172913532
0.114713874033
0.113089063746
0.111254848088
0.109172736378
0.10682046726
0.104221183539
0.10139015479
0.0983047538615
0.0950949643924
0.0918814887095
0.0886487670122
0.0853704047886
0.0818852457154
0.0791030126353
0.075508336731
0.0759973800047
0.0755493568288
0.0750398799221
0.0742468369125
0.0732700306915
0.0720880854524
0.0707259920863
0.069182665801
0.0674655958015
0.0655788054842
0.0635284465897
0.0613223407424
0.0589750880808
0.0565014430424
0.0539439006394
0.0513249929709
0.0487311530871
0.0463015599815
0.043929827307
0.0423148091895
0.0407673103483
0.0407578190158
0.0412020559665
0.0426968339368
0.0437435166007
0.0451525342876
0.0467808179037
0.0483935630809
0.0498820625034
0.0511859881383
0.0522742525253
0.0531583499589
0.0538701495661
0.0544440704719
0.0549001578216
0.0552494839303
0.055506171479
0.0556766186714
0.0557967566575
0.0558497336615
0.127086616097
0.127079679236
0.12705713866
0.127024182215
0.126982422749
0.126914537588
0.126812256844
0.126675146975
0.126503704871
0.126296202506
0.12604936819
0.125759201692
0.125421967234
0.125033231993
0.124588017408
0.124081167134
0.123507825464
0.122862862815
0.12214213405
0.121341164945
0.12045184976
0.119464493852
0.118368127879
0.117152195509
0.115805638576
0.114312393637
0.112641169515
0.110747602073
0.10859202954
0.106168386913
0.10349663914
0.100552768118
0.0973762697579
0.0941581845539
0.0909741852991
0.0878179655445
0.0846499665988
0.0812977082212
0.0783637585427
0.0745031543962
0.075051301565
0.0746754072547
0.0741380066423
0.0733199332197
0.0722980957276
0.0710593387908
0.0696305190003
0.0680112960756
0.0662068344619
0.0642184417632
0.062048123972
0.0596991084402
0.0571801682631
0.0545015763001
0.0517008387796
0.0487900897137
0.0458828842315
0.0430787063656
0.0403261419247
0.038589124775
0.0369846129175
0.0373474263717
0.0381210847395
0.0392570484583
0.0404738340705
0.042220142082
0.0442886635814
0.0464012049905
0.0482854351714
0.0498886751068
0.0512067059889
0.0522580245254
0.053081761402
0.0537309926491
0.0542377225944
0.0546233381928
0.0549108096602
0.055101137557
0.0552269701833
0.0552945669597
0.127023307415
0.127018064312
0.126999178491
0.12697204322
0.126928445555
0.126845340505
0.126731067774
0.126587024159
0.126409030561
0.12619387112
0.125938085567
0.125637851666
0.125289188602
0.124887557174
0.124427315529
0.123904203105
0.123317303644
0.122662020293
0.121930229852
0.121114737043
0.120208306011
0.119203149419
0.118090401465
0.11685773705
0.115488181223
0.113961065081
0.112245955339
0.110296458747
0.108072589382
0.105570354748
0.102795736625
0.0997182846649
0.0964380514709
0.0931812853197
0.0900307623691
0.0870074886837
0.0840591318808
0.0810155211184
0.0779167468844
0.0736992927718
0.0743371068057
0.0740681440753
0.0734897100395
0.0726197615798
0.0715356201152
0.0702270817171
0.0687224209963
0.067021618608
0.0651259592363
0.063032270562
0.0607364598709
0.0582346277083
0.0555266059429
0.0526149237566
0.0495262890808
0.0462653990562
0.0429669414746
0.0396396549411
0.0363058341188
0.0340836047302
0.0317683308108
0.0327965187572
0.036197230496
0.0352978673799
0.0367362207107
0.0389725494814
0.0415718894728
0.0442608485735
0.046676958614
0.0486489969043
0.0502241818413
0.0514601528934
0.0524078974967
0.0531369256372
0.0537001298724
0.054120678551
0.0544282684067
0.0546383157843
0.0547733420652
0.0548526531078
0.126975935922
0.126969368963
0.126955320272
0.126931054238
0.126881421539
0.126788030081
0.126668482804
0.126517837882
0.126332500294
0.126109120069
0.125844081911
0.125533372972
0.125172875045
0.124757875157
0.124284742666
0.123753561979
0.123162136813
0.122500501262
0.121758596896
0.120929562678
0.120007663833
0.118987344201
0.117861996183
0.116616607104
0.115226460517
0.113667946691
0.111913828203
0.109916525372
0.107627765688
0.105034128269
0.10213685542
0.0988962602154
0.0954663035104
0.0921132526925
0.0889467464663
0.0861115260533
0.083543553478
0.0809074128465
0.0779681763703
0.0735731877543
0.0740304099301
0.0738067871279
0.0731539213946
0.0721806494302
0.0709989377514
0.0696002995329
0.0680093734639
0.0662235032149
0.064237256954
0.0620405157278
0.0596207827827
0.0569639087501
0.0540562091847
0.0508851924418
0.047455967164
0.0437656603854
0.0399584901042
0.0359720435818
0.032091415388
0.0293374242479
0.0254100762356
0.0260938900417
0.0289944313959
0.0294451642446
0.0320688806541
0.0353281777315
0.0387433694466
0.0420770738096
0.0450910378384
0.0475009992812
0.0493549722852
0.0507776179387
0.0518529753249
0.0526595832087
0.0532760134209
0.0537387685119
0.054070404662
0.0542931263617
0.0544299868487
0.05449570156
0.12694748426
0.126941273963
0.126927916378
0.126899350918
0.126843051199
0.126746380381
0.126622365168
0.126465234655
0.126272644869
0.126041229907
0.125767452658
0.125447045504
0.12507556957
0.124650288269
0.124170714365
0.123636921127
0.123043915412
0.122377976123
0.12162733099
0.120786768463
0.119851525939
0.118818119373
0.117685165426
0.116434660452
0.115028938007
0.113440733606
0.111653802927
0.109624302304
0.107275007705
0.104579735209
0.101542207184
0.0981118454147
0.0944755550323
0.0909199764872
0.0876021488833
0.0849885829367
0.0830269422854
0.081181298392
0.0788684812836
0.0744831339104
0.074438953347
0.0740294776214
0.0731877077926
0.0720174708249
0.0706838750477
0.0691735584179
0.0674917375085
0.0656250231686
0.0635574705465
0.0612699597139
0.0587402576228
0.0559419989991
0.0528439439915
0.0494086905082
0.0455999288886
0.0413736317777
0.0368026346087
0.0317970320315
0.0272929671171
0.0243541319358
0.0194099339482
0.0187376946169
0.018703407473
0.0218631257994
0.0266567650559
0.0314872700214
0.0359843399699
0.0400531559133
0.0436613398342
0.0465211460051
0.04864036157
0.0502303220307
0.0514197262672
0.0523021369244
0.052960059055
0.0534513383295
0.0538052502418
0.0540410915172
0.0541785469095
0.0542291865221
0.126933956332
0.126928207899
0.126908807986
0.126873919941
0.126817795963
0.126720576299
0.126593369203
0.126429261809
0.126229835247
0.125992299038
0.125713041344
0.125386063873
0.125006992705
0.124574002269
0.124087974655
0.123553045083
0.122962426829
0.122294510808
0.121537408169
0.120688922623
0.119741506958
0.118696823898
0.117568418848
0.116327222666
0.114909699334
0.113290907597
0.111471819055
0.109413873207
0.107031200412
0.104252964313
0.101066120639
0.097440748828
0.0935424915031
0.0896534302899
0.085949052489
0.0832716619455
0.0826700154074
0.0819019720897
0.0816363496329
0.0770112612486
0.0760548581269
0.0748134505727
0.0735068561378
0.0720501046871
0.0705418390516
0.0689264402691
0.0671704301381
0.0652430146199
0.0631170820344
0.0607653691417
0.0581575422488
0.0552569162143
0.0520164309266
0.0483725535704
0.0442386240189
0.039486075287
0.0339761585919
0.0274022941623
0.0206435894996
0.0133341902703
0.00417308088698
0.00877930572033
0.00334956434919
0.0126030706503
0.0210327448472
0.0279260519185
0.0336358600979
0.0384288685055
0.0425500393619
0.0458087632116
0.0481356928697
0.0498353704762
0.051108068068
0.0520541509123
0.0527492414284
0.0532601595463
0.0536279224562
0.0538742461956
0.0540213050932
0.0540795373598
0.126929002295
0.126921806232
0.126894035549
0.126855541338
0.126798923718
0.126715103538
0.126589125587
0.126416807794
0.126214324846
0.125975503615
0.125693300929
0.125360393837
0.124972003837
0.124527981864
0.124034385876
0.123503449828
0.122924985135
0.122263332489
0.121501809311
0.120646989666
0.11969613384
0.118650676609
0.117518874861
0.116273736496
0.114851957499
0.113218556613
0.111380329264
0.109305707451
0.106897424114
0.104061992277
0.100786819086
0.0970185093569
0.0928533069913
0.0886149071651
0.0834612971039
0.0830494322497
0.082296811249
0.0818825136317
0.081816503609
0.0817774268291
0.0786533075205
0.0756576422724
0.0737537703676
0.072100490423
0.0704980319124
0.0688327180263
0.0670439581191
0.0650907669263
0.0629405305334
0.0605622783395
0.0579221316052
0.054978870221
0.0516783058638
0.0479444326606
0.0436645595653
0.0386572016478
0.0326183440889
0.0249008567097
0.0144405517172
-0.00458970731245
-0.022595771228
-0.00442857504001
0.000666215595716
0.002201921653
0.0167393076565
0.0255214308265
0.0322032383929
0.0375037768223
0.0419384485456
0.0454403155643
0.047892265204
0.0496375026641
0.0509453663879
0.0519271272882
0.0526469788296
0.0531688718913
0.0535412726202
0.0537938287401
0.0539533599316
0.0540200345364
)
;

boundaryField
{
    frontAndBack
    {
        type            empty;
    }
    upperWall
    {
        type            zeroGradient;
    }
    lowerWall
    {
        type            zeroGradient;
    }
    inlet
    {
        type            zeroGradient;
    }
    outlet
    {
        type            fixedValue;
        value           uniform 0;
    }
}


// ************************************************************************* //
