/*--------------------------------*- C++ -*----------------------------------*\
| =========                 |                                                 |
| \\      /  F ield         | OpenFOAM: The Open Source CFD Toolbox           |
|  \\    /   O peration     | Version:  v1806                                 |
|   \\  /    A nd           | Web:      www.OpenFOAM.com                      |
|    \\/     M anipulation  |                                                 |
\*---------------------------------------------------------------------------*/
FoamFile
{
    version     2.0;
    format      ascii;
    class       volScalarField;
    location    "88";
    object      p;
}
// * * * * * * * * * * * * * * * * * * * * * * * * * * * * * * * * * * * * * //

dimensions      [0 2 -2 0 0 0 0];


internalField   nonuniform List<scalar> 
6400
(
0.144174883848
0.1441767699
0.144182082005
0.144192041898
0.144205846307
0.144223166138
0.14424420868
0.144270237
0.144300893096
0.144335463628
0.144379348635
0.144435291541
0.14449906816
0.144571037638
0.144653438119
0.144748587724
0.144856549349
0.144976314883
0.145107218214
0.145245188157
0.145383093315
0.145519717277
0.145659755956
0.145809546761
0.145974256706
0.146153854313
0.146344453281
0.146543730644
0.146752334265
0.14697210515
0.147204858952
0.147449831911
0.147700433346
0.14795049955
0.148199546065
0.148442186662
0.148675361792
0.148912244522
0.149152612129
0.149378761568
0.149592101755
0.149816089413
0.15006301775
0.150322388187
0.150586717901
0.15085172916
0.151113767175
0.151372446835
0.151627801909
0.151879886287
0.152131492966
0.152372048789
0.152595648833
0.152792481906
0.152967582771
0.153143208537
0.153312685517
0.153453099352
0.153561153956
0.153648845632
0.153721553158
0.153779749301
0.153822037511
0.15385424902
0.153892303986
0.153936395921
0.153976287935
0.153998639425
0.153999241508
0.15398159408
0.153949295486
0.153904183209
0.153847610848
0.15378546378
0.153719417863
0.153654362165
0.153593967446
0.153551270665
0.153522118971
0.153509487431
0.144171902239
0.144173836352
0.144178404152
0.144188136244
0.14420348926
0.144222439211
0.144244094273
0.144268539787
0.144297342245
0.144332101646
0.144375633115
0.144429953872
0.144493968613
0.144567187268
0.144650170881
0.144743862389
0.144851081702
0.14497157639
0.145104656385
0.145244836313
0.14538104926
0.145515022621
0.145653785163
0.145802244673
0.145966862816
0.146147581794
0.146337902031
0.146537453175
0.146747196989
0.146967932099
0.147199902547
0.147444768142
0.147697136455
0.147947092735
0.148197136179
0.148440236791
0.14867245747
0.148910173599
0.149151538113
0.149374968786
0.149577386911
0.149795418132
0.150053050692
0.150318437374
0.150585393174
0.150853264233
0.151117588926
0.151378751892
0.151634676814
0.151881181764
0.152121526254
0.152362016003
0.152607684768
0.152808202533
0.152985334898
0.153172297463
0.15333317824
0.153461495553
0.153568214635
0.153655514382
0.153724083137
0.153784876182
0.153832503861
0.153866755014
0.153907684165
0.153954976668
0.153997666395
0.154019729337
0.154018368367
0.153998250195
0.153963034201
0.153914445048
0.153853226658
0.153784842179
0.153714714041
0.153646976581
0.153587351549
0.153542800055
0.153512752008
0.15350227063
0.144163806495
0.144167189896
0.144170955227
0.144179817299
0.144194795953
0.144216569978
0.144241008567
0.144264811646
0.144291678949
0.144325391486
0.144368231448
0.144421714514
0.144485723802
0.14455956153
0.144642781654
0.144732705323
0.144837934759
0.144967331968
0.145105064422
0.145244159725
0.145375640972
0.145501568358
0.145637244036
0.145789028883
0.145953783527
0.146132546892
0.146324142524
0.146525939944
0.146737326932
0.146959488219
0.147192009057
0.147437262797
0.147693584852
0.147941801298
0.148188368517
0.148437629835
0.148668221466
0.148900478653
0.14914249658
0.149368561374
0.149581548485
0.149805055144
0.150051885048
0.150311777697
0.150577031511
0.150844063112
0.151109861105
0.151372840964
0.15163131987
0.151883604097
0.152129823681
0.152369021986
0.152596414568
0.152804868598
0.153005812463
0.153192624388
0.153346274193
0.153473634335
0.153580647225
0.153669607068
0.153743529989
0.153806158101
0.15385291322
0.153893958658
0.153944357809
0.153998755799
0.154042935461
0.154063762029
0.15405933061
0.154034260556
0.153992431559
0.153935107578
0.153865009996
0.153788244511
0.15371039157
0.153636925551
0.153574131668
0.153526181304
0.153495042227
0.153483080118
0.144153253116
0.144156501765
0.144158967851
0.144167088072
0.144180241148
0.144201877207
0.144234931463
0.144258487185
0.14428319205
0.144315042814
0.144356933632
0.144409914649
0.144474053667
0.144547129392
0.144631011441
0.144729312737
0.144842204782
0.144969181815
0.145099630755
0.145224639448
0.145348517663
0.145477673678
0.145615270286
0.145765883265
0.145931165658
0.146111357875
0.146305148963
0.146509345887
0.146723347111
0.146946973043
0.147182381439
0.147429180071
0.147685844569
0.147943314878
0.148184321704
0.148424233045
0.148664045812
0.148892210892
0.149118411741
0.149343999387
0.149567941198
0.149799381239
0.150045842891
0.150303959772
0.150568632679
0.150836111096
0.151103396833
0.151368419869
0.15162942585
0.151884888781
0.152133818584
0.152374631447
0.152604691211
0.152821096249
0.153024793375
0.153208542025
0.153363606439
0.153492512386
0.15360085914
0.153692587753
0.153770782576
0.153837130766
0.153892142155
0.153948532787
0.154007757788
0.15406725756
0.154115832957
0.154136548149
0.154126654174
0.154092670219
0.154040007346
0.153970522255
0.153887556095
0.153795679688
0.15370232269
0.153619421425
0.153551621466
0.153494069717
0.15345306892
0.153435801736
0.144137057406
0.144136910508
0.144140047905
0.144148410491
0.144162996395
0.144182953886
0.144212071416
0.144239242478
0.144266321057
0.144299192342
0.144340578825
0.144393384839
0.144458383453
0.144538405479
0.144632016831
0.144732794573
0.144841096023
0.144955357245
0.145072383044
0.145193201131
0.145318404942
0.145447553453
0.145585240208
0.145736486307
0.145902627258
0.146084651917
0.146280262777
0.146487670632
0.146704517064
0.146932060824
0.147169452435
0.147422017477
0.14768779781
0.147936760036
0.148177514957
0.148412665986
0.148638745022
0.148864047317
0.14909060094
0.149318927334
0.14954945914
0.149786550666
0.150034519672
0.150292639875
0.150557713277
0.150826359153
0.151095579513
0.151363075269
0.151627063683
0.151886070317
0.152138714551
0.152383247144
0.152617597874
0.1528395357
0.153046194795
0.153230632661
0.153387426742
0.153518808162
0.153630257804
0.15372651419
0.153810996444
0.153885670954
0.153954764293
0.154030603035
0.154096288097
0.154165418774
0.154223079347
0.154245424741
0.154227839498
0.154179620285
0.154109727345
0.154021615401
0.153917012466
0.153800537492
0.153687242143
0.153589221822
0.153503936427
0.153423193087
0.15336962215
0.153349039679
0.144105976825
0.14410504237
0.144111756067
0.144119965932
0.144135854237
0.144157830292
0.144183793829
0.144212085444
0.144242227827
0.144276985377
0.144317185686
0.144371306173
0.144446348455
0.144535035535
0.144629037822
0.144725011566
0.144823649285
0.144928047532
0.145041081266
0.145160706399
0.145282391618
0.145409841074
0.14554810039
0.145700814437
0.145868605302
0.146051105307
0.14625048713
0.146460635228
0.146682280005
0.146913165649
0.147157117132
0.147413390831
0.14767581156
0.147934852929
0.148165048037
0.148384217132
0.148604694691
0.148829448687
0.149057922909
0.149289703488
0.149525277266
0.149767152966
0.150017868154
0.15027749028
0.150544000297
0.150814518499
0.151086167101
0.151356595485
0.151624100091
0.151887327273
0.152144840498
0.152394820265
0.152635004961
0.152862331481
0.153072243861
0.153258738963
0.153418649186
0.153554365876
0.15367074412
0.153773111073
0.153866080884
0.153954349517
0.154049956859
0.15414100816
0.154218123477
0.154303637179
0.154375983593
0.154401536873
0.154373077464
0.154303269191
0.15420777249
0.154091179054
0.153953028165
0.153803774581
0.153662484194
0.153537160226
0.15341909453
0.153310048237
0.153241479187
0.153211086792
0.144058022691
0.144061122338
0.144074099861
0.144086810542
0.144099465191
0.144121171604
0.144149443209
0.144178385166
0.144211059972
0.144247912055
0.144292192078
0.144349105574
0.144432481569
0.144522052353
0.14461256069
0.144700234896
0.144791718481
0.144894806095
0.145008000283
0.145121350737
0.145238934832
0.145366314999
0.145504961747
0.145657772467
0.145826851457
0.146015241745
0.146214027119
0.14642928142
0.146655604908
0.14689587308
0.147145682592
0.147401227084
0.147664884211
0.147911561532
0.148134639889
0.148346147681
0.148564232536
0.148789808596
0.149020705528
0.149255755586
0.149495543269
0.149741756061
0.149995878235
0.150258082036
0.150526962801
0.150800060139
0.151074685155
0.151348626685
0.151620392975
0.15188881259
0.152152446864
0.152409245202
0.152656320841
0.152889603689
0.153103881933
0.15329422378
0.153458917844
0.15360030499
0.153722694211
0.153831824364
0.153936053245
0.154046608548
0.154166574317
0.154275284817
0.154396007406
0.154503643829
0.154591373287
0.154615281137
0.154570081951
0.154471824063
0.154340980104
0.154183393286
0.153998893395
0.153806258806
0.15362330349
0.15345244524
0.153287661896
0.15314773899
0.153061320887
0.153018867703
0.144002209558
0.144008852096
0.144024879097
0.144045076817
0.144059150642
0.144080422927
0.144108047789
0.14413824581
0.144174343666
0.14420907318
0.144260198487
0.144329301722
0.144411198703
0.144498940097
0.14458223769
0.144661892735
0.144753080224
0.144859036069
0.144966565454
0.14507422442
0.145188767231
0.145316022574
0.145455573411
0.145610807622
0.145782845562
0.145973035219
0.146178043217
0.146389414252
0.146627400031
0.146882026186
0.147130287918
0.147378188783
0.147640000337
0.14787457281
0.148087133083
0.148299844903
0.148518725133
0.148745353004
0.148978400688
0.149216534853
0.149460134019
0.149710482038
0.149968476678
0.150234087294
0.150506140863
0.150782487074
0.151060702186
0.151338871358
0.151615812106
0.151890549261
0.152161602171
0.152426542544
0.152681679145
0.152922025642
0.153142198186
0.153338248475
0.153509243705
0.153656761177
0.153783412482
0.153896530356
0.154012070195
0.154145398555
0.154295264377
0.154453024814
0.154620028455
0.154774917392
0.154885365758
0.154903903643
0.154835118797
0.1546997758
0.154521567418
0.154306309723
0.154060059302
0.153807050329
0.153562016816
0.153325720085
0.153107333798
0.152931872471
0.152825164458
0.152774477815
0.143941677288
0.143950771848
0.143967476966
0.143983425135
0.144003149431
0.144031965237
0.144058419527
0.144089456154
0.144131127461
0.144170299419
0.14421803978
0.144295825858
0.144380471299
0.144463429903
0.144540397062
0.144619808771
0.144710242282
0.144813810518
0.144916362555
0.145020973027
0.145133243556
0.145258438883
0.145396931688
0.14555288898
0.145736206815
0.145925990165
0.146137106638
0.146359787916
0.146597204713
0.146849484816
0.14710497483
0.147363094221
0.147597560634
0.147819322168
0.148032264127
0.148247204577
0.14846778926
0.148695605038
0.148930481008
0.149171509619
0.149418826037
0.149673298698
0.14993548393
0.15020514473
0.150481082452
0.150761322845
0.151043804739
0.151327046041
0.151610209948
0.151892491236
0.152172329965
0.152446835288
0.152711453294
0.152960385799
0.153188207737
0.153391605254
0.153569545239
0.153721484422
0.153846586176
0.153957442995
0.154084231934
0.154251807783
0.154454225503
0.154673111435
0.154892549963
0.155124571674
0.155295186656
0.155295078049
0.155193189131
0.155011026446
0.15476714132
0.154471495604
0.154142018159
0.153804171802
0.153470837057
0.153151463051
0.152871717485
0.152655631011
0.152522771936
0.152462446997
0.143875853533
0.143887149319
0.143906619998
0.143922573973
0.143942995162
0.143973127253
0.14399996586
0.144031062671
0.144070326949
0.144123685798
0.144175917085
0.144253339615
0.144338751988
0.144416712204
0.144487683443
0.144569762207
0.144664748968
0.144762013234
0.144858734321
0.144960975482
0.145073077101
0.145197173176
0.145334869176
0.14548783417
0.145678600124
0.145878815402
0.146079677325
0.146315408262
0.14655700832
0.146815948357
0.147071386264
0.147322804985
0.147549865074
0.147759101282
0.147971450978
0.14818862033
0.148411076951
0.148640219561
0.148876641217
0.149120220088
0.149371163138
0.149629907975
0.149896610451
0.150170827595
0.15045129608
0.150736130073
0.151023627947
0.151312857486
0.151603385898
0.151894532264
0.152184612826
0.152470263896
0.152746073185
0.15300545798
0.153242799818
0.153454762035
0.153638627806
0.153789231867
0.153899566553
0.153999642949
0.154146394249
0.154375173573
0.154653966916
0.154948369992
0.155241754749
0.155524279731
0.155742782144
0.155827602025
0.155680181005
0.155432821604
0.155098518117
0.154694486909
0.154249473096
0.153792868872
0.153340565523
0.152918693122
0.152562628603
0.15229208476
0.152116785685
0.152034971217
0.143801979584
0.143813361708
0.143833926582
0.14385499093
0.143882202799
0.143906065744
0.143932489248
0.143965192452
0.143997115278
0.144056259052
0.14412054208
0.144198407971
0.144284068555
0.144360359224
0.144430073307
0.144511354315
0.144608097537
0.144701281924
0.144793727618
0.144892613182
0.145004731612
0.145130042245
0.14527238372
0.145424118118
0.14560484654
0.145824663814
0.146034796084
0.1462673253
0.14650858202
0.146751847791
0.147019593743
0.14726809002
0.14748653203
0.147691699616
0.147904780322
0.148123828684
0.1483481739
0.14857886286
0.148816729068
0.14906238927
0.149316681402
0.149579821066
0.149851384965
0.150130635428
0.150416232245
0.150706392104
0.150999794554
0.151296050936
0.151595131076
0.151896483217
0.152198308701
0.152496807731
0.152785807535
0.15305795374
0.153306991442
0.153528330574
0.153714375052
0.153849158907
0.153922852722
0.154012464079
0.154209731978
0.154538987153
0.154918711533
0.155303612231
0.155671100922
0.155992351098
0.156242237737
0.156411563447
0.156325180287
0.156019544812
0.155554710873
0.154998684077
0.15438773688
0.153766069568
0.153156176661
0.15260163311
0.152141802508
0.15178927314
0.151552008606
0.151434642086
0.143718427122
0.143727450624
0.143742071085
0.143769586495
0.143806929316
0.143828748701
0.143855053824
0.143891523386
0.143921895343
0.143976928605
0.144050461686
0.144130666491
0.144215417916
0.144291574468
0.144366912176
0.144449359672
0.144543384104
0.144632370938
0.144721855848
0.144817567865
0.14492612516
0.145048432849
0.145200716439
0.145366483066
0.145538405029
0.145756810766
0.145976575249
0.146199348848
0.146457899311
0.146707196593
0.146959138996
0.147190368975
0.147403944506
0.147615713238
0.147831078974
0.148052016876
0.148278387636
0.148510969651
0.14875056131
0.148997900581
0.149254859231
0.149522312367
0.149799180405
0.150083962612
0.15037525746
0.150671535292
0.150971869905
0.151276328507
0.151585204455
0.151898083205
0.152213067181
0.152526047079
0.152830545284
0.153118570215
0.153382375363
0.153613676811
0.153787739472
0.153872436123
0.153919419992
0.154007789147
0.154316316561
0.154784391123
0.155286232935
0.155773439855
0.156226447868
0.156601463077
0.156874330441
0.157049215018
0.157083091304
0.156804897723
0.156204438742
0.155425083781
0.154563945342
0.153714605999
0.152889571751
0.152153934126
0.151554709753
0.151091707891
0.150785711355
0.150634760034
0.143624793492
0.143631212461
0.143637097699
0.143668701044
0.143705443927
0.14373332122
0.143762737864
0.143803524667
0.143839547365
0.143892440524
0.143969721614
0.144050912731
0.14413367985
0.144206318642
0.144288537584
0.144379401744
0.144469738778
0.144555084762
0.144642526487
0.144736686092
0.144841298214
0.144956892844
0.145105468913
0.145296597922
0.145474717023
0.145674222011
0.145910405698
0.14613852369
0.146380738222
0.146635259016
0.146883263084
0.147107329027
0.147315647569
0.147530916061
0.14774941971
0.147972691405
0.148200992194
0.148435188878
0.148677033539
0.148926719855
0.149185871666
0.14945682332
0.149738987173
0.150029906658
0.15032759921
0.150630868937
0.150939307588
0.1512533121
0.151573320583
0.151898941499
0.152228139007
0.15255686158
0.152879327278
0.153187031879
0.15346890884
0.153706438978
0.153833154422
0.153866305791
0.153900194385
0.154027159441
0.154512110824
0.155161640781
0.155805302279
0.156409016908
0.156979163745
0.157415881744
0.1577085511
0.15787492432
0.158020308827
0.157831883938
0.157092195655
0.156034868948
0.154766283181
0.153621890934
0.152501452578
0.151512698564
0.150739084021
0.150141305054
0.149772571334
0.149594199614
0.143522198313
0.14352965286
0.143541019404
0.143561259548
0.143592579032
0.143624163997
0.143657518384
0.143700045541
0.143746149217
0.143799078358
0.143878505061
0.143960151651
0.144041655711
0.14411225081
0.144193029556
0.144291881206
0.144383307707
0.144468123163
0.144554674797
0.144648218638
0.144750988972
0.144861743598
0.145003710312
0.145204847084
0.145399360368
0.145593196362
0.145833548512
0.146069394727
0.146301617218
0.146552978558
0.146783693029
0.14700081973
0.147217026952
0.147436870491
0.147658854098
0.147884716293
0.148115860689
0.148351901322
0.148594845902
0.148847028929
0.149109208137
0.149383372293
0.149670182948
0.149967299247
0.15027210731
0.150583469853
0.150901434581
0.151226535432
0.151559036301
0.151898472111
0.152242362145
0.152587297616
0.152929941156
0.153262069522
0.153568937326
0.153808221572
0.153831797457
0.153839180444
0.153886440103
0.154135246046
0.154866505221
0.155763111496
0.156553746885
0.157265803804
0.157957484741
0.158369959354
0.158607710156
0.15871278536
0.158746117387
0.158672042763
0.158352527513
0.156891342692
0.154951299042
0.153479084991
0.151946771276
0.150573204281
0.149624882547
0.14885906328
0.14843130976
0.14822935216
0.14340747145
0.143415674642
0.143436481121
0.143446728626
0.143471356818
0.143503939973
0.143540395212
0.14358645222
0.1436451819
0.14369710533
0.143776819506
0.143858895068
0.143940132382
0.144011857726
0.144092521819
0.144193698935
0.14428626182
0.144371965043
0.144458648117
0.144551561393
0.144653411149
0.144762999476
0.14489608922
0.145090116943
0.145311200226
0.145511985921
0.145735697906
0.145993345855
0.146234576768
0.146456618949
0.146675051943
0.146890475543
0.147110119295
0.14733342141
0.147559067965
0.147788046538
0.148021202676
0.148259896268
0.148504701991
0.14875815594
0.149023162744
0.149300995894
0.149592209854
0.149895109986
0.150207343795
0.150528078643
0.150857233451
0.151195275978
0.151542068426
0.1518960505
0.152254037724
0.152614391511
0.152977206748
0.15333330082
0.153644126477
0.153792322862
0.15381587932
0.15381480596
0.153890769655
0.154441665444
0.155488289213
0.156765538628
0.157356735068
0.157578963207
0.157906381137
0.158288497846
0.158566312755
0.158725768573
0.158795848668
0.158775079432
0.158781312333
0.158334263975
0.154553409774
0.153161921021
0.151186246529
0.149185233528
0.148169781549
0.147095531058
0.146642638521
0.146440477574
0.143278292102
0.143285312316
0.143303002498
0.143315367465
0.143336989942
0.143371199971
0.143408891295
0.143453605499
0.143524585006
0.143584293456
0.143663347202
0.143746521357
0.143828691524
0.143904182276
0.143986533943
0.144087555351
0.144180518866
0.144267740245
0.144355157846
0.144447773024
0.144548374457
0.144657867673
0.144786168077
0.144970152117
0.145204804611
0.145421425749
0.145632143459
0.145878804664
0.146131283622
0.146353872299
0.146563270679
0.146775052907
0.146996004055
0.147222404375
0.147451171497
0.147682252016
0.14791767565
0.148157933027
0.148404985261
0.148660089289
0.148927009937
0.149208302028
0.149504160299
0.149812343808
0.150131089029
0.150461744614
0.150805119935
0.151159958825
0.151522522854
0.151889717977
0.152261365002
0.152636989055
0.153019946293
0.153411086105
0.153754772248
0.153777171026
0.153770268589
0.153796809105
0.154018831948
0.155040323132
0.156048740362
0.156584127395
0.157090482138
0.157487561313
0.157783023779
0.158105962996
0.158354575908
0.158478567761
0.158481524917
0.158344331783
0.15790273215
0.156587251702
0.15583828769
0.155156501373
0.150593846362
0.145998487365
0.146078098779
0.144567731548
0.144275308616
0.144153552743
0.143137212575
0.143143036799
0.143160531947
0.143172340417
0.143193259235
0.143227712553
0.143266002619
0.143306506039
0.143377329706
0.143451405776
0.143535004177
0.143620860151
0.143705386647
0.143788415488
0.143872678788
0.143973054097
0.144066344976
0.144155851052
0.144244476035
0.144337249596
0.144436892888
0.144545051302
0.144669868808
0.144843149879
0.145074016818
0.145318477359
0.145534005737
0.145763503822
0.146005473228
0.146223684748
0.146429849817
0.146646606038
0.146871338737
0.147101020592
0.147333495528
0.147567776362
0.147804698437
0.14804667525
0.148295007006
0.148551900299
0.148820437081
0.149103573352
0.149403292611
0.149717285259
0.150042707518
0.150384568583
0.150745025703
0.151119200791
0.151497455481
0.15187781092
0.152263041793
0.152653362702
0.15304618767
0.15343182158
0.153770846166
0.153773515199
0.15372258572
0.153754709961
0.154287788838
0.154970569546
0.155669242016
0.156284727806
0.156782129421
0.157179245904
0.15747446133
0.157724504453
0.157887664897
0.157919772141
0.157802282741
0.157506131222
0.156854884059
0.155650546343
0.154205767163
0.151591853237
0.148773746349
0.148861427854
0.148143730496
0.140154232313
0.140913971974
0.141351768372
0.142986421142
0.14299067837
0.143003550474
0.143016219196
0.143041128565
0.143075178841
0.143115391235
0.14315383408
0.143222472227
0.143304774446
0.1433922301
0.143480097399
0.143565256884
0.14365822202
0.143748108549
0.14384750505
0.143941691226
0.144035266163
0.144125851401
0.144219360997
0.144318568078
0.144424960255
0.144546553885
0.144711292539
0.144936081918
0.145195676208
0.145428955674
0.145650260611
0.145874433657
0.14608316782
0.146287620965
0.14650659539
0.146733763241
0.146966291401
0.14720253084
0.147441177109
0.147681683786
0.147924975026
0.148174937938
0.148432682867
0.148701842489
0.148987278861
0.149290208402
0.149608528318
0.149934243546
0.150278978616
0.150662029682
0.151071722999
0.151472196905
0.151864156898
0.152265012098
0.152672804165
0.153078864436
0.153454637959
0.153754382325
0.153759650517
0.153666239307
0.153639794033
0.153985135523
0.154697676413
0.155348045819
0.155907723232
0.156348267191
0.156685126639
0.15691610827
0.157051894171
0.15707443838
0.15695080042
0.156650457613
0.156130933941
0.155305503621
0.153994224674
0.152177240177
0.14987880727
0.147554826684
0.145748159534
0.142289783109
0.142019160063
0.141815665887
0.139935502871
0.142828060245
0.142831077326
0.142838811921
0.142852740369
0.142881351194
0.142914209318
0.142955438568
0.142996608008
0.143060295586
0.143146450304
0.143235985842
0.143324765884
0.143408534649
0.143504751832
0.143606378123
0.143707478595
0.143803035019
0.143901306565
0.14399672523
0.1440924231
0.144192508388
0.144296667861
0.144415205733
0.144572335469
0.144785717813
0.145038459416
0.145292080424
0.145519032435
0.145735413354
0.145938659478
0.146137207162
0.146356083702
0.146586300966
0.146817147324
0.1470580633
0.147301443876
0.147544170503
0.147790347086
0.148042841696
0.148303547614
0.148573304929
0.148857555335
0.149160158897
0.149483600834
0.14982555228
0.150187567811
0.150582160967
0.150995690778
0.151412459812
0.1518352401
0.152273251072
0.15272894011
0.153193502443
0.153622867021
0.153943105981
0.15372669864
0.153554954164
0.153536941345
0.153854516476
0.154437060494
0.154981823912
0.155419379631
0.155742331109
0.155955654127
0.156054121386
0.156030907797
0.155868942593
0.155539756515
0.155010005125
0.154236980305
0.153168960648
0.151663850745
0.149627874038
0.147132507243
0.144309126524
0.141490065841
0.138537907081
0.136805116835
0.134944802183
0.129557786277
0.14266252619
0.142665058081
0.142670980875
0.142687884129
0.142716084062
0.142745900042
0.142783612637
0.14283013649
0.142888635511
0.142975836331
0.143066683757
0.143156296349
0.143240146365
0.143334902632
0.143446029078
0.143552162754
0.143650754332
0.143752130948
0.143853080681
0.143953447411
0.144057133558
0.144159741911
0.144275018855
0.144426016759
0.144628161439
0.144870882893
0.14512836709
0.145365561394
0.14557016405
0.145767711806
0.145971269044
0.146184876869
0.146415707774
0.146651610886
0.146898044583
0.147145798436
0.147391267919
0.147640624791
0.147896199801
0.148159987364
0.148432761669
0.14871788684
0.149026086132
0.149364374825
0.149729305944
0.150104122514
0.150497449116
0.150913791571
0.151353743057
0.151824184629
0.15233169771
0.152876634173
0.153460303327
0.154103244073
0.154962774431
0.154637290302
0.153583604514
0.153281738955
0.153748803249
0.154179961349
0.154509607072
0.154770122542
0.154929264453
0.154969152322
0.1548812425
0.154651938814
0.154260085005
0.153677049525
0.152867821963
0.151788716664
0.150384644097
0.148595089225
0.146255106967
0.14327993823
0.139778035757
0.135900396956
0.131482879098
0.126403683461
0.121117809755
0.117178479322
0.142487136931
0.142489421987
0.142495725555
0.142517535304
0.142544328631
0.142570711252
0.142602677359
0.142652925667
0.14270506343
0.142791551887
0.142883800347
0.142974528616
0.143059680252
0.143155148387
0.143270619077
0.143382016358
0.143485252823
0.143590283076
0.143694646465
0.143799902673
0.143909545771
0.144012799492
0.144124158401
0.144270085308
0.144462314603
0.144694162226
0.144949938766
0.145190857097
0.145403754023
0.145591932207
0.145796262164
0.146010987948
0.146235162899
0.146462846738
0.14670978731
0.146969223524
0.147221526444
0.147476488227
0.147734453998
0.148000622561
0.148278203538
0.148569911276
0.148890914051
0.149253205594
0.149631947975
0.150012591627
0.150410943109
0.150849863178
0.151343791722
0.151879704051
0.152470949642
0.153061970439
0.153707976378
0.15428854247
0.154563885716
0.15453343361
0.154001132254
0.153528950501
0.153635998708
0.15379398114
0.153894662773
0.153940431863
0.153889359727
0.153712013043
0.153393277764
0.152914833072
0.152251755891
0.151373024245
0.150240837421
0.14880856692
0.147018236649
0.144804326344
0.142038641811
0.138490433021
0.134043267634
0.128551614779
0.121374903556
0.111062699997
0.0938763279462
0.0544166998833
0.142296631718
0.14229844459
0.142306838447
0.142335073351
0.142360723023
0.142384528346
0.142413375162
0.142463230253
0.142509045658
0.142592730281
0.142686409433
0.142778336258
0.142865081768
0.14296134527
0.143078918101
0.143194992088
0.143305173945
0.143414407266
0.143520988932
0.143630123649
0.143746445463
0.143853402952
0.143960227122
0.14410124737
0.144285504563
0.14450553928
0.144753210014
0.144985092401
0.145209787929
0.145407431191
0.145605222897
0.145812718214
0.146039816164
0.146274582404
0.146508991067
0.146767174632
0.147028952461
0.147290948585
0.147557107904
0.147827055524
0.148107661758
0.148412898615
0.148759254196
0.149140701751
0.149522750617
0.149908362898
0.150332241977
0.150827883215
0.151397514145
0.151981308542
0.152629936456
0.15309743886
0.15351797789
0.153890351414
0.154245281021
0.154340775772
0.153934054731
0.153490320938
0.153321196583
0.153231247601
0.1531025607
0.152906943201
0.152609917597
0.152180266276
0.151595932301
0.150833999325
0.14986605425
0.148657401366
0.147165629162
0.145338047917
0.143108353285
0.140392189589
0.137088117273
0.132922004692
0.127490926018
0.120403512408
0.110778287731
0.0967027866567
0.0742966170545
0.0383222840211
0.142083405404
0.142084827989
0.142095137092
0.142129541541
0.14215361056
0.142178569476
0.142206159786
0.142252325383
0.142294856033
0.142377781601
0.142473309131
0.142566487715
0.142654810944
0.142751428208
0.142869167518
0.142987517281
0.143106704285
0.143221343947
0.143330242304
0.143442403899
0.143563797402
0.143678432916
0.143781959334
0.143916892596
0.144095139377
0.144304700694
0.144542151345
0.144763604191
0.144980467158
0.145194376821
0.145403439505
0.145606974182
0.145815265233
0.14604940077
0.146295611978
0.146549711005
0.146815231744
0.147082467155
0.147355164199
0.147633397732
0.147925733069
0.148250903403
0.148622572274
0.149011779451
0.149400882581
0.149810099019
0.150281628396
0.150846122265
0.151479746897
0.151979394322
0.152460674743
0.152917412696
0.153227153592
0.153527516263
0.153754552498
0.153760198531
0.153475113316
0.153088549189
0.152759848525
0.152448378853
0.152083992705
0.151635155833
0.151073503419
0.150369231374
0.149496243206
0.148427824351
0.147132172024
0.145570461396
0.143694845674
0.141445254621
0.13874476522
0.135492603362
0.1315518356
0.126737473382
0.120577724125
0.112392886748
0.10136704031
0.0860891403994
0.0639372412071
0.0340666768554
0.141840917604
0.141844405128
0.141855010934
0.141888221086
0.141914934429
0.141946845778
0.141977111036
0.142022104521
0.142068979443
0.142146323377
0.1422432003
0.14233760431
0.142427611977
0.142524336892
0.142640891658
0.142757814979
0.142881255406
0.143005058931
0.143119346458
0.143235602549
0.143359514847
0.143484104976
0.143594159118
0.143716749629
0.143890300879
0.144091511603
0.144318578085
0.144531923475
0.144737464875
0.144954977945
0.145175903034
0.145392332093
0.145593528836
0.145810684565
0.146051509081
0.146310820751
0.146580874345
0.146855445895
0.147131362116
0.147419140016
0.147730150414
0.148082532342
0.148468971023
0.148865746623
0.149273834004
0.149722562401
0.150242241731
0.150790219408
0.151314039827
0.151841535537
0.152330918347
0.152628381326
0.152875596402
0.153085198272
0.153200220808
0.15313471074
0.152850699742
0.152422018834
0.151941303233
0.151416903917
0.150815322034
0.150109869011
0.149275720471
0.148285578305
0.147111965362
0.145725400331
0.144090972688
0.142165938365
0.139897238354
0.137217844521
0.134041383873
0.130254065798
0.125701740253
0.120168541058
0.113354626626
0.104612566306
0.0930214182446
0.0774801592119
0.0562128456985
0.0296772587335
0.141573932469
0.141581589254
0.141591775103
0.141616916364
0.141650357652
0.141689282397
0.141725238962
0.141773782786
0.141830317464
0.141900675236
0.141995720856
0.14209064642
0.142182422943
0.142279524971
0.142395125206
0.142511371509
0.142632807737
0.142764615766
0.142887462176
0.143009626935
0.143136320215
0.143270962398
0.143397234309
0.14351982295
0.143675684048
0.143867932218
0.144085500885
0.144291923066
0.144485333185
0.144697773235
0.144921539847
0.145154811157
0.145361690599
0.14556719183
0.145792561858
0.146044315129
0.14631653237
0.146600365235
0.14688571319
0.14718769286
0.147523354313
0.147899581515
0.14829725275
0.148704738775
0.14913834647
0.149630862805
0.150087809787
0.150569063162
0.151135471129
0.151712001257
0.152032370472
0.152259746872
0.152444368954
0.152558257912
0.152551373547
0.152375325361
0.152008880644
0.151484138743
0.150850908872
0.150124372417
0.149290769229
0.148331115021
0.147224622408
0.145946892696
0.144470580098
0.142764532679
0.14079141644
0.138505307767
0.135848989437
0.132750167512
0.129116029948
0.124825334345
0.119716641182
0.113570727782
0.106084924028
0.0968512343096
0.0851523553167
0.0700305064668
0.0501229382777
0.0260991371205
0.141296792078
0.141305189707
0.141313896128
0.141329955646
0.14136762327
0.141409099664
0.141449117469
0.1414992655
0.141562178111
0.141633776174
0.141728629132
0.141824273
0.141918157252
0.1420159705
0.14213113978
0.142248435792
0.14237013148
0.142507007165
0.142638420431
0.142770541654
0.142905081805
0.143046569593
0.143182321216
0.143319435657
0.14347295158
0.143651746891
0.143851190523
0.144049374243
0.144229435355
0.144431642166
0.144650768933
0.14488358384
0.145109942983
0.145315490606
0.145533127959
0.14576732387
0.146027993057
0.146313570246
0.146615908425
0.146937484169
0.147302429977
0.147699872484
0.148109379746
0.148528627663
0.148976992279
0.149410511298
0.149855263657
0.150332880729
0.150935602184
0.151341362914
0.151607504105
0.151805005562
0.151917305222
0.151917171641
0.151776863472
0.151468124054
0.150977663305
0.150319203009
0.149518743451
0.148589053558
0.147525552749
0.146315403494
0.144941220934
0.143380882751
0.141607622038
0.139589436636
0.137287379852
0.13465337691
0.131627576146
0.128134764255
0.12407937967
0.119338556982
0.11375242195
0.10711070249
0.0991349121045
0.0894557392652
0.0775966476476
0.0629171931143
0.0444099084099
0.0227591600343
0.141013806265
0.141020478709
0.141026999001
0.141040840165
0.141073675793
0.141113015974
0.141154271741
0.14120333286
0.141268368189
0.141343662719
0.141440708231
0.141537549958
0.141633730171
0.141732368808
0.141847300346
0.141965872912
0.142088415147
0.142229488587
0.142368376222
0.142510182821
0.142658994876
0.142806916176
0.142951828082
0.143090619932
0.143249853861
0.143432986198
0.143625619503
0.143807794923
0.143973388725
0.144162375483
0.144373627293
0.144594187707
0.14482261206
0.145034268399
0.145250838699
0.145480605598
0.145726951406
0.146005817494
0.146321863174
0.146672161226
0.147067104251
0.147485537007
0.147906489086
0.148319013617
0.148731045082
0.14915035527
0.149556888242
0.149938970888
0.150495102749
0.150832629892
0.151104566136
0.151257967989
0.151274074567
0.151147194315
0.150862451723
0.150402857216
0.149760563184
0.148942096779
0.14796148256
0.146827481474
0.145538559497
0.144085400705
0.142453020033
0.14062097131
0.138563207428
0.136247512767
0.133634185051
0.130674168138
0.127306672732
0.123456035912
0.119027509078
0.113901669865
0.107927093912
0.100911038346
0.0926081255157
0.0827080233932
0.070821525404
0.0564869358489
0.0390619971001
0.019563595463
0.140718890827
0.140727681265
0.140730293371
0.14074852455
0.140772646324
0.140806798053
0.140846521833
0.140893535613
0.14095861112
0.141033197603
0.141132474679
0.141230362879
0.141327942568
0.141427549615
0.141542893943
0.141661719608
0.14178371214
0.141928725202
0.142074332372
0.142221659936
0.142380614537
0.142533641791
0.142692723146
0.142843058903
0.142997144124
0.143181585736
0.143385548989
0.143562994932
0.143717584183
0.143888976627
0.144095296786
0.144310593905
0.144528780486
0.14473704326
0.144944895974
0.145170024522
0.145407342529
0.145680869965
0.146008474065
0.146391039504
0.146815891122
0.147251646897
0.147664376852
0.148068758104
0.14847731096
0.148880684755
0.14926860042
0.149897847076
0.150051698676
0.150335336486
0.150545518287
0.1506100494
0.150510732852
0.150244082788
0.149802646888
0.149177964171
0.148366631693
0.147372659987
0.146204045173
0.14486617986
0.143357956034
0.141671700205
0.139793888263
0.137705205229
0.135380276901
0.13278709716
0.129885966776
0.126627959572
0.122952935161
0.118786974645
0.114039095972
0.108597123849
0.102322691241
0.0950455107136
0.0865574775547
0.0766083317284
0.0649031565534
0.0511305719786
0.0348114572166
0.0171813242924
0.140402709669
0.140412391017
0.140417032883
0.140436866017
0.140458792941
0.140489794791
0.14052689727
0.140571421149
0.140634282532
0.14070478983
0.140804922291
0.140904057385
0.14100081972
0.141101794841
0.141219256701
0.141338588237
0.14145862744
0.14160383153
0.141755571254
0.1419054747
0.142070733385
0.142231343447
0.142395063929
0.142567272321
0.142733586231
0.142919853515
0.143132645424
0.143321941532
0.14346447688
0.143616313387
0.143807699998
0.144020394884
0.144236603161
0.144443200436
0.144639179107
0.144852821413
0.145076483207
0.145341095219
0.14567871721
0.14609126272
0.146541400729
0.146965025981
0.147378661973
0.147791689361
0.148209585815
0.148592950211
0.148787404853
0.149443338101
0.149669567431
0.149833167923
0.149923028407
0.14986300225
0.149626354287
0.14920568227
0.148596940159
0.147797430772
0.146807268423
0.145630001897
0.144270708616
0.142732434795
0.141013513862
0.139106722563
0.136999209155
0.134672324169
0.132101267031
0.129254533956
0.126093052313
0.122568973142
0.118624114517
0.114188023219
0.109175605627
0.10348436339
0.0969913582577
0.0895502974303
0.0809894056406
0.0711119808441
0.0596987160624
0.0465436434403
0.0312862643114
0.0152541356883
0.140065205277
0.140071443776
0.140083511183
0.140103694149
0.140127767163
0.14015882528
0.140193867325
0.140236139563
0.140296023811
0.140360452287
0.140459303042
0.140560797164
0.140655586047
0.140755431936
0.14087710538
0.140999160966
0.14111911089
0.141258667064
0.141411409483
0.141564528593
0.141732194962
0.141905403254
0.14208349021
0.142264381619
0.14244805124
0.142639578244
0.142859923904
0.143075158737
0.143218089105
0.143351920342
0.143517139958
0.143718724301
0.143931782311
0.144146017347
0.1443372992
0.144532638846
0.144741209877
0.144989369508
0.145332503029
0.145772245489
0.146237171657
0.146646892076
0.147054044712
0.147489385997
0.147950910259
0.148432424982
0.148962499987
0.148932619778
0.149167654921
0.14927647583
0.149227931822
0.149015885864
0.148621336297
0.148033456049
0.147249292019
0.14626947349
0.14509657418
0.14373442144
0.142186702456
0.14045488171
0.1385364336
0.136423932221
0.134104664352
0.131560312735
0.128766572342
0.125692647704
0.122300570115
0.118544291647
0.114368560333
0.109707570516
0.104483425689
0.0986044998691
0.0919639327755
0.0844386693023
0.0758897321672
0.066165375718
0.0551052291111
0.0425778506129
0.028303669521
0.0136046025114
0.139712673294
0.139717822359
0.139732021213
0.139752545693
0.139779056754
0.139811652941
0.139845339476
0.139886042204
0.139944314769
0.140002812898
0.140097482593
0.140201972995
0.140296904111
0.140391605095
0.140515613863
0.140641827236
0.14076407294
0.140897763368
0.141045837708
0.141199151786
0.141369714078
0.141543125701
0.141738446165
0.141933598778
0.142133591409
0.142334761752
0.142561992188
0.142803093642
0.142974539437
0.143100165887
0.143243932371
0.143416783595
0.143619184818
0.143831948865
0.144038621819
0.144222215678
0.14441067948
0.144628349429
0.144967623509
0.145422587187
0.145866845163
0.146287797509
0.14669644825
0.147148290347
0.147638271033
0.148405793315
0.148705880656
0.148689545568
0.14869174785
0.148639310523
0.148436935456
0.148059963716
0.147493960235
0.146729977424
0.145766185769
0.144604994811
0.143250496303
0.141706907091
0.139977219666
0.138061811359
0.135957276503
0.133655688852
0.131144165199
0.128404520468
0.125412904396
0.12213938694
0.118547447965
0.114593356463
0.110225432632
0.105383224504
0.0999966442066
0.0939852003877
0.0872575441956
0.0797117512983
0.0712368805473
0.0617172565764
0.0510369626527
0.0391159722819
0.0257348626577
0.0121466723785
0.139346664301
0.139351039109
0.139364321805
0.139386522899
0.13941389207
0.139447157669
0.139479697808
0.139517936719
0.139578510967
0.139638361704
0.139721834368
0.139827590713
0.139925618198
0.140019321482
0.140136637009
0.140264456458
0.1403896313
0.140520152477
0.140665101811
0.140813173881
0.140987771635
0.14116210597
0.14135232886
0.141555584053
0.141768757102
0.14199158891
0.142231638497
0.142497856659
0.142722823397
0.142857901692
0.142993382948
0.143146172296
0.143326010323
0.143515436734
0.143720358564
0.143917832924
0.144097735597
0.144277141776
0.144576116427
0.145044784645
0.145468618918
0.145866865489
0.146279764451
0.146708224666
0.147079586281
0.147817356589
0.148060681107
0.148145842453
0.148084247271
0.14788719566
0.147527478839
0.146982744856
0.146241503581
0.145299163813
0.144156379461
0.142817099306
0.14128643347
0.139568905234
0.137667101357
0.135580607997
0.133305222119
0.130832426549
0.12814904088
0.125236928962
0.122072711587
0.118627458672
0.11486635759
0.110748341964
0.106225697579
0.10124365912
0.0957400648294
0.0896451718956
0.0828818473989
0.0753664656298
0.0670110050471
0.0577274866103
0.0474324896688
0.0360799251572
0.023500246426
0.0108301377025
0.138967225016
0.138971360417
0.138984062669
0.139008626887
0.13903433691
0.139065580547
0.139097766881
0.139132211103
0.139192371928
0.139258275341
0.139330016707
0.139434721645
0.139535675915
0.139633521519
0.139740579576
0.139865595162
0.139992044676
0.140120750645
0.140267345372
0.140413461378
0.140581988839
0.140763151621
0.140946957008
0.141148582836
0.141367625552
0.141598510148
0.141852134463
0.142133737645
0.142422889686
0.142614545117
0.142745613098
0.142893162847
0.143050459006
0.143233178726
0.143414102739
0.143606349431
0.143791741517
0.143958803898
0.144148873517
0.144605036985
0.145048940307
0.145427313635
0.145830531378
0.146251899414
0.146751653176
0.147136242184
0.14741017049
0.147483784675
0.14734956904
0.147020127839
0.146500853753
0.145785084197
0.144867884738
0.143748968934
0.142431550655
0.140920920624
0.139222829298
0.137341901149
0.13528036337
0.133037160701
0.130607393665
0.127981983639
0.125147450379
0.122085727027
0.118773975347
0.115184410888
0.111284138148
0.107035010086
0.102393507775
0.0973106633457
0.0917320497195
0.0855979281448
0.0788436917714
0.0714008956754
0.0631992789084
0.0541707975097
0.0442544039284
0.0334236974867
0.0215546565883
0.00962703638785
0.138575302714
0.138579188186
0.138596764606
0.138621663044
0.13864229181
0.138669910888
0.138702186114
0.138734887045
0.138785970018
0.138852741576
0.138918225408
0.139020194927
0.13912249206
0.139221453603
0.139321926318
0.139443453559
0.139566787937
0.139693971401
0.139842994803
0.13999355308
0.14015200523
0.140331514179
0.140514338377
0.140716478971
0.140933375274
0.141163463709
0.141419310172
0.141703248316
0.142015816449
0.142316362309
0.142492311678
0.142629857491
0.142781385495
0.142945807386
0.143121629977
0.143302886811
0.143488791444
0.143678614773
0.14384211373
0.144119348759
0.144597499693
0.144983488226
0.145363880505
0.145711937207
0.146580826147
0.146563104163
0.146754584911
0.146759856943
0.146511208495
0.146040234873
0.145359793414
0.144472560474
0.143381308293
0.142090406533
0.140605476517
0.138932829386
0.13707846359
0.135046818024
0.132839667796
0.130455361704
0.127888398492
0.125129227043
0.122164154338
0.1189752783
0.115540431849
0.111833144321
0.107822649344
0.103473936752
0.0987478567302
0.0936012515713
0.087987124016
0.0818548642543
0.0751506132416
0.067817957384
0.0597993901992
0.0510393694279
0.0414898413669
0.0311305040469
0.0198807085403
0.00852392351476
0.13817108184
0.138176134252
0.138198429143
0.138218752111
0.138235032316
0.138260288873
0.138292375332
0.138324824847
0.13836653452
0.138429344125
0.138488853787
0.138584329808
0.138687578145
0.138783062229
0.138878706437
0.138999721139
0.139118092
0.139238869706
0.139388285118
0.139539896842
0.139694207744
0.13987103465
0.140048750405
0.14025402543
0.140468942584
0.14069929468
0.14094556898
0.141219804373
0.141521974898
0.14185690783
0.142166549112
0.142350126174
0.142513466885
0.142667366593
0.142835428496
0.143018254679
0.143216827328
0.14342349614
0.143626781277
0.143839225208
0.144167857415
0.144550017191
0.14486306592
0.144861399702
0.14590768271
0.146095914509
0.146111428645
0.145969086375
0.14558253703
0.144958353761
0.144112115056
0.143053891129
0.141792547598
0.140336400957
0.138693093962
0.136869575046
0.134871687692
0.132703365496
0.13036576693
0.127856631444
0.125169934582
0.122295777716
0.11922039586
0.115926211331
0.112391906494
0.108592537885
0.104499704892
0.100081778936
0.0953041636308
0.0901295430562
0.0845180708883
0.0784274697497
0.0718130115885
0.064627512968
0.0568216574197
0.0483455611825
0.0391547944646
0.0292190324892
0.018494746516
0.00752461875699
0.137752333345
0.137758063838
0.137771295835
0.137790702299
0.137809040399
0.137834151379
0.137865592204
0.1378964924
0.137933434347
0.137991526102
0.138049185775
0.138130517487
0.138235111078
0.138328188422
0.13841762042
0.138536730186
0.138656178487
0.138771356947
0.138910415061
0.139059227752
0.139207803283
0.139386277608
0.139562311155
0.139755428673
0.13996734827
0.140199756367
0.140439611302
0.140701454427
0.140988293525
0.141302757999
0.141647337568
0.141975958087
0.142209139227
0.142406387289
0.142591748575
0.14278057688
0.142981013256
0.143191306088
0.143398229397
0.143606745533
0.143862202512
0.144216257444
0.144659507439
0.145963760505
0.145345712164
0.14548020724
0.145423654483
0.145115238955
0.144565873757
0.143778322294
0.142764219885
0.141537920367
0.140112805585
0.138500214055
0.136709310879
0.134747331807
0.13261964365
0.130329403182
0.127876992263
0.125259510059
0.122470487539
0.119499822546
0.116333861683
0.112955554812
0.109344664602
0.10547803222
0.101329914959
0.0968723594685
0.0920755737543
0.086908192321
0.0813373582654
0.0753285365211
0.0688448816264
0.0618462254703
0.0542879182402
0.0461206365334
0.0372959808633
0.0277560555836
0.0174780934686
0.00668348959733
0.137319542353
0.137324490591
0.137329479097
0.137348852728
0.13736993335
0.137393629452
0.137421824685
0.137449794928
0.137481617802
0.137535559626
0.137596260418
0.137662117171
0.137765203224
0.137861832694
0.137950234781
0.138056127685
0.138176985104
0.138292550144
0.138416343799
0.138562502451
0.138705774412
0.138872492716
0.139052392464
0.139232078338
0.139436657538
0.139656546741
0.139894733959
0.140148767131
0.140421342634
0.140720299026
0.14103883659
0.141387092396
0.141723457136
0.142023609682
0.142267262394
0.1424891724
0.142699431675
0.142914110441
0.143118846351
0.14329156314
0.143477284273
0.143682802403
0.143639243875
0.145108357868
0.145060763195
0.144904431622
0.144657164424
0.144178646945
0.143458495746
0.142502248481
0.141321652995
0.139933151048
0.138352952395
0.136594536907
0.13466811
0.132580909862
0.130337615272
0.127940436591
0.125388876535
0.122679390887
0.119805158551
0.116756042442
0.113518713462
0.110076895834
0.106411706507
0.102502084916
0.0983252906828
0.0938574035895
0.0890737569293
0.083949141029
0.0784577203223
0.0725724495222
0.0662636898731
0.0594969283169
0.0522295740168
0.0444089782731
0.0359756453974
0.0268303958427
0.0169591007033
0.00611755627651
0.1368762578
0.136881360267
0.136891488425
0.1369055419
0.136922523306
0.136941456032
0.136964199469
0.136989294999
0.137015844273
0.137062648388
0.137123890979
0.137178979616
0.13727275128
0.137375602011
0.137465732819
0.137556002931
0.137674549165
0.137787803315
0.13789904752
0.138041146631
0.138184414717
0.13833434333
0.138508610809
0.138679051403
0.138877096323
0.139083722028
0.1393165873
0.139560854562
0.139821495992
0.140106863555
0.14041077659
0.140727964713
0.141061121831
0.141393287193
0.141694239847
0.141962533753
0.142214759085
0.142459622012
0.142685519192
0.14286731789
0.143056847822
0.143253721342
0.143199311838
0.143893165507
0.144267463283
0.144171560852
0.143791975358
0.143151529939
0.142260655489
0.141134850182
0.139791207384
0.138248140459
0.136523192405
0.134630898252
0.132581907724
0.130383179329
0.128038578187
0.125549306076
0.122913973824
0.120128445592
0.117185678085
0.114075694663
0.110785738344
0.107300592103
0.103603052684
0.0996745192951
0.095495645411
0.0910469228133
0.0863091368209
0.0812634844073
0.075891357109
0.0701735804251
0.0640884605556
0.0576084780121
0.0506946806902
0.0432904056697
0.0353088861788
0.0265670441327
0.0169864709364
0.00574582725845
0.136421372872
0.136425900642
0.136438670571
0.136449426206
0.136460366575
0.136476129485
0.136495450112
0.136518668975
0.136542217635
0.136579244265
0.13663724819
0.136692136496
0.1367634577
0.136868129708
0.13695826175
0.137040124923
0.13714996431
0.137262730188
0.137367621673
0.137494948765
0.13763398436
0.137771810909
0.137939789391
0.138106608469
0.138288783813
0.138489420161
0.138706884023
0.138942018755
0.139192928942
0.139461957032
0.139755985984
0.140059778848
0.140378295557
0.140701760862
0.141026595427
0.141334900149
0.141628827952
0.141909236932
0.142177615024
0.142423227524
0.142677904905
0.143061748459
0.144704231819
0.14360711586
0.143632086035
0.143424253862
0.142870511349
0.142048194306
0.140979686452
0.139683565227
0.138180902682
0.136491496677
0.134632876282
0.132619346302
0.130461202012
0.12816476495
0.125732991536
0.123166099893
0.120461886357
0.117615748163
0.114620597614
0.111466854125
0.108142617277
0.104634063771
0.100926049192
0.0970028473925
0.0928489074633
0.0884494425202
0.0837908449833
0.0788606562507
0.0736475014479
0.068140677595
0.0623289580248
0.0561990917429
0.0497328780015
0.0429022777271
0.0356263317797
0.0275906917383
0.0182311074614
0.00558973240851
0.135954027352
0.135956056457
0.135962333195
0.135968239855
0.135980722358
0.135997476831
0.136016218327
0.136038047716
0.136058194478
0.136085084247
0.136135028813
0.136194511674
0.136246240815
0.136338549818
0.136435007335
0.136514763827
0.136605015724
0.136717893282
0.136821934466
0.136928919713
0.137062889265
0.137192517142
0.137343734365
0.137511039887
0.137673889335
0.137869385371
0.138073045413
0.138300139342
0.1385410754
0.13879846865
0.139083032706
0.139383674071
0.139700881146
0.140029345375
0.140366416311
0.140706980137
0.14103982057
0.141362625213
0.141669864849
0.14192443507
0.142039314528
0.141776483982
0.143657636344
0.143425961246
0.143044085916
0.142588732785
0.141857537878
0.140856892563
0.139613278713
0.138151716717
0.136497171711
0.134670961924
0.132690271442
0.130568382855
0.128314532272
0.125934030499
0.123428840934
0.120798276497
0.118039472104
0.115147550891
0.112115615096
0.108934759769
0.105594277317
0.102082134359
0.098385703486
0.0944926069291
0.0903914877248
0.0860724226007
0.0815271353571
0.076748598528
0.071731274516
0.0664715271825
0.060968929171
0.055231658442
0.0492894026284
0.0432241534652
0.0371582364218
0.0310001118633
0.0238883200164
0.0111921074282
0.135476431409
0.13547656028
0.135476482695
0.135473638525
0.135491052886
0.135509791566
0.135528126449
0.135547788811
0.135564091438
0.135582531518
0.135621100617
0.135677677702
0.135729319494
0.135794422558
0.13589145223
0.135975087635
0.136049113786
0.13615115084
0.13625505354
0.136348657338
0.136468869743
0.136596429437
0.136724974225
0.136883749631
0.137042006888
0.137218384938
0.137416638089
0.137633497449
0.137867528679
0.138119439303
0.138396245967
0.138697320437
0.139019447802
0.139359830991
0.139716409583
0.140084841065
0.140462866085
0.140840411355
0.141205110795
0.141515097698
0.141631258768
0.140916529567
0.142054148513
0.142529541143
0.142283645148
0.141673507125
0.140762110426
0.139581084647
0.138164734871
0.136543994472
0.134746312107
0.132793736432
0.130702760542
0.128485189813
0.126148708126
0.123697304194
0.121131876009
0.118450935929
0.115651155087
0.112727629405
0.1096739338
0.106482169975
0.103143219557
0.0996473267301
0.0959849456038
0.0921476261171
0.088128618394
0.0839228504144
0.0795266157682
0.0749362636657
0.0701484806848
0.0651608526654
0.0599757623044
0.0546139366174
0.0491504111421
0.0438043007141
0.0389734099105
0.0350448390479
0.0328919372124
0.0345159315104
0.134990001532
0.134990822603
0.13499351503
0.134992337144
0.135002039948
0.135018176929
0.135034375072
0.135050521075
0.135064431493
0.135076749017
0.13510058746
0.135146586522
0.135203107629
0.135250584534
0.13532639551
0.135415977932
0.135486189311
0.135562077202
0.135665654016
0.135755586904
0.135850086235
0.135974277282
0.136093093309
0.136233362161
0.136390437986
0.136549239319
0.136734973104
0.136940129499
0.137167684688
0.137414138592
0.137686656867
0.137991454264
0.138321788351
0.138677937554
0.139063310687
0.139469605396
0.139895733995
0.140341030945
0.140812740895
0.141345715846
0.141935858776
0.144031064756
0.14204924404
0.141972932475
0.141557320362
0.140725325913
0.139601584288
0.138228082001
0.136638733332
0.134865103995
0.132933931878
0.130866133359
0.128676740299
0.126375752944
0.123969063674
0.1214591828
0.118845930569
0.116127145346
0.113299255837
0.110357607724
0.107296570037
0.104109628867
0.100789729122
0.0973299938415
0.0937246827905
0.089970008161
0.0860643524362
0.0820074411951
0.0777991731731
0.0734364078002
0.0689131939
0.0642193990446
0.0593448520335
0.0542971732828
0.049170972475
0.0442711462726
0.0400189997128
0.0366701276682
0.0350864912361
0.0345834879456
0.134494396427
0.134496204808
0.13450152925
0.134512128595
0.134511617624
0.134523893581
0.134537371475
0.134550081727
0.134562252032
0.134568410025
0.13457782225
0.134606274294
0.134653660033
0.134701154921
0.134750189719
0.13483185104
0.134909218075
0.134969475457
0.13505408668
0.135145028118
0.135224520445
0.13533011964
0.135446516692
0.135568004479
0.135710103627
0.135861926823
0.136029717387
0.136225628179
0.13643976501
0.136678322093
0.13695073793
0.137255954957
0.137594761542
0.137968679743
0.138384740778
0.138839184849
0.139327249442
0.13983817982
0.14036354835
0.140871287941
0.141122598276
0.143228157086
0.142324192128
0.141527591256
0.140738216446
0.139675447272
0.138347191268
0.13678800642
0.135034072093
0.133117745474
0.13106454987
0.128893473271
0.126617580167
0.124244933359
0.121779645486
0.119222794195
0.116573213087
0.113828230879
0.110984266032
0.108037203546
0.104982547677
0.101815589992
0.0985318932223
0.0951282033427
0.0916034994961
0.0879596224208
0.0842008178492
0.0803318097844
0.0763552642159
0.0722655501954
0.0680497453422
0.0636809682724
0.059117467953
0.0543257189071
0.0494223072177
0.044798472283
0.0409248910507
0.0385176045972
0.0366844391365
0.0376314553816
0.133994430936
0.133995580563
0.133997096311
0.13401474709
0.13401801397
0.134027291975
0.13403797833
0.134047197737
0.134055979298
0.134057628077
0.134057553759
0.134065187202
0.134094871355
0.134138416302
0.134177640744
0.134228137195
0.1343060481
0.134371784807
0.134429158241
0.134512442478
0.134592060791
0.134671570992
0.134774992642
0.134883665444
0.135007671777
0.135148341537
0.135302984577
0.135482255345
0.135686062247
0.135918074475
0.136179906781
0.136480634266
0.136825045171
0.137218888144
0.137669668938
0.138181229938
0.138745600987
0.139350731141
0.139933408833
0.140303463462
0.139797410625
0.141263358134
0.141401069429
0.140752125452
0.139772698484
0.138507254515
0.136988227067
0.135256033962
0.133350448658
0.131304389611
0.129142024061
0.126880123653
0.124529539373
0.122096408223
0.119583248345
0.116989923176
0.114314487019
0.111553972473
0.10870503004
0.105764370414
0.102728978555
0.0995964007408
0.0963654523152
0.0930373856841
0.0896170081867
0.0861129803737
0.0825364420497
0.0788978613716
0.0752026624487
0.0714409766561
0.0675917773289
0.063598787359
0.0593636728015
0.0548138370452
0.0501101331367
0.0456294901023
0.0423271473698
0.0404243848434
0.0415023955931
0.0421004386624
0.133494559181
0.133495261334
0.133496084061
0.133511719601
0.133526846826
0.133530288033
0.133535779445
0.133539846342
0.133542966415
0.133542628821
0.133536197396
0.133530547859
0.133537560059
0.133564558418
0.133602353592
0.133632331824
0.133684536644
0.133750293347
0.13379898737
0.133856976446
0.133931630364
0.133999648288
0.134080092252
0.134175990034
0.134282676343
0.134403912031
0.134545105444
0.134706484064
0.134900521972
0.135121225824
0.1353706128
0.135666244452
0.136009649517
0.136415018205
0.136892317324
0.137463229515
0.138132305517
0.138909224961
0.139765718246
0.140524548107
0.140411265359
0.140344344799
0.140598253784
0.139928048302
0.138736079742
0.137246044124
0.135529863278
0.133631329916
0.131586980215
0.129425753304
0.127168412994
0.124828778304
0.122415313742
0.119932391811
0.117381277005
0.114760990635
0.112069129245
0.109302702563
0.106458846182
0.103535372395
0.100531077163
0.0974462219856
0.0942835707981
0.0910498798126
0.0877570251517
0.0844217784189
0.0810633198421
0.0776989957187
0.074337924759
0.0709687967898
0.0675706694831
0.0640426898371
0.0602234087354
0.0560744035509
0.0517089496466
0.0469215869509
0.0447467419195
0.045960886861
0.0464666524635
0.0467964394345
0.132988825782
0.132988812987
0.132991559816
0.132996882305
0.13301540209
0.133022069529
0.133026239902
0.133025701877
0.133022938365
0.133019873631
0.133008541872
0.132996078705
0.132982981483
0.13298718735
0.133011298213
0.133040560157
0.133066459178
0.133113650129
0.133161234799
0.133200266843
0.133248296512
0.133309493482
0.133372205238
0.13344616293
0.133534684236
0.133639078283
0.133758560831
0.133903429098
0.134073199347
0.134272918516
0.134503122827
0.134782500062
0.135118130127
0.135522171631
0.136015082025
0.136630632338
0.137407712118
0.138399687444
0.139746659844
0.141520031209
0.143469315187
0.140976814001
0.14020192983
0.1390964211
0.137598862846
0.135862771553
0.133951815728
0.131900851506
0.129736011016
0.127478093618
0.12514251488
0.122739575828
0.120275481685
0.117753279676
0.115173533657
0.112534955854
0.109835122058
0.107071354558
0.104241540821
0.101344850568
0.0983821875484
0.0953569725282
0.0922766441043
0.0891545242723
0.0860108381194
0.082871712817
0.0797653098889
0.0767164356529
0.0737374578987
0.0708198791932
0.0679530808628
0.0649979344756
0.0618907857034
0.0587211632318
0.0549698015156
0.0505076814269
0.0514089294601
0.0513370575049
0.0513163998385
0.0513791770118
0.132468851675
0.132466098969
0.132465635837
0.13246053983
0.132472456189
0.132491358362
0.132502326584
0.132500656007
0.132493863961
0.132485825802
0.13247299402
0.132452242449
0.132431719649
0.132412648593
0.132412674697
0.132431975415
0.132449738121
0.132469816869
0.132504521259
0.132538554423
0.132564704646
0.132598204859
0.132647682593
0.132700136854
0.132765444302
0.132847359852
0.132943271375
0.133057913554
0.1331945416
0.133359911677
0.133559389532
0.133809074116
0.134126476149
0.134516703306
0.135004129498
0.135636008183
0.136450097581
0.137540992637
0.139101050623
0.141278678225
0.142937244818
0.141055211919
0.139541934239
0.137962455754
0.136205320126
0.134274275057
0.132209762216
0.130040376034
0.127783825293
0.125453518238
0.123059796114
0.120609835877
0.118108215312
0.115557417567
0.112958071496
0.110309262159
0.107609081453
0.104855558006
0.102047605816
0.0991859812934
0.096273933073
0.0933184344856
0.0903322965764
0.0873364363686
0.0843606162813
0.0814414098421
0.078616884089
0.0759196987796
0.0733641109319
0.070942579146
0.0686244352757
0.0662200095916
0.0640599843793
0.0621300066503
0.0579167550446
0.0600928246344
0.0572932934893
0.0562308841625
0.0557172842435
0.0555380560617
0.131938045614
0.131930922829
0.131923076728
0.131915191047
0.131917583403
0.131936050647
0.131953951335
0.131957644943
0.131952042135
0.131941181493
0.131927691747
0.131904269094
0.131879149738
0.131849010752
0.13182590028
0.131817367698
0.131825773557
0.131830297588
0.131839182497
0.131858315138
0.131876400593
0.131886539628
0.131904935534
0.131937787815
0.131978250254
0.132027080106
0.132089923843
0.132166051321
0.13226739506
0.132392554746
0.132561211285
0.132771070137
0.133043182515
0.133393744503
0.133848762568
0.134439471391
0.135208406019
0.13623451735
0.13762253845
0.139270826474
0.140533094937
0.13934295227
0.138065540842
0.136347996707
0.134464277415
0.132424870184
0.130270116702
0.1280292517
0.125716991791
0.123342745468
0.120913529926
0.118434454335
0.11590938058
0.11334112695
0.110731243933
0.108079943535
0.105386430513
0.102649870994
0.0998704830142
0.0970508014383
0.0941965790155
0.0913186427156
0.0884357721233
0.085577306472
0.0827833226219
0.0801013383881
0.0775798017241
0.0752603967709
0.0731641552581
0.0712951333649
0.0695767430894
0.0677483202889
0.0661084584713
0.0632047726615
0.0636557107774
0.0625995009793
0.0609196097984
0.059879371664
0.0592522983787
0.0589761624294
0.131406577352
0.13139570421
0.131383068859
0.131373576424
0.131366717237
0.131370313446
0.131384279371
0.131398417892
0.131398533537
0.13138899744
0.131373315222
0.131351611979
0.131318347886
0.13128619315
0.131248306921
0.131217581513
0.1311973567
0.131189121924
0.131178520749
0.131170856728
0.131170040083
0.131168318508
0.131161511724
0.131161627283
0.131172625507
0.131187928631
0.131209863353
0.131250583683
0.131307478231
0.131393415575
0.131505367345
0.131656737622
0.131862532688
0.132148062303
0.132533515679
0.133029131038
0.133682982632
0.134530417074
0.135610140405
0.136772778046
0.137847082737
0.136950480555
0.135965080733
0.134283108481
0.132383150836
0.130310718627
0.128124585534
0.125858326983
0.12352663058
0.121137462288
0.118696137549
0.116206690423
0.113673040408
0.111099090636
0.108488060667
0.105841995098
0.103161798047
0.100448216591
0.0977030403045
0.094930741246
0.0921396426906
0.0893446265629
0.0865708843019
0.0838566793333
0.0812524568808
0.0788158508533
0.0766038231849
0.0746644192573
0.0730272655811
0.0717205769084
0.0706879705612
0.0699726673828
0.0697834171106
0.0656906854952
0.0671259869543
0.0650066964793
0.0635244978857
0.0625203425989
0.0619045299584
0.0615995940552
0.130878563598
0.130866981067
0.130853505358
0.13084004415
0.130827537033
0.130817636929
0.130819354909
0.130835542299
0.130840273242
0.130832503281
0.130815156137
0.130791208491
0.130755981295
0.130714171371
0.130671072854
0.130621424738
0.130575712468
0.130539787602
0.130514004059
0.130485155085
0.130459284227
0.130431186524
0.130408204092
0.130377492166
0.130350610026
0.130329740497
0.130315371721
0.130309902838
0.130317745923
0.130338264013
0.130377868977
0.130465126913
0.130600143994
0.130797126327
0.131062235504
0.131413496772
0.131875682683
0.132469132671
0.133210134478
0.133942072967
0.135005181095
0.134236202185
0.133447155166
0.131857397747
0.130008030545
0.127956085817
0.125783610793
0.12352951907
0.121209681617
0.118831885563
0.116400637067
0.113919397397
0.111392474654
0.108825209716
0.106222937609
0.103590055448
0.100929666467
0.0982445166962
0.095538221263
0.0928173180689
0.0900926870409
0.0873833782949
0.0847213157352
0.0821538771846
0.0797413191544
0.0775495548753
0.075640226749
0.0740604100558
0.0728347784468
0.0719750324379
0.0714023869579
0.0714011065176
0.0717906946416
0.072265091662
0.0690865411929
0.0667774899157
0.0653140369695
0.0643366269532
0.0637455602509
0.0634602828761
0.130350864481
0.130343784639
0.130330896297
0.13031517141
0.13029763332
0.13027998629
0.130267976564
0.130274070849
0.130281667247
0.130275151857
0.130256723468
0.130228467796
0.130192501969
0.130143895116
0.130090945899
0.130026901501
0.129960501484
0.129901155574
0.129845780278
0.129795232952
0.129747918396
0.129694394095
0.129637261311
0.129578967474
0.129514110214
0.129450696079
0.129393160478
0.1293332266
0.12927521321
0.129222757165
0.129206413305
0.129213339913
0.129252695141
0.129330011857
0.12944925188
0.129621990434
0.129861555355
0.130201265725
0.13065510022
0.131029472452
0.132028717835
0.131336549839
0.13066819392
0.129170656273
0.127399623604
0.125398776527
0.123269102499
0.121053472424
0.118769178903
0.116424190258
0.114022443142
0.111566795796
0.109061747978
0.106513923439
0.103930791074
0.101319328741
0.0986851718624
0.096033425886
0.0933697572174
0.0907028880074
0.0880461664914
0.0854228828282
0.0828719158448
0.0804496893786
0.0782252869563
0.0762708609522
0.0746497791285
0.0734054802523
0.0725539197683
0.0720632375509
0.0717740155262
0.0717935925111
0.0712047724866
0.0733689055755
0.0698044427472
0.0676032231569
0.0662786060138
0.0654475063365
0.064912490846
0.064650973714
0.129827319883
0.129826025113
0.129814583808
0.129798017485
0.129777105298
0.1297537002
0.129732870229
0.129720085659
0.129722528317
0.129718106731
0.129699467537
0.129668086019
0.129625937263
0.129574154772
0.129506999321
0.129437042656
0.129355666948
0.129275369462
0.129191863277
0.12911305405
0.129035358539
0.128957796073
0.128864344131
0.12876702852
0.128662677973
0.128556173307
0.128442681196
0.128321955982
0.128194652065
0.128088331943
0.127990313307
0.127895260311
0.127817122541
0.127758335171
0.127723009362
0.127718593203
0.127778925127
0.127882671349
0.128076526904
0.128097460764
0.128971322755
0.128315456395
0.127719914732
0.126300620348
0.124614989398
0.122679431132
0.120608566992
0.118447364348
0.116214500016
0.11391810546
0.111561507085
0.109146643506
0.106677633128
0.104161782558
0.10160827474
0.0990265485843
0.0964248807301
0.0938109968447
0.0911928004403
0.0885813142509
0.0859922163362
0.0834531140954
0.0810100028891
0.0787279733319
0.0766833797793
0.074951885767
0.0735952951714
0.0726529309473
0.0721392186348
0.0720236592161
0.0722675589915
0.0728925540835
0.0713603653828
0.0715796412259
0.0694848841982
0.0677929024026
0.0666542493482
0.0659757690142
0.0655706694248
0.0653492775163
0.129315888574
0.129314417594
0.129303908035
0.129285995997
0.129263039184
0.129235813128
0.129208630762
0.129183486632
0.129168109869
0.129162124163
0.129144802926
0.12911127851
0.129063583147
0.129003498732
0.128929091146
0.128845499289
0.128756977832
0.128652927002
0.128548765373
0.128441105158
0.128330650786
0.12821732249
0.128090735196
0.127950769875
0.127803108488
0.127647013174
0.127478438799
0.12729313742
0.127110984467
0.126924625479
0.126723488432
0.126518128195
0.126312201552
0.126108316686
0.125910104892
0.125732064726
0.125599349925
0.125485182671
0.1253436295
0.125042026669
0.125852160469
0.125208897351
0.124657941945
0.123303499362
0.121702292984
0.119837083706
0.117832397266
0.115733987817
0.113561951535
0.111324486868
0.109024336654
0.106662264991
0.10424137332
0.101768831673
0.0992547871743
0.0967106892844
0.0941472997548
0.0915750878811
0.0890043064181
0.0864484070711
0.0839252246517
0.0814668648753
0.0791266179763
0.0769776148597
0.0751013684189
0.0735734275538
0.0724488495191
0.0717561360679
0.0714928538611
0.0716145615344
0.072142142417
0.0729228882133
0.0740711739678
0.0715202900433
0.0693103089965
0.0677734695219
0.0667515044719
0.0661569699227
0.0658442013598
0.0656855050477
0.128815840225
0.12880933644
0.128797988825
0.128778433023
0.128753515755
0.128723845509
0.128690361802
0.128658721283
0.128630769818
0.128610398354
0.12859288363
0.128558893611
0.128507417013
0.128440373386
0.128359539114
0.128263479836
0.128156434156
0.128038296974
0.127910207948
0.127778048329
0.127635831824
0.127482561601
0.127316640873
0.127135566456
0.126942286325
0.126732233609
0.126503804422
0.126260495558
0.12600175185
0.125717597269
0.125414290742
0.125092189518
0.124754345251
0.124403003674
0.124041668474
0.123692557061
0.123329145836
0.122945208079
0.122436797859
0.121938931597
0.122710349929
0.12205216974
0.121522352818
0.120221003249
0.118701385775
0.116908264768
0.11497299216
0.112941323279
0.110834924121
0.108661992847
0.10642498289
0.10412360083
0.101759592091
0.099339272117
0.0968728773987
0.0943731662999
0.0918529536765
0.0893253942289
0.086803085168
0.0843020409197
0.0818420623141
0.0794601577212
0.0772172477116
0.0751938465372
0.0734744273641
0.072130948868
0.0712074211904
0.070717137164
0.070630986834
0.070874057023
0.071387606428
0.0718456511017
0.0729782093156
0.0706361502358
0.0688063111874
0.0675362664042
0.0666722372482
0.0661570183189
0.0659006069028
0.0657825171062
0.128321767248
0.128311233742
0.12829736524
0.128277268665
0.12825134722
0.128220664414
0.128185147545
0.128145959836
0.128111157808
0.128074703803
0.128043905547
0.128008953995
0.127955967065
0.127884435959
0.127795305995
0.127690175566
0.12756707305
0.127431113749
0.127283199297
0.127123452729
0.12694742035
0.126755927503
0.126549240321
0.12632631618
0.126082292743
0.125814637503
0.125522398014
0.125206979567
0.124858918588
0.124481616622
0.124073056292
0.123633150802
0.123162601945
0.12266649665
0.122147563093
0.121601731801
0.120991930117
0.120306975401
0.119598490889
0.118887277838
0.119581117144
0.118870459699
0.118341630293
0.11708539131
0.115646451642
0.113927770464
0.112064358697
0.11010145806
0.108062578006
0.105955874909
0.103784107129
0.101546548962
0.0992438179121
0.096881063431
0.0944678585926
0.0920174481196
0.0895440130587
0.0870631241018
0.0845895454658
0.0821419786935
0.0797419632979
0.0774321350876
0.0752816024372
0.0733777394272
0.0718061854186
0.0706327378535
0.0698873457618
0.0695665004102
0.0696231867615
0.0700075595271
0.0706294502097
0.0708760508024
0.0708854958348
0.0693883454629
0.068105338149
0.0671477578476
0.0664719372896
0.0660485144998
0.0658270223471
0.0657563575763
0.127829953669
0.127819305911
0.12780454624
0.12778646636
0.127762181232
0.127732072914
0.127696003662
0.12765341653
0.12760774787
0.127562949117
0.1275123307
0.127464380254
0.127406457924
0.127332196073
0.127236813489
0.127121560444
0.126987355261
0.126832614486
0.126662175674
0.126473986511
0.126267134971
0.12603876813
0.125791291812
0.125520279245
0.125221550185
0.124893429988
0.124531450099
0.124134593131
0.123699872447
0.12322617522
0.122709334344
0.122147841951
0.121545029421
0.120902455496
0.120206902209
0.119437893387
0.118613041383
0.117715611571
0.116824256513
0.11575356062
0.116436794337
0.115675351966
0.115140551253
0.113926828554
0.112570153514
0.11092982666
0.109141012196
0.107247940733
0.105276383747
0.103234406113
0.101125793341
0.0989504029152
0.096708551037
0.0944044985541
0.0920467382789
0.0896482240592
0.0872236261223
0.0847904577043
0.0823652600266
0.0799695276326
0.0776262364212
0.0753847419006
0.0733229621639
0.0715345298464
0.070104778912
0.0690920952178
0.0685121426166
0.0683454693
0.0685180422223
0.0689499486236
0.0694706923417
0.070385292421
0.0694327639796
0.0682939502015
0.0673687449443
0.0666695102389
0.066180062899
0.0658630377824
0.0657011171672
0.0656531015605
0.127351013033
0.127340885224
0.127330435732
0.127316104482
0.127294783264
0.127265517397
0.127228182613
0.127182533376
0.127128002709
0.127073286599
0.1270105316
0.126940563633
0.126863711929
0.126784688105
0.126683204117
0.12655978575
0.126412079742
0.126241650357
0.126047674144
0.125832312216
0.125592850894
0.125328310335
0.125037303734
0.124714864506
0.124359923967
0.123968158892
0.123534669854
0.123057223145
0.122532821927
0.121960098898
0.121334450869
0.120653617488
0.119918059107
0.119117366601
0.118221122932
0.117255152438
0.116226028882
0.115083329676
0.113880036263
0.112507802556
0.11325138142
0.112487143014
0.11195387474
0.110781166395
0.109506763704
0.107947831507
0.106235319466
0.104411481405
0.102504957532
0.10052362922
0.098472858301
0.0963540822406
0.0941684866244
0.0919202684433
0.089616897837
0.0872704786005
0.0848952298585
0.0825099931289
0.0801324874889
0.0777871168308
0.0754979104591
0.0733225048684
0.0713481481765
0.0696735790728
0.0683812274687
0.0675189949546
0.0670904882213
0.067078264998
0.0674001195976
0.0679363152574
0.0683956296425
0.0685790966435
0.0679519727866
0.0672231796073
0.0666000229989
0.0661309148943
0.0658065702266
0.0655964715991
0.0654828195375
0.0654468031073
0.126908329551
0.126901788097
0.126893327148
0.126879386732
0.126858154565
0.126827418401
0.126786646872
0.126735683426
0.126674105255
0.126603928382
0.126531613916
0.126449419526
0.126357341636
0.126254746119
0.126138915774
0.126004995567
0.125844528301
0.125656240212
0.125442570169
0.125198355289
0.124926739254
0.124624560086
0.124289108712
0.123914267019
0.123501315467
0.123045810046
0.122539619805
0.121980083701
0.121365910629
0.120694261118
0.119959228591
0.119153515163
0.118276847484
0.117289869472
0.116201899693
0.115033585414
0.113733478169
0.112302422918
0.110852552456
0.109328659611
0.110082912144
0.109346345629
0.108825594877
0.10768893971
0.106490355245
0.105011246963
0.103373334636
0.10161506562
0.0997688044422
0.0978422064777
0.0958422800437
0.0937724837495
0.0916358783991
0.0894377205835
0.0871850007701
0.0848888032458
0.082562062995
0.0802243287231
0.0778937295255
0.0755977725962
0.0733610934546
0.071251873665
0.0693672983605
0.0678100426706
0.0666559741195
0.0659350344697
0.0656311803759
0.0657228402119
0.06611456434
0.066733218354
0.0676217092936
0.0671798520121
0.0667061850216
0.0662185751877
0.0658118828097
0.0655044308439
0.0652768961059
0.0651548834062
0.0651029766373
0.0650696546521
0.126502363364
0.126501746049
0.126492345732
0.126476927999
0.126453017395
0.126418124284
0.12637163333
0.12631349473
0.126243620329
0.126161073064
0.126073211974
0.125981221553
0.125882202288
0.125758252387
0.125621284347
0.125465267116
0.125286904302
0.125081385851
0.124845798266
0.124574951049
0.124271109306
0.123931285981
0.123548466472
0.123121206253
0.122650412523
0.122128929514
0.121550871509
0.120910724687
0.120207086073
0.119437935506
0.118592269441
0.117655211133
0.116609013325
0.115433637307
0.114155593484
0.11274332858
0.111216639119
0.10956412247
0.107978530439
0.106273754283
0.10699318512
0.106286461421
0.105790776595
0.104684491885
0.103547987807
0.102140438822
0.10057064746
0.0988705358045
0.0970773097219
0.0951986239132
0.0932426710464
0.0912143934194
0.089119029048
0.0869639110204
0.0847564791907
0.0825071309448
0.0802269903633
0.0779358556039
0.0756514013865
0.0734045700977
0.0712200169678
0.0691795624611
0.067390983359
0.0659601583514
0.0649546866239
0.0643887180331
0.0642294482702
0.0643845936052
0.0646712355573
0.0655452037907
0.0658956959356
0.0657594180097
0.0655042760279
0.0652210400923
0.0649728849368
0.0647701197315
0.0646029677221
0.0644938416251
0.0644607132638
0.0643705631604
0.126112658952
0.126117867825
0.126111725371
0.12609761076
0.126071185471
0.126031446722
0.125978545333
0.125912856413
0.125834585017
0.125743585693
0.125640183611
0.125529622674
0.125414640902
0.125284978501
0.125130257299
0.124949879371
0.124746720243
0.124517885549
0.124255801865
0.123959744548
0.123626220032
0.123244362122
0.122816538178
0.122338643336
0.121810896222
0.121227127559
0.120577397569
0.119858605471
0.119069990932
0.118206628998
0.117239110119
0.116144567974
0.114926415229
0.113582107945
0.112099729598
0.110493390821
0.108780397762
0.106924590046
0.105214742396
0.10330953943
0.103993250205
0.103310958145
0.102857629176
0.101782525013
0.100691417319
0.0993420012249
0.0978303746494
0.0961785565952
0.0944296930164
0.092592237476
0.0906749360965
0.0886827350683
0.0866223197543
0.0845036081925
0.0823355832497
0.0801288114668
0.077892537582
0.0756466998283
0.073407638795
0.0712102569534
0.0690783465773
0.0671112276246
0.0654271311964
0.0641326639619
0.0632836345004
0.0628890335545
0.0629401377332
0.0633170773698
0.0635659591922
0.064299716245
0.0644930044926
0.0644757227034
0.0643647306135
0.0642253646973
0.064091315907
0.0639707394503
0.0638647899189
0.0637676290489
0.0637301411765
0.063699851493
0.125736980088
0.125744705931
0.125744108134
0.125731717393
0.125702824335
0.125659103477
0.125601091921
0.125529148139
0.1254434706
0.125344132076
0.1252304922
0.125102700139
0.124964773345
0.124817040982
0.124649667852
0.124453817335
0.124228319859
0.12397115762
0.123681077304
0.123356381643
0.122987228168
0.122569184194
0.122098842896
0.121573056691
0.120991206802
0.120344493125
0.119626589072
0.118831748152
0.117961292084
0.116988577729
0.115866605758
0.114622843559
0.113249786983
0.111729118436
0.110065838444
0.108286948655
0.106359137461
0.104331132064
0.102526572278
0.100423651315
0.101069348221
0.100394137703
0.0999991214455
0.0989686408286
0.0979118514468
0.0966075639745
0.0951449254234
0.09353250238
0.0918198744452
0.0900178793584
0.0881358138886
0.0861768519091
0.0841474871864
0.0820599442465
0.0799257135364
0.0777567720777
0.0755609323278
0.073358648737
0.0711641231463
0.0690170481111
0.0669390902404
0.0650517218824
0.0634815534337
0.0623317715787
0.0616463270417
0.0614187433506
0.0615364016673
0.0618483579143
0.0631294253215
0.0631252821417
0.0632374284046
0.0632796762352
0.063262799916
0.0632218551798
0.0631706455512
0.0631159707467
0.0630619287873
0.0629923099132
0.0629655689762
0.0629830620193
0.125389952771
0.125391376348
0.125390006402
0.12537360648
0.125341424422
0.125295351418
0.125234998822
0.12515925581
0.12506810423
0.124961555949
0.124839230472
0.12470028285
0.12454418369
0.124372922817
0.124184958331
0.123975638199
0.12373018045
0.12344878383
0.123131206753
0.122772598602
0.122368060564
0.121913060489
0.121401143619
0.120829171402
0.120193936777
0.119488432215
0.118700412073
0.117832057475
0.116864538423
0.115744162316
0.114489802439
0.113114808761
0.111587980983
0.109899386676
0.108073125069
0.106085743491
0.10398597884
0.101820174289
0.0998905369562
0.097560505435
0.0981845286445
0.097493764563
0.097162599759
0.0962030925739
0.0951833706367
0.0939186236705
0.0925017591974
0.0909248898544
0.0892431443425
0.0874719503396
0.0856226434325
0.0836956686329
0.0816953839035
0.0796352218168
0.0775296955465
0.0753935294496
0.0732339734671
0.071072909235
0.0689217191737
0.0668261904846
0.0648044512633
0.0630059790761
0.0615600912478
0.0605592968431
0.0600448203881
0.0600238953877
0.0603102868205
0.0605435097585
0.0615128531823
0.0618110264396
0.0620032459479
0.0621209187036
0.0621723916871
0.0621983877402
0.0622053086616
0.0621996867774
0.0621844648074
0.0621376434808
0.0621331752995
0.0621779028689
0.125065750507
0.125059100117
0.125048857103
0.125026883473
0.124991813712
0.124943554723
0.124881020924
0.124802921135
0.124708263923
0.124596238673
0.124466661329
0.124318854368
0.124151642492
0.123963448749
0.123756389523
0.123524711006
0.123254110552
0.122951413235
0.122606595764
0.122215928719
0.121775386098
0.121282188125
0.12073072882
0.120112096606
0.119425641321
0.118655392264
0.117797899204
0.116843640713
0.115748932092
0.114512256947
0.113151102713
0.111646673609
0.109970407694
0.108123897543
0.106098979609
0.103918685105
0.101680982508
0.0993114554529
0.0972342859898
0.0945964922972
0.0952750224791
0.0945854551084
0.09430885877
0.0934455553792
0.092477833218
0.0912570575434
0.0898910979556
0.0883533224279
0.0867012891319
0.0849570000739
0.0831371079505
0.0812402791637
0.079267401104
0.0772314492019
0.0751497943818
0.0730409488553
0.0709126767492
0.0687896567168
0.0666798490068
0.064637051227
0.0626743911941
0.0609770651523
0.0596709444354
0.0588372054764
0.0584921313138
0.0585016403051
0.0587109376871
0.0601684802333
0.0603400100823
0.0606092858124
0.0608331802783
0.060992824803
0.0610873356964
0.0611559405488
0.0612015015
0.0612302869469
0.0612492063575
0.0612338097724
0.0612438114905
0.0612873785026
0.124753478337
0.124743011291
0.124724515995
0.124700672792
0.124662869138
0.124611110818
0.124544650521
0.124463048922
0.124364815223
0.124248685052
0.124113164288
0.123957796881
0.123781152677
0.123581080737
0.123355964583
0.123096883327
0.122808206721
0.122480721044
0.122104902506
0.121685354011
0.121212823693
0.120683114683
0.120088214605
0.119424802174
0.118681192485
0.117843083599
0.116911895108
0.115859154542
0.114664953735
0.113332128809
0.11186708769
0.110230116473
0.108394874025
0.106360168782
0.10413039046
0.101804853808
0.0993684568428
0.0967774459582
0.0944281280156
0.0914437472437
0.0923153984653
0.0917069427035
0.0914556855874
0.0906878368329
0.0897850148471
0.088617189405
0.0873123955338
0.0858231981467
0.0842036817816
0.0824826806118
0.0806864199822
0.0788150552775
0.0768661567602
0.0748505308524
0.0727875428868
0.0706998802629
0.0685968284441
0.0665074895752
0.0644357615645
0.0624461114532
0.060544641698
0.058959699888
0.0578066988682
0.0571794318003
0.0571012756543
0.0572800274089
0.0572820455481
0.0585290666089
0.0590174913664
0.059384793868
0.0596744020932
0.0598788708657
0.060016559012
0.060118761509
0.0601933814343
0.0602446818791
0.0602780013557
0.0603039379449
0.0603363137523
0.0603815255355
0.124456057865
0.124444876078
0.124423596682
0.124397708743
0.124356493353
0.124300714902
0.124229810651
0.124143263583
0.124040288848
0.123919406457
0.123778860898
0.123616820742
0.123431083938
0.123219026251
0.122976265089
0.122701650274
0.12239246913
0.122035983576
0.121635883029
0.121188155152
0.120677859757
0.120111026148
0.119478635351
0.118766262704
0.117957046019
0.117058621902
0.116053720379
0.114911742418
0.113627681121
0.112209576447
0.110631687183
0.108837095664
0.106836293435
0.104613371825
0.102242221511
0.0997379860187
0.0970303998455
0.0941727721715
0.0914255014158
0.0886155276919
0.0894545644649
0.0889330717906
0.0886665047713
0.0879651360325
0.0871257019969
0.0860140244672
0.0847772930515
0.0833465227748
0.0817642091381
0.0800629435892
0.0782817545914
0.0764271490724
0.0744954621784
0.072494241952
0.0704435746867
0.0683698786285
0.0662846798016
0.0642230680579
0.0621839774218
0.0602460505548
0.0584054061132
0.0569415559123
0.0559499059363
0.0555222819279
0.0555608590697
0.0557968457664
0.0572143891585
0.0574563836053
0.0578625838455
0.0582382144359
0.0585561377624
0.0588075213761
0.0589880666761
0.0591281615298
0.0592385642077
0.0593227644922
0.0593820269609
0.0594369796271
0.0594755201584
0.0595006582394
0.124178965369
0.124168224431
0.124146493998
0.124117031972
0.124071999798
0.124012042878
0.123936638837
0.123845294877
0.123737190846
0.12361103853
0.123465277264
0.123296986756
0.12310345871
0.12288105203
0.122626428438
0.122336296564
0.122003823547
0.121625719757
0.121200369104
0.120715063407
0.120174714564
0.119577519324
0.118897717278
0.118122834733
0.117266935239
0.116312000916
0.115222030836
0.114001987549
0.112647652463
0.111130322715
0.109411403647
0.107479967652
0.105331293826
0.102970451296
0.100437925873
0.0976823589155
0.0946988458321
0.0915657798637
0.0887222884846
0.0860545271986
0.0867915303771
0.0863196137659
0.0860082374911
0.0853397044853
0.0845497169574
0.0834840643152
0.0823090245908
0.0809388321452
0.0793965743334
0.0777115013537
0.0759351552753
0.0740850141181
0.072159892541
0.070164205917
0.0681176379987
0.0660491703084
0.0639729768106
0.0619313848994
0.0599170520332
0.0580265223505
0.0562391817674
0.0548970667146
0.0540833927131
0.0538871486091
0.0540283412314
0.0543679367018
0.0553908242931
0.056078799365
0.0566377696116
0.0571005037723
0.0574719265163
0.0577779642541
0.0580128166556
0.0581979536351
0.0583495358475
0.0584717426816
0.0585697997664
0.0586402135732
0.0586730929509
0.0586579682431
0.123923413363
0.123913653318
0.123890699649
0.123856750477
0.12380861688
0.123744549617
0.123664799903
0.123569128435
0.123456697938
0.123326036073
0.123175029427
0.123001032588
0.122800268867
0.122568964332
0.122303466796
0.121998008854
0.121646666511
0.121246858324
0.120791863724
0.120277265266
0.119707839891
0.119064725277
0.118330579083
0.117518585879
0.116619963936
0.115587487041
0.114427741413
0.113147559958
0.111705826744
0.11008292904
0.108255096808
0.10620072111
0.103914575796
0.101410855392
0.0986809152569
0.095695322221
0.0924821940087
0.0891803182857
0.0863341324937
0.0834732049942
0.0842412280978
0.083870473228
0.083529663739
0.0828765893352
0.0821197148093
0.0810772606077
0.0799390956502
0.0786170320098
0.0771114027219
0.0754384162232
0.0736567098071
0.0717968131067
0.0698642745162
0.0678619421987
0.0658087687797
0.0637347584454
0.0616570617091
0.0596261585622
0.0576274936907
0.0557798434696
0.0540331572717
0.0528008396301
0.0521386159638
0.0520808342027
0.0523004615339
0.0532453894196
0.0541183113127
0.0548178036767
0.0554515222583
0.055985505863
0.0564227432438
0.0567826974475
0.0570823530104
0.0573176884424
0.0575085782688
0.0576601769143
0.0577797377285
0.0578585130268
0.0579058697918
0.0579038911375
0.123688811384
0.123680017828
0.123654978744
0.123617998629
0.123566892595
0.123498009499
0.123413736085
0.123314264797
0.123198656653
0.1230648983
0.122910197779
0.122731212421
0.122524101631
0.122285031723
0.122008341882
0.121687052998
0.121316769296
0.120894431817
0.120414203258
0.119870828691
0.119262435444
0.118576267885
0.117808619133
0.116963794793
0.116001089085
0.114900327518
0.113686277176
0.112343109023
0.110825811057
0.109106816725
0.107162888661
0.104993660547
0.102586717672
0.0999308493917
0.0970237566829
0.0938411648915
0.0904412010802
0.0870212552787
0.0840432161064
0.0808288166213
0.0817184575852
0.0815693458805
0.0812604523552
0.0806227654476
0.0798875857202
0.0788417621081
0.0777017000793
0.0763993054748
0.0749170698215
0.073249798565
0.0714534202388
0.0695694292446
0.0676132971336
0.0655889454824
0.0635154816472
0.061422462292
0.0593305942777
0.0572991076672
0.0553064340448
0.0535002283763
0.0517916237287
0.0506935304895
0.0501735005951
0.0500605406422
0.0503041716956
0.051798132599
0.0527009413351
0.0535384856553
0.0542701802767
0.054885298149
0.05540535558
0.0558283767611
0.0561875129455
0.0564728336407
0.056701802691
0.0568826862088
0.0570208608899
0.0571021158138
0.0571640562468
0.0571964501799
0.123476548143
0.123467278117
0.123441511564
0.123404416168
0.123347195952
0.123272118175
0.123183316591
0.123081472703
0.122964901678
0.122830416855
0.122674180351
0.122492028927
0.122279565976
0.122031970312
0.121742814509
0.121404769077
0.1210135297
0.120566581099
0.120059614136
0.119491945603
0.118854267601
0.118133778523
0.117334731225
0.116442897645
0.11542110824
0.114270482676
0.113004602112
0.111596533249
0.109995086359
0.108189844162
0.10616607035
0.103883271549
0.10133033833
0.0985422937111
0.0954843837009
0.0921338007407
0.0885909356238
0.0850495816491
0.0817714184285
0.0783764856304
0.0793047372968
0.0794317464225
0.0792152054842
0.0785936537362
0.0778742849971
0.0768076911534
0.0756268522757
0.0743059596203
0.072823381992
0.0711505879587
0.0693301679256
0.0674084228018
0.0654113808932
0.0633467949466
0.0612359555607
0.0591068504648
0.0569850182633
0.0549385876896
0.0529396546826
0.0511696703849
0.0494966730182
0.0486039213733
0.0483529605685
0.0483432218316
0.0484187779515
0.0502598801576
0.0513114140698
0.0522780185244
0.0531076745746
0.0538057764923
0.0544009997265
0.0549014553473
0.0553116252421
0.0556421023808
0.0559045424739
0.0561100753912
0.0562613287618
0.0563590965576
0.0564359923136
0.0564872961345
0.123292446363
0.123279484098
0.123255326634
0.123217476589
0.123153393927
0.123075958922
0.122987821874
0.122889030231
0.122775561047
0.12264244313
0.122484856181
0.122297992143
0.122076971076
0.121816418389
0.121508813446
0.121147174167
0.120731893445
0.120263749851
0.119737794427
0.119145472166
0.118476404703
0.117729938961
0.116900486052
0.115960657139
0.114887311562
0.113684908589
0.11236751707
0.110908247716
0.10925390764
0.107380018898
0.105239015672
0.102816951887
0.10016717964
0.0972735299353
0.0940664976346
0.0905980297441
0.0869231097731
0.0832094410956
0.0796068514026
0.0766967647582
0.0773167083553
0.0775437035556
0.077403821759
0.0767750977168
0.0760652992626
0.0749786868862
0.0737341819103
0.0723587095869
0.0708447621201
0.0691482309417
0.0672918934797
0.0653187570499
0.0632628217243
0.0611373641428
0.0589683753909
0.056781448541
0.0546092434601
0.0525287102362
0.0505070629123
0.048761321424
0.0471062402166
0.0464132912319
0.04626211965
0.0464177731141
0.0482054985819
0.0490197754301
0.0500503746518
0.0510522114161
0.0519529760678
0.0527506914369
0.0534120863954
0.0539790394648
0.0544418693349
0.0548138940938
0.0551059011068
0.0553313827309
0.0554913777799
0.0556162895082
0.0557049633443
0.0557697305086
0.123142111098
0.123124217246
0.123101528633
0.123063411157
0.122999019329
0.122922926362
0.12283959952
0.122746092189
0.122635033558
0.122500233474
0.122336607297
0.122139176736
0.121903006801
0.121622992517
0.121293106525
0.12091046235
0.120477264833
0.119991357305
0.119445019909
0.118826003999
0.118129326551
0.117353863829
0.116486318111
0.115503791414
0.11439183961
0.113159952179
0.111815437798
0.110308361069
0.108587470544
0.106614103372
0.104351672737
0.101848260024
0.0991240276295
0.096091568995
0.0927645194634
0.0892083552094
0.0854407362413
0.0816419806492
0.0778455142237
0.0759722772361
0.0760839792256
0.076035572348
0.0758463065174
0.0751505281763
0.0744325104415
0.0733393718352
0.0720302278868
0.0705765050386
0.0689992386236
0.0672542170519
0.0653454500573
0.0633058361344
0.0611721908755
0.0589631370729
0.0567114805017
0.0544396141398
0.0521907669553
0.050049300406
0.0479796856909
0.0462431377634
0.0446152705476
0.0441432942052
0.0439248635057
0.0442061427412
0.045654469682
0.0472401873894
0.0486072176192
0.0497935615691
0.050810576738
0.0516925240725
0.0524466320746
0.0530708502791
0.0535863839879
0.0540021910442
0.0543248908686
0.0545705723764
0.054748899256
0.0548878304466
0.0549804536843
0.055038542437
0.123020625318
0.123000988892
0.12297718673
0.122937982857
0.122874820093
0.122802073875
0.122726483698
0.12263654761
0.122523539577
0.122381731954
0.122206923314
0.121994416777
0.121740094499
0.121440935934
0.121092154864
0.120692833523
0.120243435566
0.119738051289
0.119167454234
0.118524025203
0.117805361837
0.117003657391
0.116104456288
0.115089365078
0.113952012608
0.112699776821
0.11131887063
0.109756481529
0.10796211379
0.10589683367
0.103558956624
0.100991224119
0.098159137825
0.0950039039437
0.0915928348266
0.0880024788681
0.0842444659342
0.0804126397172
0.0764986986415
0.0756352080937
0.0755584653397
0.0749802893297
0.0745871392398
0.0737424798674
0.072971721183
0.0718742006135
0.0705093900845
0.0689685668698
0.0673025507918
0.0654821581769
0.0635002302958
0.0613766868588
0.0591452234261
0.0568277932446
0.0544648799696
0.0520750637553
0.049717680413
0.0474804780154
0.0453234685383
0.0435621663189
0.0419633859464
0.0417606653345
0.0415916326146
0.0421356924094
0.0442011008784
0.0457336305389
0.0472021085061
0.0485456008654
0.0497152368321
0.0506887675207
0.0515154380593
0.0522015347234
0.0527671677903
0.053225776296
0.0535787783433
0.0538478657848
0.0540508559476
0.0542004632275
0.0543017883197
0.054351371199
0.122914125983
0.122896683868
0.122870573001
0.12282543931
0.122767198316
0.122708801764
0.122640303257
0.122548714852
0.122427997748
0.122273301785
0.122082293827
0.121851175937
0.121579020955
0.121264337433
0.120902397854
0.120491001041
0.12002640867
0.119502095219
0.118910811515
0.118247273235
0.117507012489
0.116681744144
0.115758094534
0.114721324645
0.113563060547
0.112284093743
0.110860703883
0.109239629239
0.10738280588
0.10525849918
0.102861384385
0.100209472041
0.0972698733255
0.0940256487753
0.0905750232523
0.0869940428619
0.083267670515
0.0795604227479
0.0760295939526
0.0755024847647
0.0753280409481
0.0743085483762
0.0736735554781
0.0726136106854
0.0717145638023
0.0705795485437
0.0691577626503
0.0675303760249
0.0657622809684
0.0638445862267
0.0617681456419
0.0595415613875
0.0571908535457
0.0547381445445
0.0522302498508
0.0496813608623
0.0471759640454
0.0448010321474
0.042516594564
0.0407035855073
0.0390640449506
0.0388773122957
0.0388042285773
0.040984951104
0.0424870307158
0.0442098781766
0.0458231497689
0.0473077666207
0.0486309415396
0.0497410366021
0.0506509918038
0.0513958842445
0.0520061041875
0.0525069074344
0.0529000482662
0.0531981336542
0.0534208603509
0.0535764495477
0.0536882869793
0.0537308306586
0.122816627557
0.122805486036
0.122780594476
0.122740683377
0.122697279743
0.122645540501
0.122572039559
0.12246912226
0.12233220991
0.122159982384
0.121954231142
0.121711671576
0.121429938889
0.121104991806
0.120732430345
0.120308389516
0.119828139636
0.119285774853
0.118675694513
0.11799401798
0.117235389394
0.116390388317
0.115445120933
0.11438792578
0.113212634434
0.111910125813
0.110448426381
0.10878209414
0.106868850104
0.104678649428
0.102224148951
0.0995126321132
0.0964768995743
0.0931459419369
0.0896714450851
0.0860989504577
0.0824196475432
0.0788308160181
0.0752814305634
0.0752111379604
0.0752095364698
0.0738906421943
0.0730849714406
0.0717963003031
0.0706905993023
0.0694584169044
0.0679612497098
0.066249729443
0.0643786184868
0.0623519576299
0.0601637384042
0.0578155584152
0.0553238868083
0.0527078614808
0.0500162931889
0.047257302651
0.0445483964659
0.0419667789867
0.0395058258455
0.0376855200582
0.0360835446208
0.0359034668941
0.0359642064514
0.0377912185089
0.0403370198477
0.0425281171791
0.0444418322187
0.0461186474748
0.0475885124619
0.0488365169137
0.04985448215
0.0506703187886
0.0513245710261
0.0518571493652
0.0522871132101
0.0526195277976
0.0528661765462
0.0530235007338
0.053141378739
0.0531870000568
0.122739250328
0.122733523859
0.122713927282
0.122685027187
0.122648699654
0.122589681241
0.122500864153
0.122381875943
0.122233305228
0.122053822944
0.12184058652
0.121590096438
0.121299109739
0.120963682791
0.120579318775
0.120141304816
0.119645203606
0.119086344455
0.118461040196
0.117765189952
0.116991041512
0.116129218117
0.115168971536
0.114099750708
0.112910220654
0.111583846017
0.110088859023
0.108379835734
0.106413833875
0.104176776198
0.101676070894
0.098878653304
0.0957352260868
0.0923500666183
0.0888629912796
0.0853072121612
0.0816971517454
0.0782901756471
0.0749294708437
0.0748705272785
0.0748858860425
0.0735730965599
0.072715133352
0.0712296124679
0.0698801743773
0.0685066360288
0.0669142810555
0.0651197129729
0.0631517113554
0.0610145759421
0.0587042555296
0.0562188310448
0.0535655355273
0.0507583959269
0.0478424474851
0.0448191359192
0.0418378002041
0.038929664052
0.0361606940532
0.0342978512574
0.0328124225593
0.0330010419201
0.0336184176912
0.0362159674566
0.0385718172643
0.0409172677731
0.043071923086
0.044986446461
0.04663289265
0.0480129400863
0.0491403552015
0.0500376043835
0.0507414451448
0.0513057737331
0.0517563438756
0.0521067888171
0.052377121229
0.0525512481292
0.0526676254353
0.0527310502141
0.122684621766
0.122680287284
0.122663959661
0.122640372233
0.122602528015
0.122529788585
0.122430280657
0.122305250133
0.122151001643
0.121964804122
0.121743681678
0.12148431318
0.121183221473
0.120836382318
0.12043866966
0.119986210586
0.119478408429
0.118911252518
0.118277387185
0.117570223842
0.116782964757
0.115908150092
0.114937211762
0.113858287334
0.112654982766
0.111307017184
0.109784264483
0.108040663059
0.106034454255
0.103754217583
0.101191947428
0.0983055594855
0.0950773311423
0.0916330245167
0.0881065533145
0.0845545226765
0.0810394466195
0.0777721258392
0.0745178655163
0.0744881206332
0.0745228782837
0.0732880998729
0.0724157762628
0.0707932735985
0.0692245787464
0.0677101427987
0.0660204152541
0.0641451049914
0.0620878228501
0.0598450125076
0.0574095536364
0.0547757656058
0.0519416754808
0.0489136978856
0.0457276708286
0.0423854917583
0.0390653580476
0.0357073565535
0.0324797472384
0.0302948434126
0.0283351948453
0.0291841597088
0.0324557825502
0.0337817211602
0.0363929512777
0.0391291865174
0.0416524559362
0.0438680981938
0.0457468485366
0.0472845152677
0.0485205745242
0.049501798719
0.0502595303343
0.0508543219544
0.0513304947118
0.0516956217087
0.0519730029233
0.0521644884758
0.0522871402719
0.0523627161715
0.122643465858
0.122637854988
0.122625812522
0.122604904975
0.122561822918
0.122480057084
0.122375986385
0.122245104441
0.122084347036
0.121890828494
0.121661423187
0.121392649812
0.121080933422
0.120722102992
0.120312926543
0.119853694458
0.119342645012
0.118770799037
0.11812912764
0.117411475452
0.116612561598
0.115727158902
0.114749031896
0.113664258891
0.112449869942
0.111083701022
0.109539659783
0.107772430458
0.105735026446
0.103410084852
0.100785351297
0.0978115693011
0.0944918457327
0.0909716908627
0.0873727393628
0.083756552436
0.0802186772988
0.0770413954775
0.074108279443
0.0740343115335
0.0740365165261
0.0728564996116
0.0720021957045
0.0703725865566
0.0686723943858
0.0670548005331
0.0652859086599
0.0633383447374
0.0612004775622
0.0588606917881
0.0563045121597
0.05351883817
0.0504894398872
0.0472077831825
0.0436887728174
0.0399363806421
0.0361478316444
0.0322165965918
0.0286624244016
0.0263154275101
0.0231484422032
0.0237023986016
0.0269818983779
0.0300702074746
0.0336428999192
0.0370979440778
0.0401723074856
0.0427850462551
0.0449379383392
0.0466574981329
0.0480068381424
0.0490641708109
0.0498763145638
0.0504970910511
0.0509942379369
0.0513852557902
0.051675865516
0.0518745900301
0.0519955817498
0.0520563080435
0.122618767301
0.122613375099
0.122601877464
0.122577158749
0.122528222318
0.122443884028
0.122335956428
0.122199322801
0.122032087032
0.121831323254
0.121593984147
0.121316393377
0.120994716394
0.120626667581
0.120211980896
0.119750922445
0.119239176258
0.11866436194
0.118015942712
0.11728941413
0.116480523465
0.115586060358
0.114604933673
0.113520847337
0.11229954544
0.110916440154
0.109356795305
0.107580857578
0.105519318536
0.103147295647
0.100461939164
0.0974046962309
0.093995119937
0.0903776870845
0.0866473726503
0.0828608497379
0.0791377485889
0.0760562543745
0.0736788274929
0.0736841639975
0.0736741496552
0.0721449779687
0.0713311846883
0.0699219900337
0.0682244059096
0.0665490922187
0.0647240519629
0.0627184281432
0.0605129648732
0.0580907237166
0.0554288928247
0.0525035226457
0.0492836135527
0.045734278309
0.0418253591445
0.0375206871868
0.0329383159726
0.027982384635
0.0239648410521
0.0218045512489
0.0181612012101
0.0178273682794
0.0217068327666
0.0260205493794
0.0307136663715
0.0350684538489
0.0387634426447
0.0418179300827
0.0442691924416
0.0461641395246
0.0476111874711
0.0487276607166
0.0495834849456
0.0502354333766
0.0507428322234
0.0511435432782
0.0514471415387
0.0516572775969
0.051777072987
0.0518204231343
0.122607005996
0.122601984456
0.122585004054
0.122554628279
0.122506051385
0.122421552188
0.122310914919
0.122167996195
0.121994586251
0.121788244308
0.121545882476
0.121262280428
0.120933702596
0.120558707245
0.120138254103
0.119676502303
0.119167610431
0.11859176627
0.117938382206
0.117205920741
0.116387508877
0.115484841968
0.114511216175
0.113440161284
0.112213713301
0.110810657707
0.109233422887
0.10744894944
0.10538417954
0.102981460789
0.100233723195
0.0971113498125
0.0936203544316
0.0898854591817
0.0859644951461
0.0818578409486
0.0775846245285
0.0741262150457
0.0737542618879
0.0737946657966
0.0735676625381
0.0715137533065
0.0706519671702
0.0695371196703
0.0679288113578
0.0662252555919
0.06436270293
0.0623168685924
0.0600645734578
0.0575845692056
0.0548480106866
0.0518207882537
0.0484561241495
0.0446904387526
0.0404363080937
0.035561222852
0.0299311506557
0.0232110559964
0.0165748195268
0.00933503767101
0.00181447851676
0.00897272649419
0.0146551527782
0.0215749186891
0.0278232147076
0.0332337947212
0.0376281424099
0.0410719776368
0.0437837800826
0.0458508732595
0.047354845589
0.0484800743879
0.0493640127478
0.0500490613196
0.0505731650693
0.0509792232311
0.0512876159604
0.0515024093983
0.0516329834535
0.0516857336968
0.12260266521
0.122596343277
0.122571812441
0.122538218944
0.122489327642
0.122417244807
0.122307878813
0.122157369416
0.121981227549
0.121773733894
0.121528697736
0.121239639868
0.120902406642
0.120517077927
0.120089453651
0.119631743431
0.119134999389
0.118565815476
0.117908888849
0.117171308373
0.116350713922
0.115448611722
0.114473249747
0.113400483131
0.112173230197
0.110761325646
0.109173257042
0.107383648908
0.105312351569
0.102888074462
0.100111277861
0.0969582849441
0.0934113219212
0.089573850779
0.0854446977958
0.0808775466392
0.0751238642204
0.0742801827423
0.0734344960457
0.0724163795737
0.0730081114747
0.0719040566982
0.0705273257591
0.0693342667193
0.0678005238987
0.0660968625189
0.064220621369
0.062157533636
0.0598855714716
0.0573812422548
0.0546135715231
0.0515435961904
0.0481173847628
0.0442574579335
0.0398463951422
0.034689885322
0.0284550479585
0.0204032263934
0.0093225397365
-0.0118532066996
-0.0307547629983
-0.0160685928859
0.0057255729251
0.0174225136275
0.0256992701547
0.0320106550373
0.0369193041552
0.0406453565266
0.0435465248179
0.0457458535787
0.04726595612
0.0483630720869
0.0492439446074
0.049948726983
0.050487647557
0.0508970560277
0.0512055568651
0.0514251441813
0.0515690457361
0.0516310858234
)
;

boundaryField
{
    frontAndBack
    {
        type            empty;
    }
    upperWall
    {
        type            zeroGradient;
    }
    lowerWall
    {
        type            zeroGradient;
    }
    inlet
    {
        type            zeroGradient;
    }
    outlet
    {
        type            fixedValue;
        value           uniform 0;
    }
}


// ************************************************************************* //
