/*--------------------------------*- C++ -*----------------------------------*\
| =========                 |                                                 |
| \\      /  F ield         | OpenFOAM: The Open Source CFD Toolbox           |
|  \\    /   O peration     | Version:  v1806                                 |
|   \\  /    A nd           | Web:      www.OpenFOAM.com                      |
|    \\/     M anipulation  |                                                 |
\*---------------------------------------------------------------------------*/
FoamFile
{
    version     2.0;
    format      ascii;
    class       volScalarField;
    location    "317";
    object      p;
}
// * * * * * * * * * * * * * * * * * * * * * * * * * * * * * * * * * * * * * //

dimensions      [0 2 -2 0 0 0 0];


internalField   nonuniform List<scalar> 
6400
(
0.153952177731
0.153954386478
0.153960623777
0.153972565054
0.153989714695
0.154011839482
0.154039017706
0.154072327811
0.154111906381
0.154157977472
0.154215771642
0.154287973657
0.154371344323
0.154465968164
0.154573686497
0.154696586452
0.154835361439
0.154989400598
0.155157205526
0.155334164254
0.155514177814
0.155697217375
0.155888821931
0.156095447341
0.156321579475
0.156567056468
0.15682843099
0.157103313396
0.157391605216
0.15769417028
0.158011740852
0.158342851936
0.158681775467
0.159022878991
0.159364250794
0.159702342474
0.160036322355
0.160373876173
0.160714231713
0.161046732628
0.161372829251
0.161707726085
0.16205968421
0.162420970261
0.162782811272
0.163140139082
0.163489140453
0.16382768699
0.16415402741
0.16446681277
0.16476550295
0.165046167165
0.165303154338
0.165528230931
0.165721805694
0.165892565413
0.166038241973
0.166150365003
0.166228185577
0.166279362695
0.166308881484
0.16631952902
0.166317134338
0.166299774096
0.166256759326
0.16616883774
0.166033032877
0.165874496302
0.165720352196
0.165579111456
0.1654483558
0.165322049451
0.165196192804
0.165077297903
0.164964846202
0.164862807982
0.164774295231
0.164714443433
0.164675032286
0.16465829204
0.153948844345
0.153951155277
0.153956687078
0.153968369798
0.153986965711
0.154010524218
0.154038205255
0.154070003733
0.154107829959
0.154153922791
0.154211416099
0.154282415925
0.154366050337
0.154461701071
0.154569787111
0.154691438787
0.154829602298
0.154984420993
0.155153937879
0.155332177144
0.155510464876
0.155691219876
0.15588191245
0.156088051667
0.15631446463
0.156560834959
0.156822405485
0.157097843799
0.15738720316
0.157690648386
0.158008154783
0.158339629652
0.158679830614
0.159021060039
0.159362812698
0.159701234529
0.160034736789
0.160372675925
0.160713977542
0.161046183229
0.161368804957
0.161702655015
0.162059495697
0.162424143895
0.16278735586
0.163146137707
0.16349639819
0.163836509021
0.164164066088
0.164475925239
0.16477179489
0.165053323568
0.165317989166
0.165545301962
0.165740115617
0.165914715807
0.166058236703
0.16616644505
0.16624351573
0.16629399144
0.166322023053
0.166332896591
0.166329682541
0.166311871537
0.166269050361
0.166181984016
0.166043856009
0.165882375141
0.165725575482
0.165581450098
0.165447908739
0.165318373826
0.165188012102
0.165063163613
0.164948420213
0.164846185891
0.164761606633
0.164701466701
0.164662100844
0.164648663372
0.153939654287
0.153943569423
0.153948383004
0.153959067015
0.153977106293
0.154003776832
0.154034347474
0.154065245192
0.154100914251
0.154145815613
0.15420263895
0.154273024476
0.154356820439
0.154453188957
0.154561493819
0.154679892272
0.15481613839
0.154977331732
0.15515065083
0.155327951718
0.155502030098
0.15567660221
0.155865496886
0.15607417527
0.15630128173
0.156547062577
0.156809963644
0.157087447221
0.157378515822
0.157683434716
0.158001830148
0.158334354476
0.158677315212
0.159017989298
0.159358106898
0.1596993112
0.160032302759
0.160367981807
0.160709921684
0.161044509931
0.161373819908
0.161712088341
0.162066123743
0.1624287891
0.162792265184
0.163152015723
0.163504515342
0.163847259195
0.164177818476
0.164493980874
0.164794535493
0.165077712985
0.165338093134
0.165568917652
0.165773491712
0.165949782809
0.166090799107
0.166197667404
0.166273765157
0.166323013577
0.166350173835
0.166360294642
0.166355556803
0.166338459425
0.166295111261
0.166204643072
0.166067095526
0.165903911582
0.165739610059
0.165587076112
0.165445123104
0.165307133104
0.165171760323
0.165043593025
0.16492483633
0.164820521852
0.164736956632
0.164676396204
0.164637847698
0.164623532191
0.153927124214
0.153931017908
0.153934709038
0.153944493618
0.153960344178
0.153986882571
0.154026954107
0.154057787415
0.154090638437
0.154133428708
0.154189215433
0.154259270275
0.154343476767
0.154439571649
0.154548260764
0.154672759941
0.15481478299
0.154973810717
0.155139688731
0.155305032015
0.155473790194
0.155651710703
0.155842861808
0.156051654979
0.156279782681
0.156527155187
0.156792188647
0.157072086661
0.157365686178
0.157672510465
0.157993440363
0.158327731875
0.158672283037
0.159018001614
0.159354818533
0.159691270962
0.160028767212
0.160363231566
0.160699482209
0.161036538796
0.161374012331
0.161718305543
0.162073667549
0.16243660057
0.162801310111
0.163163213233
0.163518706239
0.163864977256
0.164199549592
0.164520196181
0.164824952471
0.165111198436
0.165374810881
0.165611876217
0.165821067289
0.165998373184
0.166139976831
0.166246794379
0.166322221562
0.166370469364
0.166396264478
0.16640397171
0.166397523339
0.166380779361
0.166338457031
0.166249622822
0.16610772306
0.165935626686
0.16575905172
0.165593755016
0.16544183463
0.165297545496
0.165156637844
0.165017145863
0.16488623066
0.164778120591
0.164695731278
0.164629183032
0.164582568244
0.164563187828
0.153907706545
0.15390804613
0.153912633137
0.153922660122
0.153940309938
0.153965234188
0.154001275775
0.154035941646
0.154071346332
0.154114947141
0.154170066122
0.154240069878
0.154325278218
0.154427348124
0.154544508673
0.154670856572
0.154807565273
0.154954341328
0.155108858812
0.155271031256
0.155441138587
0.155619989593
0.155812194636
0.1560223353
0.156251940025
0.15650134758
0.15676858078
0.157051599549
0.15734829255
0.157658669155
0.157981950651
0.158320956065
0.15867134555
0.159013269216
0.159349186622
0.159683090936
0.160014894012
0.160349599161
0.160688128946
0.161029453022
0.161373600477
0.161723732369
0.162082212055
0.162447133645
0.16281424414
0.163179303084
0.163538680584
0.163889412348
0.164228976162
0.164555083401
0.164865407469
0.165157072384
0.165426478301
0.165670039315
0.165884336317
0.166064782532
0.166208428705
0.166316438903
0.166392383828
0.166440597929
0.166465645064
0.166471831849
0.16646322202
0.166444648453
0.166398841262
0.166309119842
0.166164688042
0.16598283713
0.165789891662
0.165607598382
0.165443216592
0.165288370328
0.165129979683
0.16496888634
0.164825327659
0.164710593412
0.164617103284
0.164530974559
0.164475588048
0.164455188515
0.153871345204
0.153870818921
0.153879229123
0.153889444568
0.153908883813
0.153935859167
0.153968885514
0.154004424227
0.15404343887
0.154088991679
0.154142930833
0.154213920905
0.154308352832
0.15441897805
0.154536241087
0.154657539799
0.154785044373
0.154923033002
0.155073516934
0.155234200929
0.155402054089
0.155580459654
0.155774043115
0.155986206147
0.156217946704
0.156468906101
0.156739545995
0.157025740547
0.157326999044
0.157641248128
0.157970318453
0.158312345713
0.158662100527
0.159009751806
0.1593400852
0.159665828384
0.159996381537
0.160333351821
0.160675666173
0.161022088682
0.161372552964
0.161728680157
0.162091645513
0.162460143419
0.162830922322
0.163200185073
0.163564390332
0.16392054498
0.164266150355
0.164598925459
0.164916430446
0.165215712644
0.165493193664
0.165744789563
0.165965829356
0.166151523492
0.166299497846
0.16641106053
0.166489682899
0.16653954339
0.166564908269
0.16657044098
0.166560185807
0.166534889574
0.166485214971
0.166388254918
0.166235939579
0.166043453417
0.165833148834
0.165631707692
0.165449815807
0.165271453663
0.165082005715
0.164897185651
0.1647374861
0.164606022028
0.164486946133
0.164380639096
0.164316719479
0.164288944589
0.153815566254
0.15381952317
0.153834382417
0.153849889913
0.15386615236
0.153893128464
0.153928216649
0.153965018758
0.154006844258
0.154054701266
0.154112563331
0.154186857702
0.15428924716
0.154400226733
0.154513769086
0.15462741844
0.154748656071
0.154885100535
0.155034872151
0.155190554394
0.155355375178
0.15553425471
0.155729077846
0.155942519338
0.156176527366
0.156432392028
0.156704148544
0.156994856832
0.157301184882
0.157624007983
0.157958345298
0.158300848299
0.158652022398
0.158992638861
0.159319943762
0.159643371701
0.159974973481
0.160315299061
0.160662209847
0.161014159608
0.161370976437
0.161733461876
0.162102015337
0.16247548329
0.162851195078
0.163225748466
0.163595772066
0.163958375042
0.164311188882
0.164652046812
0.164978536527
0.16528764349
0.16557552962
0.165837434572
0.166067930783
0.166262186907
0.166418069785
0.166536645322
0.166620710123
0.166673596749
0.166699240397
0.166703020155
0.166689055217
0.166654573812
0.166604162496
0.16649911507
0.166330410605
0.166121646259
0.165892839915
0.165668241691
0.165455713999
0.165238390596
0.16501240808
0.16480076572
0.164615258087
0.164451877472
0.164297991185
0.164173615749
0.164101363738
0.164065882837
0.15375017503
0.153758315078
0.153775851691
0.153799192427
0.153817199329
0.153844653245
0.153878737889
0.15391744947
0.153962975957
0.154008977625
0.154074077385
0.154160355841
0.15426143507
0.154370153566
0.154477114013
0.154583696017
0.154704556556
0.154842829641
0.154987999164
0.155138871653
0.155301556058
0.155480652053
0.155676831284
0.155893088544
0.156130612741
0.156389621889
0.1566667222
0.156956875981
0.157272717888
0.157607447955
0.157942718086
0.15828155274
0.158631011302
0.158966572601
0.159289423577
0.159616085635
0.159951320792
0.160295655905
0.160647537113
0.161005415604
0.161368890692
0.161738254873
0.162113397313
0.162493096573
0.162874967674
0.163255914625
0.163632796901
0.164002944469
0.164364229399
0.164714699969
0.165052078685
0.165373331469
0.165674322781
0.165949747119
0.166193727785
0.16640135865
0.166570210211
0.166700196011
0.166792206523
0.166847888308
0.166871432085
0.166869729611
0.166846869688
0.166804421799
0.166747122642
0.166646315882
0.166461326085
0.166227023365
0.165970742817
0.165711232167
0.165454187888
0.165189194483
0.164924184601
0.164675965136
0.164449432317
0.164239459052
0.164052384091
0.163909898641
0.163830594198
0.163793485319
0.153678752894
0.153689624134
0.153707632973
0.153726933947
0.153750714403
0.153785622002
0.153819289279
0.153859125259
0.153910937978
0.153961586893
0.154024264527
0.154118906568
0.154222715662
0.154326546014
0.15442789781
0.154534233317
0.154654842591
0.154790818825
0.15493177009
0.155080160581
0.155241382017
0.155419542092
0.155615477295
0.155833389263
0.156080089953
0.156340634275
0.15662355951
0.156923620503
0.157241294585
0.157576493362
0.15791867722
0.158265215424
0.158599047492
0.158927214533
0.159253486235
0.159585082251
0.159925082897
0.160274126823
0.160631395376
0.1609956399
0.161366274279
0.161743177179
0.162125865068
0.162512973961
0.162902203184
0.163290664703
0.163675494845
0.16405434257
0.164425406247
0.164787047847
0.165137254575
0.165473123263
0.165790440811
0.166083659085
0.166346725238
0.166574381505
0.166762845929
0.166909070265
0.16700996501
0.167065678161
0.167083843555
0.167076050437
0.167046235206
0.166992553669
0.166913991284
0.16680867204
0.166631381036
0.166364961447
0.166068415062
0.165760433662
0.165446682105
0.165129755752
0.164819358223
0.164519062861
0.164231491598
0.163965744121
0.163746346498
0.163587605438
0.163499175605
0.163461866871
0.153600341286
0.153613275836
0.153634345585
0.153653197334
0.153678485714
0.153714102558
0.153748951627
0.153788840677
0.153839546108
0.153904536327
0.153971857295
0.154066523167
0.154171150652
0.154270819707
0.154366719047
0.154475833662
0.154600275885
0.154731206372
0.154867063292
0.155013519299
0.155174743412
0.1553530165
0.15554913119
0.155765641474
0.156019620391
0.156289897801
0.156568152837
0.156878169202
0.157201847567
0.157542824647
0.157887738966
0.158230620636
0.158561873681
0.158884291945
0.159213192001
0.159550323727
0.159895911754
0.160250416041
0.160613586467
0.160984650355
0.161363028602
0.161748257764
0.162139484319
0.162535145907
0.162932926888
0.163330070702
0.163723991464
0.164112719992
0.164494851137
0.164869141075
0.165234020337
0.165587038252
0.165924356241
0.166240792348
0.166530405829
0.166787026596
0.167003495598
0.167170127641
0.16727734782
0.167328510494
0.167340936237
0.167332476359
0.167300380028
0.16723307955
0.167124880547
0.166980647936
0.166798998604
0.166542590387
0.166187720929
0.165813001374
0.165436252877
0.165066652412
0.164701382954
0.164326761166
0.163950983891
0.163618264525
0.163361616758
0.163183154294
0.163078061094
0.163033013555
0.153511626045
0.153524182405
0.153546872999
0.153570346508
0.153602676219
0.153632896809
0.153667801406
0.153709541274
0.153753258163
0.153825057876
0.153904586032
0.153999757924
0.154104569729
0.154203702479
0.154298530732
0.154407963581
0.154534030233
0.15466176206
0.154793909037
0.154937600164
0.155098592327
0.155278701228
0.155479834043
0.155696481841
0.155944616127
0.156230920951
0.156518792551
0.15682846099
0.157153907705
0.157487317777
0.157841888216
0.158186497015
0.158513210119
0.158835912083
0.15916890823
0.159511755552
0.159863489327
0.160224234918
0.160593963065
0.160972339568
0.161359055801
0.161753461224
0.16215428871
0.162559683256
0.162967239047
0.163374294047
0.16377853024
0.164178349826
0.164572733747
0.16496091057
0.165341970107
0.165714381528
0.166075554203
0.166421681125
0.16674754473
0.16704502144
0.167298983016
0.167487187602
0.167596533383
0.167642147517
0.167653683312
0.167656763451
0.167633190242
0.167553710824
0.167407411122
0.167200542898
0.166954508995
0.166683828325
0.166326694106
0.165873592954
0.165427953389
0.165007998596
0.164582367751
0.164101157013
0.163588766631
0.163163147012
0.162859236371
0.162652135873
0.162525835393
0.162467377446
0.153410214571
0.153420028416
0.153437088195
0.153467559491
0.15350941745
0.15353886728
0.153574186774
0.153620604134
0.153662836687
0.153731054241
0.15381990501
0.153917691437
0.154021757452
0.154121840533
0.15422246225
0.154333823143
0.154458129205
0.154582603155
0.154712408852
0.154853469407
0.155011400007
0.155189444921
0.155400167257
0.15562967495
0.155872367668
0.156159174208
0.156456608482
0.156762579934
0.157101523651
0.157441798495
0.157786311489
0.158123187584
0.158449773353
0.158780567234
0.159119816618
0.159468872793
0.159827355047
0.160195176995
0.160572324768
0.160958646461
0.161354262798
0.161758706599
0.162170302795
0.162586698491
0.163005326275
0.163423627664
0.163839523266
0.164251676133
0.164659353863
0.165062207634
0.16546018248
0.165853317003
0.166241599655
0.166624570161
0.166998842015
0.167351782952
0.167651213852
0.167862627032
0.167977626826
0.168023616139
0.168039993182
0.16807736971
0.168087268982
0.16800243473
0.167805048382
0.167510930974
0.167156741007
0.166796176289
0.166398514051
0.165913733921
0.165420892202
0.164970234064
0.164501564832
0.163863023511
0.163098386169
0.162533684591
0.162184319094
0.161952185023
0.161819927499
0.161757911691
0.153295775262
0.153302952351
0.153311714103
0.153346256432
0.153388256525
0.153424059213
0.153462559305
0.153514194122
0.153562465735
0.153629122433
0.153721803332
0.153821031978
0.153923653808
0.154021218243
0.154129459152
0.154249411076
0.154371700225
0.154493349314
0.154621816751
0.154761685396
0.154916342403
0.155088445662
0.155298489387
0.155550568922
0.155800519734
0.156074291306
0.156386168865
0.156699397869
0.157028469679
0.157374272213
0.157719964554
0.158053174418
0.158380300847
0.158717851492
0.159064633383
0.159420963223
0.159786896016
0.16016248991
0.160548096653
0.160943484403
0.161348778018
0.161764000174
0.162187489949
0.162616301415
0.163047467563
0.163478519685
0.163907597507
0.164333449368
0.164755282492
0.165172957075
0.165587228759
0.166000370112
0.166416965431
0.16684314222
0.167279289745
0.167703136724
0.168054217294
0.168303344093
0.168446884194
0.168508401383
0.168511287761
0.168626711857
0.168734698926
0.168670488745
0.168399389872
0.167964183547
0.167435687257
0.166900747374
0.166385182067
0.165864898815
0.165385171258
0.164983856907
0.164570780211
0.163698099538
0.162364873484
0.161603665378
0.161273644959
0.161047683783
0.160945157254
0.160894390832
0.153169261872
0.153177596037
0.153191216557
0.153215306885
0.153252062136
0.153291956818
0.153334588424
0.153388618448
0.153447228105
0.153515018213
0.153610247108
0.153710538523
0.153812745647
0.15390885095
0.154017733338
0.154145593336
0.154270173481
0.154392268406
0.154520748229
0.154660571169
0.154813918938
0.154981460916
0.155186775585
0.155450076793
0.155716138922
0.155987764096
0.156304754002
0.156626943061
0.156951392515
0.157295566315
0.157632618203
0.157963829398
0.158301186796
0.15864743898
0.159002469002
0.159367005975
0.159741620453
0.160125947288
0.160520563745
0.160926084044
0.161342454783
0.161769561181
0.162206018632
0.162648636421
0.163093982828
0.163539565296
0.163983692907
0.164424841523
0.164861663225
0.165293521363
0.165721490147
0.16615035086
0.166591357423
0.167062700065
0.16757166878
0.168078416346
0.168488283878
0.168843376718
0.169103598912
0.169205654365
0.169069663177
0.169415238859
0.169748463414
0.169653889718
0.16918304693
0.168534684793
0.167794112492
0.167006612118
0.166283483868
0.165695918171
0.165173085867
0.164964309753
0.16507886081
0.163806546264
0.161186488441
0.160191129854
0.160105259338
0.159907620252
0.159882802914
0.159846910777
0.153027194642
0.153036561849
0.153059190875
0.15307387612
0.153104335279
0.15314532888
0.153191272684
0.153249207795
0.153320453895
0.153388614533
0.153484933799
0.153586416502
0.153689375158
0.15378708628
0.153896852936
0.154027715992
0.15415472729
0.154279027512
0.154408793479
0.154549007543
0.154702310775
0.154868906604
0.155066382005
0.155325934013
0.155617526234
0.155898056945
0.156202762306
0.156543924828
0.156878433112
0.157202957977
0.157532335635
0.157867527816
0.15821283012
0.158568019305
0.158932400561
0.159306299084
0.159690228585
0.160084607945
0.160489615361
0.160906020984
0.161334665184
0.1617752508
0.162226155788
0.162684051882
0.163145287822
0.163607453262
0.164068933018
0.164527657899
0.16498068814
0.165425487951
0.165862212836
0.166297299954
0.166748407744
0.167253873389
0.167830402865
0.16843480264
0.168962024127
0.169690129071
0.170293100218
0.170334774443
0.168917440135
0.168846688594
0.169191161899
0.169197718056
0.168775960323
0.168142762307
0.167440145852
0.166750716258
0.16612661264
0.165623487095
0.165415121223
0.165925983028
0.16710251576
0.166170124303
0.157902653676
0.157119060055
0.158520980315
0.158521014854
0.158645559559
0.158606878736
0.152866545716
0.152875072333
0.152895702606
0.152912290705
0.15294017539
0.152982594283
0.15303012546
0.153087540252
0.153170845991
0.153247545065
0.153344372769
0.153447729657
0.153552835481
0.153654653998
0.153766938733
0.153898614654
0.154027207547
0.154154320794
0.154286103802
0.154427188092
0.154580501087
0.154747680705
0.154940532869
0.155192483054
0.155499415164
0.155797307739
0.156094199731
0.156428729766
0.156774597021
0.157103664591
0.157427762889
0.157764039271
0.158115765698
0.158480015875
0.158854190838
0.159237906925
0.159632174223
0.160037374531
0.160454129293
0.160882948775
0.161325055911
0.161780710481
0.162247997926
0.162722995956
0.163201793916
0.163682738432
0.164164976335
0.164645050701
0.165116164245
0.165572309542
0.166012028642
0.166438408488
0.166866337673
0.167365528063
0.167962335275
0.16876346029
0.169182701739
0.169448119508
0.169792650755
0.16990911361
0.169524515535
0.169084587185
0.169037508888
0.16886871413
0.168407251903
0.167768528791
0.1670634558
0.166352428593
0.165685804905
0.165102683023
0.164674373436
0.164419146342
0.163804694361
0.160939712256
0.158525639198
0.15983607832
0.160739684788
0.156845338463
0.157312494567
0.157069872004
0.152689459462
0.1526970405
0.152718096663
0.152734696291
0.152762519966
0.152805213269
0.152853839576
0.152907932137
0.152992371062
0.153083137889
0.153185208271
0.15329192658
0.153400720822
0.153510264088
0.15362552577
0.153757767139
0.153887841917
0.154018361078
0.15415266198
0.154295160095
0.154448784238
0.154615893104
0.154805754237
0.155048922369
0.155355637935
0.15568149899
0.155987498982
0.156309096891
0.156649246637
0.156978653927
0.157304654216
0.157648258219
0.158008232152
0.15838178994
0.158766407274
0.159161200024
0.159566559234
0.159983678858
0.160413206814
0.160856041669
0.161313203216
0.161785350501
0.162271181
0.162766069749
0.163264861964
0.16376685311
0.16427327487
0.164779348353
0.165272294818
0.165741298529
0.166181801918
0.166584025974
0.166922526746
0.167292628026
0.167763223244
0.168346268282
0.168894968587
0.169270201359
0.169470082424
0.169484148066
0.169173181839
0.168732059878
0.168430727492
0.168090052437
0.167571983546
0.166904009833
0.166156756075
0.165382466095
0.164622556134
0.163889063783
0.16316882552
0.162404468902
0.161371763129
0.159737434971
0.158404326059
0.158144784011
0.157157009017
0.157991285017
0.157513589579
0.157153715645
0.152498113989
0.152504172678
0.152520997462
0.152539767789
0.152571915967
0.152614711386
0.152665812363
0.1527185146
0.152801526618
0.152900604318
0.153007346526
0.153116941719
0.153227985867
0.153347992124
0.153469582972
0.153602343679
0.153734476927
0.153869911546
0.154007615253
0.154152193101
0.154306652375
0.15447340724
0.154660926273
0.154897019931
0.15519938444
0.155542682796
0.155868573103
0.156185688986
0.156513606792
0.15683829246
0.15716859254
0.157519140378
0.157887607339
0.158270420162
0.158666132082
0.15907376818
0.159492217367
0.159922149543
0.160365977336
0.160824149295
0.161298105173
0.16178929085
0.162296449254
0.162814082339
0.163334238075
0.163859579712
0.164400199465
0.164946453584
0.165465400872
0.165950410449
0.166400321635
0.166781869078
0.166933912431
0.166993892859
0.167439198491
0.167926604677
0.168499325603
0.168819759572
0.168915252014
0.1688359305
0.168547976768
0.168126231177
0.167686448928
0.167192033965
0.166572471559
0.165826127312
0.164992589245
0.164109553614
0.163202063061
0.162282121002
0.161296479322
0.160194432865
0.15892282353
0.157400139746
0.155872673408
0.154910823726
0.154353758112
0.154909912272
0.155209299992
0.156665968097
0.15229510749
0.15229993219
0.152311627262
0.152333090447
0.152368968135
0.152411447596
0.15246424499
0.152519842635
0.152598993889
0.152702170328
0.152811800688
0.152923216545
0.153034217847
0.153159387413
0.153292858635
0.153428719502
0.153563559506
0.153704688139
0.153848353162
0.153996572236
0.154153146336
0.154319396864
0.154505077995
0.154735211869
0.155028144758
0.155369351872
0.155717122236
0.156045237617
0.156369891447
0.156692089881
0.15702124569
0.157376946009
0.157753846606
0.158143787219
0.158552140296
0.158974076455
0.159405594413
0.159850296065
0.160310373514
0.160786687935
0.161279715623
0.161791232354
0.162321553853
0.162868180526
0.163426782934
0.16399712548
0.164578519133
0.165150472911
0.165693853913
0.166222646643
0.166733631259
0.167210471705
0.167014397343
0.166880559157
0.167124948478
0.167664774768
0.168064351322
0.168235478107
0.168220464875
0.168041711545
0.167694469259
0.16721046601
0.166643957711
0.165998134729
0.165244802366
0.164377347213
0.163414025283
0.162376730389
0.161279038799
0.160126808909
0.158857319927
0.157401427211
0.155748789793
0.153887810107
0.151965103627
0.150337212893
0.149058761616
0.148337560367
0.148626323867
0.150480072157
0.152081213019
0.152085661502
0.152095695266
0.152120600856
0.152156178675
0.152196439577
0.152246680316
0.152307140638
0.152382252183
0.152487089818
0.152598858189
0.1527120333
0.152824118952
0.152949546076
0.153092941157
0.153235282343
0.153374591832
0.153520484727
0.153670804281
0.153825126125
0.153986497898
0.154153039055
0.154337125209
0.154562990807
0.154846830164
0.155181395876
0.155538161419
0.155880213402
0.156201030149
0.156521379125
0.15685812571
0.157216529895
0.15759970757
0.158000683526
0.158422455706
0.15885844801
0.159304555636
0.159765651108
0.160243742622
0.160740148138
0.161255470386
0.161791702662
0.162353741869
0.162947321504
0.163563870702
0.164179286378
0.164787388732
0.165383863215
0.165978226057
0.166604915495
0.167338476619
0.168640684414
0.167364783474
0.166963235027
0.167122971073
0.167393805189
0.167532621577
0.167523591693
0.167369801028
0.167067624301
0.166616189005
0.166030946998
0.165337638301
0.164544385141
0.163641529457
0.162623544146
0.161496131202
0.160267404124
0.158938658111
0.15749906061
0.155917341121
0.154082206903
0.151936331248
0.149492657499
0.146784024496
0.143889904372
0.140760914747
0.13751307517
0.13473326551
0.138047245835
0.151853801878
0.151858283963
0.151868763287
0.151898095789
0.151932713948
0.151970256092
0.152015767967
0.152079310642
0.152149000666
0.152253871569
0.152367837357
0.152482952293
0.15259721666
0.152724488897
0.15287309664
0.15302211951
0.153167510462
0.153318613371
0.153474081325
0.153634972308
0.153803743693
0.153972635772
0.154155097029
0.154377875824
0.154654002423
0.154980257039
0.155338322492
0.155688508279
0.1560192796
0.156339165389
0.156681262991
0.157045906522
0.157431203984
0.157834920095
0.158266551329
0.158721361245
0.159186334311
0.159666391015
0.160163687483
0.160681739128
0.161223114393
0.161790657169
0.16239939348
0.163057742446
0.163729232023
0.164382721981
0.165025692365
0.165677982009
0.166345867112
0.167019770989
0.167758665624
0.167935065841
0.167997846072
0.167298802057
0.167041117979
0.166998391409
0.166905151456
0.166704761219
0.166384192017
0.16593196884
0.165343567603
0.164624466256
0.163785645305
0.162832017727
0.161759406722
0.160562162448
0.159237564402
0.157782292108
0.156186443082
0.15442857974
0.152477091899
0.150208299816
0.147477330668
0.14423652854
0.140374451045
0.135626368336
0.129344060144
0.120026985551
0.102852653615
0.0605575332673
0.151607086893
0.151611486633
0.151624205939
0.151658776519
0.151693057728
0.151728598655
0.151771667279
0.151835027229
0.151898958638
0.152001680832
0.152117627388
0.152234671224
0.15235121752
0.15248037239
0.152632128659
0.152787209094
0.152940786606
0.153097839763
0.153257484344
0.153424085973
0.153601594807
0.153775872451
0.153956516208
0.154176523068
0.154446971849
0.154763894228
0.155116707711
0.155464125337
0.155808601411
0.156143154647
0.156486488721
0.156850861154
0.157244346481
0.157659976525
0.158092873862
0.158558476651
0.159044573706
0.159546200632
0.160067532178
0.160609855752
0.16117854722
0.16178955998
0.162468082647
0.163196682272
0.163918718855
0.164627124483
0.165359992892
0.166153222657
0.166941814625
0.16751570416
0.167621074382
0.167733980245
0.167571577826
0.167072169148
0.166703814754
0.166442135646
0.166142738298
0.16575071355
0.165250150841
0.164629574415
0.16388188373
0.163006140315
0.162004706335
0.160877607701
0.159619777927
0.158222946364
0.156677237242
0.154969106857
0.153076886096
0.150965687117
0.14858126109
0.145845423196
0.142535685147
0.138420860285
0.133289616411
0.12663839065
0.11738369822
0.103337552591
0.0799023475147
0.0412143291627
0.151332970412
0.15133730209
0.151352184332
0.151391887001
0.151425550248
0.151462413763
0.151504793459
0.151565624549
0.151626856982
0.151728793927
0.151846851665
0.151965707888
0.152084381184
0.152214881006
0.152367941814
0.152526736279
0.15269042982
0.152854879644
0.153018906192
0.153190465876
0.153375902983
0.15355975963
0.153739891017
0.153955774727
0.154222483544
0.154531382187
0.154876952877
0.155218467385
0.155563018737
0.155916478761
0.156276719321
0.156644219836
0.157028307298
0.157449688389
0.157899471004
0.158374871492
0.15887770572
0.159401215563
0.159947299511
0.160518111155
0.161124323262
0.161799783791
0.162559351003
0.163352688944
0.164146175372
0.164974432551
0.165899029693
0.166964185903
0.167498758835
0.1675095389
0.167448318031
0.167350811341
0.16709988995
0.16666602183
0.166195550065
0.165734163377
0.165230750041
0.164644970737
0.163958541096
0.163159657969
0.16223958283
0.161193016672
0.160016419448
0.158704859034
0.157249793101
0.155638750972
0.153855136429
0.151876277938
0.149669645354
0.147187837563
0.144361970894
0.141095253128
0.137205983896
0.132341920268
0.126123370614
0.118034031123
0.10706634196
0.0915074487577
0.0683037770444
0.0366451685993
0.151024649385
0.151030884208
0.151046511706
0.151085375427
0.151121870434
0.151165302573
0.151210780592
0.151271830352
0.151337348985
0.15143436632
0.151553859126
0.151674471688
0.151795255394
0.151926785477
0.152079883562
0.152238672605
0.15240838481
0.152583608957
0.152754815377
0.152932553418
0.15312375157
0.153320047267
0.153508022324
0.153715402344
0.153978457459
0.154281363359
0.154619572929
0.154956227169
0.15529533199
0.1556572565
0.156035147448
0.156418709905
0.156804248636
0.157219206893
0.157672184411
0.158162669806
0.15868415054
0.159230848236
0.159801039924
0.16040355283
0.161066927024
0.161825006957
0.162660014216
0.163528544545
0.164440281769
0.165472412433
0.166621362259
0.167409120773
0.167472383735
0.167324937463
0.167139810626
0.166904905665
0.16654638672
0.16604500571
0.165460078982
0.164830623424
0.164142591929
0.163371845471
0.162502687134
0.161524089242
0.16042673503
0.159202597533
0.157843931683
0.15634137631
0.154682185738
0.152849102203
0.150819202085
0.148561722598
0.14603448118
0.14317885535
0.139912958771
0.136121903695
0.131646810215
0.12618295107
0.119226697816
0.110180734537
0.0982797884574
0.0822828871753
0.0599719057492
0.0320173191903
0.150686762448
0.150696481077
0.150711972714
0.150744040101
0.150786558006
0.15083682685
0.150888157939
0.150953676785
0.151028883931
0.151119961213
0.151237976221
0.151359591012
0.151482534327
0.151615265272
0.151768595921
0.151927839618
0.152097753357
0.152282121793
0.152463429811
0.152649727334
0.152846624165
0.153054797866
0.153260443525
0.153470209118
0.153719499463
0.154015262013
0.154346236434
0.154678673881
0.155010761711
0.155371983096
0.155758083825
0.156163350477
0.156562301932
0.156973644716
0.157422681209
0.157917499554
0.15845442954
0.159026445274
0.159625586237
0.160274066381
0.161013618037
0.161855021184
0.16276301107
0.163722147042
0.164789453312
0.166051195892
0.167154926412
0.167284970778
0.167175054846
0.166972943519
0.166703500151
0.166338621616
0.165852364875
0.165240703961
0.164530350098
0.163744918321
0.162883952432
0.161935664446
0.160888608508
0.159732785558
0.158458434529
0.157055522895
0.155513050994
0.153817794802
0.151952859526
0.149896292706
0.147619481838
0.145084803091
0.142242129875
0.139023955562
0.135338701644
0.131061412416
0.126020040117
0.11998068005
0.112543729254
0.103074333137
0.0907815403058
0.0747459639974
0.053467368948
0.0280270532698
0.150332977383
0.150343188458
0.150357490422
0.150381755857
0.150427580092
0.150480450372
0.150535763374
0.150603494093
0.150685416733
0.15077845528
0.150896639494
0.151019406092
0.151144757029
0.151278878242
0.151432806606
0.151593982455
0.151765436829
0.151955958188
0.152147253942
0.152345605702
0.15255172907
0.152768594153
0.15298724219
0.153213639207
0.15346406985
0.153748575318
0.154064420839
0.154390684764
0.154713855038
0.155068378517
0.155454451514
0.155867720808
0.15628872402
0.156709500903
0.157159344277
0.157649786615
0.158189948249
0.158781911336
0.159421214241
0.160133663087
0.160957438969
0.161875700186
0.162851191975
0.163893033476
0.165032026655
0.166485644507
0.166853098441
0.166843228317
0.16670464455
0.166466298733
0.16610289776
0.165613296388
0.164997838838
0.164260426273
0.163416233863
0.162480500882
0.161457152347
0.16034118259
0.159124509456
0.157798032335
0.156351552749
0.154773444765
0.153050123054
0.151165118664
0.149097857947
0.146822241009
0.144304885433
0.141502729136
0.138359686129
0.134802075176
0.130732451055
0.126021253225
0.120495424327
0.113922776979
0.105995268554
0.096271665599
0.0840656852849
0.0685684614814
0.0486305381185
0.0251662789123
0.149968261816
0.149976846428
0.149989028654
0.150010972271
0.150052208552
0.150102989181
0.150159234672
0.150226036187
0.150310388635
0.150407578004
0.150528266063
0.150652583134
0.150780488643
0.150915943586
0.151070356417
0.151233438647
0.151406697952
0.15160217697
0.151801875561
0.152011327264
0.152232271017
0.152458539821
0.152689250289
0.152921404464
0.153180481036
0.153472652557
0.153784522477
0.154096767022
0.154407958579
0.154752414694
0.155135159009
0.155544175989
0.155974442681
0.156408027734
0.156865240456
0.157360624338
0.157899707836
0.158503492952
0.159188456947
0.159978188236
0.16088578215
0.161871180221
0.162884477452
0.163876183511
0.164778679484
0.165847358276
0.166157581834
0.166206591726
0.166081421718
0.165782516865
0.165322869901
0.16471682564
0.163975193073
0.16310829179
0.162129086983
0.161049245089
0.159873767643
0.158600854029
0.157224531989
0.155736296948
0.15412547737
0.152379105859
0.150481513283
0.148413591991
0.146151737523
0.143666487752
0.140920777331
0.137867623787
0.134447023499
0.130581829603
0.126172335677
0.121089198516
0.115164242769
0.108178711311
0.0998485978915
0.0898075416338
0.0776109288907
0.0626436717636
0.0439870029364
0.0224261782738
0.149586669454
0.149597046134
0.149605716274
0.14963088755
0.14966433742
0.149710121885
0.149764533584
0.149829209921
0.14991342805
0.150010242981
0.150133331574
0.150258887081
0.150388388624
0.150525094222
0.150680246944
0.150843932429
0.151017230195
0.151216978739
0.151423872048
0.151640110835
0.151872545855
0.152107255678
0.152354729191
0.152601296476
0.152859614179
0.153156612798
0.153482619571
0.15379297148
0.154092547991
0.1544228444
0.154803498793
0.155211975338
0.155640210158
0.156078342434
0.156537477553
0.157035761289
0.157577174046
0.158193322579
0.158925480048
0.159798880396
0.160790135563
0.161832840117
0.162842010205
0.163830526327
0.165204496458
0.165180525303
0.165448123842
0.165516023204
0.165329594875
0.164941255398
0.164377879977
0.163655323617
0.162789077435
0.161793784828
0.160682641542
0.159465841725
0.15814838071
0.156729674377
0.155204722021
0.1535651904
0.151799857736
0.149894608552
0.147832119802
0.145591241773
0.143146063697
0.140464653628
0.137507415373
0.134224947815
0.13055526007
0.12642018426
0.121720815666
0.116331798863
0.110094297122
0.102807612245
0.0942196883661
0.0840171905631
0.0718164325419
0.0571673989942
0.0394570583847
0.0197114241124
0.149179075447
0.149190265144
0.149200743557
0.149227049367
0.149258495211
0.149301099929
0.149352754397
0.149414787208
0.149496473773
0.149589281554
0.149713065469
0.1498396839
0.149968472444
0.150106460204
0.150263611225
0.150427773942
0.150599181429
0.150799167159
0.151012258984
0.151232053523
0.151472405133
0.151717186415
0.151972542395
0.152242610743
0.152515928192
0.152817167403
0.153155870213
0.153479794399
0.153769062502
0.154082311498
0.154450383285
0.154859507186
0.155292947588
0.15573667623
0.156191747137
0.156686358659
0.157225215696
0.15784965743
0.158628050735
0.159585594701
0.160652812076
0.161683258273
0.162627147392
0.163353861784
0.164519386213
0.164696701236
0.164759269626
0.164716514238
0.164444383756
0.163955815008
0.16328017694
0.162438485804
0.161449364163
0.160329401945
0.159091997773
0.157746506731
0.156297431125
0.154744290145
0.153082227417
0.151302713647
0.149393932616
0.147340821084
0.145124814613
0.142723309236
0.140108829506
0.137247885585
0.13409947897
0.130613186458
0.126726732332
0.122362956839
0.117426102833
0.111797377021
0.105329836796
0.0978428549727
0.0891167599272
0.078889332839
0.0668541025436
0.0526890255121
0.0358930748931
0.0177183693242
0.148744864099
0.148753344014
0.148770205982
0.148796821926
0.148830148817
0.148872632811
0.148922206198
0.148981883231
0.149060216392
0.149146846951
0.149268898217
0.149397285977
0.149523831772
0.149660362705
0.149821076821
0.149987417368
0.150158009972
0.150352494133
0.150566427203
0.150789429748
0.151033076019
0.151291065591
0.151561756285
0.151843461983
0.152136139117
0.152446571755
0.152797368079
0.153149326971
0.153443188073
0.153739049338
0.15408356628
0.154483668341
0.15491905114
0.155375293731
0.155833944716
0.156319413598
0.156849911441
0.157472242826
0.158291129973
0.159338044437
0.160474558509
0.161520985426
0.162531306868
0.163894398098
0.163760060993
0.163974029018
0.164013632939
0.16383667712
0.163442144882
0.162836624443
0.162041195581
0.161078625185
0.15996916683
0.158729744482
0.157373252301
0.155908073448
0.154337841668
0.152661543678
0.150873949376
0.148966097978
0.146925599233
0.144736672481
0.142379925501
0.139831876232
0.137064210349
0.134042760053
0.13072617696
0.127064256822
0.122995865541
0.118446423869
0.113324935624
0.107520609969
0.100899244757
0.093299783182
0.0845317515377
0.0743755196588
0.0625837409882
0.0489195698556
0.0329687494018
0.0161051726677
0.148290348281
0.148297870224
0.148316469744
0.148343376446
0.148378801869
0.148422537881
0.14847075718
0.148528800387
0.148605171348
0.148685717164
0.14880285706
0.148933303513
0.149059158401
0.149190155123
0.149352023108
0.14952143964
0.1496930836
0.149881513139
0.150090198668
0.1503124454
0.150558263772
0.150816429561
0.151103436434
0.151401078082
0.151713056896
0.152036916035
0.152398242473
0.152782112968
0.153105998867
0.153397342287
0.153721092743
0.154094568285
0.154519833643
0.154981880183
0.155462447669
0.155946669674
0.156461839784
0.157062084516
0.157904580024
0.159025991765
0.16016729659
0.161215846049
0.16207246563
0.163188692205
0.163252877756
0.163247678103
0.16315803705
0.162851074575
0.162323046495
0.16158937604
0.160670191432
0.159587765873
0.158362251083
0.157009885112
0.155542420321
0.153966940018
0.152285914716
0.150497454714
0.148595689673
0.146571138972
0.144410938549
0.142098859697
0.139615104108
0.136935873429
0.134032708549
0.130871588737
0.127411772462
0.123604353428
0.119390503503
0.114699385485
0.109445756746
0.103527353886
0.0968222859286
0.0891868969482
0.0804548277879
0.0704393043199
0.0589358152326
0.0457652775647
0.0305688129248
0.0147538119482
0.147817460918
0.147824322517
0.147841788538
0.147869894645
0.147905900805
0.147950000768
0.147996885333
0.148052442515
0.148130414764
0.148211227801
0.148317148346
0.148447723441
0.148575279897
0.14870381781
0.148858364227
0.149027899798
0.149200828481
0.149385357716
0.149589477237
0.149804960362
0.15005280466
0.150309891516
0.150591627259
0.150897196773
0.151223291138
0.151570249662
0.1519474136
0.152362789193
0.152744480571
0.153051744152
0.153367496728
0.153720702773
0.154124351526
0.15456805459
0.155054456857
0.155562448943
0.156079018213
0.156639241269
0.157454652229
0.158655023214
0.15982241183
0.160954839871
0.162107570042
0.162298336535
0.162462322626
0.162422647047
0.162190462643
0.16174436672
0.161081541333
0.160218093581
0.159176094169
0.157977735387
0.156642248929
0.155184522231
0.153614728639
0.151938392272
0.150156647361
0.148266586538
0.146261626189
0.144131809158
0.141863974478
0.139441751291
0.136845363306
0.134051240721
0.131031437875
0.127752849647
0.124176211926
0.120254864006
0.115933247525
0.111145129891
0.105811572555
0.0998387421609
0.0931157867023
0.0855132480906
0.0768826995864
0.0670597266593
0.0558665409268
0.0431580553483
0.0286074487007
0.0135999208943
0.147326781294
0.147333329322
0.147349991479
0.147379704716
0.14741386328
0.147455679956
0.147501546524
0.147553103397
0.147629868583
0.14771507293
0.147809267439
0.147937548051
0.148066269946
0.148196599941
0.148340312666
0.148505246491
0.14867735749
0.148858628905
0.149062123336
0.149272818008
0.149512543163
0.149772997067
0.150046532349
0.150348107049
0.150678069004
0.151032809293
0.151424069801
0.151859063296
0.152313014239
0.152684230555
0.153002433976
0.153348542543
0.153733368645
0.154169174703
0.154638036636
0.155151121634
0.155692781276
0.156242395148
0.156939602293
0.158122363671
0.159372110629
0.160707936348
0.161458731064
0.161464501359
0.161547626454
0.161451052356
0.161097841206
0.160514787
0.159718352989
0.158728272809
0.157568192934
0.15626018012
0.154822193182
0.153267379188
0.151604078789
0.149836136064
0.147963311227
0.145981693036
0.143884053607
0.141660106019
0.139296629915
0.136777445402
0.134083227493
0.131191162228
0.128074444456
0.124701610961
0.121035691115
0.117033143489
0.112642540569
0.107802965749
0.102442119764
0.0964741921782
0.0897976894217
0.0822936364662
0.0738248362847
0.0642383953292
0.0533675551257
0.0410795087495
0.0270600908779
0.0126305578243
0.146819214989
0.146825591948
0.146846236048
0.146875685555
0.146904759815
0.146942572937
0.146987463536
0.147036271587
0.14710382535
0.147188545857
0.14727568215
0.147399731716
0.147527722171
0.1476568759
0.14779256713
0.147951730625
0.148118253982
0.148295359443
0.148498374735
0.148709669401
0.14893683726
0.149192106192
0.149460976031
0.149758732968
0.150082635145
0.150432855505
0.150823105854
0.151259110146
0.151744005347
0.152228455263
0.152607057732
0.15295412284
0.153331962115
0.153750396903
0.154218173667
0.154729727264
0.155287406941
0.155891790113
0.156519093047
0.157397133266
0.158588562399
0.15929413439
0.160425279989
0.160573891307
0.160551338011
0.160346518961
0.159876832686
0.159163716128
0.158238207489
0.15712732282
0.155856237665
0.154446405497
0.152914210795
0.151270852047
0.149522744219
0.147672063759
0.145717280507
0.14365360653
0.141473337251
0.139166072334
0.136718809655
0.134115907305
0.131338916415
0.128366289778
0.12517296908
0.1217298412
0.118003033648
0.113952997488
0.109533305213
0.104689087435
0.0993550437404
0.0934530145799
0.0868892099665
0.0795514163885
0.0713068195387
0.0620027226555
0.0514667983186
0.0395549597802
0.0259446702738
0.0118570476274
0.146295014651
0.146302229264
0.146326549873
0.146351543911
0.14637603212
0.146410837115
0.146454398443
0.1465015715
0.146559547022
0.146639034243
0.146719080166
0.146834950842
0.146961502604
0.147084901588
0.147213489104
0.147369275705
0.147527912902
0.147695328741
0.147894787068
0.148103131445
0.148322131033
0.14857007919
0.148828751324
0.149123716573
0.149440240066
0.149784362686
0.150158850399
0.15057906174
0.151049368866
0.151577546816
0.15209558962
0.152509842831
0.152907123128
0.153323276381
0.153784303648
0.154298573472
0.15487204144
0.155507283013
0.15618976392
0.156982840956
0.15810125251
0.159090597428
0.159364455174
0.15957246336
0.159495214802
0.15914667006
0.158541494235
0.157698346195
0.156648856416
0.155424169705
0.154050194092
0.152547078434
0.150929238044
0.149205784373
0.147381226304
0.145456190987
0.143428030871
0.141291285138
0.139037998824
0.136657913987
0.13413854211
0.131465127435
0.128620511268
0.125584909805
0.122335609468
0.118846562447
0.115087833065
0.111024806378
0.106617041158
0.101816623201
0.0965658768803
0.0907943015355
0.0844146889122
0.077318523896
0.0693711645213
0.0604087663164
0.0502350751878
0.0386636893094
0.0253325519453
0.0113174152194
0.145752006487
0.145759373638
0.145775351037
0.145798999568
0.145824494806
0.145858267521
0.14590007791
0.145944444471
0.145996842418
0.146070304546
0.146146480141
0.146247077647
0.146372420284
0.146490668347
0.14661036352
0.14676096807
0.146916669262
0.147074228763
0.147259493197
0.147460172287
0.147668259901
0.147911748616
0.148161812684
0.14843809359
0.148743836582
0.149081701075
0.149441381461
0.149839451581
0.150283459472
0.15078155015
0.151339688949
0.151900603845
0.152390196386
0.152856529409
0.153335502659
0.153854170043
0.154428324037
0.155068010389
0.155774179027
0.156625970696
0.157993236309
0.158494326143
0.158412384136
0.158495122451
0.158324281354
0.157837732254
0.157093945066
0.156123195002
0.154956969105
0.153627168717
0.152159294521
0.150571748857
0.148876763237
0.147081351093
0.145188244616
0.143196723672
0.141103258125
0.138901960231
0.136584878768
0.134142165922
0.131562141476
0.128831271997
0.12593408633
0.122853047012
0.11956838309
0.116057854147
0.112296364564
0.108255294376
0.103901366746
0.0991948331062
0.0940867321472
0.0885149273941
0.0823986710336
0.0756314221016
0.0680721428095
0.059536328314
0.0497863300101
0.0385556957643
0.0253965626908
0.0111219297356
0.145191479517
0.145197736004
0.145206053828
0.145228994314
0.145255980076
0.145287371592
0.145324926134
0.145365010311
0.145411292124
0.14547908207
0.14555562129
0.145639649813
0.145760985525
0.145879284058
0.14599416159
0.146128932148
0.146281535677
0.146434121781
0.146599921566
0.1467920841
0.146988260058
0.147213613584
0.147459049547
0.14771365268
0.1480023553
0.148317739393
0.148664535898
0.149042210153
0.149457493569
0.149922671095
0.150436175603
0.151012036239
0.151602406073
0.152173003151
0.152714031556
0.153266077103
0.153847015286
0.154471492768
0.155132763054
0.155871737304
0.156734573068
0.157531821105
0.157370451347
0.157298718332
0.157015886725
0.156407276704
0.155534604495
0.154443699927
0.153169782958
0.151744475941
0.150192005825
0.148528773446
0.146764796685
0.144905101055
0.142950847661
0.140900220581
0.138749068826
0.136491336568
0.134119330513
0.131623872288
0.128994367004
0.126218816773
0.12328381077
0.120174523436
0.116874724889
0.11336675269
0.109631323815
0.105646997665
0.101389052578
0.0968274811241
0.0919237600156
0.0866258785779
0.0808610400804
0.0745249944126
0.0674675978888
0.0594745941658
0.0502474979856
0.0394036465349
0.0263833214785
0.0114664984928
0.144617213153
0.144623497453
0.144635873024
0.144653659317
0.144675775126
0.144701417806
0.14473247148
0.144768031072
0.144807688528
0.144866982564
0.144941552989
0.145013207909
0.145122663728
0.145243446175
0.145355592135
0.145471717191
0.145617344504
0.145762186894
0.145910221202
0.146091693634
0.146279939786
0.146481010137
0.146712001537
0.146947242283
0.147217973851
0.147507521091
0.147834982058
0.148187639331
0.148573462291
0.149004803956
0.149479160523
0.14999670948
0.150563997068
0.151161898891
0.151759349331
0.152352907583
0.15295933557
0.153581681745
0.15419121157
0.154707123252
0.15487466696
0.156060667212
0.15611969923
0.155976484689
0.15558225152
0.154860727159
0.153870021108
0.152667979108
0.151295530103
0.14978404803
0.148155894555
0.146425228467
0.144599882511
0.142683057863
0.140674580139
0.1385717986
0.136370200632
0.134063808088
0.131645421157
0.129106764957
0.126438577443
0.123630675222
0.120672046881
0.11755101747
0.114255484005
0.110773138815
0.107091508701
0.10319756928
0.0990766600153
0.0947103731838
0.0900730328414
0.0851260329627
0.0798090730993
0.0740257576798
0.0676211386565
0.0603449996376
0.0517994040796
0.0413962336101
0.0283629271836
0.0121512711333
0.144028706982
0.14403429976
0.144048536488
0.14406274846
0.14407817141
0.144099400349
0.144125671616
0.14415751961
0.144192290683
0.144240654568
0.144309609758
0.144377960879
0.144463390922
0.144582262355
0.1446901074
0.14479354342
0.14492570334
0.145064020985
0.145199208462
0.145359447554
0.14553531495
0.145715371994
0.145929836661
0.14614989039
0.146392302953
0.146661438996
0.146957281593
0.147282705057
0.147638371682
0.148030020168
0.148468554744
0.148942572326
0.14946257958
0.150022965873
0.150623838372
0.151244427508
0.151884157991
0.152536474541
0.153174389493
0.153705887982
0.15369853783
0.154550155029
0.1547968226
0.15459586495
0.15406777594
0.153221093486
0.152113416686
0.150805994448
0.149342518287
0.147753055788
0.146057299444
0.144266783733
0.142387125955
0.140419852419
0.138363676098
0.13621535434
0.133970247151
0.131622672166
0.129166126596
0.126593438857
0.123896887764
0.121068340482
0.118099479475
0.114982178211
0.111709008824
0.108273749814
0.104671660639
0.100899243345
0.0969532295414
0.0928285233634
0.0885148339586
0.0839913016182
0.079218248711
0.0741224095583
0.0685716518637
0.062320350609
0.0548993138526
0.0454138656619
0.0322151483182
0.0128282787859
0.143425342026
0.143428320243
0.143436078397
0.143444936496
0.143460667342
0.143481483321
0.143505644291
0.143534245792
0.143563611692
0.143600655173
0.143659518797
0.143728668206
0.143792683473
0.143895713688
0.144004908075
0.144101112507
0.144209399468
0.144341399116
0.144468273436
0.14460137406
0.144763304249
0.14492528338
0.145112265629
0.14531986617
0.145529194218
0.145777195344
0.146041247021
0.146338349825
0.146661176973
0.147015280182
0.147415599221
0.147855106024
0.148340086887
0.148871690926
0.149454973845
0.15009197997
0.150776284105
0.151515404075
0.152319126185
0.153208174275
0.153327225966
0.153360350634
0.153529600529
0.15319692327
0.152499302413
0.151504863365
0.15027432014
0.148864645775
0.147316600708
0.145656647007
0.143900795541
0.142057540508
0.140130237802
0.13811887725
0.136021266089
0.133833787126
0.131551877421
0.129170334554
0.126683520876
0.124085528226
0.121370340391
0.118532060889
0.115565307916
0.112465846369
0.109231405031
0.105862469943
0.102362747943
0.0987390014539
0.0950000622451
0.0911549124929
0.0872098645592
0.0831644904189
0.0790064465667
0.0747020841491
0.0701841450238
0.0653161280092
0.0598259056377
0.0530644336654
0.0428420086505
0.0219412373024
0.142810301963
0.142811132247
0.142812516085
0.142812599192
0.142831477527
0.142852722786
0.142874842615
0.142899400868
0.142922760136
0.1429496979
0.142995372117
0.143058557947
0.143118591187
0.143192135856
0.143297062623
0.143391238983
0.143478307705
0.143593323779
0.143712265213
0.143824086248
0.143963364029
0.144112333003
0.144265259343
0.144450750148
0.144640166285
0.144852149797
0.145091099782
0.145355476113
0.145646156362
0.145966510377
0.14632677265
0.14673137527
0.147183443843
0.147688090236
0.148253773058
0.148889815276
0.149611729019
0.150430817954
0.151375191879
0.152456364239
0.152768404596
0.152492090558
0.152324906595
0.151749321204
0.150857811526
0.149705405006
0.148351137681
0.146844609595
0.145219705406
0.143497300426
0.141689000685
0.139800077783
0.137831699792
0.13578250599
0.13364961158
0.1314292287
0.129117050292
0.126708508075
0.124198962469
0.121583890207
0.118859097974
0.116021059502
0.113067514896
0.109998403656
0.106817007514
0.10353098057
0.100152875451
0.0966998665018
0.0931926037861
0.0896532723627
0.0861032987343
0.082560667471
0.0790384172512
0.0755415267015
0.0720722862191
0.0686252829547
0.0652352431776
0.0620296620657
0.0597520316205
0.06249120341
0.142185734861
0.142187031971
0.142190478964
0.142190956691
0.142201835409
0.142219125971
0.142237370112
0.142256500809
0.142274876306
0.142293341943
0.142322735495
0.142372694322
0.142433063467
0.142486007114
0.142566045978
0.142660106323
0.142737163353
0.142820573866
0.142930906542
0.143030146569
0.143135132358
0.143269382308
0.143400258178
0.143553526759
0.143725252298
0.14390127929
0.144106625453
0.144334936396
0.144591297563
0.14487420269
0.145193806464
0.145561209404
0.145975389043
0.146445491143
0.146988688975
0.147612476242
0.14833898626
0.149191894927
0.150227336483
0.151283468779
0.151774523004
0.151370060031
0.150990176186
0.150175413198
0.149098100609
0.14779969841
0.146333474711
0.144741574132
0.143050564883
0.141275300222
0.139422958911
0.137495801022
0.135493088552
0.133412388943
0.131250370974
0.129003279301
0.126667225887
0.124238405885
0.121713280632
0.119088796712
0.116362658175
0.113533793218
0.110603201202
0.107575227551
0.104459020734
0.101269689619
0.0980286816334
0.0947631135057
0.0915041415725
0.0882846276763
0.0851368680826
0.0820904340812
0.0791729026605
0.0764096022144
0.0738406153667
0.0715105628158
0.0695289891335
0.0680116104034
0.067525213947
0.0677354453875
0.141552047824
0.141554150105
0.141559741732
0.141569839175
0.141570531312
0.141582647211
0.141596365729
0.141609983545
0.141623770208
0.141633340508
0.141646429624
0.141676617257
0.141724413391
0.141772634614
0.141822504422
0.141903138692
0.141980210655
0.142041722085
0.142126234406
0.142216887735
0.142297452931
0.142402636019
0.142517978831
0.142638180697
0.142778164087
0.142927799212
0.143092980094
0.143286041549
0.14349814742
0.143737856612
0.144016766592
0.14433553198
0.144700440473
0.145122501497
0.145623208111
0.146216298732
0.146926284726
0.147777147566
0.148859907931
0.149787400832
0.150389137755
0.149895969414
0.149408031064
0.14841249622
0.147183342017
0.145765935976
0.144209696138
0.142549795817
0.140806661256
0.138989909911
0.137102919862
0.135145509016
0.13311551208
0.131009801357
0.128824882968
0.126557244764
0.124203570369
0.121760928993
0.119226959217
0.116600131066
0.113880080959
0.111068234972
0.108168955129
0.105191194779
0.102150221545
0.0990687341176
0.0959768171689
0.0929105619177
0.0899096238692
0.0870140919768
0.0842616700439
0.081684604305
0.0793104152393
0.0771597314502
0.0752709149478
0.0736774054235
0.0725807210015
0.0722932815585
0.0730841339888
0.0701779285199
0.140913932282
0.140915367598
0.140917503671
0.140933400992
0.140936385548
0.140944230514
0.140953280804
0.140961205316
0.140968872236
0.140970735512
0.140971504091
0.140979108122
0.141006149479
0.141045821695
0.141081255536
0.141126877904
0.14119753967
0.141256699664
0.141307542678
0.141381621902
0.141451873667
0.141520647517
0.1416101375
0.141702728196
0.141807708701
0.141926195859
0.142055308867
0.142204585532
0.14237420252
0.142570136597
0.142792102471
0.143048809315
0.143350169394
0.143709732358
0.144144571278
0.144676111152
0.145333210014
0.146162616815
0.147257190614
0.148133375414
0.148716114833
0.148113095953
0.147552660948
0.146431615938
0.145091871049
0.143589236545
0.141971009669
0.140264745858
0.138486019953
0.136640622087
0.134729221798
0.132750030016
0.130700079901
0.128575998616
0.126374443286
0.12409235982
0.121727147073
0.119276841697
0.116740312991
0.114117580597
0.111410215629
0.108622156402
0.105761221059
0.102841172432
0.0998836204002
0.096918865081
0.0939851253345
0.0911261535647
0.0883877779823
0.0858138787554
0.0834429207847
0.0813035106182
0.0794139844196
0.0777714978648
0.0763655159959
0.0751117980782
0.0741860307213
0.0736165556259
0.0738307705085
0.0788155194524
0.140275931111
0.140276800158
0.140278011845
0.140291770485
0.140304394525
0.140305659276
0.14030794991
0.140308645692
0.140308188223
0.140304541758
0.14029561633
0.140287176262
0.140289363604
0.140308923624
0.140337518153
0.140358059313
0.140398194583
0.140449681112
0.140483991803
0.140525158726
0.140579839026
0.140625903013
0.140680187468
0.14074512557
0.140815768598
0.140895239607
0.140987716926
0.141091980558
0.141219987935
0.141364159718
0.141523337834
0.141713585695
0.141936076697
0.14220714957
0.142537690531
0.14295848714
0.143510205315
0.14425387821
0.145335564101
0.146388263991
0.146852890529
0.146023418748
0.145387037521
0.144204905884
0.142808273653
0.141261149125
0.139613331804
0.137885094034
0.136088807408
0.134228345088
0.132303140603
0.130310824361
0.128248334438
0.126112533004
0.123900545008
0.121609980874
0.119239081863
0.116786927047
0.114253647052
0.111640814499
0.108951910721
0.10619338782
0.10337662952
0.100520445156
0.0976530068119
0.0948121364013
0.0920434752222
0.0893968542065
0.0869217363751
0.0846623883019
0.082654363182
0.0809200573353
0.0794718727994
0.0782942790786
0.0773506674422
0.0764716090809
0.0756776438685
0.0738590268146
0.0733868538553
0.0763269878676
0.139632175141
0.139632252852
0.139634625811
0.139638738222
0.13965345394
0.139656556552
0.139655978284
0.139650087822
0.139641424841
0.139631832207
0.139614595678
0.139595740713
0.13957561546
0.139569601057
0.139580326869
0.139594350409
0.139603478497
0.139630164968
0.139654823782
0.139668951249
0.139688311046
0.139715775508
0.139740064141
0.13976922324
0.139805123501
0.139848541471
0.139897061409
0.139958608167
0.140029629552
0.140111869583
0.140201611561
0.140310822001
0.140441308419
0.140599007744
0.140791130587
0.141045526032
0.141400319687
0.141872238248
0.142623713319
0.14396091801
0.144585267727
0.143541903132
0.142850532556
0.141702896853
0.140326826517
0.138784485475
0.137141155486
0.135415263984
0.133618947994
0.131756439888
0.129827570002
0.127830440524
0.125762567257
0.123621481737
0.121405053047
0.119111728826
0.116740691327
0.114292112593
0.11176739149
0.109169636881
0.10650419556
0.103780037546
0.101012267473
0.0982250406138
0.0954533325075
0.0927423329563
0.0901442523653
0.0877132820867
0.0854998662547
0.0835450944136
0.0818769445418
0.0805063521658
0.079436433084
0.0786439854536
0.0781613453174
0.0780665385302
0.0785062721942
0.0756414455741
0.0764737398206
0.0769702950616
0.138974814964
0.138972101312
0.138970834329
0.138964882403
0.138972911002
0.138986152881
0.138990539995
0.138981515476
0.138966638087
0.138949525142
0.138927229538
0.138897068794
0.138865838925
0.138834413548
0.138818060575
0.138817133495
0.138812425668
0.138806788171
0.138811273702
0.13881127399
0.138799956839
0.138790373097
0.13878892595
0.138783047072
0.138780691642
0.138783399473
0.138786830857
0.138792029348
0.138798085364
0.138806590866
0.138816759288
0.138836333634
0.138870501837
0.138907234376
0.138949887978
0.139015829929
0.139061424925
0.13905304378
0.138928133713
0.138284623324
0.14110792917
0.140628152296
0.139992838219
0.138958905833
0.137676335661
0.136183321694
0.134571942673
0.132867356651
0.13108496513
0.129231126858
0.127307253586
0.125312670019
0.123245933971
0.121105540863
0.118890286559
0.1165995682
0.114233563991
0.111793560038
0.109282204273
0.106704108835
0.104066425198
0.101380664898
0.0986658778633
0.0959519435717
0.0932808924976
0.0907050466955
0.0882822294587
0.0860693114544
0.0841155714474
0.0824563865704
0.0811090669044
0.0800670327158
0.079303022935
0.0787339083917
0.0784054254315
0.0783394020867
0.0786272667471
0.0815713233302
0.0785129229146
0.0779255596644
0.138307647099
0.138300571091
0.13829193493
0.138282415132
0.138280911487
0.138292714096
0.138302276605
0.138296556569
0.138280733851
0.13825860779
0.138232568523
0.138196398862
0.13815696211
0.138111201844
0.138069255412
0.138037705063
0.138018070414
0.137991205304
0.137964154709
0.137941544379
0.137912380409
0.137870085507
0.137827720123
0.137789328016
0.137747619813
0.137700574982
0.137650400516
0.137593129918
0.1375353568
0.137470112401
0.137410357595
0.137342267356
0.137268788928
0.137185802943
0.13709869682
0.136977187661
0.136770755706
0.136440185516
0.135695069639
0.13547787748
0.136541758418
0.137278588667
0.137014626628
0.136113388447
0.134933261486
0.133502622444
0.131933696093
0.130259269905
0.128498764373
0.126660749639
0.124748365372
0.122762319625
0.120702338465
0.118567973613
0.116359006698
0.11407582043
0.111719593625
0.109292715947
0.106799039788
0.10424463585
0.10163838778
0.0989944088603
0.0963360080652
0.0936992440402
0.091133419422
0.0886975931834
0.0864540167218
0.0844605050124
0.0827632915519
0.0813912478991
0.0803534495024
0.0796326722787
0.0791790076838
0.0788644425609
0.0786671084194
0.078014122657
0.0780234732154
0.0790162595316
0.0782677209994
0.0779625363682
0.137641894483
0.137630906133
0.137617196151
0.137605160612
0.137594170645
0.13759107752
0.13759559273
0.13759820323
0.137585904587
0.137562870029
0.137532271977
0.137494288966
0.137444043827
0.137392096345
0.13733240942
0.137275643441
0.137224316878
0.137178958589
0.137126586841
0.137071174481
0.137015267016
0.13695104159
0.136873843908
0.1367925139
0.136707865465
0.136611621246
0.136503325775
0.136390946386
0.136266600344
0.136137182035
0.135990036825
0.135826100786
0.135648159581
0.135464652032
0.135267764855
0.135025205686
0.134742224347
0.134404220743
0.134068899661
0.133693626314
0.133745897386
0.134343171678
0.134185792383
0.133313124796
0.13217818726
0.130787504145
0.129253948399
0.127608931366
0.125872625381
0.124054168711
0.122157630041
0.120184722408
0.118136158129
0.116012457324
0.11381433438
0.111543126607
0.10920097187
0.1067913276
0.104319183526
0.10179202024
0.0992203738577
0.096621075502
0.094022117789
0.0914662530911
0.0890101920416
0.0867190851972
0.0846581109172
0.0828838245318
0.081436876749
0.0803375144728
0.0795861346272
0.0791591180889
0.0790244694287
0.079187351516
0.0796853342529
0.0784671523672
0.0785867634682
0.0783927690032
0.0779597406194
0.07773960933
0.136982523322
0.136970457117
0.136955332956
0.136938822044
0.136921532416
0.136904807516
0.136896639909
0.136899866878
0.13689014349
0.136866659128
0.13683209328
0.136789065465
0.136733519255
0.136669192352
0.136600299717
0.136521597487
0.136441541446
0.136365077491
0.136291785661
0.136209172352
0.136121891072
0.136023847853
0.135920574022
0.135798491006
0.135665370755
0.135519838223
0.135361129256
0.135187256959
0.134996447034
0.134780830025
0.13453987166
0.134294300793
0.134032887594
0.133756325207
0.133452040523
0.133116741593
0.13276365509
0.132429333735
0.132205866389
0.132438502501
0.131964786851
0.131873972494
0.131549911623
0.130591877003
0.129441581146
0.12806102751
0.126549735089
0.124929228447
0.123216518235
0.121419291966
0.119541488418
0.117585248253
0.115551950485
0.113442904318
0.111259641206
0.109004382419
0.106680153324
0.104291429361
0.101844254695
0.0993474770812
0.0968132013498
0.0942611750485
0.0917246236379
0.0892535543216
0.0869120854595
0.0847705589593
0.0828952924017
0.0813392611209
0.0801348377537
0.0792906530627
0.0787907500682
0.0785865079723
0.0786386298769
0.0789276278957
0.0792720404754
0.0808380219779
0.0787656859955
0.0780164844607
0.077567295087
0.0773672131077
0.136327272353
0.136319015299
0.136303984685
0.136284655334
0.136261854079
0.136236973678
0.136215076538
0.136207294198
0.136198551639
0.136174183623
0.136136231761
0.136086537378
0.136026840377
0.135952707533
0.135870653822
0.135774293859
0.135670685315
0.135567442827
0.135461173949
0.135351697503
0.135236612546
0.135106616003
0.134962267344
0.134803080716
0.134622415679
0.134424724736
0.134211213478
0.133970328915
0.133699431665
0.133398127082
0.133093439485
0.132763955364
0.132407701194
0.132023630067
0.131606210547
0.131162609314
0.130716301148
0.130306758207
0.12995896867
0.129917523573
0.130014166974
0.129538503532
0.1289979265
0.127906660249
0.12671131529
0.125324022577
0.123826515864
0.12222697859
0.120537291047
0.118762491382
0.116905690376
0.114969020856
0.112954255072
0.110863322957
0.108698450686
0.106462668411
0.104159805612
0.101795308006
0.0993761814319
0.0969126162727
0.0944181995882
0.0919159041328
0.0894448752717
0.0870629467469
0.0848414623056
0.0828547600906
0.0811682802089
0.0798290883972
0.0788595572226
0.0782566458396
0.0779884566166
0.0779925259314
0.0782281628588
0.07852772908
0.0786168763644
0.0787095841912
0.0779026828017
0.077373596926
0.0770433890226
0.076893911273
0.135680088243
0.135676961872
0.135662864973
0.135642113912
0.135615376599
0.135584258274
0.135553095938
0.135526606589
0.135511413676
0.135487155225
0.135446837132
0.135391722514
0.135323449778
0.135242680499
0.135143973104
0.1350376989
0.134916245553
0.134789171923
0.134651590233
0.134510455395
0.134360712247
0.134200069852
0.134012950072
0.133807975978
0.133579767717
0.133330626332
0.133052500209
0.132740343987
0.13239205944
0.132032893962
0.131644236729
0.131212928638
0.130749505045
0.130253016794
0.129728326836
0.129194024493
0.128712952407
0.128325622754
0.128167624295
0.128418544911
0.128030144579
0.127110797345
0.126393220865
0.125190611504
0.123957449065
0.122565767852
0.121082847363
0.119504985083
0.117839516025
0.116088901152
0.11425535619
0.112340882577
0.1103475252
0.108277742522
0.106134367402
0.103921185767
0.101642752304
0.0993054507726
0.0969171520516
0.0944893939703
0.092037154437
0.0895870795191
0.0871850525747
0.0848972568834
0.0828018413503
0.0809756691451
0.0794810957616
0.0783568017665
0.0776125017092
0.0772305387227
0.0771665027624
0.0773866019006
0.0778519504974
0.0780755402467
0.0787601601955
0.0777926361799
0.0771549169679
0.0767358101909
0.0764851238462
0.0763744285889
0.135049045589
0.135045541554
0.135031758604
0.13500910407
0.134979627422
0.134944045044
0.134905979039
0.13486696157
0.134833992793
0.134806730938
0.134765823729
0.13470646874
0.13463038334
0.134538867715
0.13442998426
0.134307763155
0.134175217593
0.134022132322
0.133860869242
0.133687774666
0.133501917415
0.133301296033
0.133074953102
0.132821559647
0.132544252135
0.132239003421
0.131898270647
0.131515886525
0.131109321951
0.130667651724
0.130175119954
0.12963934723
0.12906228603
0.12844788017
0.127806067818
0.127173798135
0.126604602054
0.1261231029
0.125800681255
0.125399649032
0.125433488806
0.124383913188
0.123626539222
0.122390795585
0.121155899235
0.119776909002
0.118316923769
0.116765293928
0.115127089506
0.113403180515
0.11159531839
0.109705526534
0.107736155869
0.105690191189
0.103571030558
0.101383199287
0.0991319093564
0.0968244788457
0.0944695434708
0.0920800378145
0.0896722254541
0.0872770509211
0.0849480501124
0.0827601307501
0.0807974632058
0.0791376564702
0.077837883771
0.076926791933
0.0764000120112
0.0762217934318
0.0763255081105
0.0766465878564
0.0770416907086
0.0778472087215
0.0773115925816
0.0767730931709
0.0763614664537
0.076082236262
0.075910340989
0.0758335311189
0.13443364229
0.134425226362
0.134410038858
0.134385134049
0.134353035493
0.134314283799
0.134269615345
0.134223703042
0.134178064006
0.134136280006
0.134093698998
0.13403205106
0.133950179113
0.133849538735
0.133731527525
0.133594493466
0.13344124046
0.133270833872
0.133083409108
0.132882992262
0.132662499347
0.132418534779
0.132148637545
0.131849608701
0.131522068252
0.131158402711
0.13075331306
0.130309158513
0.129823240749
0.129282117917
0.128688833825
0.12804263904
0.127347592244
0.126608706476
0.125839540653
0.125077810343
0.124319796259
0.123551849708
0.122764097915
0.12172296877
0.122303252695
0.121387959332
0.120706070244
0.119505289591
0.118304268161
0.116957394372
0.115530875656
0.114011564769
0.112404536712
0.110710216305
0.108930483106
0.107067664677
0.105124543554
0.103104694167
0.101012077384
0.0988519793164
0.0966302130027
0.0943550633544
0.0920358259849
0.0896869394482
0.0873258278258
0.0849885853595
0.0827373823631
0.0806559763985
0.0788332668393
0.0773451933432
0.0762410101703
0.0755377136492
0.075218737939
0.0752417044754
0.0755415197898
0.0760147008606
0.0762963508498
0.0764379056021
0.0761100987423
0.075803351124
0.075564850929
0.0754054861573
0.0753047932576
0.0752408963191
0.133828729977
0.133816314979
0.133798301693
0.133772262234
0.133738609021
0.133698228591
0.133650941617
0.133597576223
0.133544814938
0.133487134916
0.133430983111
0.133366925178
0.133281832971
0.133174773824
0.133046415835
0.13289765455
0.132726266239
0.1325357881
0.132326048873
0.132095709048
0.131838929836
0.13155435467
0.131240816186
0.130896534332
0.130514899508
0.130090131589
0.129618773944
0.129099814896
0.128522387966
0.127887374507
0.127191343487
0.126433821385
0.125616844649
0.124749257004
0.123842219056
0.122900954202
0.121901682311
0.120800871311
0.119789663625
0.118438264484
0.119082411333
0.118281450082
0.117695683696
0.116561621946
0.115415848249
0.114115432207
0.112731184154
0.11124973509
0.109677562987
0.108015497634
0.106266053208
0.10443214134
0.10251712496
0.100525263487
0.098461099302
0.0963307352152
0.0941405337782
0.0918998236045
0.0896184411654
0.0873125105012
0.0850004519704
0.0827246497842
0.0805569186704
0.0785897524087
0.0769151507469
0.075604548756
0.0746953838026
0.0741882825808
0.0740507730769
0.0742336309727
0.0746616598351
0.075218888189
0.0759987319051
0.0753853559506
0.0750826292811
0.0748873421178
0.0747666845345
0.074697752095
0.0746535626519
0.0746185694514
0.133230976445
0.133218392345
0.133199434901
0.13317497425
0.133142502657
0.133102267386
0.133053976682
0.132996921648
0.132933644587
0.132867348798
0.132791717713
0.13271426556
0.132622866551
0.132511437153
0.13237502626
0.13221425349
0.13202930723
0.131818185726
0.131583829502
0.131323041483
0.131033219994
0.130709858348
0.13035364853
0.129958858026
0.129519728445
0.129032324701
0.128489268171
0.127887314947
0.12722208862
0.12649116563
0.125689041312
0.124814201953
0.123872741966
0.122868396153
0.121792968418
0.120633591851
0.119413133911
0.118089490661
0.116927168898
0.115227557864
0.115885249254
0.115150534785
0.114647627172
0.113590601267
0.112509642881
0.111263814103
0.109927430762
0.108487688414
0.10695303925
0.105325180622
0.10360758707
0.101803960466
0.0999183709091
0.0979558618648
0.095921581374
0.0938225336262
0.0916655758729
0.08946120821
0.0872196621018
0.0849590167757
0.082698452259
0.080488111627
0.0784103610481
0.0765659819954
0.0750483053762
0.073922063669
0.0732112323305
0.0728986796218
0.0729266198086
0.0732058555878
0.0736465488032
0.0743789004975
0.0743979742387
0.074177084836
0.0740398840426
0.0739645812798
0.073945642704
0.0739530786613
0.0739545264339
0.0739606746183
0.132652089877
0.132640205743
0.132625200491
0.132604106883
0.132574180891
0.132534457883
0.132484606018
0.132424144166
0.132352195855
0.132275953778
0.132188040901
0.132088855427
0.131978504228
0.131861042569
0.131716928147
0.131546237809
0.131346024764
0.131116876195
0.130857290544
0.1305675068
0.130243472563
0.129882449252
0.129481110789
0.129033162997
0.128535966689
0.127983068406
0.127367365194
0.12668415173
0.125929066563
0.125099700798
0.124190451528
0.123199298057
0.122128017547
0.1209671203
0.119691095584
0.118330558243
0.116897083477
0.115317426323
0.113865290657
0.111985451591
0.112699773456
0.112032716524
0.111599856971
0.110620082401
0.109605647566
0.108417205464
0.107130897746
0.105734575375
0.10423868871
0.102645945598
0.100960925011
0.0991882327148
0.0973327313423
0.095400336181
0.093396819723
0.0913301991479
0.0892077588186
0.0870413598251
0.0848414387013
0.0826284087329
0.0804218590106
0.0782815345405
0.0763009460401
0.0745880604209
0.0732347966548
0.0722963503806
0.0717849548781
0.071676645725
0.0718946742928
0.0722931775402
0.0727327470767
0.073078398987
0.0730765750313
0.0730205607717
0.0729984307933
0.0730120427109
0.0730614921335
0.0731302028679
0.0731595448314
0.0731870137026
0.132115787753
0.132107126579
0.132093960501
0.132073120018
0.132043037113
0.132001597429
0.131948073491
0.131882044298
0.131802853726
0.131711732365
0.131613996821
0.131502351503
0.131376838483
0.131236124816
0.131076768464
0.130894097049
0.130679323346
0.130430588278
0.130149174473
0.129829101642
0.129471455849
0.129071583128
0.128624630463
0.128122982126
0.127566567098
0.126949101218
0.126259976076
0.125494613309
0.124650181692
0.12372282826
0.12270520091
0.121589937032
0.120376675349
0.11902743518
0.117553576768
0.115978087961
0.114258971106
0.112359243008
0.110677479448
0.108829895666
0.10955967289
0.108959027052
0.108583138847
0.107674450503
0.10672277818
0.105590377091
0.104353392712
0.103000101253
0.101542672691
0.0999847562258
0.0983320409318
0.0965900700485
0.0947645454609
0.0928623263004
0.0908898208298
0.0888561983575
0.0867690826968
0.0846419615807
0.0824852230825
0.0803221334326
0.0781721832277
0.0761070261934
0.0742315028947
0.0726590098937
0.0714761829303
0.0707238007402
0.0703983271409
0.0704615639523
0.07081851271
0.0713469279893
0.0721089002784
0.0718984363729
0.0718789971503
0.071887331402
0.071928305395
0.0719886997918
0.0720564697587
0.072144629133
0.0721962479229
0.0722129076769
0.131622663417
0.131619160841
0.131605044235
0.131582669632
0.131549823754
0.131504072118
0.131444622849
0.131371180883
0.131283404855
0.131180125245
0.131067492213
0.130946014991
0.130812906503
0.130650900788
0.130470582584
0.130265394917
0.130031430451
0.129763812557
0.12945880078
0.129110242821
0.128719238991
0.128280625068
0.12778542825
0.127230657963
0.126615872658
0.125932092487
0.125171215656
0.124325733726
0.123392613689
0.122368551418
0.121240505124
0.119992673759
0.118606026743
0.117063028393
0.115388762945
0.113556025685
0.111585016091
0.109421971903
0.107661434202
0.105804718075
0.10650645098
0.10595457872
0.105620927154
0.10477366512
0.103877594158
0.102797031646
0.101606365352
0.100293923526
0.0988731972845
0.0973486049574
0.0957268709337
0.0940144589288
0.0922179340251
0.0903451597698
0.0884031883345
0.0864025118006
0.0843509794499
0.0822640671177
0.080151772962
0.0780409120193
0.0759501521949
0.0739659354549
0.0722039740049
0.0707806530363
0.0697739417192
0.0692111344303
0.069069971494
0.0692449585403
0.0695976311707
0.0704151930019
0.0706076910542
0.0706273649736
0.0706711333137
0.0707316870478
0.0708061537293
0.0708810436752
0.0709430446954
0.0710015656371
0.0710609255775
0.0710528709915
0.131152111405
0.131153952566
0.131142831874
0.131121613553
0.131086212713
0.131035492836
0.130969440592
0.13088822468
0.130791805097
0.130679801494
0.130552142738
0.130412997659
0.130264086157
0.130095560885
0.129897239497
0.129667652251
0.129408811257
0.129117035691
0.12878426639
0.128409011367
0.127986775053
0.127505370393
0.126964592657
0.126358900811
0.125687170883
0.124941438399
0.124109417345
0.123186189853
0.122169364125
0.121051370259
0.119800198036
0.118392242662
0.116829718875
0.115108489749
0.113218580676
0.111173737451
0.108992373819
0.106590338925
0.10479039169
0.102899338189
0.103559798885
0.103034839023
0.102728735607
0.101932536895
0.101083523463
0.100049080905
0.0989003356132
0.097625241248
0.096238227816
0.0947443133909
0.0931511676248
0.0914661436371
0.0896966946008
0.0878517450818
0.0859390066759
0.0839705004923
0.0819541580163
0.079907925579
0.0778409510229
0.0757845137718
0.0737554528405
0.0718585792085
0.0702189831834
0.068951967845
0.0681224444943
0.0677472046007
0.0677962909323
0.068152809718
0.068645249027
0.0691731003659
0.0692960925365
0.069373271808
0.0694555602179
0.069546094213
0.0696373371908
0.069718517727
0.0697816547963
0.0698236859494
0.0698695201376
0.0698826099794
0.13070135818
0.130705588042
0.130699603847
0.130679987584
0.130642095569
0.130587281827
0.130515955256
0.130428307353
0.130324314366
0.130203782797
0.130065752363
0.129909894445
0.129739068667
0.129552808131
0.129341205998
0.129095784706
0.128814587741
0.128494436709
0.128133369161
0.127728673188
0.12726970835
0.126750926558
0.126167430802
0.125514006404
0.124788532566
0.123980634453
0.123081654519
0.122084068003
0.120986490666
0.119759098277
0.118353638431
0.116793246773
0.115071033668
0.113165885735
0.111083246895
0.108848203792
0.106439046726
0.103835401094
0.102070310768
0.100138518718
0.100730658654
0.100204124131
0.0999124241122
0.0991597392899
0.0983504212266
0.0973564015455
0.0962447247844
0.0950026680444
0.0936453813668
0.0921784361697
0.0906104114417
0.088949540558
0.0872042129607
0.0853844722796
0.0834987259542
0.0815607677926
0.0795784415915
0.0775728012116
0.0755515325666
0.0735515808716
0.0715866102913
0.0697842009732
0.0682756945592
0.0671711131394
0.0665220452433
0.0663223819664
0.0664505948543
0.0668069626262
0.0678274186235
0.0678731988651
0.0680000574713
0.0681098225505
0.0682178906593
0.0683266812439
0.0684283937044
0.0685158894133
0.068584254046
0.0686280169933
0.068666831756
0.0686967381391
0.130283659455
0.130282225883
0.130275436367
0.130251959119
0.130210803845
0.130153570434
0.130079767394
0.129988188592
0.129878609058
0.129750757841
0.129603920664
0.12943686248
0.129248445752
0.12903958568
0.128808169214
0.128549091911
0.128247515449
0.127902858709
0.127514195275
0.127075526883
0.126580869727
0.126024567998
0.125399366175
0.12470026055
0.123922336466
0.123056768167
0.122089574442
0.121020537881
0.119827327338
0.118454502104
0.116916674088
0.115224207719
0.113343316599
0.111262812573
0.109004498376
0.106550105899
0.103961173953
0.101221439351
0.0994644806218
0.0974220344432
0.0979881792263
0.0974495287152
0.0971667123319
0.0964578572995
0.0956854265121
0.0947276698933
0.0936483911542
0.0924345135592
0.091102043624
0.0896572846577
0.0881097869231
0.0864686898672
0.084743397519
0.0829451268959
0.0810830509705
0.0791730117413
0.0772225787656
0.0752567464081
0.0732809436253
0.0713394123474
0.0694410273655
0.0677413781821
0.0663720489799
0.0654333247883
0.0649702456896
0.0649625437359
0.0652262353552
0.0655752537224
0.0662839711956
0.0665301157209
0.0666897846219
0.0668279407215
0.0669526860095
0.0670723322114
0.0671806050547
0.0672731652381
0.067346329396
0.0673910385208
0.0674324742098
0.0674696197955
0.129893685464
0.129884798461
0.129869669894
0.129840829879
0.129796891406
0.129737570934
0.129661631841
0.129567656393
0.129454489046
0.129321102925
0.1291669688
0.128991017444
0.128791610268
0.128566511059
0.128316828921
0.128035963426
0.127709327359
0.127343175212
0.126926988606
0.126456045499
0.125925553195
0.125331388919
0.124666865121
0.123922035539
0.123094103831
0.122165823372
0.121131705104
0.119979180367
0.118662516563
0.117176008603
0.115533058488
0.113711264955
0.111678096028
0.109430382085
0.106961445279
0.104300940426
0.101561942492
0.0986394563148
0.0968680763985
0.0946359153781
0.095254827567
0.0947421836145
0.0944826824362
0.0938296681858
0.0930972242699
0.0921728822919
0.0911209019962
0.0899293497324
0.0886155897187
0.0871869923466
0.0856541831521
0.0840272289113
0.082316636026
0.0805348249475
0.0786918461292
0.0768058757904
0.0748840202825
0.0729562686649
0.0710247660517
0.0691433196354
0.0673141858679
0.0657273834974
0.0645077901919
0.0637462154525
0.0634620213693
0.0635159334991
0.0637918043047
0.0650174619108
0.0649820201172
0.0651796335719
0.0653617711704
0.065523719906
0.0656629924072
0.0657907005467
0.0659032734303
0.0659990450728
0.0660778429735
0.066128524329
0.0661720009341
0.0662080090099
0.129521237326
0.129508777547
0.129486041883
0.129455442242
0.129409020345
0.129346481139
0.129266878871
0.129169544853
0.129052842413
0.128915319449
0.128755249873
0.128571784248
0.128363041877
0.128126395688
0.127859203524
0.127551617232
0.12720718677
0.126816474041
0.126369259209
0.125869307637
0.12530690608
0.124676677034
0.123969786827
0.123181267509
0.122297995213
0.121304682611
0.120199805551
0.118952947333
0.117540844678
0.115962798079
0.114220074562
0.112268451268
0.110075814986
0.107633885536
0.104946514253
0.102110714764
0.0991409521286
0.0960012648547
0.0939616284624
0.0915154287077
0.0924182614506
0.0920760597598
0.0918784006935
0.0912939655056
0.090602824428
0.0897060368217
0.088673448903
0.087496234066
0.0861933876349
0.0847734723954
0.0832481561393
0.0816283676969
0.0799257756556
0.0781539845376
0.0763240862938
0.0744568506789
0.0725587398889
0.0706659810793
0.0687760680117
0.0669554767655
0.0651973652252
0.0637328926111
0.0626737237765
0.0621158873121
0.0620584420313
0.0622514175811
0.0624860179058
0.0632164616873
0.0635371832219
0.063803634276
0.0640290364314
0.0642158892527
0.0643724228441
0.0645093815777
0.0646273241959
0.0647255176008
0.0648045673891
0.0648673527905
0.0649173198032
0.064953482057
0.129169140505
0.129156048343
0.129130930524
0.129098652306
0.129049189355
0.128982962237
0.128899209979
0.128797207128
0.128675962231
0.128533801134
0.12836875631
0.128178679784
0.127960934545
0.127712325929
0.12742778749
0.127105165699
0.126740676683
0.126321132776
0.125849780249
0.125321833177
0.124721980907
0.124055245671
0.123311818248
0.122475729942
0.121529629679
0.120478740731
0.119304108288
0.11797314823
0.116477564647
0.114821140798
0.112973122945
0.110872934417
0.108518816235
0.105888251664
0.103038020092
0.0999702314744
0.0966208380219
0.0929808442585
0.0903861503233
0.088344691645
0.089570265909
0.0895495621106
0.0894307010684
0.0888947153268
0.0882278093888
0.087343589537
0.0863175549205
0.0851438969895
0.0838423543849
0.0824222061192
0.0808958490879
0.0792748781036
0.0775721415007
0.0758023503911
0.0739778815597
0.0721222932427
0.0702412656479
0.0683785923224
0.0665251978849
0.0647641546809
0.0630755630528
0.0617397290928
0.0608487688239
0.060489993426
0.0605450906722
0.0608233287105
0.0620588358297
0.0620345004142
0.0622454436884
0.0624923951236
0.062727942192
0.0629363758289
0.0631116112961
0.0632639661875
0.0633952371658
0.06350486588
0.063591641056
0.0636636272229
0.0637132603375
0.0637400426768
0.128842685025
0.128830078094
0.128804751319
0.128769385403
0.128716540879
0.128646524093
0.128558600458
0.128452089381
0.128325997838
0.128178834567
0.128008751818
0.127812531546
0.127587006923
0.127327992741
0.127031511409
0.126693510405
0.126306163089
0.125865248304
0.125368667005
0.124803545905
0.124174032749
0.123477664324
0.122687793841
0.121791585954
0.120801209517
0.119697241299
0.118442998069
0.117040545568
0.115482720842
0.113737632864
0.111762574995
0.109538729191
0.107050980698
0.104290655592
0.10127085122
0.0979009414123
0.0941129361324
0.0896685403925
0.0870191080471
0.0859358203711
0.0871758975838
0.0873607135243
0.0872335692473
0.0866737890915
0.0859917154568
0.0850971966229
0.084061738396
0.0828792826189
0.0815683548227
0.0801380367536
0.078600967197
0.0769691494974
0.0752566175825
0.0734790731212
0.0716505490435
0.069797509297
0.0679248900505
0.0660854504062
0.0642610398653
0.0625556090761
0.0609281759464
0.0597189303521
0.0590034960148
0.0588516938867
0.0590142138615
0.0594523584954
0.0601530724098
0.0605313091812
0.06087263548
0.0611802379823
0.0614503395466
0.0616895403313
0.0618938968337
0.0620700671338
0.0622221851268
0.0623502332106
0.0624544273224
0.0625324903364
0.0625769193343
0.0625860451336
0.128542990674
0.128531350735
0.128504976056
0.128465586185
0.128410099186
0.12833638664
0.128244459285
0.128133934129
0.128003840485
0.127852508965
0.127677517265
0.127475794658
0.127243090971
0.126975087222
0.126667478998
0.126313773488
0.125907348451
0.125444831625
0.124918849104
0.124324687581
0.123666549028
0.122925230518
0.122082787802
0.12115135266
0.120120862484
0.118944247946
0.117626133845
0.116170921177
0.114536748041
0.112699849481
0.110632661757
0.108307549352
0.105710686264
0.102840033088
0.0996610029007
0.0960849762667
0.0920338349015
0.0868527647981
0.0864549322697
0.0860090020529
0.0857909705464
0.0855565123213
0.0852723536559
0.0846236634171
0.0838922545557
0.0829683534808
0.0819097040399
0.0807070139164
0.079376129242
0.0779252712316
0.0763669473468
0.0747133801152
0.0729798259021
0.0711828500786
0.0693386868611
0.0674767258923
0.0656015911835
0.0637766766868
0.0619724631066
0.0603192668186
0.0587418783802
0.0576503649631
0.0570828589202
0.0570401690276
0.0572799563625
0.0582483849283
0.0587732550379
0.0591503336646
0.0595363454581
0.0598885444579
0.0601996743987
0.0604737900238
0.060717339786
0.0609245359695
0.0611011064583
0.0612477414776
0.0613656810623
0.0614492520213
0.0615005255837
0.0615152145367
0.128269276414
0.128258630326
0.128230327675
0.128188261473
0.128130222087
0.128052051388
0.127955918115
0.127841950733
0.127709111367
0.127555149528
0.127376881685
0.127170459237
0.126931476651
0.126655479229
0.126336187
0.12596599931
0.125539898658
0.125054323482
0.124503039267
0.12388055779
0.12318414401
0.122400679521
0.121526187087
0.120563795791
0.119472876404
0.118232625613
0.116866074307
0.115356704943
0.113658447432
0.111741346708
0.109580115424
0.107169450968
0.10449330447
0.101534896519
0.0982802017401
0.0947031876401
0.0908419315934
0.0864773452397
0.0861214017282
0.0851384538556
0.084570913203
0.083870568822
0.0834287543719
0.0826981636857
0.0819128453607
0.0809526486099
0.0798625282787
0.0786305669956
0.0772700020506
0.0757881781537
0.0741973615362
0.0725099333675
0.0707424360252
0.0689121708702
0.0670382988621
0.0651529758665
0.0632614865125
0.0614397581013
0.0596455115366
0.0580440990163
0.0565163553137
0.0555703294044
0.055149575465
0.0550747304637
0.0553639361524
0.0565941233903
0.0572215634892
0.0577202772755
0.0581816329676
0.0585944386438
0.0589656292038
0.0592882253606
0.0595751978585
0.0598183274834
0.0600227010225
0.0601907944891
0.060323851718
0.0604124244597
0.0604743307018
0.060506449512
0.128022869868
0.128011886901
0.127982942797
0.1279409404
0.127877135613
0.127793102594
0.127692864362
0.127577084117
0.127443940914
0.127289871575
0.127110492845
0.126901028826
0.126656470537
0.126371386615
0.126038753431
0.125650741518
0.125202652538
0.124691702498
0.124113408974
0.123466364858
0.122740886595
0.121924156359
0.121019618573
0.120012453465
0.118865720346
0.117579764825
0.116167749065
0.114602530243
0.112832963275
0.110846164682
0.108626178952
0.106134624094
0.103363390767
0.100344704999
0.0970597624232
0.0935669493793
0.0900015725415
0.0864713350719
0.0854661675768
0.0827124031642
0.0828753149112
0.0821349142442
0.0816398216273
0.0808699652934
0.080043482053
0.0790481974291
0.0779224036429
0.0766541150742
0.0752549268841
0.0737316905433
0.0720964767392
0.0703618390346
0.0685456252326
0.0666657296127
0.0647450944002
0.0628181803955
0.0608925990387
0.0590585070619
0.0572592453611
0.0557036765136
0.0542230229468
0.0534861375797
0.0533145428468
0.0533462640883
0.0535548396039
0.0548398914536
0.055563964976
0.0562238622763
0.056791543931
0.0572895378681
0.0577320966843
0.0581218075969
0.0584566804123
0.0587390360252
0.0589730621332
0.0591631593933
0.0593099916666
0.0594122531612
0.0594862763952
0.0595316759914
0.127809585856
0.127795189814
0.127767848075
0.127725278769
0.12765495019
0.127568874272
0.127469759637
0.127357625603
0.127228169343
0.127075831809
0.126895112123
0.126680565779
0.126426741455
0.126127740815
0.125775616964
0.125363081088
0.124890110279
0.124357173003
0.123759087445
0.123086941105
0.122330217974
0.121487775784
0.120553717143
0.119500641472
0.118305344589
0.116972229049
0.115514800994
0.113906054092
0.112093473193
0.110051901906
0.107738163973
0.105142343631
0.102314802976
0.0992439652319
0.09592700836
0.0924939192224
0.0890303266507
0.0855031314346
0.0836856034965
0.0807039766022
0.0810641960654
0.0804185846105
0.0799257491267
0.0791442924805
0.0782874334804
0.0772591368876
0.0760946354857
0.0747837578064
0.0733373312618
0.0717620741895
0.0700698613725
0.0682733901762
0.0663916770455
0.0644430254376
0.0624550100111
0.0604634919027
0.0584811056301
0.0566136977078
0.0547885982062
0.053264836465
0.051808690191
0.0512646960113
0.0511870872139
0.0514110505917
0.0531302334099
0.0534202517351
0.0540499936913
0.0547323718642
0.0553796285629
0.0559783709498
0.0565007076907
0.0569630338793
0.0573551925533
0.0576816552188
0.057947607629
0.0581600768625
0.0583195235977
0.0584413545516
0.0585258234418
0.0585806693372
0.127635038284
0.127615952252
0.127590087472
0.127547563175
0.12747700514
0.127392493805
0.127298671421
0.127192356469
0.12706559707
0.126911442185
0.126724141292
0.126498196823
0.126228226193
0.125908722328
0.125533315325
0.125098801567
0.124607007687
0.124055529637
0.123436322884
0.122737063383
0.121952557197
0.121081343556
0.120110000412
0.119015511123
0.117783602021
0.116423831366
0.114942752558
0.113292188791
0.111422045073
0.109295691038
0.106882119704
0.104228422218
0.101354762433
0.098201198185
0.0948651359524
0.091456490089
0.087999399255
0.0843836652616
0.0821462237116
0.0789924713982
0.0793863267331
0.0788074571039
0.0783231608573
0.0775394438315
0.0766562531945
0.0755946278614
0.074387743073
0.0730279118403
0.0715255903408
0.06988745829
0.068124987381
0.0662508167957
0.0642847089631
0.0622451300352
0.0601649192503
0.0580798513521
0.0560114827695
0.0540817890419
0.0522023482394
0.0506991949095
0.0492730618856
0.0489312342722
0.0488034336681
0.0491642049833
0.0503498162036
0.0513017689417
0.0522589996692
0.0531379921748
0.0539308237808
0.0546454778964
0.055277560678
0.0558197568644
0.0562789205906
0.0566580701475
0.0569612318589
0.05719869597
0.0573768375671
0.0575126997805
0.0576037379929
0.0576581296725
0.127494022101
0.127472982309
0.127446097583
0.12740261641
0.127333471587
0.127252743803
0.12716722958
0.127064786815
0.126935877646
0.126774057752
0.126574628791
0.126332540119
0.126043336909
0.125703650935
0.125308432943
0.124856417109
0.124347684231
0.123776067463
0.12313206003
0.12240786786
0.121600808742
0.12070306667
0.119700005904
0.11857328456
0.117316716888
0.115937750621
0.114423028661
0.112721646841
0.110784873878
0.108577243159
0.106100610481
0.103397440397
0.100436410458
0.0972186348705
0.0938835172388
0.0904776793707
0.0870069068739
0.0833326897944
0.080838469359
0.0775023153485
0.0778877764873
0.0773461555773
0.0768625453966
0.0760762131744
0.0751652877765
0.0740670287043
0.0728127830391
0.0713971850611
0.0698302171448
0.0681182634796
0.0662718848664
0.0643031489691
0.0622317025964
0.0600757808478
0.0578735574444
0.0556588081286
0.0534674562713
0.0514345337442
0.0494548992716
0.0479466880824
0.0465639537725
0.0465105721557
0.0464940017956
0.0470500821398
0.0484439216615
0.0493769719297
0.0504435885709
0.0514970852415
0.0524729256493
0.0533282095204
0.0540762699895
0.0547128432999
0.0552472714571
0.0556862867757
0.0560313974671
0.0562988628134
0.0565018807681
0.0566512016432
0.0567513323636
0.0568029080479
0.127371646467
0.127352524371
0.127323441168
0.127273985143
0.127210333153
0.127144719211
0.12706670233
0.126962348132
0.126824966488
0.126649257644
0.126432637505
0.126171080832
0.125863246846
0.12550724084
0.125098045898
0.124633100549
0.124108384701
0.123517057065
0.122851586059
0.122106501257
0.121277190226
0.120355228054
0.119327078218
0.118178093132
0.116900425045
0.115495081776
0.113939071108
0.112181044136
0.11018442274
0.107921158716
0.105390619808
0.102614021809
0.0995638066582
0.0963083486816
0.0929756056743
0.0895759219061
0.086109033286
0.0824690246866
0.0796935980847
0.076116215366
0.0765639778443
0.076064897762
0.0755709664398
0.0747752200227
0.0738310445767
0.0726902377992
0.0713824615928
0.0699040298452
0.0682639155681
0.0664676076722
0.0645239273103
0.0624434442631
0.0602442515228
0.0579435435738
0.055583548787
0.0531938544297
0.0508325663768
0.0486416667766
0.0465017986271
0.0449411890763
0.0435006534363
0.0435342246633
0.0437673736693
0.0458661152476
0.0462659989795
0.0473000530344
0.0485216763882
0.0497784589352
0.0509746969674
0.0520280510225
0.052920003997
0.0536643409441
0.0542801917888
0.0547855539057
0.0551850543836
0.055490352796
0.055717568089
0.0558780030303
0.055989282961
0.056038298848
0.127261193071
0.127248549974
0.127220908047
0.127177111913
0.127128930063
0.127070477507
0.126987109757
0.126870554112
0.126716026352
0.126521977357
0.126289870664
0.126016096214
0.125697872644
0.125330817234
0.124910192801
0.124431823526
0.123890683033
0.12328054864
0.122595536833
0.121831523757
0.120982969648
0.120040291751
0.118989560287
0.117819191524
0.116523308094
0.115093125782
0.113497611895
0.111692572611
0.109637835845
0.107307588555
0.10471812748
0.101876730001
0.0987530293836
0.0954667563886
0.0921357526584
0.0887484944708
0.0852942868562
0.0816340829331
0.0787244532406
0.0750582281556
0.0754701011043
0.0749922376864
0.0744710802568
0.073654582868
0.0726692248366
0.0714783984431
0.0701103613662
0.0685623668614
0.0668415448913
0.0649516084975
0.0628985343801
0.0606900505581
0.0583407387766
0.0558653065434
0.0533064048524
0.0506862056067
0.0480918766723
0.0456611283568
0.0432895203982
0.0416718030683
0.0401256272021
0.0401117138061
0.0405490068649
0.0420441738161
0.043194797038
0.0446944255694
0.0463504713855
0.0479554733477
0.049436007547
0.0507320035875
0.0518131257961
0.0526914297121
0.0533991076023
0.0539707881939
0.0544261336132
0.05477543774
0.0550324232619
0.0552025981933
0.0553232540617
0.0553760378624
0.127173886455
0.127167105716
0.127145121221
0.127112977222
0.127072230066
0.127006050698
0.12690640897
0.12677289363
0.126605989191
0.126404003402
0.126163763016
0.125881383585
0.125553234981
0.125175015779
0.124741896924
0.124248883624
0.12369126505
0.123064039485
0.122363120308
0.121584069707
0.120718930635
0.119758173747
0.118690976477
0.117506793663
0.11619446672
0.11473776982
0.113105503602
0.111253243893
0.109140129832
0.1067556129
0.104111654216
0.101175479615
0.0979734169724
0.0946758677761
0.091352511842
0.087999927014
0.0846077206815
0.0810456936084
0.0780235650791
0.0741673617325
0.0745921427491
0.0741419670278
0.0735807679666
0.0727300071613
0.0716943385014
0.0704453075124
0.0690102416027
0.0673868970281
0.065579573613
0.0635890552816
0.061417076821
0.0590667438208
0.0565468238876
0.0538676026388
0.0510667951154
0.0481562927982
0.0452505915105
0.042447521477
0.0396981010987
0.0379618118406
0.0363635120403
0.0367197980364
0.0374878865292
0.0387013534476
0.0399860500088
0.0418071411024
0.0439305996125
0.0460290493237
0.0478873301621
0.0494692882944
0.0507707023828
0.0518095327296
0.0526242378418
0.053267820026
0.0537715055661
0.0541557895203
0.0544432225089
0.0546332086456
0.0547590742444
0.0548268700943
0.127112231643
0.127107111215
0.127088705777
0.127062263363
0.127019788666
0.126938908257
0.126827725406
0.126687602522
0.126514491362
0.12630527501
0.126056604856
0.125764782622
0.125425958569
0.125035747586
0.124588711919
0.124080752429
0.123510963891
0.122874885346
0.122164651426
0.121373291622
0.120493778229
0.119518530288
0.118438891592
0.117242848871
0.115913867463
0.114431676288
0.112766351543
0.110872359967
0.108709418258
0.106269346347
0.103550391974
0.100512429728
0.0972339318492
0.0939062478369
0.0905909570962
0.0873005335819
0.0840335649716
0.080730883102
0.0775646222752
0.0734366485866
0.0739261936962
0.073537335254
0.0729262187949
0.0720207952541
0.0709210972477
0.0696035824389
0.0680943207923
0.0663911623778
0.06449427184
0.0623998985531
0.0601036940981
0.057601687498
0.0548937637302
0.0519825654968
0.0488950983487
0.0456360806218
0.0423414358039
0.0390182928366
0.0356924815392
0.0334780210176
0.0311782359632
0.0322010135515
0.0355905618378
0.0347923279691
0.0363017809088
0.0386024490582
0.0412677331162
0.0439678566477
0.04633374244
0.0482672980828
0.0498140748773
0.051029716587
0.0519629592147
0.0526824804407
0.0532403362473
0.0536580679091
0.0539647129426
0.0541744521665
0.054309418304
0.0543891089327
0.127066120138
0.12705972422
0.127046043315
0.127022418077
0.126974127443
0.126883321768
0.126767098368
0.126620674893
0.126440574511
0.126223561888
0.125966149814
0.125664468961
0.125314551652
0.124911864541
0.124452925651
0.123937819643
0.123364427552
0.122723179285
0.12200441899
0.121201566543
0.120309126485
0.119321772042
0.118233148754
0.117028908007
0.115685528652
0.114180411916
0.112487326574
0.110560740742
0.10835404397
0.10585200081
0.10304908952
0.0998980311709
0.0965209640882
0.0931290828717
0.0897854356791
0.0865666339803
0.0834765275947
0.0804894232067
0.0774721936906
0.0732666106392
0.0736082576454
0.0732395950772
0.0725534256096
0.0715538225857
0.0703625646959
0.0689609473419
0.0673699743513
0.0655851259958
0.0636001316906
0.0614045626087
0.0589858643859
0.0563299646574
0.053423330361
0.0502536858464
0.0468265129926
0.0431392714412
0.0393377407144
0.0353586322422
0.0314934399372
0.0287593515722
0.024859756839
0.025542615036
0.0284507311077
0.029012800094
0.0316965372058
0.035005003117
0.0384654750476
0.0418422904943
0.0448125378072
0.0471582829999
0.0489705686477
0.0503641868816
0.0514194064605
0.0522124284567
0.0528210151136
0.0532798506736
0.0536098494692
0.0538319842506
0.053968544841
0.0540343408854
0.127038431196
0.127032392434
0.127019401185
0.126991622365
0.126936889804
0.126842943262
0.126722446868
0.126569818321
0.126382798014
0.126158146103
0.12589246077
0.125581636414
0.12522140728
0.124809152389
0.124344420711
0.123827294826
0.123252991961
0.122608382865
0.121882232585
0.121069596954
0.12016600384
0.119168227485
0.118074955532
0.11686915059
0.115515530343
0.113988662045
0.112273292826
0.110328654785
0.10808382387
0.105514137571
0.102619816289
0.0993494814291
0.0958500048513
0.0923319338619
0.0888762807008
0.085681475656
0.0827924967021
0.0803816501532
0.0780160785327
0.0739692835314
0.0738934955677
0.073363519902
0.0725101953827
0.071341769265
0.0700159846673
0.0685140407046
0.0668393100156
0.0649781345783
0.0629147720175
0.0606304139378
0.058103141309
0.0553068728079
0.0522106343624
0.048777282924
0.0449708461032
0.0407476844705
0.0361820102898
0.031184106471
0.0267006062755
0.0237923895014
0.0188910186009
0.0182334616427
0.0183474680361
0.0215451013816
0.0263613790983
0.0312163455254
0.0357430679743
0.0398530394462
0.0434326336158
0.0462132349461
0.04827890878
0.0498316826028
0.0509955736121
0.0518609360158
0.0525084404981
0.0529942873092
0.0533459111904
0.0535810973347
0.0537181298359
0.0537684960503
0.127025270011
0.127019686051
0.127000839018
0.126966937459
0.12691239569
0.12681794327
0.126694394441
0.126535068787
0.12634150807
0.12611103549
0.125840182803
0.125523177995
0.125155826031
0.124736395526
0.12426576883
0.123747920716
0.123176337263
0.122530383714
0.121798763736
0.12097945583
0.120065454136
0.119058488544
0.11797117342
0.116776292334
0.115414887332
0.113864258727
0.112125770971
0.110164758448
0.107904580839
0.105284097005
0.102294247539
0.0989125663366
0.0952720528231
0.0915622951808
0.0878591212812
0.0845606194723
0.0820294092542
0.0801618546732
0.0799001682043
0.0760044773444
0.0751952115191
0.073981161007
0.072731199941
0.0713208555416
0.0698438442512
0.0682492959589
0.0665072880844
0.0645894154063
0.0624701086239
0.060123105386
0.0575187501473
0.0546208301142
0.0513826330287
0.0477408776272
0.0436090959779
0.038858797502
0.0333515219331
0.0267801544973
0.0200317564545
0.0127318576382
0.00362697002039
0.00831935449871
0.00331678261964
0.0124252744103
0.0208157315366
0.0277026431747
0.0334262677452
0.0382556968813
0.0423609967753
0.045533219344
0.0477935968391
0.0494474507546
0.0506900636136
0.0516166917437
0.0522996669066
0.0528039098711
0.0531686475578
0.0534139103691
0.053560704978
0.0536189580649
0.127020454203
0.127013466134
0.126986501916
0.126949110039
0.126894096264
0.126812645452
0.126690309452
0.126523070662
0.12632658842
0.126094918922
0.125821280066
0.125498635525
0.125122421518
0.124692544865
0.12421486788
0.123701047369
0.123141266995
0.12250152334
0.121766020951
0.120941091708
0.120024320886
0.119017224884
0.117927588916
0.116730223851
0.115366556977
0.113804940811
0.112052561033
0.110081961589
0.107807975104
0.105152869252
0.102113050143
0.0986603498609
0.0948963323151
0.0909807805197
0.0867272719862
0.0839678513527
0.0803111644226
0.0801007531581
0.0800454735602
0.0799851246674
0.0773661280757
0.0746828684951
0.0729208090567
0.0713442045803
0.0697859980948
0.068147699422
0.0663761463437
0.0644342903067
0.0622917434751
0.0599188699337
0.0572826335522
0.0543423734902
0.0510442792928
0.0473125874546
0.0430347005728
0.0380289714467
0.0319907374683
0.0242704851914
0.0137997894573
-0.00528226463278
-0.0233046166988
-0.00525944221543
0.000363260567876
0.0021109098915
0.0165608365198
0.0253232794035
0.0320077158817
0.037327753413
0.0417684319566
0.0451961761887
0.0475646651953
0.0492563630479
0.0505304401501
0.0514913493844
0.0521982682791
0.0527127633199
0.0530816590421
0.0533330246559
0.0534924792206
0.0535593634677
)
;

boundaryField
{
    frontAndBack
    {
        type            empty;
    }
    upperWall
    {
        type            zeroGradient;
    }
    lowerWall
    {
        type            zeroGradient;
    }
    inlet
    {
        type            zeroGradient;
    }
    outlet
    {
        type            fixedValue;
        value           uniform 0;
    }
}


// ************************************************************************* //
