/*--------------------------------*- C++ -*----------------------------------*\
| =========                 |                                                 |
| \\      /  F ield         | OpenFOAM: The Open Source CFD Toolbox           |
|  \\    /   O peration     | Version:  v1806                                 |
|   \\  /    A nd           | Web:      www.OpenFOAM.com                      |
|    \\/     M anipulation  |                                                 |
\*---------------------------------------------------------------------------*/
FoamFile
{
    version     2.0;
    format      ascii;
    class       volScalarField;
    location    "186";
    object      alpha;
}
// * * * * * * * * * * * * * * * * * * * * * * * * * * * * * * * * * * * * * //

dimensions      [0 0 -1 0 0 0 0];


internalField   nonuniform List<scalar> 
6400
(
0.829576896763
1.2406660229
1.89778159471
2.1651866288
2.43731155824
2.75459013166
3.3198222336
3.98771667303
4.0858293647
4.36736580974
5.47360915339
5.92956251022
6.25727325487
6.7258404724
7.47280793269
8.23607379243
8.77652158845
9.30493129724
9.79168240914
9.993326582
9.88128291589
9.77546790881
9.93113893094
10.4237981884
11.0123954786
11.4956291609
11.7816460481
12.0226026852
12.3643189205
12.8166604692
13.3282022424
13.6107175842
13.608259634
13.5112018971
13.323114767
12.9112321289
12.686060523
12.9488343767
12.6751479118
12.0320829909
11.8345239917
12.2743147285
12.7721283452
13.0059789314
13.0645130963
12.9911912426
12.8669495076
12.7621638358
12.6781409192
12.6156228657
12.3944753948
11.5385537186
10.7393512887
9.85986229102
9.49725698087
9.93576199251
9.83150844067
8.54796679008
6.99995701308
6.47098910893
5.64281245672
4.71521838187
3.78505822669
5.51336143412
9.59732974584
14.5476214495
17.5445706776
17.2528794035
15.2389300151
13.534571578
12.5533626489
12.6114124744
13.0233526098
12.8238848601
14.7623179005
14.1662951091
15.9943301112
9.89276964344
12.8725259828
4.8133404413
3.07710778614
2.37916474854
2.9051167044
4.09239254506
3.72704253966
3.28395860963
3.25597591255
3.50078934913
3.90090814956
4.43799924483
5.13638031098
5.83298086731
6.41900067016
6.9780531491
7.52944902523
8.18338562968
8.86705467691
9.5785969018
10.6608841753
10.6342957995
10.2263613549
10.0016392906
9.99953358522
10.4100682633
11.3002897641
11.6336335865
11.8481112374
12.1732591842
12.5574675598
12.9718633762
13.4140046836
13.9253260424
13.9324189157
13.8654537556
13.784809786
13.1060750505
13.0533936117
13.3166062288
12.8648426628
11.8484844385
11.5657078092
13.9615743656
15.3661713718
15.4262761798
15.354417023
14.9812168076
14.4398690739
14.0230962498
13.3835540265
12.8640586708
12.8519697207
13.4985535959
13.3493561965
10.0813116474
10.0305678689
9.7605798492
8.08108655388
6.91858582038
5.9905897653
5.08318429986
4.38914869038
5.0532070608
3.97980787135
5.6888909281
9.64381317493
15.4596561961
19.1849492711
17.9975280487
15.8184849537
13.8437186855
13.0230259567
13.2989910639
14.2579040375
13.6201106416
13.4033019748
12.8318652066
11.599870328
9.74280373489
8.18190285911
4.26712240158
3.02851951045
2.55659586272
3.03765147223
3.09177407351
3.31091012008
3.59233296914
3.50365221294
3.4535669936
3.83265480188
4.4240548737
5.10993295237
5.8256698807
6.46737985497
7.04275697049
7.46205973585
8.04802670547
11.3370268197
13.5036485497
13.7018212154
12.612826532
10.1036869235
9.42479157018
10.2313663788
10.7063980896
11.0643987362
11.5640799691
11.9920128274
12.3246535048
12.6869860373
13.136049731
13.5005697921
14.2106969053
14.2937529602
13.6996792431
14.4833752685
13.8413246777
12.8813892871
13.7685859781
13.2279173875
12.1163870167
11.7919001248
12.3127277276
12.8885044894
13.1609335198
13.2412385271
13.2095487278
13.0984207084
12.9273452946
12.6959258991
12.4283747694
12.1262027549
11.7040816414
11.0966422816
10.7600536141
10.6062993595
9.27830273047
7.97357108057
6.96715221984
6.09974562718
5.34006039611
4.79194925114
4.24423668444
3.94427507386
6.41355740784
11.5965011649
16.2967345503
18.6093639948
18.7237232096
17.108501515
15.3769779703
14.5905581351
14.3962999452
13.6683995678
13.0138650058
12.9207987624
12.5188238395
11.496152309
9.85672106532
7.41973902029
7.5936885527
2.78747433212
5.29649231906
3.11589983857
3.04698503341
3.6631936971
11.6757954793
9.97986029586
4.30874735179
3.85834086874
4.45721531857
5.1334077134
5.85173871624
6.47237930598
7.1579717267
9.22573964815
11.5958843169
13.2436558153
13.3097627036
11.3841761212
9.53706853605
9.49323512671
9.705329118
10.0124906596
10.5461452244
11.1568304736
11.7356516036
12.2252959416
12.5001116948
12.9568903066
13.2172211779
13.975474756
14.1216208614
14.9266608474
14.5587494984
13.4865114426
14.1222899804
13.3052512634
12.3907035168
12.2110064357
12.127400609
12.1707447735
12.501354436
12.9073058795
13.1706711387
13.2840338738
13.2818526218
13.1910926144
13.0319622964
12.813763074
12.5476628352
12.2308431616
11.8405729358
11.3736741413
10.8810797839
10.2230902901
9.23028718197
8.10458848684
7.114292532
6.31035418262
5.68097147754
5.22331193011
4.89718469016
5.03066066291
6.95032983095
10.7778720813
16.561635921
20.1490859463
20.3471093432
18.6655678678
16.2899325817
14.6257405266
13.7527398701
13.8346573896
15.142365838
15.0181442719
13.6489190269
13.4614796388
16.7153444216
13.1190201582
11.1373478128
5.2309875086
7.2731434023
3.53081342077
3.85388255965
6.09349686666
11.5534640534
7.62239145397
4.39110191504
4.33392048756
4.67672362335
5.288115661
6.04510732238
7.55109951308
10.2812899209
11.2373073147
11.3573339349
10.8383582979
9.82591013672
9.2253692203
9.60470773134
9.64488772653
9.6473596229
10.0636082126
10.652567109
11.3134975937
11.9653308913
12.3569475172
12.9521656018
13.0607104649
13.8932711285
13.9123559408
15.4990500752
14.7367442781
13.7544354102
14.0249945711
12.8948987771
12.4646370542
12.3096052573
12.288296486
12.3185506676
12.4148047267
12.6567592776
12.9655764254
13.2084547654
13.3391076203
13.3588615845
13.286096577
13.1414704206
12.9398220578
12.6891991948
12.3857343992
12.0199428381
11.5863144499
11.0604632612
10.3314982025
9.34640785164
8.28451078096
7.36431976486
6.66610161071
6.17907003803
5.88139825506
5.81921401317
6.32668056034
7.46734470238
10.5750404459
15.9463280183
20.1578984079
21.5523657121
20.3509638622
17.5628684184
15.0526762728
14.6622357265
16.8163159839
17.6198034724
16.5272107891
15.5599454003
18.1509742521
21.1293700423
16.4391545835
15.5453242494
9.58450153553
8.68905345456
4.3677035716
5.21778504214
11.8058509873
11.2116978846
5.37603951712
4.81386771165
4.86290119066
5.00156761402
5.62656385318
8.69612805789
12.2578316333
12.5166606756
11.8767793589
10.3111894735
9.10285259506
8.80886044976
9.6961808984
9.63363859287
9.38432498202
9.67397107734
10.2121074063
10.8853953571
11.4239057979
12.1048680357
13.0846452876
12.9850436174
14.1630246932
13.7841312422
15.8830289253
14.9751599772
16.2438618825
14.4549064502
12.7789774378
12.2911836555
12.2836166299
12.3567618192
12.432464182
12.5056731326
12.6236399843
12.8261797633
13.0757556808
13.294233237
13.4275522248
13.4610077051
13.4027904762
13.2744175634
13.0955034911
12.8727111663
12.5991867111
12.2613896589
11.8357282717
11.2717094795
10.5020670244
9.54989008966
8.58258017497
7.76407977129
7.14873589937
6.77001382818
6.62777840452
6.96073349342
8.33739559687
7.66283012751
11.8135467961
17.5315302902
21.2891142114
22.6970949855
21.7368677141
18.3533813252
16.1631041858
17.9149379514
20.0568594755
19.4772481852
18.4231135068
18.4375670477
22.9188813169
24.464348805
19.4426002065
19.2284571176
11.6359039232
8.21573623691
5.31560557139
5.05765876355
11.6567228091
7.56014754076
5.20934690266
5.28197775017
5.34717596916
6.04400965672
6.34037546012
12.2537661635
12.6877529278
12.5542284219
10.6630265242
8.75901582492
8.39650133735
9.86444682708
9.76608993629
9.14627444874
9.38379505107
9.78027992945
10.3160260021
10.9846557379
11.9055082866
12.8862278625
13.0169380354
14.6580550166
13.9929924609
16.3244856989
15.211972478
16.6027675223
15.1343860778
14.0955959408
12.2803318647
12.0686879853
12.2822779459
12.4731986858
12.5854492895
12.6815338599
12.817366712
13.0044188974
13.2210736125
13.4186973313
13.5490333884
13.5893344166
13.5440199356
13.4366196433
13.2887100976
13.1035835809
12.8675068556
12.5559790839
12.1304814541
11.5415920069
10.7660039647
9.87047357853
9.00203911063
8.27342385756
7.71222513228
7.33762208688
7.32160832373
7.77623670964
8.09286289993
8.67651270182
12.7653045257
19.7992318942
22.4614475137
22.8904142563
21.8078908854
19.5365990189
19.3296456185
21.8769174969
22.2688636305
21.3664292084
20.7130306634
22.5828151069
25.239301022
26.6554038517
22.0287096678
20.8625299045
11.1911004048
7.4648548582
6.33613319896
11.6237694726
11.5998336503
5.91548864426
5.73307262471
5.80265835474
6.02921208559
6.54293018336
12.0869212332
12.9357262431
12.7889548492
12.03816333
8.9895733124
8.00015042342
9.80335680933
10.1200637964
9.16403797849
8.95853338954
9.43750442607
10.0335612976
10.553216865
11.316062383
11.9451304015
13.43745718
13.1609842559
14.5413499851
16.2508528684
16.3161270525
14.6130958478
15.6643587588
15.495230944
12.688209112
12.1407221938
12.1660538297
12.3772650689
12.5933773725
12.7379518365
12.8560579379
13.0062691228
13.1938297409
13.3950186148
13.5763096633
13.7003499253
13.7442406599
13.7132596853
13.6330694488
13.5243862471
13.3845631041
13.1908456908
12.9065430442
12.4843556703
11.8885288863
11.134928857
10.3103982031
9.52300368086
8.81362586172
8.16686560378
7.7125702996
7.79049269323
8.3457476792
9.09052138288
10.1170113393
11.2076627916
19.568554768
23.9225198249
24.0819230321
23.5317037222
22.6698635573
23.620531395
24.9924945755
24.2564706206
23.4992834921
23.6086418206
25.801414351
26.3655581477
26.8924543859
23.9459036257
21.7450453566
10.2282667596
7.00121413793
6.97642651052
12.5098639965
10.1811932028
6.15838126825
6.29943039333
6.47316953097
8.19110755978
6.46234263305
12.8599941908
13.339856939
12.7571034914
10.391009813
8.18672400544
8.11288153137
9.94524324514
9.62981634744
8.93146936653
8.98473333318
9.41329657644
10.1763116004
10.861787306
12.2241160117
13.4732180392
13.2130830256
15.7242459368
14.0568907364
16.6330147964
14.8608983823
16.8331152671
14.3120755788
13.2405393889
12.4497950227
12.2469346353
12.3237137695
12.5013797621
12.7129555746
12.8888642217
13.038634533
13.2043657963
13.3955585842
13.5919345381
13.7632921796
13.879245104
13.9259092733
13.9138745585
13.8683240244
13.8057564409
13.7174135622
13.5709866903
13.317922409
12.9072359534
12.3218361178
11.6079159708
10.8499986635
10.0897398362
9.26454337131
8.33625156985
7.71360475591
8.08182778161
9.28339975874
10.5761964732
11.6405670306
12.5221412839
15.7648216949
23.8661041407
25.5423182896
25.7381393154
26.5920582578
27.7953890076
27.4632287947
26.3877664963
26.0832402029
26.9158482086
27.934683337
27.640828034
26.9311482071
25.8167472056
24.3522252343
9.33761997927
7.11210679244
8.19001743023
12.4880504362
7.48567563178
7.1759869935
6.86272053617
7.1132274454
10.9809153786
9.44037976382
13.6856168022
13.5187147081
12.7096873318
9.29191653344
8.01683726667
10.0411874927
10.2261683763
9.23765962688
8.85605270532
9.17420113759
9.53073761894
10.2347061772
10.7663314469
12.4112859411
14.9625612333
12.9961086492
15.5912527052
16.6969370076
16.8662073062
17.1262083765
15.1877373045
15.0532378843
12.6264335888
12.2769486377
12.3790620272
12.4889253269
12.6387272611
12.8340376093
13.0330063969
13.2230083694
13.4160336725
13.6159576087
13.8107421933
13.9763913822
14.0872219289
14.1368824967
14.1467999247
14.1436487529
14.1350448898
14.1036984698
14.0094612342
13.7935072444
13.4036509143
12.8425972101
12.1758153487
11.456513843
10.6050320812
9.39855844417
7.94179941199
7.38642189576
8.66854241917
10.7150576322
12.3757781089
13.5998241553
14.5140828861
14.5501615785
15.6960579531
27.2543608592
30.1172114018
31.4205546528
31.4437977928
30.0312503239
29.0259603345
29.1446353909
30.0696451989
30.1709926523
29.7247183898
29.2650265908
29.4762020782
29.5794710462
8.90013219146
7.69937106596
11.9546463935
12.3790931731
7.10329088919
7.84927039294
7.38733546589
8.18388470115
10.1023303491
13.2605623702
14.3541849746
13.6392597755
12.7699381748
8.93864577619
8.07377987756
10.6644851555
10.1978306493
9.0908447919
8.85719785482
9.32583382661
10.0221446845
10.549959315
10.9563343211
11.9366208417
15.0769220538
16.241490442
14.7100176871
16.8746096885
14.6786242432
17.1790268883
17.1250680204
14.849681495
12.4514149336
12.36759211
12.5466815666
12.6653145833
12.7973526769
12.9735910814
13.1750095817
13.4031710431
13.638342182
13.8559413769
14.052561046
14.2152726053
14.3236010861
14.3803121068
14.4167194775
14.4602350541
14.5104216582
14.5411984083
14.5044091149
14.3318908437
13.9733089247
13.4496664465
12.8253847749
12.0653161476
10.8210599796
8.76176754111
7.0508719984
7.45493824327
10.1528966394
12.9205011915
14.7670552005
15.9990387656
16.6526132635
16.5859761023
16.0246188227
17.7894853297
31.7150782311
37.0695018908
35.8732841507
33.4805762156
32.5210711121
32.7554088458
33.2191381883
33.2188310337
33.2286899642
33.5047257715
33.9334655579
34.5267613325
8.86924585054
8.39350709644
13.4933193274
12.7658634846
10.4523142468
8.95684334138
8.09108794375
9.74407914359
9.16114627482
14.1818435323
14.8235750359
13.8080574667
12.5809414841
9.23917927763
8.85056723999
11.191699672
10.0751816795
9.06338533378
8.95786919317
9.35866711321
10.2308152027
10.9750181048
13.0065514216
12.0757406439
14.425227961
16.6209890964
14.2826429983
17.1980800289
17.6509949052
15.610838141
15.5474170713
13.1488482563
12.7978312601
12.6876500954
12.7598446513
12.8725073712
12.991804998
13.1492804614
13.3247177879
13.5618775397
13.8546706673
14.1217092795
14.3253230414
14.4811824214
14.5897960805
14.6597492682
14.7273469795
14.8192309232
14.9289616656
15.0233551593
15.0449156895
14.9221584388
14.6144713426
14.1414314279
13.5164462483
12.4458704917
10.1518262716
7.3482121493
6.38202331049
8.55004179119
12.781846478
15.9638307938
17.8325162165
19.1387936831
19.7224378629
19.466641546
18.702805257
17.4785191609
27.7512553089
38.0538961447
40.8938214463
38.0943537138
37.1334042328
37.2481055103
37.4436746052
37.3038744587
37.8112326435
38.3004766651
38.0127633044
38.11180031
9.21437422874
8.91922168607
13.0605880463
13.0235207499
12.9454986494
9.81955129519
8.93196196443
12.89786356
9.17892805459
15.0187422867
15.1773517365
13.9945285914
12.4176056419
9.60794143528
12.2029631335
12.3039329866
10.0797868098
9.17626877739
9.18981722899
9.51856359456
10.1961849284
10.9062945702
14.6043823532
15.6450195351
13.5961065844
16.7264843893
17.4829233101
16.5730798418
17.6272068912
17.5615081605
16.1711990058
13.0684039856
12.9892615234
13.0063337217
13.0194748853
13.0922635357
13.1798265139
13.3552366333
13.5478147091
13.746349491
14.0460513084
14.377378626
14.6266370767
14.7846306322
14.8910651241
14.9786150083
15.0825936667
15.2224387123
15.3861956543
15.5352963342
15.608375215
15.5455013862
15.3197246855
14.893754875
14.1191316914
12.1739979133
8.41042793482
5.46372179275
6.19017868364
11.0971102623
16.5501648402
19.9315426093
21.6522243968
23.2800833654
23.4111509567
22.2967503334
20.8860218791
19.4374699079
23.9690664372
35.2560232369
42.2487505231
43.3541192724
41.4764981157
41.7691009716
41.8702396199
42.1494580077
42.8669802774
43.1792655138
42.9284211283
42.9816353113
9.61431500568
9.44708685495
9.18793800895
13.2170057853
13.2913040682
10.2942581356
9.71571155254
13.6925734333
9.54273847854
15.8436317922
15.4729255747
14.1876160044
12.3854016945
9.7390903125
13.4156781578
12.594094786
10.2559401643
9.44334395776
9.48696998019
9.85963069132
10.285722499
10.8279014788
15.2462844175
16.6098263089
13.7985469151
16.8570910926
17.9996458494
15.4422934668
17.2405312254
16.7875231739
13.6882146008
13.4293984211
13.4063649368
13.3481159768
13.2910978518
13.3768549683
13.4452475525
13.5264037143
13.7498672576
13.9997139362
14.280177844
14.6256848015
14.9272569561
15.1180551154
15.2357951913
15.3447230386
15.4857592328
15.6652530992
15.8734915591
16.0639588626
16.1584268293
16.1703535617
16.0725784294
15.6925195138
14.4524509388
10.6063513193
5.15367971241
3.03638587067
8.49967362852
15.792538508
21.8409708569
24.9178108725
24.3032605016
22.3813347919
19.4492750486
17.7015831375
17.0186438187
15.8410748863
12.8991456964
14.5631490604
41.7657135335
45.208161568
46.1179062993
45.5200951203
45.3614455546
47.2573012398
47.9746388175
48.2394262136
49.221827166
49.6789972623
10.1782678726
10.2255868913
13.784743759
13.6783662836
13.5187620324
10.6619100045
10.635287722
14.2805373883
10.3525508865
16.5180090671
15.7272082359
14.3818858067
12.4047178097
9.98729041954
13.5707504163
12.4850048608
10.4428945116
9.75114764547
9.78185895895
10.109963276
10.5157070444
10.9431763243
14.3394850229
17.3680924876
17.4772584289
15.84683832
18.1595050641
18.7500305447
14.973760964
13.9572606426
13.5079006806
13.5892118603
13.6386667445
13.6286586616
13.6403061743
13.6495609761
13.7093254667
13.8187722469
13.9474496604
14.2278940596
14.5591727284
14.910946549
15.2344579972
15.4647331132
15.6228567699
15.7608375029
15.9323874655
16.166527387
16.4160893103
16.5801365738
16.6455269502
16.7488775941
16.8156316414
16.3819657299
13.9500525419
7.47425527593
0.0602161383871
5.47686064395
14.1247423034
22.0944620364
25.3097875349
20.8362645827
13.1609400321
0.0198646895704
0.0155382191191
0.0377232229447
0.254284347812
1.19105368828
4.39975826985
13.8312983322
10.7886958186
31.6181233649
50.3086734641
50.6553197418
47.938018536
50.9780031441
52.823790239
55.3636132917
57.6300605523
57.8407990662
10.6709486477
10.8463213757
15.287910732
14.0739393832
13.2416593794
11.0643212446
11.5664203983
14.6814822576
14.6872447111
17.3023032834
16.0000706837
14.6342382526
12.4504129708
10.3898104912
13.7248322864
12.3360013314
10.6570420742
10.0762462745
10.0539405847
10.3157113887
10.7135351162
11.2661255528
13.52480948
17.5932074173
18.8739459657
14.9847039514
17.733759292
18.58020708
17.7874059202
14.7281735624
13.6750308637
13.7862671764
13.9416405055
14.0294478102
13.893611005
13.9362792023
13.9544752208
14.0809623058
14.2206494894
14.4674849953
14.8404439127
15.2338212683
15.5556984861
15.7963135559
16.0194568431
16.2857111522
16.5586016467
16.8263493735
16.9745370989
17.0537389295
17.1476309468
17.2680653021
17.5477103912
17.0557318707
11.2394430512
0.000230539524593
3.63010988442
11.4868862415
18.5462623701
18.1898047378
0.305892923502
0.000510411657055
3.59791519505e-05
0
0
0
0
0
0
0
0
5.00408646551e-09
1.68777476833e-06
0.000252455130659
0.146466382157
41.4620776532
59.0618448588
59.70489719
67.1779146585
66.0314985948
11.0519154381
11.2551933296
17.5796845428
14.3105510587
12.6040252215
11.4365327208
12.1994523801
14.3961952793
16.2387428054
18.2062152632
16.4022286155
14.9878727957
12.7037070592
11.126840981
14.091478254
12.3599230603
10.9761376547
10.4680681965
10.3665673523
10.5548712607
10.8906221436
11.4168244767
13.1515512472
17.4422931946
19.8166029831
18.798474203
16.9885495566
17.8822778416
17.1355599226
13.9599798147
14.1359393488
14.3140972022
14.5865652257
14.4806386641
14.3618280156
14.2143782941
14.2908975049
14.3378695144
14.5049932746
14.7491511689
15.1006313547
15.5413936877
15.9902097206
16.2620885712
16.540830465
16.9329701637
17.3466334267
17.6453169897
17.7603626722
17.8577662829
17.9739262516
18.057659867
17.8928041353
16.8121234013
10.2493201035
0
5.6860315529
4.2399056688
0.057809837442
0.000158530285312
0
0
0
0
0
0
0
0
0
0
0
0
0
6.44776483922e-08
6.40725660508e-07
1.40460947311e-05
0.000681075710532
3.78216970231
72.0793421568
43.9422562098
11.3301397495
11.5194398727
19.7495697483
14.4385575495
12.307774501
11.800524069
12.9892806806
13.1882945852
17.193176461
18.83602345
16.8012908713
15.356228064
13.1805808409
13.3113330794
14.5951574536
12.6436467292
11.5118370146
11.0893027861
10.7886886161
10.8868288885
11.1261208299
11.585578706
13.0273471075
17.3051240565
20.1688233439
20.4584453804
15.8082264722
16.035210737
14.6956604936
14.0499959089
14.3080559904
14.8525111392
15.0704189738
14.920362212
14.7874586703
14.8881201392
14.6475546246
14.6674964966
14.7886232145
14.992164486
15.460605696
15.9561771317
16.41531021
16.6432997713
17.0580915033
19.0578068025
21.8050546847
22.6669952186
20.8693238751
20.6647770459
20.8699588152
21.1555366798
21.118376373
19.5238797026
18.4069992267
1.14394162631e-05
0.0115596718479
0.000188621988104
0
0
0
0
0
0
0
0
0
0
0
0
0
0
0
0
0
0
9.96159452957e-07
6.74582728014e-06
0.00124398647947
57.7013622115
11.6078623286
11.7693519188
19.4097265463
13.3321693425
12.1995400242
12.0973796998
13.8785873696
12.7834939648
17.9689525607
19.4475483276
17.2001384599
15.7121802504
13.5208254141
15.8528671352
15.3416802252
13.1391067384
12.1478815914
12.2216602024
11.4402926953
11.3946787635
11.470377905
11.766096541
13.0762468989
17.1521904246
19.9994931356
21.573626687
19.5774884692
18.1030665776
16.6357330573
14.4096109292
14.6415172274
15.7222880914
15.312982314
15.3027154157
15.7891555806
15.3430901567
15.12443153
15.1184690856
15.2300790224
15.4098876392
15.6819265489
16.2515876321
16.951840284
18.2059360926
20.0893521756
22.7121367205
24.6540800896
24.6162342507
24.9033059448
26.4342352408
28.6261969967
31.8543044638
33.3318446858
31.3299937308
26.474606105
12.5371938148
0
0
0
0
0
0
0
0
0
0
0
0
0
0
0
0
0
0
0
0
0
0
3.06516657786e-06
97.1737308265
11.9943365039
12.1457813851
18.8320495918
12.5326678864
12.3092700668
12.3172354927
14.6008156608
13.0137340788
18.5752709806
20.0438297891
17.6076762438
16.0945902324
13.8202725943
16.4258985666
16.014007868
13.7080176028
12.7631600767
13.0105141162
12.245384401
12.1365523153
12.0535335915
11.9406159439
13.3081230434
17.11585895
19.6828186838
21.9332429537
20.8356469203
18.2559654857
14.8474624175
14.9529984877
15.338300697
16.3683284663
16.634530207
16.6755265932
16.5877290819
15.8471470182
15.6432152856
15.6807078749
15.7701505427
15.9639769981
16.2071580046
16.8564222699
18.1658725234
20.6938644649
22.3413978537
22.6063366524
23.7044011135
24.7778476771
28.6713249777
33.2549153602
39.8909870322
43.9780843026
45.0483300639
42.6294922069
3.29257085164
0.0797194739294
0.000267591214073
0
0
0
0
0
0
0
0
0
0
0
0
0
0
0
0
0
0
0
0
0
5.15111552448e-07
6.81539633107e-07
12.6503324312
12.8068325399
18.1664649469
12.5029904472
12.7655234449
12.6508617003
14.2136846361
13.6675595508
18.919875971
20.5914186467
18.0551409983
16.5376169623
14.2749361088
16.9717917676
16.6456667596
14.424472618
13.4747029563
13.7997359921
13.0082776191
13.0342197051
12.9821132766
12.3070860996
13.767635097
17.2371444114
19.5255845736
22.0259227631
21.2619374407
18.5035714624
15.0052667869
15.0676997201
16.193291264
16.0201274201
16.0433926035
16.4598921858
17.551145478
16.8161653802
16.5345196852
16.2676273788
16.2984534452
16.6148732001
16.9989153804
17.6952403821
20.6224635144
23.3679652786
23.3676131076
23.533446059
25.2502581769
30.518652855
37.3143587161
43.3571467883
47.9047751435
43.700782292
13.7695003074
0.00451456725322
2.83264884154e-05
5.74154964317e-05
8.81687778225e-06
0
0
0
0
0
0
0
0
0
0
0
0
0
0
0
0
0
0
0
0
0
3.80734065991e-08
1.72880151933e-07
13.7059351554
13.7890528959
18.0873794445
13.2704932646
13.9208804118
13.3702244412
14.1233634093
15.1248794758
18.6154246473
20.9170172856
18.5776961711
17.0664445319
14.8600220926
17.5952498015
17.3113172725
15.3401963586
14.4247358241
14.7861064919
13.7688410284
14.0528837852
14.3039640811
12.9835282652
14.2340482654
17.5030098719
19.542562199
21.784706632
21.42442274
18.7993153018
17.8067103506
16.006853886
16.6973047394
17.3875547354
18.3495520138
16.8947531034
17.1992573456
17.9724660666
17.3993531453
17.4006903352
17.1985815835
17.2803494385
17.7663796451
20.364431181
24.5415537834
25.4344579488
24.8111341646
26.4435448418
32.8872255062
41.6163760941
47.5953710928
46.5777085234
36.101525207
0.0470661865091
0.000322042363549
0
0
0
0
0
0
0
0
0
0
0
0
0
0
0
0
0
0
0
0
0
0
0
0
0
0
0
15.264046942
15.0000286267
18.5228226983
15.2484432154
16.0157095156
14.5203142693
14.8354401319
17.3190915339
18.5060160941
21.3595510926
19.2447767007
17.6976349441
15.5597347345
18.2516470273
17.9709865636
16.3750962491
15.994192933
16.1377447367
14.6105776885
15.2146112508
15.9913903867
14.0804079615
14.4925408948
17.8196125513
19.7287145028
21.5123089151
21.5760910074
18.6949242452
18.9881512175
17.7404598866
17.9676956629
16.3890223353
17.1210003857
18.5433641736
18.0757271192
18.2892818754
18.30313992
18.2190986186
18.3585645031
18.3730858841
20.0178614245
25.0467212662
27.892828804
27.8547680071
28.5137723149
33.5503622467
42.8380941907
48.5949402568
38.0638727549
17.2333786676
0.0786489838667
0.000360123669122
0
0
0
0
0
0
0
0
0
0
0
0
0
0
0
0
0
0
0
0
0
0
0
0
0
0
0
0
16.9617798595
16.1184305763
19.0595438564
18.0509773285
17.6868829564
15.9256257517
15.6462584988
18.377020631
16.9982882456
21.6484705262
20.0445737491
18.424633561
16.3678645927
18.9251687475
18.580664909
17.216010116
18.4319957818
17.7936971767
15.58767803
16.5826908896
17.3665326321
15.5464223443
14.2686515464
17.6860448145
19.8173337446
21.2625321863
21.5656737854
18.6519022917
19.1839265916
19.0567590643
19.0963300502
17.0219764677
17.5985813779
17.8663251108
18.9999366346
19.5173090801
19.4908071331
19.2899119224
19.2796376045
20.2773303351
24.9919493194
29.7203528601
31.4040179261
32.0044347191
34.7729038998
41.3043120779
44.0474614695
28.2094059685
21.2776648598
0.17536818352
0.000614173210158
0
0
0
0
0
0
0
0
0
0
0
0
0
0
0
0
0
0
0
0
0
0
0
0
0
0
0
0
0
17.6722741186
16.896663973
19.3464397456
18.9582854655
18.6140107669
17.2991546111
16.7260078295
19.7123508063
17.8925290568
22.0693421232
20.8485196608
19.2052537698
17.2755876856
19.6359730975
19.2217079156
17.9298621146
19.2971783149
18.76252093
16.5676976275
17.9851451312
17.9458957492
16.1051646742
15.4226071923
15.592961891
19.2734877259
20.6744781752
21.2685128341
18.5622692361
19.1358473378
19.4462053999
19.9344606232
19.2677389484
17.2493289993
17.6617412601
19.0842852882
20.3159842639
20.7941629756
20.965724673
20.9524292619
24.8056350917
30.4891011296
34.014791649
35.1666623877
36.4445431006
39.9557647162
38.3543860049
23.7205560883
24.4551144934
0.576455927652
0.00164177632562
0
0
0
0
0
0
0
0
0
0
0
0
0
0
0
0
0
0
0
0
0
0
0
0
0
0
0
0
0
0
17.5654078832
17.4256898763
19.5331771712
19.024929921
19.2142059007
18.384634835
17.6847167313
21.0161383427
19.6091676427
22.6399990701
21.7074270988
20.0216648653
18.2734216613
20.3973479579
19.941632927
18.8107614859
19.9831063562
19.6120631784
17.6540154366
18.9134023703
16.971149107
16.6981794655
16.3732866256
16.7912862076
17.7471902228
18.5317278706
20.3323764536
18.4300913624
18.3444334315
19.325088829
20.2612868921
20.5853474271
18.9055785684
18.3316919221
18.8593646311
20.0056635221
21.4230207286
22.6900016643
24.3466594993
30.1183418956
35.1306931605
37.6182964314
37.9337047937
38.0966656049
32.986150914
25.2303709308
25.1548383084
2.0023517808
0.00448545530051
0
0
0
0
0
0
0
0
0
0
0
0
0
0
0
0
0
0
0
0
0
0
0
0
0
0
0
0
0
0
0
17.7196286431
17.8139316497
19.7422954426
17.6061259127
19.4221632207
18.9465190737
18.3271433477
21.4850688903
20.328832746
23.2662152413
22.6326000905
20.854626403
19.3761804481
21.1970753603
20.7122524675
19.8380007087
20.7053522222
20.5753823192
18.8577363776
20.2253322701
18.2610194284
18.5031322405
17.5783959406
17.9991836607
19.8260045145
20.4106343885
19.9130975253
18.2639821385
17.5956218022
19.2300462119
20.2254803902
20.7089374372
20.6317103307
19.3584553199
20.7390548364
20.74992324
21.975090787
24.4214473924
28.6520771489
34.9198599864
38.9245640379
40.0829123922
37.6415229735
29.8719502344
27.3941480051
27.5601750483
16.2880452148
0.0382511640169
0
0
0
0
0
0
0
0
0
0
0
0
0
0
0
0
0
0
0
0
0
0
0
0
0
0
0
0
0
0
0
0
18.3938225119
18.469096638
19.9168048981
17.9571389001
19.5803431977
19.2026559087
18.7825794593
21.5261731267
20.8552309611
23.7098997768
23.5767981406
21.6565859364
20.5836591917
21.9972091696
21.4641209899
20.8474871361
21.3844800148
21.6395757054
20.1178297881
21.5172795653
20.04110223
20.7385341833
20.3654174331
18.6735802362
20.2824719644
21.3913660543
21.4842837047
18.1419598524
16.7146623564
19.112095759
20.3313384636
19.8907201449
19.9269160552
19.5740728991
20.6298581295
21.1027062495
22.6980795728
26.2951223278
32.909689159
39.3814018099
42.1593447976
40.7569665038
30.9288936219
28.0982199277
28.9238296418
25.1205032437
0.266549148467
0.00108086272314
0
0
0
0
0
0
0
0
0
0
0
0
0
0
0
0
0
0
0
0
0
0
0
0
0
0
0
0
0
0
0
0
19.2585429123
20.6591453246
20.2108003312
18.9658442304
20.0499120236
19.516433067
19.2261872773
21.5510536715
21.3595375315
23.7693050423
24.5309668618
22.4012722252
21.6595235699
22.6045527195
22.2031511664
21.5726866396
21.3729271718
22.62716512
21.5060973061
22.6325735901
22.1588327341
21.9343473801
21.642287477
21.1705155706
20.1240743108
21.0505656113
22.4119990435
17.1333407006
16.1722985448
18.1696573545
20.3020168363
20.6456440995
21.1507547225
19.5206870715
20.3105984812
21.3180443635
23.0432666721
28.0232886316
36.8958606181
43.4476976549
44.8425083884
36.6326797076
29.9861571386
31.2804494499
29.7827367044
1.80669430746
0.00461111843064
0
0
0
0
0
0
0
0
0
0
0
0
0
0
0
0
0
0
0
0
0
0
0
0
0
0
0
0
0
0
0
0
0
19.8947720217
21.3255708107
20.8544037752
19.8659578047
20.7178884679
20.0493652713
19.7469197374
21.6758340281
21.8719136526
23.5362994837
25.400475171
23.1709192808
22.2599369466
23.1018006975
23.0723270424
22.2341144132
21.3586660543
23.3136483847
23.0256966641
23.5951655319
23.4296384537
23.48068676
21.6586155819
21.6377719355
21.0622295802
22.8639484741
23.7296947945
19.872338603
15.7155953437
16.9825001986
19.64875281
20.9649776331
21.0336204744
20.1332321442
19.7876900207
21.3728163459
22.95602247
29.3798701303
40.5107607291
47.4832991939
44.2996309291
30.8952914082
31.8354732301
33.607978747
25.7107873066
0.0532711255738
0.000179021235069
0
0
0
0
0
0
0
0
0
0
0
0
0
0
0
0
0
0
0
0
0
0
0
0
0
0
0
0
0
0
0
0
0
20.3813661831
21.6640857094
21.4389118052
20.4765988695
21.3953549216
20.7625784586
20.3597112857
21.9906675491
22.4592595127
22.8932121335
25.9830104508
24.0477945793
22.6884626771
22.8915780912
24.002588413
23.0819622978
21.8511511099
23.8860606083
23.771998714
24.3645447814
24.3444188402
24.6145147597
24.5726798698
24.4563513178
23.929911774
23.3593341224
24.8641026658
21.885612067
15.7007715529
16.0635615138
17.3681450085
19.6967304667
21.0345332793
22.0888928177
20.5750042811
20.5689178807
22.2789243203
29.6282649114
43.7661834759
50.3240529499
41.5971528543
32.9273259169
34.8923906565
33.3838618799
0.763263824529
0.00208691156597
0
0
0
0
0
0
0
0
0
0
0
0
0
0
0
0
0
0
0
0
0
0
0
0
0
0
0
0
0
0
0
0
0
0
20.8728601313
21.9810742958
21.9400526886
20.9132319129
22.0032478379
21.6136171987
20.9931450735
22.447406748
23.2708723477
22.0708981541
26.2874933168
25.0356013988
23.3562721511
22.1935628632
24.8006321798
24.0105354925
22.7577223429
24.6459412954
24.300011465
24.6301233739
25.3684339567
24.0997659071
25.8352695354
26.2068495787
25.9818506194
25.9517274356
26.3268501494
24.9894022435
18.4442508046
15.6328757196
16.3636555421
17.2903892916
19.3157812156
20.2328762313
22.3526794252
21.1439326617
21.7265856964
26.6106083812
48.3481984139
51.7157834296
35.4103359311
35.2069071239
37.2766028649
28.7132514235
0.0258961657104
0
0
0
0
0
0
0
0
0
0
0
0
0
0
0
0
0
0
0
0
0
0
0
0
0
0
0
0
0
0
0
0
0
0
0
21.3558691615
22.2815642178
21.9250546502
21.2522206997
22.5147833264
22.4185227935
21.5396414718
22.3537298437
24.349062613
23.1158555203
26.4318317248
26.074541505
24.3054816707
22.9193369854
25.5398519371
24.9223065178
24.0219767899
25.6492015873
25.1735866271
24.2497021074
26.4696377622
25.5984280575
26.838054948
27.1188810447
27.3165928732
27.7570601161
28.2675052842
28.0666629656
24.9819805638
16.5213636779
16.1496366861
16.8414097011
19.4279120265
19.2608927802
20.6069112143
22.2147512813
22.9770284283
23.127089724
46.3264428266
48.9416481877
36.3189414671
35.6088255859
36.9718268969
1.29555030893
0.00213194320966
0
0
0
0
0
0
0
0
0
0
0
0
0
0
0
0
0
0
0
0
0
0
0
0
0
0
0
0
0
0
0
0
0
0
0
21.7845327922
22.5329669022
21.7928146864
21.7833252861
23.0313395149
22.9064921117
22.0717934626
22.1251439159
24.8358100146
24.2293365158
26.1550611513
27.1164708738
25.3139150488
24.3093840139
26.2662130071
25.787937634
25.4718601146
26.5385126416
26.4177854461
25.4692726832
27.4116245501
27.199686762
27.9002081061
27.6722797881
28.8550214868
29.1054208727
30.1037289137
30.9379892801
31.2410707921
25.7275738849
17.2721331433
18.6607669422
17.66697052
20.3407118172
21.4212066553
22.1038611768
23.0484678899
23.7916524595
20.9374949769
41.6748053765
37.5910758753
35.6352369363
32.9845098133
0.0530207534065
6.49425753526e-05
0
0
0
0
0
0
0
0
0
0
0
0
0
0
0
0
0
0
0
0
0
0
0
0
0
0
0
0
0
0
0
0
0
0
0
22.2305635821
22.3779482745
22.5809005119
23.1851791302
23.6582472853
23.4210024423
22.7421037403
22.5668082439
24.724806258
24.9776248667
25.7748403316
28.0054701572
26.2716796536
25.4760112253
26.7467070827
26.6917634259
26.102047611
27.0162674077
27.648278651
27.1465225044
28.3036067582
28.3123969441
28.7378752341
29.482783363
30.0827247718
29.3523955102
31.1327191517
32.2804374332
33.5194045248
34.6575841966
28.4018247209
19.168955234
19.1925708642
19.0416899593
19.4729632091
19.9998455529
20.1979823662
19.9361425066
17.4632073716
19.9843276762
35.3786875183
34.3982316177
4.95009659196
0.00396244786894
0
0
0
0
0
0
0
0
0
0
0
0
0
0
0
0
0
0
0
0
0
0
0
0
0
0
0
0
0
0
0
0
0
0
0
0
22.7039323512
22.7638809919
24.5190550311
24.3886943491
24.1962748372
23.9172047603
23.5217384564
23.2687162912
24.8941154617
25.8280415877
25.0038721636
28.3301308849
27.2979803619
25.9818750351
26.3982237207
27.6957151239
26.6843064049
26.184207444
28.5043737172
28.0084755328
28.8859062997
29.6235396453
28.4367622319
30.8589756775
31.2416613553
31.9166409573
32.5840324926
33.3708211532
34.7616135349
36.2346033933
37.2123373394
31.9525106446
25.0367553731
19.5999294564
17.9659110884
17.539112482
18.7319831784
18.9643187848
19.0635324049
25.1687874211
37.8876107588
33.109557904
0.19277362795
0.000500943201911
0
0
0
0
0
0
0
0
0
0
0
0
0
0
0
0
0
0
0
0
0
0
0
0
0
0
0
0
0
0
0
0
0
0
0
1.51963181241e-08
23.0817800857
23.2844888693
23.5361251552
24.5317407656
24.4521635938
24.3200869782
24.2807268978
23.8553801984
25.1792333029
26.5544953343
25.5973077225
27.990485967
28.5444333743
26.7726098693
25.7705111372
28.4388611524
27.6912264087
26.9095903424
29.0587723257
28.8311455644
28.2938414026
30.9927097279
30.2443636835
31.5363642851
31.8255456196
33.4396942315
33.815406671
34.5453518995
35.8427186729
37.2049617261
38.0981881003
40.0741377485
37.6266584404
33.5570999499
31.1327126184
30.5571794933
30.4500128758
30.0152664326
31.6431912475
39.2947880527
41.2142557536
27.4573481427
0.0161397244509
0
0
0
0
0
0
0
0
0
0
0
0
0
0
0
0
0
0
0
0
0
0
0
0
0
0
0
0
0
0
0
0
0
0
0
0
3.80734065991e-08
23.398829938
23.6541620157
23.5100832718
24.5802890305
24.9105718252
24.7700435144
24.7986611906
24.2552236727
24.8694566249
26.848943134
26.3773257958
27.2478812333
29.7004602729
27.9915445954
27.0488611664
28.8253972493
28.8746375702
28.1358136971
29.421479014
30.129732629
29.6336144108
31.612220523
31.5998364772
32.2188536366
33.4152142884
34.1448475557
35.0628710083
36.1105919417
36.9338047977
38.5015425146
38.9298289239
41.2897431517
42.3662366995
44.1876615667
42.7320831472
42.3856433922
41.8519952934
43.5545614945
46.8780405599
43.6361098586
40.4082173898
1.38958734163
0.00218096584585
0
0
0
0
0
0
0
0
0
0
0
0
0
0
0
0
0
0
0
0
0
0
0
0
0
0
0
0
0
0
0
0
0
0
0
3.80734065991e-08
3.80734065991e-08
23.7738741875
24.0544839428
24.5947690389
25.6329280223
25.7169734796
25.296068815
25.1487474416
24.612538165
24.7355249964
26.641544636
27.2376991757
26.1201798737
29.4730275609
29.3960696152
27.8935740603
28.2309409752
30.0038897448
29.0118184485
28.7032183082
30.967510145
30.6735757579
32.0130662843
33.009270156
32.0099838245
34.3127039424
34.0845141911
36.58140668
36.8635513255
37.4955188546
39.4201825502
40.5951466435
41.7225002398
42.716643287
44.2522278488
44.9879517358
44.9563873226
45.8032524925
48.0443640941
49.652328688
44.1807930847
37.4871732507
0.0458770674004
0.000303554565527
0
0
0
0
0
0
0
0
0
0
0
0
0
0
0
0
0
0
0
0
0
0
0
0
0
0
0
0
0
0
0
0
0
0
1.85821966114e-08
3.80734065991e-08
3.80734065991e-08
24.1639946794
24.3914775059
25.6581211654
26.8543793661
26.1549937897
25.6969511138
25.4687130807
25.0336912432
24.928568795
26.4908515711
27.7840959788
27.1989426324
28.3683488039
30.8992687618
29.0461954597
28.1863925366
30.6311791978
30.2635996217
29.5767216644
31.4995038312
31.8054360955
31.642644124
34.0391397085
33.6456901718
34.9717557915
35.9181647009
36.878592456
37.3402143869
38.5318632617
39.4393379595
40.6423671203
41.5982059249
42.5498235365
43.9996031951
45.1731791715
46.0804658501
46.931313478
48.294434776
49.5415898766
45.2414088169
34.1360732091
0.00783068902912
0
0
0
0
0
0
0
0
0
0
0
0
0
0
0
0
0
0
0
0
0
0
0
0
0
0
0
0
0
0
0
0
0
0
2.31337141356e-08
3.80734065991e-08
6.10419575985e-07
6.44105922347e-07
24.5540573661
24.6866798753
25.4859266568
26.303507711
26.2763166959
25.9476344349
25.7322097235
25.5064494576
25.1296560313
25.919049315
27.627353213
28.1321151628
27.1130909902
30.3869881406
30.6182759124
29.0601141456
29.7665657585
31.4292533618
30.5505410263
30.8196052385
32.9355630994
32.5205888314
34.3340761284
35.205809378
34.1729820816
36.4981102786
37.2938386805
38.524191048
38.838988199
39.4061929938
41.2952493595
41.9871929621
42.9732041783
44.1538361821
44.6122350978
46.224281273
47.1700504567
48.8311586715
50.4055494615
49.1324932765
4.07595827192
0.00240630367532
0
0
0
0
0
0
0
0
0
0
0
0
0
0
0
0
0
0
0
0
0
0
0
0
0
0
0
0
0
0
0
0
0
0
0
4.73820656497e-07
1.59935779112e-06
2.38371994227e-06
24.9868339858
25.0506153209
25.6771896461
24.5990426229
25.9774033111
26.0944623367
25.9204928368
25.8406492391
25.2183710867
25.5026250669
27.2050206758
28.6625336613
28.401191158
29.0605132487
31.7402390393
30.5495631358
29.7143866149
32.1264031334
32.1998774876
31.23711712
33.6119600111
33.9946983031
33.6755306316
35.5257464176
35.7281852193
36.6795344541
38.1919984118
38.7654001651
39.6875622724
40.5800740036
41.5627952686
42.2296032314
43.3923765682
44.5090058054
45.4265667555
46.0026671711
47.7410453491
49.9498741271
50.3685839398
46.5628396928
0.0543165509118
0.000713695077943
0
0
0
0
0
0
0
0
0
0
0
0
0
0
0
0
0
0
0
0
0
0
0
0
0
0
0
0
0
0
0
0
0
0
2.15721514991e-07
7.72814143175e-07
1.08650231468e-05
0.0736759710876
25.2658925819
25.3374808487
26.4635805741
25.4467600545
25.8985346761
26.1519603598
26.0507841068
25.9550558779
25.4233452276
25.3619173989
26.3689141137
28.2278958786
29.480545895
29.1303937274
30.7379361874
32.456440408
30.8863761979
30.3524257028
33.2366004395
32.2251421598
32.0332918008
34.6336329951
34.407102156
35.7173677482
36.5755835478
36.6852388526
38.2630002548
39.0848226623
40.2750153713
40.522429747
41.5964651611
43.2591869493
44.5530951967
45.3047169345
46.1793616717
47.5475411789
48.2525759174
48.1765378281
49.148145523
40.2782817099
0.00080620781556
1.90270032014e-05
0
0
0
0
0
0
0
0
0
0
0
0
0
0
0
0
0
0
0
0
0
0
0
0
0
0
0
0
0
0
0
0
0
1.36119479939e-07
4.52477162341e-07
4.34117608364e-05
0.0125837916198
99.9839770175
25.2330212578
25.2992576093
26.3407970544
26.5575852098
25.3955563057
26.129094781
26.187349703
26.1438800599
25.946488919
25.4624972844
25.7613724089
27.4766933294
29.2178158074
30.034094215
29.5102161222
32.4409254651
32.9599209321
31.2746769727
33.1541408975
33.7351583295
32.8287093763
34.7622933812
35.5203502997
36.0599722372
37.0702873435
38.0505397916
38.5083243978
40.2531203899
40.3575084344
40.4690375308
42.8506795066
44.1161651429
45.183255396
45.5891826774
47.1585913789
47.6898379997
48.24301426
47.7391603129
50.8033257861
38.060902146
0.00148698531822
1.30732382971e-06
0
0
0
0
0
0
0
0
0
0
0
0
0
0
0
0
0
0
0
0
0
0
0
0
0
0
0
0
0
0
0
0
0
4.37455348233e-07
5.41716515566e-05
0.0124575485042
70.3414237353
90.4076772983
25.2581125323
25.30232001
25.3835902718
26.9815327104
25.6001804387
26.1879928149
26.4388182351
26.4420464985
26.4775821441
25.8429276433
25.879742398
26.2807116619
28.4599661987
30.2817069448
30.2474561965
30.3159613967
33.0988516288
32.8487762166
32.2427051192
34.1880055136
34.3864265255
34.4755838323
36.0314415946
36.8104990238
37.5743052481
38.3655441952
39.4380391771
40.2500350593
40.8106236974
41.998977428
43.1154246974
44.1523702306
45.2822262329
46.5960998624
48.3147737475
50.1313113501
49.291144508
51.1608531741
54.0692629843
36.5027991698
0.000763068188717
3.18006751452e-06
0
0
0
0
0
0
0
0
0
0
0
0
0
0
0
0
0
0
0
0
0
0
0
0
0
0
0
0
0
0
0
0
1.36119479939e-07
3.22917986743e-05
0.00727257788648
60.4696941844
82.1979242435
85.4624567433
25.7386699087
25.7874176817
25.7980826551
27.7589339549
28.0904362294
27.1580767796
26.997913928
26.8853397645
26.8703906054
26.5533155616
26.1830889922
26.5292306168
27.5512952976
29.5904451494
31.1391547587
30.6536054389
31.985005311
33.6719632737
33.3597281822
33.0286509027
35.0531115266
35.6438400113
35.810566802
37.2615343196
38.10446965
38.6499944438
39.6528135246
40.4601740121
42.2201201933
43.1689007301
44.9244314443
46.97285001
47.775466047
48.9081215803
50.4310585953
50.4636358403
51.1926161271
55.2642357731
59.7747045835
43.1319363176
0.000342948648163
3.18006751452e-06
0
0
0
0
0
0
0
0
0
0
0
0
0
0
0
0
0
0
0
0
0
0
0
0
0
0
0
0
0
0
0
0
6.78392997228e-06
0.00222214137671
10.6259304546
80.9955350775
77.8678727177
78.1246067817
26.4241619674
26.4439491494
26.8926048619
27.9889843402
28.9688167074
28.5302517446
28.2179950746
27.683594088
27.4149250601
27.3750733881
26.6885196917
26.8852932336
26.9365561247
28.5349275975
30.3928557322
31.7090516262
31.6045425775
33.4338907796
34.3121729679
34.1232967064
33.8062630839
35.9705866869
36.7452515188
37.3153720451
38.2843788051
39.5832242877
40.2641568707
42.2886425506
43.3226552265
45.5437149802
46.5297291298
47.8497559899
48.7992746804
49.9922139868
50.2159188165
50.5367338877
54.1095298217
55.9909167202
61.9054903243
30.2199785324
1.65397475957e-05
8.53749515131e-09
0
0
0
0
0
0
0
0
0
0
0
0
0
0
0
0
0
0
0
0
0
0
0
0
0
0
0
0
0
0
0
3.41009270409e-07
0.000316217319862
0.827437403889
70.7159849326
72.6267655045
70.1405191456
69.7356731632
26.838177769
26.7135447914
27.3327859099
27.444953071
28.7120751122
29.9763644559
30.2994497784
28.9729961288
28.1614918096
27.8729222119
27.5689195838
26.9404009725
27.4208914248
27.3272456456
28.8331431776
31.0868044081
32.3483867498
32.4184512437
34.1339664488
34.9862624832
35.0181588891
34.8392012781
36.9490417988
37.7480089037
38.556384794
40.049811814
41.6141038812
42.8518383513
44.4847242047
45.4302141616
46.1643124692
47.8575428421
50.184223784
51.0513853301
50.6518750514
53.4349343984
53.3828247701
52.5456370897
55.4663389069
0.0230719564759
0
0
0
0
0
0
0
0
0
0
0
0
0
0
0
0
0
0
0
0
0
0
0
0
0
0
0
0
0
0
0
0
0
6.58435966979e-06
0.0347572395556
61.6598627418
61.3257583042
62.4578749737
60.1874633112
59.8713092677
27.0468255189
26.569993628
26.6882219238
26.9316157366
27.5456760117
29.4873369341
31.1743821216
29.906238258
28.8954879359
28.3380428529
28.1479087834
27.5046209604
27.7947759353
27.8586706661
28.3422117343
29.3795358608
32.0639802766
33.2222423904
33.3151250945
34.8478331929
35.6833973895
35.9921275148
35.9700291164
37.8735255607
39.2615088631
40.3614537851
41.578219259
42.7685942143
44.3909094708
45.3788783447
48.3450855969
49.9407622812
51.0203148769
51.3625314315
52.7960826746
53.6045565095
53.7983379275
55.3896089055
55.8820715921
20.4257333444
0
0
0
0
0
0
0
0
0
0
0
0
0
0
0
0
0
0
0
0
0
0
0
0
0
0
0
0
0
0
0
0
0
0.000484272870632
13.5908959533
54.8540215507
52.4955984404
50.9023788424
49.561116209
49.3238911973
27.4029916805
26.3435183509
26.2465066868
26.4591683859
26.9003622917
28.1525587806
29.9979879879
30.443647276
29.4291500659
28.7862016735
28.446488849
28.3310120894
27.5973171152
28.2163851411
28.1638439675
29.6400160207
30.8132600466
32.9828398652
34.1325908759
34.3942689006
35.5094172299
36.5491716907
37.267555333
37.7111461154
39.5922171613
41.1409177806
41.6617244033
43.7686431172
45.0871210651
48.1383131129
49.0437651582
49.9688753361
50.8911591241
52.2244527169
54.2014888947
56.644318827
59.1918180528
60.7022907467
60.3630684792
26.4679710886
0
0
0
0
0
0
0
0
0
0
0
0
0
0
0
0
0
0
0
0
0
0
0
0
0
0
0
0
0
0
0
0
3.64424397068e-07
0.0531126964101
49.2336096948
46.8766297328
42.7157068713
41.3566561107
38.4786552805
39.3832709053
27.8572177598
26.2475078716
26.0078404932
26.0414170896
26.372726086
27.1400711655
28.7777958341
30.5842260432
29.9958038978
29.2276768432
28.7649141185
28.5630443867
28.4165604248
27.9077251623
28.8773670875
28.727907699
30.4366792253
31.4563519471
33.5571897554
34.8314077341
35.7741795343
35.7411245793
37.7506960393
38.7496478541
39.9544487534
41.5086202101
43.0909192963
44.6599939248
47.5518619222
48.3562179596
48.6783538904
51.1921864228
53.0962627082
55.0952845034
57.2744865891
58.705548427
59.154095376
60.2494709175
57.3505010853
33.3375818081
0
0
0
0
0
0
0
0
0
0
0
0
0
0
0
0
0
0
0
0
0
0
0
0
0
0
0
0
0
0
0
0
4.40836216484e-06
11.8238757051
48.5594108397
40.2138479676
32.9207047932
31.8185209458
29.7007835515
29.69695606
27.5474572733
26.2775487978
25.8812783844
25.8701680578
25.9960125412
26.5038186046
27.1299857783
29.5026804262
30.5393538029
29.7760244462
29.1495505641
28.8028735994
28.7198140203
28.5411517001
29.083532062
29.3107072535
29.2153376516
31.2421668115
32.3330997439
33.4031065456
35.9148243734
36.7199557711
37.4742145626
39.1070893137
40.5539978382
41.914481411
43.862208528
46.1810985133
47.2323409119
47.5176290894
50.6697408486
52.558488193
54.5358310023
56.5929675862
58.3181015042
59.6852865273
58.9346032077
59.3291813263
57.6993986291
44.547599436
0
0
0
0
0
0
0
0
0
0
0
0
0
0
0
0
0
0
0
0
0
0
0
0
0
0
0
0
0
0
0
0
0.00520228134203
40.6057196079
45.6594741753
36.8628705532
28.1419888637
22.4677565861
21.9427656553
23.6721650541
26.902628117
26.3855643304
25.8976668085
25.8545765835
25.8945392776
26.0804666233
26.9192988626
27.8007931031
29.9434535876
30.292750259
29.6224524672
29.1291883331
28.8939573209
28.9336540296
28.6406720537
29.4575732708
29.674625426
30.8186547649
31.9964808454
33.399486634
34.8358891207
36.9554965264
37.986010389
39.3438998757
40.588552024
42.9025819476
44.4457988269
46.1168108708
46.7312272033
49.7812988001
51.712969868
54.1812206499
56.50156852
58.691305765
60.6315488177
60.1150512291
61.6023464112
61.4925755436
64.4911993607
56.0175763875
0
0
0
0
0
0
0
0
0
0
0
0
0
0
0
0
0
0
0
0
0
0
0
0
0
0
0
0
0
0
0
9.88012363359e-08
3.87811188462
47.713243449
42.9010059456
34.5141809726
26.1350102611
18.7500395682
15.1719895891
17.6213251612
26.6221662403
26.3197566035
25.9917788552
25.8124799233
25.8094771086
25.8409992483
26.1663899056
27.3364184165
28.173396729
30.1627388264
30.293073398
29.6445667509
29.221193298
29.0533455772
29.0290666831
28.8821904514
30.0607037701
30.3385351261
31.6786923107
32.4265449045
34.829323641
36.8503841157
38.195112199
39.3056456896
40.867451158
42.8466007244
45.4565343794
46.310159842
49.0650301857
50.9192712629
53.6548958399
55.5046809233
57.5114257134
59.3577509078
60.3790530583
60.6706145136
62.6485044915
67.3290547091
65.4808509079
61.1879310858
0
0
0
0
0
0
0
0
0
0
0
0
0
0
0
0
0
0
0
0
0
0
0
0
0
0
0
0
0
0
0
3.08144783444e-06
32.2819676258
47.8178816184
39.91569991
32.1964111669
24.699907858
17.5503756294
12.7381778531
17.1914229046
26.8338583487
26.1468223337
25.9905323148
25.6576736537
25.528650633
25.4633283773
25.4961318375
26.1385182056
27.4020646847
28.465678501
30.5742479063
30.4435535129
29.8401142683
29.4745710967
29.3502827804
29.4414589624
29.4148909512
30.6220982374
31.0846304018
32.8750239501
34.2870120728
36.662584645
38.207551883
39.4342456268
41.2072075248
43.7088264436
45.5918660068
48.3403122113
50.1335715416
52.6500395199
54.5387038662
57.0229551539
59.1098855121
60.9313390941
61.8970552824
63.5856960059
65.6473777893
69.4436660261
59.1871783474
67.6542023533
0
0
0
0
0
0
0
0
0
0
0
0
0
0
0
0
0
0
0
0
0
0
0
0
0
0
0
0
0
0
0
0.130850119687
41.8722213542
44.2628354027
36.3649967151
29.8602633753
23.5221134212
17.5266571275
12.7159210089
9.35612431738
27.1432797758
25.9789026871
25.6426822119
25.2284829723
24.9261525917
24.8084416324
24.8138811997
25.0359754533
26.3730153991
27.202908314
28.8091053519
30.5810852868
30.7162021792
30.2554906524
29.8849823639
29.8361217531
30.0681627966
30.2062284277
31.621086658
32.5010554154
34.5479731687
36.3648744162
38.1771602029
40.095628478
41.8125192259
44.0437963741
47.0347546589
49.124111041
51.6706413091
53.6246141164
56.5278300396
58.2589383528
59.9690580429
61.9851785388
64.3230603427
66.8693166277
66.819555178
68.137113438
60.1855994924
79.1190051584
0
0
0
0
0
0
0
0
0
0
0
0
0
0
0
0
0
0
0
0
0
0
0
0
0
0
0
0
0
0
2.17673342364e-07
31.6328864016
45.0942736294
40.8671960531
33.6270164956
28.0545247629
22.8278147722
17.7099086593
13.2344114005
13.003643093
26.2875918182
25.0290057623
24.4077878956
24.1558786046
23.9205410691
23.8437502149
23.9322736283
24.1508897993
24.9170775511
26.4035118235
27.2249674748
29.0151147418
30.4307022578
30.8899102278
30.678142158
30.4392243777
30.5678451663
30.956443601
31.3726457267
33.0213426674
34.4117427321
36.6939275665
38.7645445249
40.6414570586
42.591446728
45.188039781
47.3118757854
50.4410167256
52.421726569
55.1902312775
57.0968622344
59.6490605635
61.506851163
64.5875309722
67.3045567481
67.5378630208
69.8863082752
73.4151371586
66.7040724787
86.1128094937
0
0
0
0
0
0
0
0
0
0
0
0
0
0
0
0
0
0
0
0
0
0
0
0
0
0
0
0
0
0
25.6243944518
41.1491461933
42.5176053354
37.93812402
31.90557046
26.6813513937
24.6949926572
22.4620165174
16.9440514084
16.3674032683
24.4351813479
22.549742696
22.5494362553
22.6416979787
22.6666139846
22.7563962437
22.9600766294
23.2854127978
23.7319375786
25.4357505696
26.6863433869
27.481535675
27.4491995501
30.3289810417
30.9624871664
31.3134389611
31.2742103082
31.4680996755
32.0950905112
32.8891659428
34.7985684942
36.5747248507
39.0507060032
41.2315743802
43.0695940664
45.5871533712
48.6298477595
50.9414133651
53.746259866
55.8591489271
58.9997247382
60.9349278104
63.6613490489
68.2827800121
69.7946464915
72.3449548749
75.1249080319
77.2601010015
63.5776647907
89.3988274835
0
0
0
0
0
0
0
0
0
0
0
0
0
0
0
0
0
0
0
0
0
0
0
0
0
0
0
0
0
1.4878013174e-06
38.0634638084
41.3002997647
40.472719576
36.2933820905
31.6407862607
28.1770170725
28.0228034201
32.1317391107
24.0058996809
29.8037490461
23.1173812302
21.4912743698
21.3725706182
21.456601059
21.6482581306
21.8609940069
22.1554203234
22.532944387
22.9935352632
23.659070243
25.5518141701
27.3342384393
27.6702781181
28.1729834876
29.5983737205
31.2975814266
32.1231775152
32.12915734
32.8516974612
33.6397772701
34.7740160064
37.1415821234
39.6806470971
41.7700958947
43.860748221
46.5566877235
48.8340074357
52.0588186885
54.1441319308
56.9680594443
59.4240660643
63.0246141834
67.2248829617
70.0821857414
72.5946262939
75.6727930192
75.3337782258
76.5040050135
57.5305803843
94.091712708
0
0
0
0
0
0
0
0
0
0
0
0
0
0
0
0
0
0
0
0
0
0
0
0
0
0
0
0
0
35.7400223665
40.3362331928
40.6385756938
39.405614392
35.875978178
32.5152833478
30.1715024479
29.0225356325
35.046063296
30.7950537264
28.3535030439
22.5519029907
21.3896812584
20.9200806951
20.9662084305
21.2024322595
21.4204859602
21.6790698892
22.0248802847
22.4468552311
22.9298072649
23.8345126251
25.928548672
28.3933187941
28.7962974371
29.2659147483
30.3657797876
31.9219857924
33.0135797715
34.167411018
34.429874533
35.7060504302
37.5874028165
40.1199312758
42.3078376624
44.1867330978
46.7524258938
49.8337040439
52.0349684155
54.882313569
57.334039594
62.1535218216
65.6538513377
69.6935075912
72.6601902294
75.6238709584
75.9674403816
77.4138926849
77.1333629944
54.264087573
99.2953965978
0
0
0
0
0
0
0
0
0
0
0
0
0
0
0
0
0
0
0
0
0
0
0
0
0
0
0
0
0.906481472665
43.9513396478
42.2754658899
40.6116033475
39.1515553017
36.2882438052
33.7520922446
31.8595208569
30.506912153
33.9189343094
32.2918854002
28.4026290122
21.0390038752
21.0534361797
20.6708833034
21.0465610645
21.3389167351
21.4530737742
21.5633042905
21.7623001215
22.0934883505
22.5285084016
23.104585648
24.2032258751
26.4728189274
29.5589468463
30.4770814549
30.6461806574
31.5382888918
32.7793737239
34.1289997398
35.5406790311
37.1516436205
38.1627364505
40.4969202105
42.7204013381
44.7970721194
47.4101303081
49.8080783434
53.0037724193
55.155418173
60.2636060291
65.5123535335
68.5757708672
71.7202431961
75.8874826702
77.4297868092
79.0941538491
80.2716800463
78.2355855471
50.4363660992
99.9737892877
0
0
0
0
0
0
0
0
0
0
0
0
0
0
0
0
0
0
0
0
0
0
0
0
0
0
0
0
41.3831817053
41.8385056181
42.5125639774
40.5493471728
39.4684390481
37.2871306563
35.3597257171
33.8381313818
32.7367785923
35.6303129509
33.7321510646
30.2408418921
19.1089537185
20.0207445246
20.5330595934
21.4687589048
21.6760646086
21.694245491
21.646620301
21.6921462885
21.8611441456
22.2095083996
22.6889367888
23.3421271513
24.688485432
26.9600031688
29.9363406895
31.0776380793
32.1911515119
32.7482516126
33.9558297556
35.3569111442
37.2959114857
39.0313546973
40.7998846136
43.051569864
45.20498101
47.7233052069
50.8717569154
53.0622495638
58.2585649082
63.9894248935
66.5933996651
70.5843154981
74.2922198613
76.9909479796
79.1561751261
82.455643596
80.1974168791
79.2920637485
50.6097842572
99.9985563213
0
0
0
0
0
0
0
0
0
0
0
0
0
0
0
0
0
0
0
0
0
0
0
0
0
0
0
30.2006686315
48.5025728087
45.4010892777
43.0223499336
41.3000558419
40.2636320072
38.6155853798
37.1355963867
35.9496063985
35.2416218532
36.9965239185
34.8300344366
33.8994606812
18.4732466437
19.137647526
20.4720520537
21.1277819854
21.2942260863
21.4512177622
21.641041202
21.6724468946
21.7430549257
21.9493604927
22.3427949987
22.8842201221
23.6277222763
25.3837472875
27.2445482436
30.5427671478
32.2376568341
33.1420659804
34.4734074276
35.6945111291
37.4752437068
39.1869619179
41.2390220259
43.4016501737
45.7256017544
48.9565453639
51.4539810012
55.9595560783
60.9971027696
64.2699665837
67.8809431811
71.4384742626
75.8602216863
79.1953957145
82.9059884211
83.8092348401
82.6390986106
84.1956898471
52.4356832608
99.9998062936
0
0
0
0
0
0
0
0
0
0
0
0
0
0
0
0
0
0
0
0
0
0
0
0
0
0
0
52.7794423903
49.2255911484
46.7990588448
43.8515989199
42.2875800574
40.9474028386
39.6063094006
38.4078529613
37.5592910662
37.229973318
37.3622686581
35.5645607078
36.0299755922
18.2208349242
18.5183437241
19.5933149978
20.4034423014
20.6535782951
20.8937932765
21.1607487718
21.4456946087
21.6574856332
21.8007488541
22.084354774
22.5552745869
23.2464838106
24.2245768659
26.7808988111
29.812659905
31.115436526
33.2245503423
34.9834581083
36.0179315255
37.4818529534
39.3695640676
41.7974429912
43.7986169578
46.9480848683
49.8083953015
53.2259325284
57.3521973226
61.4522602332
65.0926344513
68.1954169207
73.8300240272
78.0723671565
83.5701499096
85.3775837463
84.5047186354
87.0457241165
87.3908063235
65.38430054
99.9996085262
0
0
0
0
0
0
0
0
0
0
0
0
0
0
0
0
0
0
0
0
0
0
0
0
0
0
25.578665699
46.2408261573
48.6534299516
46.3411731206
44.4571006078
43.0870314059
40.8721875185
39.4650570275
38.1816515459
37.2835790593
37.9939798047
37.2996871132
34.8746580311
36.6874015029
17.7301903169
17.7965152358
18.3239007534
19.6717292954
20.0176407737
20.3022629032
20.6029444402
20.939567126
21.3040070563
21.6946694092
21.9255129682
22.3285459469
22.9642974233
23.8928600981
25.2249340591
27.5881662823
31.1044099584
33.0498718242
34.0555982816
36.4333806236
38.4805958933
39.9374824698
41.7209826522
44.9417275486
48.248649645
50.4366922172
54.1955952421
58.7620632305
62.4506015429
65.2404642842
70.8231354188
76.6443171161
81.4013178923
85.3649834956
84.9453806471
87.7606516859
90.858553408
91.4681218981
71.4243765909
99.9942058996
0
0
0
0
0
0
0
0
0
0
0
0
0
0
0
0
0
0
0
0
0
0
0
0
0
0
59.9018674238
52.9737339576
49.6072617774
46.0251329643
45.0512473877
42.6538134314
40.0829038205
38.2847135776
36.6584652451
35.254484189
34.1216383021
33.9767511761
33.0688632979
36.5523799862
17.0054209139
16.9914805928
17.2401966682
19.0355797706
19.4373021613
19.7435625165
20.0578993096
20.3995899212
20.7831342752
21.2105772075
21.7042723684
22.1694993765
22.7265553367
23.5298953691
24.5979449627
26.1631799812
29.2555239383
32.3459248386
34.3197412755
36.8322452374
37.6885694825
40.2674108837
43.6700854236
46.5717212917
48.1161120799
52.0755565004
56.377692463
59.2433015915
63.0459183422
68.1402844882
73.922687
77.8128623385
82.9315586977
85.1106637472
88.3641793012
91.7171793796
93.2618551344
91.1740200023
55.7101794056
99.9919464633
0
0
0
0
0
0
0
0
0
0
0
0
0
0
0
0
0
0
0
0
0
0
0
0
0
3.42251888829e-05
51.0347760312
52.8305632109
49.5893086441
46.8824155917
44.9235054953
43.1022497552
39.1919774545
37.0599809233
35.3861557716
34.1459084876
33.4287737934
33.7882231559
32.1742455613
35.0082011667
16.2711510904
16.2502698983
16.4124700053
18.4176249629
18.8593005709
19.1981049301
19.5226506237
19.8612305472
20.230857467
20.6559217532
21.1691532283
21.7884819151
22.5561307563
23.3227889798
24.2974272389
25.7041434264
27.5306671194
30.679487682
34.2155322859
36.2348039349
38.5028195589
41.7167134746
44.8542654824
45.9530490514
49.6969319282
53.8701475095
56.680562431
60.4345397127
65.289747682
69.2261560921
74.5310943307
79.8429583365
84.3205800081
87.7476977316
91.3410408155
94.1943442129
93.6039419534
87.717911317
44.0663232314
99.9964624371
0
0
0
0
0
0
0
0
0
0
0
0
0
0
0
0
0
0
0
0
0
0
0
0
0
63.4223697277
52.1059978552
53.6553850887
50.4346183506
47.8342313997
45.5575328072
42.6652300782
38.6406001525
36.2870673271
34.6115548475
33.4479081371
33.2045227036
33.9501037122
32.1683922073
31.0802304452
15.4412680592
15.7161436993
15.6545626897
17.3905782973
18.2456319018
18.6489047591
18.9925993361
19.3171869157
19.6575223064
20.0590861091
20.5612051745
21.2021389578
21.988994122
22.9673264052
24.2511452784
25.7643495196
27.3282648652
29.2998810319
32.4523052949
35.9268383652
38.7823890128
41.7889584456
43.8324747243
46.6424645963
51.4255190827
54.7890374529
56.9640811417
60.9638892549
65.7020639103
71.6270895548
76.7552478052
80.6774887335
85.7277929375
90.2924001524
94.1429437546
96.854490299
95.0617256335
86.8183092634
44.2769538713
99.998349693
0
0
0
0
0
0
0
0
0
0
0
0
0
0
0
0
0
0
0
0
0
0
0
0
0
67.2175497417
60.5327435735
56.0584881046
52.4462046324
49.9755287327
45.99687983
42.1066657686
38.6932726119
36.3204551281
34.6558541551
33.4473935972
33.4800046847
33.7084883051
32.0942306249
31.6376323809
14.3472700803
15.1933911758
14.628669366
16.1676935673
17.5995318892
17.9157428434
18.1299665991
18.3081078863
18.5382902714
18.8876354629
19.3972251524
20.1022286311
21.0339097549
22.2580524551
23.8484763928
25.7266011373
27.6951976442
29.7329290343
31.7022508748
33.8931009313
37.3581375682
40.725574383
43.4331087486
47.326927415
51.7420811569
54.8347417999
57.9170075105
62.6714146731
68.0177656105
71.5760686612
76.9317370094
83.4868482943
88.9240027441
91.9600758682
97.1046096879
99.2836421476
96.5922731202
89.1564396556
55.8019777724
99.9983107391
0
0
0
0
0
0
0
0
0
0
0
0
0
0
0
0
0
0
0
0
0
0
0
0
60.1380927394
53.9400854229
60.775318345
57.9297472861
55.1376231498
50.4591333101
47.7984677599
42.5664561075
39.6576900517
37.2950543575
35.6772412543
34.8947021444
35.9154131848
34.0214961671
32.3453205877
32.082012377
12.7413813924
14.1057327237
13.1976812084
15.232367809
16.0916685787
15.7881096973
15.3854779574
15.181269861
15.2854746803
15.7346494871
16.5318825472
17.6817384058
19.1843294049
21.1066446869
23.5494668796
26.0400652312
27.911418808
29.7195898257
31.6875734331
34.0660430137
36.5445858276
39.1203213997
42.6234940775
47.6435436903
52.2019076383
55.9772910044
58.072179891
62.212289863
67.0826044064
73.3762242083
80.7160048867
86.6821524966
89.349603559
94.9823472018
99.9967093554
99.9998943326
99.9998799019
95.1190203812
64.2832457649
99.9961677548
0
0
0
0
0
0
0
0
0
0
0
0
0
0
0
0
0
0
0
0
0
0
0
0
86.2539331427
74.0135459274
65.9309506973
61.6085357874
57.8049197705
52.9058028259
47.930739726
44.2008661274
41.1144848318
38.6230582898
36.9838820998
36.3462211005
36.4049509805
34.2332353427
33.1209686966
34.9780951077
11.1341272286
12.0121555444
11.5813170532
13.7458742106
13.3710441307
13.1177908077
12.6372916292
12.6769059967
13.2504474315
14.2496352151
15.6097757375
17.2884021
19.2308017971
21.3941528513
23.6458546363
25.6690605492
27.4753317514
29.4146492004
31.8607880201
34.8548344776
37.3505290596
39.9864923865
43.18552195
47.1667199145
50.9959575081
53.7874530116
56.9986785524
62.7954764136
69.0388134253
76.8606672707
83.654507008
86.6201517057
92.0943089901
98.9151960022
99.9998849559
99.9999354944
99.9998983713
98.1235518835
68.9196570797
99.989797437
0
0
0
0
0
0
0
0
0
0
0
0
0
0
0
0
0
0
0
0
0
0
0
6.93409130018e-06
66.0503875778
73.7992458489
69.3085427432
64.2113190833
57.9085043759
54.6852168271
49.035283035
45.390523257
42.2685627124
39.5637179341
37.663260167
37.0566945173
35.8207261412
34.232890221
32.810235545
36.041198249
10.5783997132
10.078859934
10.3842424425
13.9085043902
12.9794254052
11.5392833501
10.9434609054
11.4726197955
12.6203566818
14.1507868347
15.9588274936
18.0050992663
20.1704397297
22.4248225701
24.6955204869
26.4859390426
28.2850325516
30.3825615718
32.7901016409
35.2006622649
37.6682933094
40.5697927015
43.8463705631
47.439961923
50.3764342763
53.1866956376
57.4021569713
63.513133937
71.1192315251
78.6004354297
84.2428517
88.4658253212
95.7004207833
99.9998700004
99.9999217645
99.9999158893
99.9998813046
99.9997151974
71.8972072039
99.9691472783
0
0
0
0
0
0
0
0
0
0
0
0
0
0
0
0
0
0
0
0
0
0
0
86.5956395943
70.0688634021
73.0376474592
71.6848424138
67.3046549345
60.2550149563
53.9474688405
49.6427536778
45.8784478767
42.8098074249
40.3823070421
38.4146680861
36.9807961296
34.7455045032
33.0329869073
31.6203470453
35.4271622556
11.656867848
9.55966039978
9.71777531656
14.019443257
12.7080237986
9.53646044215
9.87935852097
11.2715916446
13.1533077996
15.3215716073
17.7077493014
19.9948849318
21.6906433426
23.421185131
25.1773562344
26.9699958268
28.9434332673
31.1454389077
33.4956229177
35.866316575
38.328146468
41.0464130393
44.2171564514
47.6554019552
51.200147905
54.2440609163
59.1264177661
65.0434107225
71.5839238117
78.9335847969
85.577833205
91.7771429504
98.3207506175
99.999920471
99.9999363952
99.9999382821
99.9999375437
99.9997026741
80.2618019779
99.9022403165
0
0
0
0
0
0
0
0
0
0
0
0
0
0
0
0
0
0
0
0
0
0
0
99.7355522858
89.8330563065
80.6967095277
74.1933618838
69.3441102956
62.9629726369
55.7841237255
50.1862631217
45.9592039582
43.1213960663
40.8778447362
37.0587488776
34.653238419
32.701031094
31.441913931
30.5179052253
33.8761100037
12.0488928931
9.33609098851
8.76196745239
9.16321286778
8.33214850349
8.85725144332
10.648851769
13.0633667386
15.876627643
17.5254867189
19.0024919144
20.5049497455
22.0865741458
23.8226183891
25.6866852906
27.7002539023
29.8843928129
32.1928514568
34.5221378176
36.8218144473
39.2588567983
42.0499576673
45.2447868263
48.3715864776
51.4674665328
55.1397420122
60.1288866846
66.3003389092
73.455899456
80.5997880363
86.0460648794
92.5707319345
99.9998433837
99.9999700751
99.9999730131
99.9999700256
99.9999450989
99.9996301569
77.6318562364
99.7863515991
0
0
0
0
0
0
0
0
0
0
0
0
0
0
0
0
0
0
0
0
0
0
3.45317890982e-05
78.9317222023
90.0097878971
84.9967696581
76.8899742596
70.0030609995
64.2839430873
57.8225353964
51.3442013349
46.070343152
42.315061975
39.7448373923
37.2532451747
34.9857978147
31.8967960142
29.2794834006
29.938680185
31.4548770783
9.85455955647
8.60084134054
7.64459394166
7.60287437177
8.95328096948
11.5686254417
14.1508314829
15.4080909865
16.6583740581
17.9626808935
19.4079300365
20.9832999857
22.7103961879
24.6100503321
26.7010245472
28.9701374094
31.3214284047
33.5932372734
35.557133762
37.6470524967
39.9719087947
42.5705403873
45.4027507504
48.4582426857
51.8208508688
55.8727259755
61.1141340968
67.5985853609
74.6460476942
80.9834317607
87.4605561651
95.8770141829
99.9999335521
99.9999729755
99.9999873561
99.9999926555
99.9999767144
99.999484197
78.5260015823
99.843225393
0
0
0
0
0
0
0
0
0
0
0
0
0
0
0
0
0
0
0
0
0
0
99.9992152526
95.4078096758
97.5477806998
89.7802075437
82.0388556863
74.0959871172
66.3245070479
59.1094299816
52.254715641
45.8206124148
41.0008891003
37.9324124387
35.0009549388
32.8786789457
31.0151503762
26.4250219026
28.5324666698
28.6002875498
7.65120209311
8.2229163014
6.95720828527
7.04206304293
11.2419619416
13.7164294593
14.7758141345
15.9178333396
17.2017305818
18.6226466893
20.1810837501
21.8833762277
23.7470669498
25.8114655386
28.1067338993
30.2210663746
31.8939909539
33.6996924783
35.6860634278
37.8440644775
40.183641335
42.7131939792
45.4624837436
48.5545242395
52.1083298877
56.342410909
61.6694118294
68.3107638925
75.1450830904
81.7155431397
88.9080880041
97.3231546506
99.9998941811
99.9999852534
99.9999960744
99.9999919317
99.9999858278
99.9998937814
91.7924862642
99.9136338017
0
0
0
0
0
0
0
0
0
0
0
0
0
0
0
0
0
0
0
0
0
0
99.9999807791
99.9999628118
99.9990106379
99.2888032827
88.4806037831
78.9887406499
69.4233969772
60.577751672
53.0362120828
46.2835217306
40.1227940238
36.5286682041
32.8893311758
30.0493576025
28.442671046
24.1784711347
25.1408281941
27.517864519
6.51211028152
8.8606212546
6.47338712533
6.67232673002
13.1276597566
14.4736404171
15.5895301486
16.8778538061
18.2672435314
19.7628405797
21.3696323731
23.0898987409
24.9327415427
26.9485795918
28.7954456209
30.2455822847
31.8483060121
33.7769853828
35.9074270529
38.1346285397
40.425838091
42.8326655875
45.4527712109
48.5527825233
52.2441359519
56.5217265695
61.8835230279
68.6338787064
75.6444102291
82.5353797269
90.1541411932
98.9526990111
99.9997023092
99.9997452209
99.9997142862
99.9998175789
99.9999924445
99.9998880661
91.9391540089
99.9649666687
0
0
0
0
0
0
0
0
0
0
0
0
0
0
0
0
0
0
0
0
0
8.00929022892e-06
99.9998617478
99.9999933518
99.9998873921
99.9825687583
94.9522182932
83.7824385764
73.1065471638
62.9553210093
54.1189909021
46.8346992053
39.3039172921
34.2940068702
31.6480048007
27.8817161232
24.3030816982
20.5005636686
23.4195119054
30.3291211155
3.7619847632
4.55488552479
5.7513900269
8.49399526229
14.6302700089
15.9872386434
17.2874992349
18.6975154336
20.1896048883
21.7026824891
23.2132088578
24.7107913229
26.2689528996
27.6141586926
28.9432102995
30.2609072702
31.876245372
33.9287368323
36.187607165
38.3952749021
40.6378732779
42.8685223428
45.1764651444
48.1314951796
51.9594716222
56.2295574995
61.1335346472
68.0313480775
76.6576064295
83.3766287358
91.340549348
99.6333527139
99.9879340893
99.8487658928
99.5132035853
99.0167737768
98.2729693311
95.1228878653
98.1194499175
99.9860627369
0
0
0
0
0
0
0
0
0
0
0
0
0
0
0
0
0
0
0
0
0
99.9999994197
99.9999994197
99.9999993518
99.9999966253
99.9983007551
99.4907810073
88.6242070462
75.9117815934
63.590686078
54.5309548772
45.9952000034
38.2545546763
32.635364666
29.2085047406
26.9313801546
24.9830415619
23.4916714117
26.2891112852
25.3401683087
2.63498448024
3.5870608079
7.07742310202
6.93501189558
15.6717402861
17.8820606543
19.6910623188
21.1181837928
22.5475562499
23.445550445
24.502915279
25.7134815889
27.0041503685
28.3410499458
29.6052720593
30.6492398003
32.3159536851
34.4114490251
36.2847603865
38.3184290086
40.4284280977
41.5953739496
42.4099872265
46.0999901727
51.3310381357
55.897299306
60.4276511245
66.6351151073
75.113597315
84.2207814223
92.1604603454
99.5660172939
99.7861050036
99.3934992914
98.7025984492
97.561678932
95.7154318346
89.5833433606
9.21851780558
99.9905145937
0
0
0
0
0
0
0
0
0
0
0
0
0
0
0
0
0
0
0
0
1.296717151e-07
99.9999942711
99.9999994197
99.9999994777
99.9999993491
99.9999796198
99.9644250437
91.4723986798
78.2473895318
64.8403461325
52.6081671798
45.0921987314
39.2860886679
33.8844902771
30.0364334657
27.9742200167
26.0239756317
23.7263655002
22.8860329715
16.453452056
1.62775283983
7.20508231534
7.15627809022
6.43501894347
7.1201458344
9.79541782767
14.8251630162
16.7566335029
18.4495465657
20.4463189605
22.7076888358
24.9902001885
26.7590497913
27.6570012795
27.4393113073
26.6580579356
27.9217710728
31.1378156237
33.9230236381
36.2340643568
38.5477785361
40.3255447456
42.1038268717
45.5586754235
51.0181541863
56.0785507205
60.5413073602
66.579496031
75.2911060449
84.4708236874
91.8061289165
99.3764141451
99.6288688641
99.0692749294
98.0389246083
95.6839827984
93.8402296442
16.7628043191
53.9095043545
99.9883907118
0
0
0
0
0
0
0
0
0
0
0
0
0
0
0
0
0
0
0
0
2.15721514991e-07
99.9999994777
60.7290992632
99.99999953
99.9999995203
99.9999965009
99.9938916854
94.0112531906
81.3643182341
64.8745939203
48.1278732076
40.2457117446
36.2522232347
31.9006281069
27.6925426687
24.6982134755
22.6194299039
21.0989086
20.7273414704
12.0356962124
)
;

boundaryField
{
    frontAndBack
    {
        type            empty;
    }
    upperWall
    {
        type            calculated;
        value           uniform 0;
    }
    lowerWall
    {
        type            calculated;
        value           uniform 0;
    }
    inlet
    {
        type            calculated;
        value           uniform 7.70986483632e-05;
    }
    outlet
    {
        type            calculated;
        value           nonuniform List<scalar> 
20
(
4.43991495326e-07
0
0
0
0
0
0
0
0
0
0
0
0
0
0
0
0
0
3.80734065991e-08
8.62999348343e-07
)
;
    }
}


// ************************************************************************* //
