/*--------------------------------*- C++ -*----------------------------------*\
| =========                 |                                                 |
| \\      /  F ield         | OpenFOAM: The Open Source CFD Toolbox           |
|  \\    /   O peration     | Version:  v1806                                 |
|   \\  /    A nd           | Web:      www.OpenFOAM.com                      |
|    \\/     M anipulation  |                                                 |
\*---------------------------------------------------------------------------*/
FoamFile
{
    version     2.0;
    format      ascii;
    class       volScalarField;
    location    "686";
    object      alphak;
}
// * * * * * * * * * * * * * * * * * * * * * * * * * * * * * * * * * * * * * //

dimensions      [0 0 -1 0 0 0 0];


internalField   nonuniform List<scalar> 
6400
(
0.89389603508
1.43534087922
2.27905132702
2.8494895946
3.39403954538
3.93812771591
4.62193595993
5.38643170545
5.84722692491
6.54747465136
7.81510801826
8.71719470432
9.47830303839
10.3273451891
11.365132945
12.455367599
13.4389553852
14.3646068199
15.1457398802
15.6182616593
15.8771735536
16.274183275
17.0117577959
18.0671812607
19.2180616108
20.260022946
21.1313712032
21.942214142
22.7930231621
23.6990134494
24.6049960353
25.3209539525
25.7699084534
26.0704092316
26.2656064003
26.3556972865
26.6148987902
27.0924803494
27.2611521591
27.2133185766
27.5326210499
28.3450348883
29.1570135051
29.6122787332
29.7557358803
29.6817013554
29.4566219298
29.1243910524
28.6981696163
28.1979923861
27.5410450184
26.5112130875
25.1320358485
23.4792517314
21.993489012
20.7139026313
18.9761136093
16.5151740867
13.9365666113
11.8093152774
9.64931105903
7.38783497409
5.22891326874
5.30473354306
8.71271258194
13.4375626259
16.3183322256
15.9521406933
13.9198623776
12.3162104459
11.4956325835
11.7822805072
12.4176552676
12.3618366006
14.5140395485
13.9896332811
15.9230291459
9.82200394247
12.8597759061
4.80443024812
3.16007015699
2.53912073037
3.16897861079
4.43761764792
4.40000993946
4.35741167081
4.62084255934
5.10739555413
5.79176551231
6.6583298373
7.69672079584
8.73352728236
9.65499426088
10.538814962
11.441960545
12.4712030502
13.5540799165
14.5869607996
15.6414966438
15.9467548698
16.0225188184
16.3953763993
17.1091416812
18.1521921549
19.4245439559
20.4109241603
21.2529729265
22.1010255996
22.9665913707
23.8427489634
24.7201923191
25.5232706942
25.9666452943
26.2611509308
26.4882257894
26.4940212803
26.7991537371
27.301225228
27.424281696
27.2439674381
27.5343678594
28.8674102145
29.9694735548
30.3325835357
30.4176398304
30.2671504648
29.945500985
29.5462441038
28.9629714349
28.3013088014
27.7108633056
27.1862893237
26.0025730141
23.7028026212
22.3304688939
20.8373865048
18.5545264609
16.1576733627
13.8101028951
11.4856992006
9.33112620026
7.7156494629
5.63384047873
5.8104388879
8.93415611579
14.5169765534
18.1539890945
16.7886048095
14.577619532
12.6484252781
12.0016662933
12.5052592917
13.7077588859
13.1779772444
13.0918066567
12.6209989826
11.4708660945
9.66417151489
8.14440042245
4.2268653108
3.27425325678
2.89538758141
3.41748213632
3.73993122708
4.32665609677
4.79808904185
4.8113296205
5.00508883396
5.69173869566
6.633216177
7.68112920034
8.73758971762
9.70399047026
10.5902608405
11.3485721873
12.2841478194
14.8589887414
16.860508761
17.3494730775
16.8883352871
15.8286312377
16.0793547461
17.2269908609
18.3203514447
19.3546304875
20.4045637499
21.349362838
22.1997239318
23.0449996624
23.916801089
24.7613330578
25.6519631972
26.0908855386
26.1623826045
26.6927742071
26.7156944209
26.7179765158
27.4010954689
27.572822467
27.4563860501
27.7613067161
28.5550026318
29.3445779319
29.8017880641
29.9702396629
29.937863182
29.7466060081
29.4167154461
28.9512635165
28.3717194734
27.6777556238
26.7565073452
25.4815350164
24.1018765716
22.6988079249
20.7348829162
18.4674787729
16.1431515156
13.8257800577
11.583259951
9.53402237907
7.58325055755
6.26165697136
7.25386730064
11.374453638
15.5646053575
17.5978604846
17.6317799448
16.0206534666
14.3640087611
13.7254820732
13.6917553687
13.0748721267
12.531538046
12.5726338622
12.2932302908
11.3620660948
9.76439581056
7.33153993685
7.53053237841
3.32800761294
5.54923167246
3.77542994473
3.92528049776
4.64151430494
11.9204132983
10.3312881958
5.5362524464
5.65651255202
6.62691083378
7.70320555627
8.78045659123
9.72216715031
10.6191406813
12.3016224765
14.3796592149
16.0785376833
16.6006408321
15.7632133203
15.1917254605
15.630128415
16.3206326116
17.2141461803
18.3034563543
19.4370438203
20.5182293336
21.4896759151
22.3201581162
23.1833013925
23.9873805205
24.9522990268
25.6466271093
26.3545160264
26.4161040204
26.2767299907
26.7929359281
26.8872137282
27.0058022828
27.3434696016
27.6532455422
28.0747430522
28.7244077817
29.3894971773
29.8421476837
30.0492607442
30.0530056633
29.8893824002
29.5800298936
29.1342001025
28.5586849474
27.8365705633
26.9065521252
25.7275593429
24.3578304198
22.7527405702
20.7797884642
18.5315824873
16.2080988996
13.9269128882
11.7837982141
9.89519235949
8.4360465503
7.95306622463
8.7717710085
11.0592466902
16.0310782775
19.3417842422
19.4265092105
17.7235709716
15.349586106
13.758478364
13.0095923683
13.2374563965
14.7199061749
14.7059995879
13.4243579933
13.3241417057
16.6480873676
13.0359134092
11.0417495653
5.75916099325
7.63350157114
4.59265506729
4.91246242033
6.69165462157
11.8167438221
8.36824466015
6.04225390229
6.18316930743
6.84634744071
7.84429663244
8.93411596314
10.3650405269
12.6010241986
13.6625839359
14.1416286027
14.3158470676
14.3237756404
14.5860029501
15.2376476044
15.7577270431
16.3749236073
17.3074732097
18.4035468178
19.5506848781
20.6602162549
21.6046450777
22.5509224816
23.2931649407
24.2677892867
24.9950211781
26.2198918409
26.2923637065
26.0849303033
26.3702501127
26.3667159074
26.6519531607
27.0661280738
27.4869512718
27.8862034996
28.3429691542
28.9165361507
29.4982487546
29.9350360574
30.1673519762
30.2032005177
30.0675080294
29.7816618994
29.3572693959
28.7945210835
28.0733615123
27.1552375378
26.0137073801
24.6382164834
22.962448389
20.9403198723
18.6930139724
16.4112515652
14.2403866963
12.314782001
10.799687267
9.92213784883
9.93900109252
10.1807755622
11.5248525174
15.6913455014
19.4871836129
20.7724844668
19.5592713686
16.7662189515
14.2687581392
13.9619592898
16.281916044
17.1915531078
16.1871442325
15.3039117909
18.0049192542
21.0436435084
16.3326340056
15.4452776926
10.0434907776
9.22163705634
5.72505057464
6.24468763309
12.1045846907
11.5950259912
6.86922745242
6.66064564165
6.82278656937
7.20086195498
8.08184076155
10.6540262637
13.8022529129
14.301670648
14.0523244294
13.3280816814
13.1833086048
13.6963480064
14.6985302835
15.2041311583
15.6620799052
16.4471768629
17.4489393657
18.5730258654
19.6545082176
20.7725145773
21.9470883804
22.6551435591
23.772504863
24.3224213532
25.7659823922
26.0247891034
26.8603408062
26.2846463577
25.8539958852
26.1258285448
26.6587811033
27.1957594587
27.6797605168
28.1295210303
28.6064225655
29.1410302414
29.6694864092
30.0884123926
30.3349049656
30.3970656364
30.2884903025
30.0290329205
29.6314658162
29.0933242621
28.3940312744
27.5006742547
26.3780205355
24.9827901406
23.2618627869
21.2323867657
19.0418107269
16.8826930885
14.9191116354
13.3110295373
12.2144340703
11.8229623324
12.2148852441
11.4600193899
13.4999564281
17.7433749381
20.9024975315
22.1098853536
21.1202007061
17.7034285682
15.4635091032
17.2701817985
19.5008561218
18.9968434385
18.0317089521
18.1394075723
22.7660721917
24.3731834562
19.3432679254
19.1469260265
12.1763727562
9.13665694916
6.95763965431
6.52141448912
12.070137821
8.59069563455
7.14470523623
7.27314507636
7.42040320696
8.12893556948
8.66765150243
13.4739366964
14.2242331491
14.3269303097
13.1460475624
12.3771762239
12.8113666161
14.1602777093
14.6532236866
14.9277800848
15.6746049831
16.5575139118
17.562332849
18.683629489
19.9341234739
21.1300529749
21.9740300556
23.3949025784
23.862910398
25.4097537276
25.5348126839
26.6216261245
26.3697657185
26.0691814459
25.706519936
26.0901349653
26.7475890077
27.3649462001
27.8937947096
28.3801918397
28.8765092647
29.3952903265
29.8935124958
30.2987627137
30.5540883983
30.6378514623
30.5563746797
30.3281416472
29.9660346536
29.4655207845
28.8034295295
27.9427789766
26.8367034464
25.4344575032
23.7126734948
21.7387986761
19.6820965447
17.7320252849
16.0338588945
14.6988728183
13.864881449
13.5664014933
13.321089297
13.3308497239
15.3040659905
20.5196881244
22.4534690512
22.5637372962
21.3832912513
19.0350860876
18.6845134832
21.2030878222
21.6239898983
20.8069120634
20.2505603494
22.2828394943
25.0826887683
26.5779792807
21.9734477189
20.8341410474
11.9235566205
8.85685161988
8.12154140441
12.2714692955
12.206640516
7.72459304686
7.81721611889
7.97883678197
8.07674642678
8.66513534446
13.206260362
14.1689412157
14.3180453744
13.9218471129
12.0671175039
12.0023258453
13.5675785681
14.2819639632
14.3112846425
14.8060498198
15.7105006378
16.7221794682
17.7592417734
18.9319023928
20.0316340875
21.4574746526
22.0582377603
23.4150335543
24.9901533761
25.5523199794
25.2604437857
26.1415676586
26.4237263714
25.5996246897
25.7069265347
26.2393818493
26.9029553184
27.5488490057
28.1199881315
28.6430298081
29.1610969291
29.6801456857
30.165461011
30.5631735887
30.8255045456
30.928816822
30.8764500685
30.686077819
30.3697042256
29.9200702256
29.3095672102
28.4941459734
27.4202158503
26.0465126078
24.3875290368
22.5505303
20.7058765619
18.9925075888
17.473261731
16.2317031859
15.441203926
15.1136585075
15.0755474784
15.4135632808
15.4636228387
20.9665910925
24.4549044358
24.1867980628
23.4157721497
22.3127508977
22.9700308047
24.2215065509
23.491668899
22.8240443238
23.0865631011
25.5074686251
26.2381464983
26.8629994221
23.9828153067
21.8416394332
11.2447543612
8.83822261798
8.7986477672
13.2672366861
11.2563335827
8.39413007246
8.5478478072
8.84173265008
9.97339290427
8.80041325306
13.9777910017
14.7068181668
14.370424771
12.7664897818
11.7525490893
12.1396691151
13.6357912268
14.0187042303
14.2065416386
14.825163772
15.711094398
16.7934701542
17.9265180171
19.4791506086
20.7918100079
21.4300093498
23.3331970724
23.3371099434
25.1615980598
25.0720329386
26.2851823188
25.5547483721
25.4137937059
25.5290523312
25.8826699703
26.4427842138
27.0928783534
27.7496191594
28.358905497
28.9226920142
29.4675290266
29.9967553215
30.4820033367
30.8796300203
31.1499410911
31.2734340394
31.2546228885
31.1104126075
30.8509440815
30.4663215802
29.9245259236
29.1758234686
28.1675085393
26.8793363461
25.3639207125
23.7473241474
22.1522089219
20.5931999129
19.0514450301
17.7516902696
17.0675525525
17.0592080759
17.3478211437
17.5410149773
17.399891261
18.5032649348
24.8814030363
26.2871294523
25.9861605153
26.3259955691
27.1053687406
26.5475220456
25.4350013372
25.2489209144
26.3401724121
27.651866923
27.581913594
27.0220205703
26.0294033082
24.6699009404
10.7710374414
9.32210918192
9.95048448552
13.3564197792
9.42008620095
9.41827544472
9.28477810158
9.56006908682
12.5361000167
11.3177179302
14.8130932231
14.9933098191
14.4646900808
12.1458940489
11.8077867417
13.3651492402
13.857663857
13.7894539936
14.1731955483
14.9683549121
15.8368426901
16.8645056138
17.8585753022
19.6227344749
21.7510587218
21.383679032
23.2819826022
24.6307212383
25.3906117303
26.1087206737
25.6394222047
25.7679909509
25.156355965
25.4557075594
26.0520741175
26.6683878895
27.3107322133
27.9700794047
28.6105943541
29.2186617478
29.7993146558
30.3482578496
30.8423815894
31.2468794664
31.529391058
31.6761960735
31.6965665411
31.6080902107
31.4181028852
31.1143651447
30.6630105445
30.01329745
29.1215341417
27.9948705226
26.7141101804
25.3812852943
23.9865341485
22.3674260993
20.6392386447
19.4290840207
19.2014820244
19.7250011283
20.2245002721
20.3069915654
19.9387726321
18.5743303211
18.1076231988
28.2134783077
30.7234661033
31.2926185934
30.7054369255
28.8923055949
27.7625113335
28.0651084891
29.3878984795
29.8953412787
29.7837994757
29.5795769663
29.9734789553
30.1872870741
10.814277441
10.198112714
13.3072952324
13.5697608942
9.59704706777
10.1948962204
10.020478285
10.4752769841
12.1112742462
14.7478778223
15.6681678245
15.2894644644
14.73714379
12.2108024687
11.9761161317
13.8627567491
13.9729906853
13.7766030236
14.196797752
15.0940778233
16.1776508587
17.217581358
18.0296149826
19.2588128479
21.9130908148
23.1664713236
22.9551152485
24.7391331714
24.3868274765
26.1254776434
26.5766782389
25.7373933088
25.1411924468
25.5681203155
26.2500429743
26.9043044791
27.5527860964
28.215915294
28.8781045603
29.5294320659
30.1560541924
30.7359179375
31.247425937
31.6652767294
31.9655633666
32.1420214263
32.209335841
32.1860946074
32.0780763782
31.872897413
31.5388481412
31.0311136976
30.323704769
29.4516089864
28.4937933811
27.442403253
26.0617372381
24.197235702
22.4986558182
21.7980511678
22.3642783428
23.4999324105
24.1609237625
24.1282187406
23.387403412
21.7086972153
19.2408006857
19.4542947289
32.3086308363
37.0616178902
35.1404726399
31.9643473264
30.6877892549
31.2126692219
32.2828029524
32.932303796
33.4922977559
34.1571380888
34.8349728813
35.5440797384
11.2238049666
11.0967057178
14.9660997665
14.330638758
12.5029445968
11.4375295548
10.9864059938
11.9238731174
11.6506775288
15.7196760636
16.3501945386
15.6644805306
14.8730993776
12.8714420576
12.7367326659
14.3161204076
14.0152070994
13.8710698134
14.3110160726
15.1317276466
16.3107432114
17.668333574
19.3763499833
19.3777527088
21.42343653
23.5249647865
22.8711293584
24.9754860992
25.9155879137
25.4002137118
25.7590844602
25.2026951514
25.4230182543
25.8872201337
26.5044410271
27.1629001525
27.8233162778
28.4952842852
29.1690874127
29.8518746694
30.5320622339
31.1609644924
31.6999978005
32.1361006623
32.4608616503
32.6760067275
32.7997281394
32.8509703198
32.8360912264
32.7467112967
32.559216785
32.2460227207
31.8088913609
31.294027434
30.7025930458
29.7806358499
28.2275228508
26.4347562368
25.2543575709
25.4010990674
27.0114940339
29.0007415645
29.9571162698
29.976782472
29.1656367415
27.2289463079
24.0747191122
19.6445541971
27.7532208073
38.1218671107
40.2038867936
36.0760865564
34.5813664735
35.0739439429
36.1099215067
37.0044729688
38.4037151092
39.4130629767
39.456903263
39.7275298456
11.8628747941
11.7696519026
14.7469613183
14.8582683512
14.887943404
12.611442606
12.082617542
14.7345383099
12.0738810189
16.5849642382
16.871968949
16.0484208504
15.0051321881
13.5166633272
15.2386891462
15.3611901036
14.2314540505
14.1028328844
14.5597172995
15.2662969382
16.263923146
17.6594387528
20.6008674644
21.5686061291
20.9411877003
23.5730847325
24.5915533254
24.5657867458
25.8741048855
26.3848887242
26.0729158914
25.2459623334
25.6254507272
26.212720452
26.814044305
27.4552918973
28.1133751619
28.8061065091
29.5077015952
30.2067729536
30.9231022762
31.610603339
32.1981895904
32.6634005962
33.0190800588
33.2829857425
33.4741698432
33.6081699078
33.693542081
33.7319161038
33.7188077551
33.6610926785
33.5933836817
33.5224742047
33.2223694109
32.1307105494
30.8383746164
30.5540394289
30.091236789
31.0370103197
33.2539507868
33.9462888618
33.0643171069
31.8952258972
29.4930512004
26.3522860219
23.0594105611
16.5027921188
15.9601399002
31.127747055
38.5417182598
37.0404885965
32.9202982563
35.2534322832
38.2816837398
41.3541023176
43.9221268639
44.9215587223
44.9854900722
45.2257125749
12.5584703565
12.4945782372
12.1445770923
15.2103866734
15.4524594762
13.4208692717
13.0664897862
15.7501205916
12.770452739
17.4842950543
17.3462214099
16.4466874991
15.2414535518
13.8571239317
16.3883057126
15.9713600818
14.7000332113
14.5139096941
14.9138023328
15.5706322717
16.3406799285
17.5407519545
21.0865984981
22.6354406074
21.2843541575
23.5816502999
25.0945912309
24.1226371403
25.4961083372
25.9797217091
25.2424012746
25.586682468
26.061842195
26.5899495926
27.1565629482
27.7986385605
28.456212512
29.1318029135
29.8641009367
30.6110489901
31.3571827348
32.0871347186
32.730345838
33.2429733224
33.6437387886
33.9689768045
34.2384170644
34.4588307746
34.6443600933
34.8138431915
34.9930696965
35.2551056145
35.6602146265
36.0738164987
35.7611945106
34.2771167743
34.6241137282
30.4223756462
26.2700426756
22.3561798148
10.7373917585
0.00449520480973
1.55692396477e-05
1.58849508145e-06
1.26056490907e-07
3.55075702053e-08
4.17950817885e-07
4.27042530422e-06
4.82389632877e-05
0.000125995718866
0.209225711558
27.2710223731
47.3920179209
46.7204665253
41.8794467818
42.675922775
47.2316401238
50.1362063976
51.7775339797
52.2078883997
13.4335671055
13.5286397686
15.8604256758
15.8823953451
15.9348334033
14.1130028744
14.1246923567
16.6321667561
13.8099497999
18.2712192799
17.8036997876
16.8704623632
15.5604008591
14.2691065866
16.6907791083
16.2115914355
15.1643417763
14.9863373218
15.3096858433
15.8927294088
16.5908031623
17.5456959595
20.5306272037
23.4409486378
23.6338263506
22.9949430085
25.2963541812
26.1755926804
24.4862670732
24.6151658789
25.1851723749
25.8206850459
26.4172426109
26.9767606701
27.5555106254
28.170656322
28.8321027082
29.5265538189
30.2490282994
31.0348262641
31.8373286528
32.6104741098
33.2999294205
33.8663035035
34.3317606821
34.7363080273
35.0953109745
35.4070756258
35.6797663205
35.9538273804
36.3314834359
36.9723250058
37.9307449289
38.7581859883
38.0610235845
34.0854157856
22.8430159492
5.27971312817e-09
5.80713693405e-12
1.08863057835e-13
1.84530343262e-15
5.33892067304e-18
1.51720471324e-20
2.62625264191e-25
2.05426260841e-25
4.9872772272e-25
3.36181916092e-24
1.57465732571e-23
5.81679202134e-23
3.69648042753e-22
2.8942616581e-22
2.51092934649e-20
1.42913834858e-17
1.43658899301e-15
1.09012836903e-13
2.51030221488e-11
4.22562856135e-07
50.988379906
57.2942015317
57.586134688
14.2592857477
14.4517690012
17.4905080145
16.5898653078
16.1014376842
14.8071504469
15.14722603
17.3884162986
17.3628093865
19.2521345753
18.328201076
17.3900588354
15.9678403375
14.8237212469
17.0124003461
16.386249011
15.6056527259
15.4656851033
15.7144959173
16.2132272032
16.8738213111
17.7741714694
20.0409535358
23.6948359607
24.9815598342
22.772920595
24.8067131894
26.2564463559
26.1561978889
25.0239961443
25.2620933876
26.0366750991
26.7726624128
27.4061418284
27.9509556759
28.5732813125
29.2320242975
29.9475125071
30.6928184633
31.4952275108
32.3506549283
33.1849175984
33.9161814136
34.5229097281
35.0642437407
35.5974707318
36.0868688512
36.4697108858
36.7473895392
37.0859723234
37.6855762508
38.7096590533
40.2349133264
41.5057943782
31.7326191407
0.602298847768
2.91963211161e-15
1.18231010825e-17
3.41904944287e-19
4.97750924954e-21
4.04412108048e-24
6.74800357716e-27
4.75669869034e-28
0
0
0
0
0
0
0
0
6.61575669421e-32
2.23135777106e-29
3.33763561472e-27
1.93638929884e-24
2.70466062786e-21
1.46464285587e-16
2.22423698787e-12
1.73410035177e-05
61.8883682403
14.9353320132
15.149621899
19.6204156217
17.1448326613
16.0275980664
15.4208870264
15.8863541188
17.4897704979
18.9527158166
20.3763256102
19.0097189554
18.0458125063
16.6259741862
15.6662512481
17.5398751285
16.7110697418
16.1221440635
15.9919986757
16.1585953409
16.5710583799
17.1589693431
17.9919853621
19.8416428457
23.5661871592
25.9642304379
25.2635148063
24.306773814
25.6243107258
25.9411393909
25.0716884899
25.6977635939
26.4947605808
27.2764951777
27.8868782226
28.4518472912
29.0146482989
29.685648466
30.3998243806
31.1756600771
32.0069199339
32.8949481299
33.7935360523
34.6068486705
35.2558518855
35.8662305894
36.5433337914
37.1813073606
37.6034844157
37.8406802539
38.2144936106
38.9996689643
40.255862355
42.0360918438
32.466010908
1.93341275954e-11
4.22695801368e-18
1.38625818319e-21
5.60545556208e-23
7.6428699161e-25
2.09588264215e-27
0
0
0
0
0
0
0
0
0
0
0
0
0
8.52440174481e-31
8.4708469905e-30
1.85699319717e-28
9.00430322751e-27
5.00029619775e-23
4.16206458102e-14
8.02305129192e-19
15.4620462665
15.6667841667
21.6601830795
17.5734434407
16.1933651457
15.9877783012
16.6939572179
16.9195030017
19.9003839042
21.1830699928
19.6685445052
18.715678307
17.4787656611
17.5203056473
18.2767251533
17.2761416942
16.8322355648
16.7112492669
16.7109041449
17.015506327
17.4971742053
18.2502218877
19.8270413693
23.4168980878
26.3710585279
26.8921956606
24.1821460079
24.6200988924
24.7910071212
25.1814300052
26.0018159393
26.9738449784
27.7638974829
28.4129395273
28.9996026125
29.626131601
30.2057006501
30.9174519058
31.702502656
32.546652448
33.5051663561
34.4816925452
35.3580713707
35.9983214544
36.6250169896
37.8466879129
39.4076738604
39.981791025
39.3576728499
39.5411397692
40.414501085
41.6960244276
31.340729511
2.23683058023e-12
3.37119669771e-17
1.51237184333e-28
1.52827048329e-25
2.49371626384e-27
0
0
0
0
0
0
0
0
0
0
0
0
0
0
0
0
0
0
1.3169933443e-29
8.91846140033e-29
1.64463822434e-26
96.8265659538
15.9164659595
16.0871877715
21.5173414646
17.0651477132
16.4286343842
16.4780225782
17.6082630264
16.9626966786
20.7059755032
21.9313710472
20.2924539548
19.335629193
18.1445691161
19.7028662433
19.2939881352
18.0430980097
17.6487449006
17.7773669176
17.4845064354
17.6286535481
17.9346772386
18.5536685601
19.952541152
23.2564758989
26.2379402984
27.9812858026
26.7682384771
25.8999366018
25.669689829
25.419385925
26.2876640219
27.5783727901
28.2177602011
28.9475371212
29.7684466611
30.2374938176
30.817693819
31.5363743859
32.3415216469
33.1966868694
34.1259417284
35.164523267
36.178931521
37.1713031309
38.2945807045
39.8486315525
41.1394733623
41.2457566457
41.1869062783
41.7526730774
42.9684736275
34.9765398858
1.01722326862e-11
9.28521711728e-17
1.22037695001e-20
1.65750581007e-22
0
0
0
0
0
0
0
0
0
0
0
0
0
0
0
0
0
0
0
0
0
0
4.05236728944e-29
2.94953020933e-18
16.4324927944
16.5794065558
21.1786174538
16.7808227068
16.7420943453
16.8785536344
18.3964740657
17.4516679522
21.4139165916
22.6660355257
20.9107558997
19.9537287468
18.701889723
20.4747677656
20.2363401869
18.8773898434
18.4529728047
18.6825993501
18.4077339168
18.4608334178
18.569758438
18.9121727729
20.2383446575
23.2296537469
25.9559633884
28.2943267089
27.9559082416
26.4654534442
25.2032286791
25.9094396617
26.7806662249
28.0361607486
29.0327225313
29.8914298325
30.6021566971
30.9589552469
31.5143169982
32.2458078699
33.0695205423
33.961795626
34.9073677108
36.0291324943
37.3508937698
38.9017575913
40.0105055634
40.6022717277
41.4423221824
42.0559487703
43.3189256638
45.0376699467
40.8052175847
9.26888213315e-11
1.230730596e-16
2.12233181349e-20
4.35301184403e-23
1.05394790226e-24
3.53774535675e-27
0
0
0
0
0
0
0
0
0
0
0
0
0
0
0
0
0
0
0
0
0
6.81013952268e-30
9.0104366125e-30
17.1879278232
17.3345771114
20.8866361836
17.0914305672
17.3121728426
17.37549417
18.4406353696
18.1868205253
21.9344645108
23.3662512087
21.5614202377
20.6186638939
19.3730042215
21.1749707377
21.0831064423
19.7942112174
19.3115584701
19.5630516186
19.3100040159
19.4371782358
19.4723582408
19.4290293767
20.7174872741
23.4000488717
25.8216140651
28.3736913477
28.5106296439
27.2372887462
25.7228495136
26.1397061667
27.3731354718
28.2200841377
29.1004103583
30.1569735415
31.5201945343
31.9933091433
32.464474611
33.065032208
33.8530028557
34.820901084
35.8787150283
37.1358844536
39.0830554282
40.8270376349
41.2584217218
41.7219946104
43.0645572575
45.9812002686
49.2370837386
44.5422627677
2.64814849228e-11
4.39903959782e-18
1.82042545553e-22
5.96857762807e-26
3.74496237523e-28
7.59073524184e-28
1.16565368348e-28
0
0
0
0
0
0
0
0
0
0
0
0
0
0
0
0
0
0
0
0
0
5.03357398629e-31
2.28559804138e-30
18.3226026229
18.4312941593
21.2108090664
18.0436218579
18.4741947276
18.241389694
18.7837265342
19.4976875694
22.0210025874
23.9011410679
22.2732239096
21.3523982983
20.1485052564
21.9706018864
21.9564355244
20.8683324366
20.3484601888
20.5850627735
20.2207762533
20.5090181534
20.6802754032
20.1673812693
21.2746552579
23.7707656561
25.8847142436
28.2389287312
28.762334008
27.9149602076
27.6748064426
27.0001482355
27.7708342898
28.9917921257
30.4313812893
30.7582746039
31.8072781145
33.0209544999
33.5314958156
34.1935087336
34.8840464685
35.7683593527
36.9654307979
38.9511010965
41.5334102232
42.547293229
42.5975272703
43.9319852979
48.3495785864
55.5832850243
50.5527343694
9.52543533193e-13
6.66478245021e-20
6.22248317679e-25
4.25762811485e-27
0
0
0
0
0
0
0
0
0
0
0
0
0
0
0
0
0
0
0
0
0
0
0
0
0
0
0
19.9022275677
19.7872352905
22.057312403
19.9245358359
20.4184433329
19.5137206075
19.742927335
21.3851566874
22.274125653
24.53977625
23.0978908869
22.16486625
21.0035934324
22.8036616945
22.8256613202
22.049302935
21.8505093519
21.9143340248
21.2252338343
21.6736062587
22.1812800576
21.2116816818
21.7233818139
24.2331561026
26.1530727756
28.1280421648
28.9385130157
28.0996237133
28.8636072949
28.5794127259
28.8228472045
28.7656021899
30.216703707
31.9607337293
32.7697497763
33.7753875153
34.5980735911
35.2938877032
36.1204305636
37.0274003142
38.6445363511
41.6921200961
43.9392624392
44.4576655788
45.2294012098
48.8595169799
56.6980111186
53.8253771453
25.8631499034
5.9477673235e-22
1.03979526552e-24
4.76108994351e-27
0
0
0
0
0
0
0
0
0
0
0
0
0
0
0
0
0
0
0
0
0
0
0
0
0
0
0
0
21.5708559136
21.0631988162
22.9679732598
22.4040203273
22.1326738258
20.9816685877
20.7971626969
22.5308524177
21.593903062
25.0448282177
24.0175420562
23.0480367892
21.9282310072
23.647680399
23.6342490599
23.0404981956
23.9033814661
23.5102004493
22.3501642014
22.9515908167
23.5280998219
22.5436009828
21.9292087986
24.2524284834
26.3487200166
28.0557295156
29.013612425
28.1990757858
29.2740699733
29.8703545952
30.2038222567
29.5570711846
30.4523675917
31.9297382745
33.6956636437
34.9984540969
35.8918381195
36.559611046
37.3676585676
38.6763128553
41.5072076701
44.7918931159
46.5534503812
47.5326398964
49.9570684431
55.2383802682
51.5635894753
29.1570453358
1.60148787397e-21
2.31849158097e-24
8.11980479257e-27
0
0
0
0
0
0
0
0
0
0
0
0
0
0
0
0
0
0
0
0
0
0
0
0
0
0
0
0
0
22.4112017724
21.9585038823
23.5553622474
23.4688925358
23.2126346558
22.3658176434
21.9983781579
23.9116440555
22.6544179037
25.6828626421
24.9480163211
23.9728241009
22.9174266556
24.5186914664
24.4494733465
23.871506865
24.8920707891
24.6380794558
23.4394394117
24.203135348
24.2959992252
23.3882164586
22.9488478027
23.1841553598
25.86077974
27.5722189899
28.811356841
28.1776486516
29.3597962995
30.4363170761
31.3448768077
31.353813494
30.8601127936
32.0148644113
33.951546572
35.884904591
37.2991039216
38.2229503181
39.0286595396
41.4010320677
45.0676242604
48.002120451
49.5627506361
51.4405159279
55.3810665067
51.1941963446
24.1013329648
8.46042753939e-21
7.62115560665e-24
2.17054457222e-26
0
0
0
0
0
0
0
0
0
0
0
0
0
0
0
0
0
0
0
0
0
0
0
0
0
0
0
0
0
0
22.5276199895
22.5177132661
23.9148117292
23.710920751
23.9002608958
23.4394526593
23.0441704772
25.2698680772
24.3349615612
26.4945907953
25.9343570086
24.9254825549
23.9665541834
25.4319987891
25.3302549893
24.826045079
25.719602187
25.6218431271
24.5715698966
25.2450208904
24.2088981131
24.167580469
23.999827588
24.2630972397
25.0836002007
26.1353032567
27.9812250727
27.9609684311
28.9621442476
30.4846212262
31.8216450168
32.7192669577
32.3929110633
32.8249939484
34.1877724777
36.1017614403
38.2212510898
39.9555766403
41.4931947572
44.9214837446
48.6236841529
51.052456599
52.2839315504
54.0673634437
49.4317096123
31.1768514386
29.4093576523
2.64725085973e-23
5.93008956489e-26
0
0
0
0
0
0
0
0
0
0
0
0
0
0
0
0
0
0
0
0
0
0
0
0
0
0
0
0
0
0
0
22.7907311512
22.9118988931
24.2206780619
22.8992694124
24.2040378521
24.0385858457
23.7497738618
25.9070722308
25.2065899977
27.3153567289
26.9505560915
25.8750995189
25.0812450535
26.3747924113
26.2508749901
25.9115357614
26.6425091446
26.7153189227
25.8286291286
26.6637223828
25.5674868041
25.7861846767
25.2722344267
25.5778764792
26.8586606926
27.4939180985
27.6225797504
27.6733872665
28.5187655612
30.4204224699
31.8196861613
32.9839698793
33.701072333
33.9338144296
35.4871174834
36.8466012007
38.9741811159
41.5612755407
44.5461955568
48.6476970322
51.9563527384
53.588156716
52.9835931563
49.3631261654
44.6496196307
28.4360541594
2.22137758735e-22
5.05707477579e-25
0
0
0
0
0
0
0
0
0
0
0
0
0
0
0
0
0
0
0
0
0
0
0
0
0
0
0
0
0
0
0
0
23.4917358672
23.5769357611
24.5466085847
23.3133737736
24.4700507441
24.3763631176
24.2450057142
26.1399388943
25.8124063136
27.9268117847
27.9355077479
26.7617240436
26.2464224849
27.2998643463
27.1288685968
26.9608465442
27.5334440703
27.8899978106
27.1319692255
28.1023807328
27.343259803
27.8224168448
27.6446955307
26.617026299
27.6653626391
28.6090731998
28.786778005
27.4986879847
28.0118419334
30.3079583965
31.9475110999
32.6796512763
33.5524584462
34.2758812506
35.8797340404
37.5122610819
39.8374168568
43.1859041544
47.7804855622
52.4460140579
55.0477132375
55.1959901229
52.4932633632
46.9590361926
29.5831934592
25.7236480377
3.52396851145e-24
1.42897706613e-26
0
0
0
0
0
0
0
0
0
0
0
0
0
0
0
0
0
0
0
0
0
0
0
0
0
0
0
0
0
0
0
0
24.3738497092
25.3588319747
25.0184258021
24.2596921554
25.0028247075
24.7648691662
24.7143917446
26.3347290263
26.3564027343
28.1967016874
28.8773736821
27.5450926571
27.273777898
28.0590773115
27.9465324308
27.759418279
27.8975904794
28.9535017069
28.4867489828
29.3602245382
29.2596093973
29.1815689541
29.078388046
28.7332428949
28.0947530403
28.8223225452
29.7225892871
27.0737418938
27.5068141367
29.6432139478
31.9746417619
33.1798090905
34.1847120953
34.2828408873
35.7425247012
37.7475471933
40.3583574303
44.6893642279
50.9942973837
56.068394606
57.574572548
53.5852183325
51.2205626116
49.4272841641
33.4747851128
2.38857782362e-23
6.09622512232e-26
0
0
0
0
0
0
0
0
0
0
0
0
0
0
0
0
0
0
0
0
0
0
0
0
0
0
0
0
0
0
0
0
0
25.0325996554
26.0569142608
25.7034767243
25.1058214517
25.6767144078
25.3116912319
25.2398012001
26.5966372096
26.8741579135
28.2030310501
29.7042522653
28.2789349833
27.8994980387
28.6766906037
28.8067624113
28.4709431401
28.1862578011
29.7148173063
29.8540618194
30.4554054833
30.5971291187
30.8007497042
29.7563359862
29.7761086602
29.3446365294
30.4020628917
31.0384502671
28.6908379707
27.063521426
28.6438409749
31.2522073014
33.2941049654
34.4299130196
34.7970669681
35.3812434058
37.4683880688
40.2797076466
45.82581774
54.0384884695
59.7054326473
58.629932187
53.2588900406
47.3032950015
29.775753077
32.5594645824
7.0428200642e-25
2.36678750952e-27
0
0
0
0
0
0
0
0
0
0
0
0
0
0
0
0
0
0
0
0
0
0
0
0
0
0
0
0
0
0
0
0
0
25.4919453836
26.40744449
26.2789758769
25.6827947047
26.3168084373
25.9673976038
25.8244010493
26.994926784
27.4197390851
27.8514250597
30.2651330342
29.0397667805
28.3369897706
28.707041073
29.6614017344
29.2893165198
28.7795151391
30.3445511044
30.6364530192
31.3533580454
31.5986375793
32.0912781758
32.2796755807
32.3017756966
31.9763526603
31.5608783903
32.4789512492
30.5196202386
27.1291957877
27.7542033006
29.4688744169
32.0264718805
34.0738725541
35.7221593327
35.7902229247
36.6691410125
39.2348820401
45.8836142263
56.7916722379
62.2545047021
58.2051180171
57.8271804092
54.4539672383
38.074988021
1.00908882997e-23
2.7590448842e-26
0
0
0
0
0
0
0
0
0
0
0
0
0
0
0
0
0
0
0
0
0
0
0
0
0
0
0
0
0
0
0
0
0
0
25.9021169339
26.704779116
26.7197077722
26.0619397332
26.8503445673
26.6854853799
26.3971108831
27.4751220258
28.1323788311
27.3995712811
30.6100925077
29.8753927037
28.9360589071
28.3888688733
30.3997143405
30.1606684455
29.6525752015
31.1228265729
31.2270235293
31.8150527297
32.618334269
32.1910461133
33.6829537376
34.2141960386
34.259272744
34.2494693487
34.4744863507
33.5514642485
29.1786467685
27.4523305753
28.4471294874
30.0326375581
32.384247497
34.2388180309
36.3353713231
36.580610745
37.7559874758
43.0948601217
60.124381708
64.195490419
54.1882010761
50.1806741588
42.9633742403
44.512455295
3.42365650221e-25
0
0
0
0
0
0
0
0
0
0
0
0
0
0
0
0
0
0
0
0
0
0
0
0
0
0
0
0
0
0
0
0
0
0
0
26.2643761067
26.9490662565
26.7106953325
26.2980111796
27.2591110282
27.320983371
26.8546338936
27.5154720114
29.0456952087
28.2951671823
30.8615817898
30.7766726907
29.7705951796
29.0837205189
31.1351993808
31.0336228151
30.7947998618
32.1266268204
32.1107341821
31.8865976141
33.7118187908
33.5420338207
34.7649302168
35.362431342
35.8859390291
36.4948016576
37.0203631087
37.0912295204
34.7035564873
29.135425539
28.5243057645
29.4237519368
31.5738563494
32.8934959837
34.7777693216
36.4402506928
37.2010677461
38.2009890157
57.0438937144
64.9166969072
60.1193198611
47.5161565352
22.6248316991
11.8756040445
2.81857990628e-26
0
0
0
0
0
0
0
0
0
0
0
0
0
0
0
0
0
0
0
0
0
0
0
0
0
0
0
0
0
0
0
0
0
0
0
26.5507180494
27.112291758
26.5776458693
26.6599274221
27.6512654038
27.6913691016
27.2483849755
27.4076873073
29.480941794
29.22398212
30.7796334062
31.6799319306
30.6423215252
30.2710110828
31.8875572465
31.8549827475
32.0410511274
33.0778321846
33.3020070527
33.0633901357
34.7439388798
35.056711058
35.9826833282
36.2693520932
37.5091560513
38.1734899219
39.3438725083
40.4239882662
40.9240992097
36.7068029374
31.0016177679
30.8317312354
30.7449219813
32.7429216862
34.1492061734
35.3939500115
36.2880973322
36.1428604331
38.3436483454
58.0471827457
66.2174382655
63.3637539658
49.5361628955
7.00971909057e-25
8.58586838156e-28
0
0
0
0
0
0
0
0
0
0
0
0
0
0
0
0
0
0
0
0
0
0
0
0
0
0
0
0
0
0
0
0
0
0
0
26.8308900795
26.975994898
27.1766589476
27.7025465086
28.1288732186
28.0615922671
27.7181514712
27.7433820566
29.4167827013
29.7995591745
30.5371021662
32.4187074057
31.4019403746
31.2080137698
32.3739452157
32.6151937529
32.6191018772
33.5999837454
34.407752797
34.5282476912
35.7305677753
36.1782968971
36.971358977
37.9799336128
38.9388549018
39.0833456183
40.8840629915
42.41217108
44.0755166468
45.1872761084
40.4106827227
34.3140424313
33.0145154535
32.5667423598
33.1013551538
33.9049410408
34.5179629959
34.4664398965
32.7234917491
36.2467980899
48.8516116649
48.7289102803
53.9559516629
5.23863670124e-26
0
0
0
0
0
0
0
0
0
0
0
0
0
0
0
0
0
0
0
0
0
0
0
0
0
0
0
0
0
0
0
0
0
0
0
0
27.104858772
27.2067407986
28.6044970291
28.5720963754
28.483830596
28.3813522223
28.2488063385
28.2442296881
29.5404525088
30.4085483544
29.964969349
32.6697746524
32.1306468742
31.5458274674
32.1119268208
33.3477186485
33.0368983928
33.1080460451
35.132947114
35.2893112596
36.3441629256
37.3419785554
37.1491382732
39.3722192155
40.2559442431
41.4049673158
42.5681185734
43.9596724616
45.8742542521
47.9830343864
49.291740648
45.4473307077
40.6490914609
37.1945047247
36.023575472
35.8657658602
36.6694764688
37.3336325312
36.7664417062
36.0731789047
29.7732615726
17.2513487381
16.5544783898
6.62282389464e-27
0
0
0
0
0
0
0
0
0
0
0
0
0
0
0
0
0
0
0
0
0
0
0
0
0
0
0
0
0
0
0
0
0
0
0
2.00906087555e-31
27.2439487117
27.4548207255
27.6901485365
28.4994843466
28.5299044911
28.5694436753
28.719915848
28.6035466051
29.7081144285
30.8947696539
30.3632184055
32.3707220891
33.0115406601
32.0179045552
31.6320031933
33.9016601512
33.7408125045
33.6660685951
35.6268382406
35.9465997963
36.1206684731
38.5155101838
38.6279354073
40.2244910543
41.1168766186
43.0146356271
44.0394687579
45.4630033125
47.3670266826
49.4669210544
51.5732818358
53.940995457
52.7093860542
50.1308075489
48.4376026678
48.013097321
48.3706303619
49.3458188272
51.5537943191
59.1356535556
48.7739586362
1.30472640695
2.1337858731e-25
0
0
0
0
0
0
0
0
0
0
0
0
0
0
0
0
0
0
0
0
0
0
0
0
0
0
0
0
0
0
0
0
0
0
0
0
5.03357398629e-31
27.2793550273
27.5233623532
27.4157109255
28.3192946247
28.7088773289
28.7548752774
28.9529324566
28.7399296394
29.3441128857
30.9881703167
30.853344841
31.685637243
33.8161808756
32.7968229593
32.5174241632
34.173904279
34.5836742834
34.5828250328
35.9321485782
36.9214969031
37.1628904901
39.1549482516
39.815263196
40.9411960428
42.5090299648
43.8380234377
45.3600775625
47.0588411421
48.6989082139
50.9682565355
52.7216072731
55.9107376466
58.1409949628
60.2204591797
59.8533202553
59.9861484578
60.2271187997
62.2776425024
66.4118971327
72.7433370929
77.5107776065
66.7347459215
2.88339130308e-26
0
0
0
0
0
0
0
0
0
0
0
0
0
0
0
0
0
0
0
0
0
0
0
0
0
0
0
0
0
0
0
0
0
0
0
5.03357398629e-31
5.03357398629e-31
27.327260102
27.6035521865
28.0752541579
28.9917466772
29.1702295913
28.961476278
28.9960017182
28.7695403441
29.0349318761
30.6381000404
31.3154468208
30.6655931361
33.4930908564
33.7134358022
33.0273598803
33.6244129153
35.3407484331
35.1259025466
35.40671988
37.5607101228
37.9671500942
39.5021033283
40.8882900059
40.9772014952
43.3921227532
44.0748996998
46.6892446681
47.9254388584
49.5062102972
51.9837446537
54.0765396864
56.2880132596
58.543344778
60.9903231643
62.5434198636
63.1420023369
63.8638620737
65.1921594458
66.5099899747
67.4035257221
68.7788208321
62.6639075872
4.01320633203e-27
0
0
0
0
0
0
0
0
0
0
0
0
0
0
0
0
0
0
0
0
0
0
0
0
0
0
0
0
0
0
0
0
0
0
2.45669799018e-31
5.03357398629e-31
5.03357398629e-31
27.3396674661
27.5893472301
28.6945797124
29.7751569934
29.2614319271
28.9929969122
28.9500778021
28.7994446127
28.9298039228
30.2921295814
31.4846320906
31.2800868804
32.4052428884
34.6828625937
33.6191034448
33.4152397631
35.6617734473
35.8431810299
35.9279681121
37.87963591
38.6987962678
39.2415719981
41.65513348
42.1824266447
43.9445700774
45.4545904195
47.0754888572
48.4536885056
50.3880278723
52.1885834277
54.2747828308
56.2181108589
58.1966617201
60.3541857714
62.1603249935
63.2533558044
63.4338079117
62.5762058654
59.3604970829
53.3130976995
41.8179642339
24.8351185641
0
0
0
0
0
0
0
0
0
0
0
0
0
0
0
0
0
0
0
0
0
0
0
0
0
0
0
0
0
0
0
0
0
0
3.05844084049e-31
5.03357398629e-31
8.0701790905e-30
8.51553644589e-30
27.2896628817
27.4569844705
28.1832502519
28.9280777228
28.9637771558
28.8131647413
28.7921903178
28.8170718392
28.7539031482
29.5436254619
31.0551866711
31.7144881573
31.1502218233
34.002193634
34.523482213
33.8143217009
34.7841547473
36.5243894874
36.4716281039
37.2580404824
39.4125207574
39.7956555643
41.8162569089
43.2315177667
43.4093833038
45.9373129687
47.4126347034
49.342568395
50.7465419078
52.3609950636
54.8208913115
56.5634625749
58.5096425523
60.481474102
61.8348022059
63.4196337364
63.8611258924
63.4284766609
61.8950435683
57.3610697083
11.4698013811
3.18130387195e-26
0
0
0
0
0
0
0
0
0
0
0
0
0
0
0
0
0
0
0
0
0
0
0
0
0
0
0
0
0
0
0
0
0
0
0
6.26424463622e-30
2.11446426554e-29
3.15144657748e-29
27.2254600476
27.3178021249
27.8844892037
27.0008819248
28.2731804265
28.4963463215
28.5148692743
28.6573951144
28.3906040139
28.8384788948
30.375769197
31.7545042861
31.8415331936
32.6520091436
35.1228010913
34.5967240974
34.4864723703
36.7978451778
37.3787778291
37.3554188116
39.7070309549
40.6332933825
41.1578702229
43.2673161573
44.328591979
45.9840757771
48.0199983252
49.5389061103
51.4101917354
53.311951883
55.237752428
57.0892334785
59.3033705792
61.433213937
63.2908575488
64.7448125266
66.4544517537
67.824142512
69.5921244103
64.2039987116
23.550672622
9.43555436556e-27
0
0
0
0
0
0
0
0
0
0
0
0
0
0
0
0
0
0
0
0
0
0
0
0
0
0
0
0
0
0
0
0
0
0
2.85199120104e-30
1.02171502757e-29
1.43643300553e-28
9.74048514719e-25
26.9814979086
27.0750942017
28.0958353069
27.23892523
27.7445338462
28.0628976569
28.1360398163
28.2540243663
28.0622350302
28.2951447344
29.3186501062
31.0205530102
32.3287258358
32.3629728795
33.9509281117
35.7090838821
34.9936610026
35.08015679
37.8237657221
37.7192862962
38.2172685666
40.7834949009
41.3792819503
43.1893989734
44.751729652
45.854141159
47.9960884575
49.7324131178
51.88040167
53.4297800649
55.6040192573
58.3274323221
60.9165005373
63.2030972709
65.5725303297
68.104584526
70.2683476801
71.7193848535
76.3429256801
68.897633531
30.3831237717
2.51550457147e-28
0
0
0
0
0
0
0
0
0
0
0
0
0
0
0
0
0
0
0
0
0
0
0
0
0
0
0
0
0
0
0
0
0
1.7995959239e-30
5.98206852813e-30
5.73934222241e-28
1.66366636989e-25
8.03340799149e-16
26.4007964275
26.4917335624
27.4586985481
27.7114047106
26.7367119485
27.5093253807
27.7221410829
27.8825837748
27.9759758857
27.8670375696
28.3836360883
29.9955599584
31.6343826345
32.6391241562
32.544529711
35.2766395382
36.0903795322
35.3371319935
37.3801705007
38.3840956002
38.4090736319
40.5792798634
41.8977113091
43.1714720651
44.8510278297
46.599782349
48.0485144501
50.4750203672
51.898322637
53.5591891061
56.8274293305
59.5697399905
62.408052571
65.067877636
68.5861506269
71.7441575405
74.9476207818
77.1337692717
82.544978495
68.5052318006
0.145682053687
1.72837468687e-29
0
0
0
0
0
0
0
0
0
0
0
0
0
0
0
0
0
0
0
0
0
0
0
0
0
0
0
0
0
0
0
0
0
5.78346950725e-30
7.1618759766e-28
1.64697613596e-25
6.18493199968e-21
1.25403625179e-10
25.8256459479
25.887509197
25.9592678567
27.5162260368
26.3011402297
27.0175561722
27.4038212197
27.6022701306
27.8765981275
27.6070043561
27.9571381384
28.529177498
30.5528688316
32.3065604871
32.6367986954
33.0241424216
35.6717452292
36.0087923666
36.159850874
38.2633453994
39.1168954721
39.9604543247
41.9070801119
43.3426426281
44.9104273228
46.5478477069
48.4749771501
50.3006819525
52.1683539859
54.8025135998
57.6017524589
60.5805779336
63.973536928
67.8765835718
72.4719537517
77.4985782306
81.905325585
87.288029159
97.3477251116
78.343927457
34.5666743832
4.20427446492e-29
0
0
0
0
0
0
0
0
0
0
0
0
0
0
0
0
0
0
0
0
0
0
0
0
0
0
0
0
0
0
0
0
1.7995959239e-30
4.26920447359e-28
9.61486300611e-26
1.42329246407e-21
3.56291030487e-12
60.3575396324
25.6666700018
25.7173678386
25.7316505034
27.6922605865
28.0847530076
27.3113775822
27.3302334791
27.4292668678
27.6260891324
27.6132644501
27.6003612493
28.2205240275
29.3273371275
31.211277934
32.7797780126
32.7098359263
34.2088394377
36.0477569011
36.4082739856
36.8262238494
39.0906511308
40.2692573371
41.2481237332
43.2377848396
44.8233139802
46.3408367623
48.3217695457
50.3285412945
53.3096454561
56.0798001238
59.5507030241
63.451639851
67.0733748707
71.5724473578
76.9586742699
82.636342364
90.7389615611
99.9975470097
99.9999999995
99.9999998278
76.2036112815
4.20427446492e-29
0
0
0
0
0
0
0
0
0
0
0
0
0
0
0
0
0
0
0
0
0
0
0
0
0
0
0
0
0
0
0
0
8.96883585776e-29
2.93782827091e-26
1.40482325839e-22
3.38825343306e-15
25.7627034393
76.6632902668
25.7101298464
25.717029616
26.1948028247
27.3217285718
28.2942553419
27.9113503905
27.8207564361
27.5380588145
27.4837637338
27.6886135405
27.3584143236
27.8761483285
28.1986600247
29.8066569134
31.510207448
32.9411617814
33.2491611818
35.2493088467
36.4511286532
37.0014901555
37.514426914
39.9345061516
41.3287213872
42.7222041394
44.4365793381
46.6049086564
48.5468095337
51.6775366564
54.3456108794
58.0530151043
61.1360338127
64.7940351572
68.8849696833
73.9076528459
79.1951149267
86.2781900834
97.3936956239
99.9999986254
100
100
78.6086693319
1.1287173211e-31
0
0
0
0
0
0
0
0
0
0
0
0
0
0
0
0
0
0
0
0
0
0
0
0
0
0
0
0
0
0
0
4.50838405581e-30
4.18061691203e-27
1.09393084663e-23
2.9159420222e-18
0.000144513927686
68.4118344316
69.7088349012
25.4827485457
25.3190200059
25.9875800918
26.0823701599
27.3582072198
28.672098588
29.1755178239
28.0420635297
27.443246767
27.3751160517
27.3719113934
27.0786983221
27.8718442482
28.0507893356
29.5678585154
31.7094353023
33.1450649383
33.6632539765
35.6206789054
36.8922090525
37.7144509329
38.3999893661
40.867599129
42.3592506952
44.1351864665
46.6149688223
49.3314086424
51.9321718197
55.019198455
57.8325883898
60.9313003416
65.1907538213
70.2794920203
75.0313471366
80.0961807941
88.0928413659
96.2064570967
99.9969810094
99.9999999989
94.0771167712
99.4614108257
0
0
0
0
0
0
0
0
0
0
0
0
0
0
0
0
0
0
0
0
0
0
0
0
0
0
0
0
0
0
0
0
8.7049897844e-29
4.59515321822e-25
2.11687763496e-20
1.11803911935e-10
60.3880174471
57.8220068091
59.9818412839
25.0507445581
24.4658389499
24.582573798
24.8298190749
25.4485171414
27.5064136109
29.3384916061
28.1042844511
27.2898884989
26.951457432
27.0162780019
26.7049923671
27.3331261884
27.6788319079
28.4231928217
29.5274346409
32.2185397963
33.6043054407
34.1677595172
36.050759074
37.3837816535
38.4992577844
39.379477504
41.8616314156
44.1166916335
46.4098190361
48.8350729045
51.3886279889
54.5153151544
57.6058031094
62.4621935004
66.609092656
70.7155003551
74.8562347687
80.4532156574
86.0910850986
90.3404673583
89.7191883145
93.2259663827
86.3274616352
82.9855026295
0
0
0
0
0
0
0
0
0
0
0
0
0
0
0
0
0
0
0
0
0
0
0
0
0
0
0
0
0
0
0
0
6.40243030929e-27
1.79681269504e-22
2.15051161923e-15
39.9341494546
53.1188082239
51.7161174292
50.323925339
24.788423751
23.4812696751
23.3540228888
23.5765610241
24.04730141
25.3939570251
27.3127938577
27.8076572562
26.904614597
26.4655770798
26.3504177928
26.5533984245
26.1288116081
27.0817824941
27.3479332592
29.1748431679
30.4378986337
32.6479378179
34.0704961441
34.8122960388
36.458539988
38.0845423215
39.6085668556
41.1211774355
43.8381287654
46.3899893046
48.3175289521
51.711140952
54.9014206407
59.638167152
62.7940354861
66.1744711521
70.1612819563
75.1077493705
81.1467382524
87.6307470903
94.0007072636
99.9796546543
97.9423363678
77.4113064954
8.30818595703
0
0
0
0
0
0
0
0
0
0
0
0
0
0
0
0
0
0
0
0
0
0
0
0
0
0
0
0
0
0
0
4.81794861271e-30
7.02187460678e-25
6.98306946732e-19
0.000168031030695
51.9382079556
50.3430822806
43.9948977868
42.6920283798
24.6674225471
22.612358189
22.3052205964
22.3228260428
22.6892984249
23.5383573435
25.2768021254
27.1847732848
26.5565128775
25.9380269205
25.6834833885
25.7189104061
25.9154058874
25.6898294536
27.1665505354
27.4102242776
29.3473544135
30.4491880136
32.7902331235
34.3089077677
35.774250165
36.5427490854
39.3109981929
41.282183202
43.5683155594
46.119397536
48.9953086991
52.2543489204
56.6571935526
59.2861797155
61.7922007764
66.5022372993
71.3592609624
77.0123113461
83.5509508102
90.6821167905
99.0964267315
99.9999999373
46.4743763715
7.79472008646e-13
0
0
0
0
0
0
0
0
0
0
0
0
0
0
0
0
0
0
0
0
0
0
0
0
0
0
0
0
0
0
0
0
5.82816697983e-29
1.56320010428e-22
4.53594257869e-10
52.9925668298
51.2541199977
45.0098711788
39.426408138
37.2597584494
23.6578352054
21.8969303945
21.3516695453
21.3090560344
21.4257674226
21.9923104932
22.5573287735
25.2363024602
26.2745926449
25.4849708556
25.028991159
24.9109202366
25.1097980813
25.3304714669
26.3252792757
26.9044949417
27.0985046939
29.5094296086
30.8497093006
32.1328142683
35.0693061268
36.6535194668
38.4415001766
40.994947531
43.4394477259
45.9769625482
49.3266716093
53.1385911305
55.7210134446
57.8541643663
62.798958615
67.2943872103
72.1994885262
77.7932087957
83.9034670749
90.4681127435
96.1259454837
99.914479103
2.80315225494e-14
1.55640633357e-13
0
0
0
0
0
0
0
0
0
0
0
0
0
0
0
0
0
0
0
0
0
0
0
0
0
0
0
0
0
0
0
0
6.87778435703e-26
4.05549986815e-17
54.2001806866
57.9150019776
48.6705261823
41.2820853098
37.2658056846
36.1122134747
22.2196432923
21.3172003202
20.5675014148
20.4555229866
20.4464315895
20.5830786798
21.5636772653
22.3865524938
24.7954897844
25.012171957
24.405227852
24.1418928818
24.1820714535
24.6369556541
24.6492921785
25.8842043573
26.5328687128
28.2242242186
29.6724839776
31.4834709498
33.3391873973
36.2188817022
38.2769466521
40.6463547576
42.9063461851
46.3279170795
49.3668851248
52.4014008712
54.6186832059
59.2691276656
63.4401566664
68.0684328099
72.8928709977
78.0224628911
83.1124355899
86.7430084893
88.5232703263
90.9270424149
3.93366586933e-13
6.9224584235e-08
0
0
0
0
0
0
0
0
0
0
0
0
0
0
0
0
0
0
0
0
0
0
0
0
0
0
0
0
0
0
0
1.30622231488e-30
5.12713855734e-23
35.4183530146
63.587712194
55.3211581984
47.2061389367
40.8977013984
37.356410395
36.6271554703
21.2075747244
20.5002948507
19.8984345446
19.5579956824
19.473744757
19.407239843
19.6528612634
21.0646795523
21.7104375123
23.9886855668
24.0118078133
23.4948589495
23.3358604791
23.4906900629
23.9006830809
24.1052287437
25.9638410278
26.6297921399
28.4849244367
29.6198652239
32.8238470359
35.6224795046
37.8925969719
40.0070551656
42.6539658324
45.8659627646
49.6471938628
52.0275076251
56.2658309972
60.0318661561
64.4628333505
68.3714361384
72.4997290897
76.5626307405
79.7395389346
82.3610883466
84.0751407894
68.3445704011
5.21131288073e-13
9.08070917355e-05
0
0
0
0
0
0
0
0
0
0
0
0
0
0
0
0
0
0
0
0
0
0
0
0
0
0
0
0
0
0
0
4.07389226367e-29
6.19937621636e-11
65.3273374499
60.9324793861
53.2969885641
46.7864836163
42.0293677083
39.4253441974
39.2258652759
20.8312554355
19.4750894809
19.1132925221
18.5317723787
18.2669371119
18.0435286247
17.8916855246
18.4975708886
20.011681031
20.9524567074
23.5099893167
23.1984257227
22.6772555124
22.6456535874
22.9293887544
23.6086317493
24.0331833649
25.9722661607
26.8538137059
29.5272045617
31.7277746284
34.9612663465
37.342635619
39.6214567856
42.6014258381
46.2973332023
49.4610790534
53.5389477311
56.9848591191
61.0006251413
64.5882148817
68.5870351841
72.1566039909
75.26678232
77.5091033435
80.2683060106
80.4655820271
44.6923961416
1.90451532859e-12
0.268335443744
0
0
0
0
0
0
0
0
0
0
0
0
0
0
0
0
0
0
0
0
0
0
0
0
0
0
0
0
0
0
0
1.72993124963e-24
58.0156057829
65.2569629544
58.3390857447
52.2673653674
47.3482642126
43.9071731627
41.9917149112
40.7170923497
20.7624825075
18.5277560871
17.9407204709
17.2430676345
16.6966134116
16.3687363577
16.143317977
16.1071382556
17.8511739945
18.570544021
20.3947736275
22.4904545423
22.4224370135
22.1397368647
22.160120718
22.6804918055
23.6853603106
24.3973661902
26.7593123716
28.3639896239
31.4413316417
34.13202905
36.8875856753
39.9463024656
42.9003584588
46.3947245164
50.6026940217
54.0798956383
57.9762985665
61.4114963986
65.5450329427
68.6079446323
71.3602573167
74.1313758464
76.9735500296
79.38108449
77.1877064961
42.3236966484
3.23059757964e-11
77.2337549251
0
0
0
0
0
0
0
0
0
0
0
0
0
0
0
0
0
0
0
0
0
0
0
0
0
0
0
0
0
0
2.87779574118e-30
47.490398028
69.7549493858
64.1102157923
57.5663094353
52.782171356
49.1847601882
46.5839255469
45.2184932816
44.3616340434
19.425070495
16.8936882256
15.6606243881
15.1945681373
14.7050570758
14.3790620477
14.211058554
14.1503244734
14.8293520262
16.7720771332
17.5175230611
19.9782663114
21.3154385488
21.5623488872
21.6972326496
22.0390612109
23.0307698167
24.3488745415
25.5819322351
28.367256111
30.7063321725
34.0505967704
37.1947013426
40.2502695901
43.4245499304
47.2736028633
50.7333660314
55.0679922265
58.4095947624
62.3391029174
65.4880450545
68.8724209166
71.4826544614
74.9094929242
77.4783224064
77.3038058089
79.021677431
62.4648795208
4.81427931634e-10
99.9477790551
0
0
0
0
0
0
0
0
0
0
0
0
0
0
0
0
0
0
0
0
0
0
0
0
0
0
0
0
0
0
2.06748196336e-06
70.7668662895
68.507408305
63.1259588151
58.1853072384
54.6959852284
53.0213652232
51.6252694877
50.2652092802
49.9866902225
16.7591742681
12.2675891947
12.2605682703
12.5178041764
12.4696482887
12.3723273316
12.3015057521
12.3143293758
12.3393847728
14.9026113947
16.0440932991
16.7637292462
15.4636634345
20.5389706175
21.0743105302
21.9780594126
22.7589272814
23.8741012941
25.6724915831
27.5400935774
30.6611458911
33.519852912
37.2345688497
40.6383233073
43.6940086028
47.4958745247
51.8047053919
55.4114022077
59.3620431919
62.6725824417
66.6910420089
69.4801139642
72.7653118519
77.1354798227
78.2382419916
79.9498527045
83.540825843
76.9829117927
1.04259089852e-09
100
0
0
0
0
0
0
0
0
0
0
0
0
0
0
0
0
0
0
0
0
0
0
0
0
0
0
0
0
0
1.96697870692e-29
65.308338839
68.0921895571
66.6591167917
63.0503303853
59.9621811819
58.0636708472
57.724320705
58.8915637195
56.6415704682
58.2606903468
14.3075415615
9.76782260354
9.64948102922
10.1880056337
10.6558515716
10.7881711852
10.8109191235
10.7737522642
10.8159423693
10.758196269
13.4556555298
15.4855551599
15.3212983107
16.2816396228
18.4687494106
21.3677430673
23.0046231761
23.6549344532
25.7097441556
27.7835257014
30.0892956527
33.8290623102
37.6864509261
40.9754499596
44.2946166529
48.2765812033
51.9067625126
56.3227206352
59.648590757
63.5421051512
67.0879837278
71.3752790776
75.8156891255
78.4487235874
80.1182553095
82.0561837536
82.887932143
81.8242343609
2.82368706761e-09
100
0
0
0
0
0
0
0
0
0
0
0
0
0
0
0
0
0
0
0
0
0
0
0
0
0
0
0
0
0
55.8563169644
69.2685387493
68.6182648753
66.7221648746
64.1868467625
62.283252897
61.2239584048
60.860682905
62.8875171966
61.7280726986
61.0946954491
12.4910041113
8.70171842363
7.82614563828
8.93270117683
9.83751954702
10.0334805855
9.89833696551
9.66207128693
9.33152207325
8.97810093936
8.93521678252
11.9906953372
15.7915762275
15.9859578071
17.387473629
19.5799867125
22.2786078203
24.3307946058
26.7227755793
27.8353080847
30.6300090701
33.9986416902
37.8450787593
41.2633363905
44.4053955345
48.3304965342
52.7448025896
56.2828394785
60.3028604702
64.1122418881
69.8942716698
74.282290119
78.4075498578
81.0048373118
82.756960451
81.7193434856
83.0688350123
84.4729577455
4.8797705682e-09
100
0
0
0
0
0
0
0
0
0
0
0
0
0
0
0
0
0
0
0
0
0
0
0
0
0
0
0
0
1.24184352692e-23
76.2168227962
71.3418139763
69.518984266
67.7258416077
65.8450023822
64.4845765194
63.6114597522
63.0417395896
63.9468648564
63.6440351709
62.1875335125
8.90101134278
7.17516630084
6.0731732244
9.00207703602
10.1393923432
10.0672680684
9.58998548803
8.89519508596
8.14353760286
7.24218342368
6.46195979486
7.0805544652
11.1739715738
17.2002473425
18.4762348828
19.327269626
21.3717730535
23.7293697632
26.1533704401
28.7605292404
31.8081057817
34.1066832433
37.8689287092
41.3664284955
44.7805181255
48.8213249679
52.6564992165
57.1277504611
60.8128711514
67.2901582616
73.624630025
77.6112033065
81.2453435875
84.9382479441
85.3890916498
85.1728150385
85.0533925444
84.2046079084
3.45058941999e-09
100
0
0
0
0
0
0
0
0
0
0
0
0
0
0
0
0
0
0
0
0
0
0
0
0
0
0
0
0
67.0192509793
67.2574796391
71.2180110571
70.1390285794
69.0462573893
67.6730049506
66.5894239785
65.7722212393
65.1591379365
65.7557583713
65.1497963013
63.8663276117
0.937185660969
3.12221745562
6.14749947264
10.6881434846
11.1008971258
10.6313131583
9.64038261116
8.51867219305
7.11725680656
5.50198708256
3.47499041118
3.33972836642
7.2130650071
11.7553535092
17.5252372185
19.3751284583
22.008627795
23.3656149058
25.7213251428
28.2454719487
31.5386778789
34.6168295923
37.7671158293
41.367640133
44.9161094617
48.9433969447
53.5377492482
57.3428528181
64.1351980727
71.3297951903
75.5392763717
80.6279126234
85.3040451433
88.4781235649
90.4112702186
92.6201918254
91.3084183877
93.5186899778
30.1946084226
100
0
0
0
0
0
0
0
0
0
0
0
0
0
0
0
0
0
0
0
0
0
0
0
0
0
0
0
2.61661895358e-08
86.8275762216
77.5174485459
74.3778176529
72.1321905099
70.7590642712
69.5074428637
68.5324203485
67.7726525267
67.2049693926
67.4436994005
66.6285441565
66.1481422953
0.358989620614
0.620912392626
8.14211768783
10.5617436585
10.654115004
10.3710655746
9.9185880497
8.52282072083
6.54419609614
3.71352560753
1.56410374841
1.48859267612
2.37873562412
9.27094280841
11.7401338827
18.996609526
22.0307736024
23.6271404302
26.1495621266
28.4988550385
31.5191313493
34.3731829138
37.7902833727
41.3573614297
45.1589501001
49.9230643921
54.0502321843
60.3031850942
67.1565717198
72.3601166722
77.7681301933
83.3098424256
89.4961711837
94.8133338729
99.8538644997
99.9995955594
99.9999975013
99.9999998954
96.695709843
100
0
0
0
0
0
0
0
0
0
0
0
0
0
0
0
0
0
0
0
0
0
0
0
0
0
0
0
86.0349098746
80.8060558363
78.672177696
75.4232960573
73.3442107816
71.8159981225
70.6243211963
69.693498533
69.0150355411
68.5703479802
68.1979544609
67.4321885656
67.4020631111
0.334185987985
0.265993713917
6.66504784371
10.0393110978
10.3238722799
10.0154672617
9.33323566657
8.37522121364
6.61354131854
1.90223261538
0.744659105207
0.7000101587
1.31353314942
4.88241903584
13.4953368717
18.7328941436
20.1372712521
23.8645906863
26.7428196876
28.5038885077
31.0055805548
34.1772306038
38.0076858573
41.3617736361
46.0655727458
50.5581543721
55.7318658363
61.814392809
68.0144371882
73.8128189864
79.4774614862
87.5211520438
95.020194969
99.9984429277
99.999998749
99.9999998975
99.9999999977
99.9999999964
99.9999982696
0.66405813518
0
0
0
0
0
0
0
0
0
0
0
0
0
0
0
0
0
0
0
0
0
0
0
0
0
0
1.0407538921e-15
78.0898831453
78.8739647241
77.2431573484
75.2384835554
73.5021947104
71.7031151054
70.4153561037
69.3378795204
68.5275323468
68.3547460585
67.6794765472
66.7567159353
67.2088633417
0.449720049125
0.135196648777
1.34830115092
10.0123831403
10.3124231312
9.86277721469
8.97549421011
7.66574706697
5.84150146869
2.908530415
0.407531693977
0.366302958713
0.73834417317
6.26276455348
10.146295917
15.0500999623
21.0378402412
23.7913478534
25.1315940918
28.7905695593
31.9449649481
34.3089218494
37.3041688934
42.094527088
47.0022605784
50.8437360724
56.4959418092
63.1653134306
69.1424696706
74.6582286893
82.9991704046
92.1126619612
99.9204971359
99.9999963811
99.9999998938
99.9999999993
100
100
1.19460227295e-07
6.14048607633e-09
0
0
0
0
0
0
0
0
0
0
0
0
0
0
0
0
0
0
0
0
0
0
0
0
0
0
90.0713980614
78.7323245151
78.6367140062
76.3048896001
74.8338869807
72.7229260344
70.6874017008
69.105164124
67.7318001956
66.5730358952
65.6419761828
65.1858379258
64.8551965698
65.9920072878
1.22594051575
0.0848847793655
0.0896316522477
10.4369676566
10.5255849708
9.82903287144
8.67858951294
7.06294362743
4.44491240297
0.421102159925
0.265354148381
0.239199305407
0.382172164438
5.45712657325
9.69068705869
13.293415709
18.6812096254
22.9914381873
25.570820208
29.1152461364
30.1767226956
33.9771386705
38.9442618641
43.2292253388
46.1976409118
51.9791596295
58.2197328782
63.3523074129
69.697701988
77.6401127392
86.6204273763
94.8772555033
99.9986031726
99.9999991899
99.9999999991
100
100
100
9.95276634958e-13
0.00313671205564
0
0
0
0
0
0
0
0
0
0
0
0
0
0
0
0
0
0
0
0
0
0
0
0
0
4.52481235132e-28
91.8495450524
83.7688867691
79.8662140472
76.7757847583
74.3987899623
72.2495353215
69.4519057014
67.5391102161
65.986249905
64.7582516716
63.8397329801
63.5442014094
62.9163053477
63.6950983531
2.10779268109
0.0761454055718
0.0385127304632
10.7030890125
10.6846496237
9.77142278756
8.37038467518
6.57117258873
4.12198980636
0.24768595025
0.141750633
0.155388892391
0.450743385328
5.79521862955
9.33779437171
12.9223864982
16.05608909
20.8148756639
25.51119458
27.7399213477
30.683855947
35.1629915268
39.5081887687
41.6143051712
47.1379113957
53.1204543868
57.8690797369
64.0058095973
71.5573954372
78.7994721162
87.8050265211
97.4797266698
99.9998956222
99.9999999661
100
100
100
99.9999999635
2.34175575704e-17
100
0
0
0
0
0
0
0
0
0
0
0
0
0
0
0
0
0
0
0
0
0
0
0
0
0
94.9664919644
77.5831252215
83.5404400803
80.4185037432
77.3596577871
74.4074201332
71.5317712644
68.4282905938
66.2144565805
64.5130780458
63.2199662429
62.4186338353
62.228951023
61.3224254286
60.5636389182
0.198848189258
2.64647065422
0.0245591798911
9.96186173545
10.6730818825
9.53171753441
7.69692791274
4.8672156312
0.138819917862
0.0625241939065
0.0513751769695
0.0610694843493
0.122271777374
5.80158403771
10.2721469514
13.4660945744
15.7255389766
18.2176770959
22.5737125922
27.1402737304
30.5357838297
34.4284268353
37.3170630519
41.5451846563
48.161933547
53.2059445588
57.294139027
63.7705349225
71.4847061755
80.692416484
89.7806048575
98.5141727602
99.9999752211
99.9999999986
100
100
100
99.9999997523
6.2132005748e-17
100
0
0
0
0
0
0
0
0
0
0
0
0
0
0
0
0
0
0
0
0
0
0
0
0
0
99.9999999997
97.6701654142
89.0039515091
83.2696662463
79.0959543784
74.79765325
70.9711733099
67.8204025884
65.3737877518
63.5189828719
62.1027169611
61.3324917794
60.872841842
59.9190153832
59.2146858296
0.127084538541
5.9621833634
0.0149671037071
9.01938537422
10.7137694345
9.39874642098
7.67460926135
6.5335343146
5.3227884488
2.02789690882
0.329594245876
0.254848635505
0.727822545424
6.47157654281
10.1806424574
13.2910215731
15.8795438384
18.4173713077
20.6311043671
23.1097673571
27.7864139975
32.2916450267
35.9405610134
41.2781825697
47.3707654177
52.0231923195
57.0565158667
64.4537968445
72.8389430265
80.1364913498
89.55885901
99.7948217154
99.9999980127
99.9999999999
100
100
100
99.9999999948
8.05642047625e-11
100
0
0
0
0
0
0
0
0
0
0
0
0
0
0
0
0
0
0
0
0
0
0
0
0
0.0105529898339
79.8857343998
95.5008422853
90.7715837849
85.7460126439
80.109848649
75.9189858306
71.0792297962
67.721769982
65.0167786746
63.0051238181
61.625067544
61.1943681308
59.8416185366
58.8348697856
58.2631550052
0.0263480985235
6.60596703967
0.00867788070917
9.46711463552
9.76829205019
7.2722741469
4.16935153132
0.0682452914305
0.0109852675082
0.00631886945702
0.00573702260882
0.00727470889447
0.0156548403455
4.61421525648
10.6647381717
14.2921696405
15.8335437378
17.3520153619
19.364678491
22.0785850845
24.9664396642
28.3331389445
33.2607151597
40.246852545
46.5275208098
51.9257854988
55.9035975038
62.7398000574
70.86072906
80.6211373508
91.5715603112
99.9666588693
99.9999956726
100
100
100
100
100
1.02356246724e-09
100
0
0
0
0
0
0
0
0
0
0
0
0
0
0
0
0
0
0
0
0
0
0
0
0
100
99.9999999999
99.9942475079
94.6444004542
88.4686454638
82.1731274448
76.3634816082
71.7138004175
67.8127022321
64.6883316917
62.4236020161
60.9624835489
60.1310958698
58.6238933726
57.82511742
58.1478193973
0.0360929743745
4.52024042489
0.00506548919894
8.88394433629
5.93501464831
3.41377563465
0.0384889650539
0.00346228061306
0.00300923182662
0.00323306022422
0.00469713825506
0.0100569951868
0.142966412509
6.91654925597
9.9892107543
11.9926191388
13.2673469154
14.6866219271
17.2596953884
21.0794685826
23.9654061834
27.3864069458
31.8329936264
37.5913271293
43.2201900329
47.6830934671
53.0699685448
61.6374470101
70.8831364356
81.8424451147
92.2963522738
99.7823000875
99.999998586
100
100
100
100
100
1.51659129751e-08
100
0
0
0
0
0
0
0
0
0
0
0
0
0
0
0
0
0
0
0
0
0
0
0
9.16735976759e-29
95.9171239141
99.9999999272
99.9999673596
98.0092298808
89.9860414351
83.9024641395
77.1723773497
71.9726348503
67.5712199686
63.904721704
61.2049489565
59.5456693557
58.0149607208
56.7226806205
55.7826669525
56.8282368099
4.93848840695
0.00337042355949
0.0030887204732
10.4961923258
7.76343220995
4.07509504959
0.131472295714
0.00212782097012
0.00215729586311
0.00203647762475
0.00214458459989
0.00258606286425
0.00480773453902
5.66971250446
10.8305798285
12.4441371574
13.3436841198
14.4292491882
16.0712084366
18.0382364472
20.8479656291
25.1446402238
30.1199862983
35.5849770519
40.0255523576
44.505696246
50.9085608928
59.6865387537
70.2541637375
80.9524040934
90.5228921685
99.4719593172
99.9999997523
100
100
100
100
100
6.06868812961e-08
100
0
0
0
0
0
0
0
0
0
0
0
0
0
0
0
0
0
0
0
0
0
0
0
96.369254998
99.9872432438
99.9999999948
99.9999998674
99.9967818849
93.2736062523
84.6247089977
77.6921151328
71.7356427089
66.8155350446
62.7455910798
59.5194473835
57.195705111
55.0506982241
53.6467072684
52.5825753494
53.9519747806
8.53093290628
0.0994833438391
0.00286233417333
11.392454473
9.73433372834
3.00924638288
0.707764330276
0.0101306127233
0.00140917647921
0.00166206126792
0.00331661128855
0.00796739111623
0.00914364130128
4.86850320664
9.23607022715
11.1544461397
12.0799983192
12.6147746005
13.2764454802
14.740998481
17.435272121
21.8176634443
27.0659359208
32.5604630268
38.0551457071
42.5474994318
49.6422741245
58.0312958594
67.2734693905
77.783592851
88.3123672484
99.1006379427
99.9999995034
100
100
100
100
100
2.59075660435e-06
100
0
0
0
0
0
0
0
0
0
0
0
0
0
0
0
0
0
0
0
0
0
0
0
100
100
100
100
99.9999988018
97.986846986
87.4386483394
78.4914273953
71.30153099
65.792464177
61.3269916779
56.7444541051
53.5035204648
51.1687094925
49.8630581945
48.8843334148
50.063683211
9.77717303695
4.22613572141
0.00370845492964
3.6918901291
3.84851760383
3.95549459265
4.03914123215
4.61449766927
6.44803709822
0.0100207988004
0.00318147549074
0.00235731170131
0.00237012935771
0.00474237308595
7.7652949659
10.6199118634
11.1298106904
10.4090021634
9.01775020458
8.74434885454
12.1234272664
18.9805585305
25.0551435623
29.9659619878
34.4913084408
39.7676709465
46.9098193929
55.511183547
65.1229991849
75.0070658955
84.0124644705
95.0603679018
99.9999701967
99.9999999853
100
100
100
100
1.02582044201e-05
100
0
0
0
0
0
0
0
0
0
0
0
0
0
0
0
0
0
0
0
0
0
0
4.56534707112e-28
99.9999999998
100
100
100
99.999999997
99.9958197934
91.1935393041
80.3234435842
71.2434068692
64.2772376007
59.0246703205
54.6234433744
51.032017896
47.6887205476
45.4589141157
45.1241671457
45.2945421177
7.57157573823
5.05310044806
0.0106416088974
1.39862620197
6.3053306624
8.3664906964
9.86525194707
8.34140532677
6.08123211378
0.0120765530902
0.00283612761835
0.00182201535247
0.00151397019676
0.00186907916237
5.32375107617
10.2161201953
11.4953088732
10.7491173757
6.87567538046
5.79200193742
8.66708597668
14.9138990332
20.6545057431
25.71154124
30.5611782248
36.1284396757
43.536882218
52.3468305566
61.3790516787
69.6955312115
79.1581784629
91.6377254936
99.9418644359
99.9999870565
99.9999999999
100
100
100
0.0123751924963
100
0
0
0
0
0
0
0
0
0
0
0
0
0
0
0
0
0
0
0
0
0
0
99.7678482793
100
100
100
100
100
99.9999981798
95.25836387
82.8032071649
71.7341631066
62.9715305465
56.4933582081
51.1818353473
47.2436187563
44.1561339048
40.4774229625
40.6993244691
39.9974100126
5.02360606316
5.71660754853
0.0451627515868
0.0862640562634
9.22728636283
10.6850566023
10.2074635311
9.49009020874
8.52021610369
6.58224867609
0.006483243485
0.00180228609279
0.00123218223751
0.00122950812166
3.25203595254
11.1574293892
10.4252964719
7.02266294038
0.0566534165363
0.00294948274626
0.00320028888726
7.46564201555
16.8910136363
21.5901289793
25.9234541688
31.1883994912
38.5575657097
47.7151988898
55.9494154174
63.0831880004
72.0477073941
83.9165153368
92.1742272904
99.9709226845
99.9999990223
100
100
100
27.8428450573
100
0
0
0
0
0
0
0
0
0
0
0
0
0
0
0
0
0
0
0
0
0
0
100
100
100
100
100
100
99.9999999994
99.7912687019
85.873042865
73.2563682711
62.5749504259
54.7947871851
48.2328802506
43.0480939168
39.5624979911
35.5847531632
35.1023428019
35.9804356511
4.6281105823
7.71053420844
1.56104502013
0.0265203553149
11.3257353015
11.5648936014
11.5652991179
11.1829338198
10.5017368561
9.28412081376
6.44988342299
0.00266287937717
0.000995810335098
0.000823049057014
5.12993911021
11.1443529274
10.9784654844
5.7463800472
0.271291977577
0.000784979802689
0.000190351747688
5.05395107658
7.7704405938
11.1373431941
17.5805761555
23.2423075262
30.9865337517
41.4795259628
49.4353235817
54.2353907644
61.57165598
73.3296119908
76.8255519063
89.0067061321
99.9951045137
99.999999993
100
100
99.9662799507
100
0
0
0
0
0
0
0
0
0
0
0
0
0
0
0
0
0
0
0
0
0
1.05888488964e-28
100
100
100
100
100
100
100
99.999903891
89.417461994
75.2897096087
62.8610145921
53.3699357
46.5319930397
40.1173311317
34.6937058054
30.2699982513
30.5189273909
35.1096037554
0.942311008114
2.34228262345
1.00470546174
5.31903070291
13.1169090761
13.6961215342
13.9418572873
13.7245367696
13.4317066681
12.6767161391
11.1729399586
3.3748472801
0.00175864701548
0.000525564684559
0.000339710629942
10.2201649225
8.95627232986
8.01233637818
7.84359043794
10.3063920597
6.35625623183e-05
1.52156215939e-05
10.2551757279
18.3005352569
19.1567147357
19.1237177733
23.1451122011
34.1906004315
45.1624654452
42.573481796
47.4846658321
55.4907523851
58.5886199664
61.345593394
86.7761352876
99.9959183469
99.9999999999
100
100
100
0
0
0
0
0
0
0
0
0
0
0
0
0
0
0
0
0
0
0
0
0
100
100
100
100
100
100
100
100
99.9999994425
92.4839802644
76.8397702968
63.4904967296
52.7788311342
44.7209272139
38.4633332183
33.2566504691
29.2928237823
29.6307092293
28.4423360257
1.62387235869
1.04820691943
4.78163834755
0.0124035001175
14.4812377978
16.2279359231
16.9734093296
16.8281079773
16.9534843477
15.6133432496
13.7076106554
10.5822265545
0.0104659979414
0.00040019291359
0.000277316140515
0.00381240014897
2.96430026886
10.5614391432
10.5884657172
9.55521716403
1.39826630789e-05
2.73468191407e-06
6.25552321246e-07
4.7589416586e-07
4.82690730688e-07
0.513740205568
4.22835873212
0.000215323018211
17.8970084926
27.0146421795
19.3276243129
45.8191272268
34.770864749
52.8570067631
50.7985529114
77.1579520248
82.9321400706
99.9999998856
100
100
0
0
0
0
0
0
0
0
0
0
0
0
0
0
0
0
0
0
0
0
1.71435190646e-30
99.9805210394
100
100
100
100
100
100
100
99.9999999899
93.8829922411
77.7657352442
64.7827715748
53.6874375344
44.8078234536
38.216639758
32.7356913396
27.8691978957
24.9453366691
18.3940745915
1.16969329443
6.61556552332
5.18961950701
0.0245811682844
0.000316515368822
0.000879645191848
0.989580529662
0.00640043930504
0.00451540600025
0.0023951167797
0.00127673245633
0.000641004781813
0.000277846608461
9.45689036443e-05
3.48926367533e-05
9.80337049796e-06
4.90588927756e-06
4.59843985212e-06
3.34879062432e-06
2.10465665611e-06
1.38361530827e-06
8.23953725044e-07
4.10145758979e-07
2.21784520402e-07
1.79353709911e-07
1.14065846494e-07
5.51292683989e-08
2.30099181916e-08
1.62982763051e-08
5.9124262014e-09
5.33991430974e-09
2.87440159536e-10
7.19108307175e-08
5.2465228441e-13
7.75651911449e-08
3.72883174277e-16
6.31304185262e-07
8.11194175081e-22
5.12819198024e-21
100
0
0
0
0
0
0
0
0
0
0
0
0
0
0
0
0
0
0
0
0
2.85199120104e-30
100
1.25951443026e-09
100
100
100
100
100
100
99.9999999985
93.5687820032
76.6144656137
64.0368906566
53.1967436418
43.7458453196
36.1233916926
30.0256654601
25.2554854952
22.2361928376
12.6669223485
)
;

boundaryField
{
    frontAndBack
    {
        type            empty;
    }
    upperWall
    {
        type            calculated;
        value           uniform 0;
    }
    lowerWall
    {
        type            calculated;
        value           uniform 0;
    }
    inlet
    {
        type            calculated;
        value           uniform 1.01929873222e-27;
    }
    outlet
    {
        type            calculated;
        value           nonuniform List<scalar> 
20
(
5.86988200069e-30
0
0
0
0
0
0
0
0
0
0
0
0
0
0
0
0
0
5.03357398629e-31
1.14094625567e-29
)
;
    }
}


// ************************************************************************* //
