/*--------------------------------*- C++ -*----------------------------------*\
| =========                 |                                                 |
| \\      /  F ield         | OpenFOAM: The Open Source CFD Toolbox           |
|  \\    /   O peration     | Version:  v1806                                 |
|   \\  /    A nd           | Web:      www.OpenFOAM.com                      |
|    \\/     M anipulation  |                                                 |
\*---------------------------------------------------------------------------*/
FoamFile
{
    version     2.0;
    format      ascii;
    class       volScalarField;
    location    "465";
    object      alphak;
}
// * * * * * * * * * * * * * * * * * * * * * * * * * * * * * * * * * * * * * //

dimensions      [0 0 -1 0 0 0 0];


internalField   nonuniform List<scalar> 
6400
(
0.865168310735
1.34972098624
2.11238804359
2.55626009424
2.98538835055
3.4310538325
4.05406580344
4.76355439602
5.07035041577
5.59778433566
6.77680181354
7.49451762627
8.0720454361
8.75580810496
9.65527817953
10.5917906939
11.3796540822
12.1215195253
12.7497804351
13.0687505029
13.1292502854
13.2780381743
13.741455394
14.5305849776
15.4170060249
16.1926430532
16.7870029465
17.3256415881
17.923213199
18.5937029325
19.2823944908
19.7683662641
19.9771732491
20.0512875268
20.0189700854
19.837950228
19.8384319244
20.1400318095
20.0615766324
19.7168934772
19.7923730101
20.4394477706
21.1109593541
21.4462078324
21.5141130456
21.4001614099
21.1754596431
20.8941550427
20.5681693673
20.216603743
19.7253118051
18.8108713006
17.6598258575
16.2995015699
15.2502341751
14.6436359828
13.5847800661
11.632830226
9.52114831517
8.13870977351
6.6333395022
5.07270286977
3.39628572884
4.68613440396
8.76354167293
13.7364468773
16.7578252763
16.4962836273
14.5379647057
12.9424395444
12.0871012489
12.2836808286
12.8120663308
12.6871073981
14.7031778939
14.1363408051
15.9874426162
9.89140728215
12.8730820561
4.81392033864
3.12229664668
2.46679150874
3.0498234875
4.27912715836
4.09721760527
3.88929863226
4.03312938505
4.41508932973
4.97531892738
5.69865865333
6.58908474318
7.4763389299
8.24755695098
8.98375414459
9.72842611896
10.5882069649
11.4892198573
12.3628331923
13.3685821221
13.4973592684
13.331745789
13.4257707151
13.8272445609
14.5865731983
15.6487785478
16.3425509443
16.8952389551
17.485382731
18.1058954082
18.7421371417
19.3898936463
20.0036652046
20.2103893732
20.2867805971
20.3055800295
19.9878828256
20.0646647535
20.3872083822
20.224221953
19.6742369551
19.7054172987
21.2441829002
22.3923084499
22.601267436
22.5869227131
22.3347114767
21.9283589689
21.5185859778
20.928194774
20.3299198593
19.9501210749
19.8517322765
19.0427013237
16.525430411
15.6625847865
14.6986825376
12.729967197
10.8440958702
9.10007959774
7.39199997799
5.87906199221
5.49133534277
3.79281139273
5.02882044915
8.86193284731
14.7444139203
18.5197831184
17.3014758864
15.1678961264
13.2722812993
12.5802005429
12.9912767263
14.0714790724
13.4952463094
13.3348353542
12.8008240894
11.5920946544
9.74508261905
8.18503881893
4.27126188408
3.16271440201
2.74449316611
3.2492356455
3.46089285465
3.89939478541
4.28559159167
4.24513083368
4.33385829069
4.88756431408
5.67882070274
6.57131349097
7.47821467041
8.29933914507
9.04378088545
9.6443842772
10.4160830817
13.198280702
15.236259638
15.5661591311
14.7996720365
13.1471833762
13.0226624285
13.9795743181
14.7967731239
15.533390729
16.3217690143
17.0118790945
17.6055732295
18.204332272
18.8456218208
19.4466973249
20.1825340215
20.4037557573
20.1653902151
20.6498822799
20.3460129259
19.9455153168
20.5663355431
20.422015337
19.9074687847
19.9467144125
20.6000884581
21.2727028945
21.6182540866
21.7107614391
21.6408052278
21.4481793282
21.1540826159
20.7608268581
20.2936759266
19.7570532342
19.0421739539
18.0259218717
17.0388186869
16.133112124
14.4903357196
12.6419763988
10.8766624481
9.19034367138
7.62087502017
6.31677356302
5.10731168383
4.30020287177
6.20834662358
11.1309243622
15.7031837372
17.9613836336
18.1088616076
16.5521052548
14.9046217518
14.2278085874
14.1383026633
13.4872801046
12.89570771
12.8560493781
12.4944015764
11.495971754
9.86513196504
7.43331910984
7.60633054556
3.08901829069
5.43185036955
3.49255655846
3.55957564447
4.22449489507
11.803448115
10.1602957729
4.97808434318
4.87676358917
5.68807997517
6.59652409009
7.51852758437
8.3154289191
9.10291944418
10.8825173466
13.0479208674
14.7005791363
14.9994093135
13.6854521492
12.6133763812
12.8232008189
13.2837203013
13.9123204671
14.7439707268
15.62646991
16.4606932185
17.1876485127
17.7508011702
18.3871871713
18.9283201131
19.7249342798
20.1593723427
20.7877382409
20.5931293626
20.054965994
20.4760991559
20.1797773491
19.8920088208
19.9758630697
20.0665338129
20.2856302119
20.7699679859
21.297211054
21.6374596777
21.7695250228
21.7362953983
21.5720142794
21.2988256146
20.9266799139
20.4652310047
19.9036016561
19.1917866005
18.2989872163
17.2891492666
16.0852404404
14.5323136963
12.7697669704
11.0322650772
9.42350801009
8.01643726554
6.89277408151
6.09417103616
5.97029471078
7.28421708459
10.4769304149
16.0837552675
19.6349605572
19.8445502749
18.2056028168
15.8775333478
14.2941374688
13.5183088964
13.6829293024
15.0542180544
14.9695758557
13.6306091113
13.4653893155
16.725377087
13.1410514839
11.169794261
5.51969311079
7.46730103235
4.15156452359
4.46891355674
6.41869646542
11.6901697011
8.02112546155
5.33742833871
5.38997914535
5.91267364744
6.74601079523
7.68672574655
9.10705945007
11.5102165271
12.5119153062
12.8163826958
12.6776250667
12.2624343019
12.1783567526
12.6700915611
12.9626738941
13.3094432321
13.9992839144
14.8529599654
15.7615507543
16.6381483535
17.3191045738
18.0552642142
18.5081146696
19.3314412818
19.7527813665
20.9893232544
20.6927066778
20.1222805902
20.2632138958
19.8097576081
19.7668867525
19.9074526702
20.0947009861
20.2854189024
20.546121354
20.9452055178
21.3800181677
21.7022146047
21.8582715909
21.8560202321
21.7192173096
21.4698478976
21.1213298533
20.6773580088
20.1242264064
19.4334410248
18.586252804
17.5699816044
16.3013675384
14.7319142645
13.0146589451
11.3638197697
9.91202297261
8.74400539498
7.92594059125
7.53536423124
7.8022278502
8.35889721502
10.5943351343
15.5731910377
19.7129820853
21.1424647901
19.9952766542
17.2558467215
14.8067407889
14.4859555894
16.6989612818
17.5422323864
16.4841085327
15.5465686454
18.1631835122
21.1533945332
16.4878790704
15.6062804417
9.83304120773
8.97857980958
5.16224029015
5.7969809882
11.9635386949
11.4128816934
6.22543095569
5.88661114315
5.98921323153
6.25679036137
7.01658062152
9.74529314012
13.059261808
13.4435579806
13.0054439315
11.9052655012
11.3260093054
11.514584065
12.4081613608
12.6587146739
12.820171359
13.3729324838
14.1504920999
15.0504312848
15.8776295154
16.7710566202
17.7868047548
18.1540201908
19.1812115696
19.3573013008
20.9024356928
20.7012984111
21.5588694795
20.4602053104
19.515530167
19.4481084785
19.7128211203
20.0065070357
20.2663641967
20.5068864142
20.7879019447
21.1447899868
21.5216009652
21.8228889334
21.9900893305
22.0116720636
21.9004728539
21.6777049623
21.3591784001
20.9463982516
20.4245241134
19.7682690574
18.9473723087
17.916833495
16.6189744214
15.07918916
13.4665534024
11.9764141983
10.7316519736
9.8141760047
9.26607239961
9.23375471071
10.0341335594
9.2349346042
12.2780095557
17.4032849831
20.9861090718
22.4012326073
21.5034382799
18.1720029835
16.0138049468
17.782961673
19.9523230268
19.4097410053
18.3894404768
18.4413121577
22.953639895
24.5165591509
19.5370448234
19.3366544938
11.9287668724
8.72742070962
6.28022524985
5.89961475626
11.8732551595
8.12598969703
6.34227130223
6.44124157132
6.5415999814
7.21974711206
7.64611839231
12.8856575661
13.4951887709
13.4761720593
11.9678049315
10.732787922
10.8529862411
12.1789736447
12.4062838178
12.3218177266
12.8351535955
13.490356872
14.2688763361
15.1667292312
16.231268396
17.2670299866
17.8005999072
19.1914724451
19.2166990652
20.9188418472
20.5473738583
21.6285838817
20.8652752813
20.1792617886
19.2608206837
19.3488219158
19.7678355544
20.1524510246
20.4544359366
20.7271590373
21.0259975484
21.3650812517
21.7087658883
21.9930945209
22.1654504526
22.2051140587
22.1189025905
21.9279437106
21.6490053758
21.2813654141
20.8063994849
20.1926579898
19.3971846402
18.3708059947
17.0936063107
15.6426614706
14.1926335822
12.9075522721
11.8638531199
11.0828746873
10.6580076824
10.6517612558
10.5992935291
10.7483445859
13.6463420639
19.9444679097
22.3606559334
22.751572332
21.7214953824
19.489871531
19.2448206858
21.7647062115
22.180259627
21.31824341
20.7051629874
22.6275025414
25.3263868916
26.7569987428
22.1922726869
21.0567310843
11.5900823229
8.25785547204
7.3812106564
11.971290679
11.9207472578
6.95797445074
6.95310935947
7.07334775643
7.19504755308
7.73703694927
12.6726647685
13.5821960801
13.5935458167
13.0211526361
10.6569960542
10.2368149622
11.8347113572
12.3551576669
11.9867415908
12.1873784076
12.8855138294
13.6923583227
14.491062041
15.4544208635
16.3265095653
17.6835405422
17.9161320515
19.1879796303
20.7357265586
21.0321778481
20.1745787406
20.9994059932
21.003061005
19.4343760172
19.2123113956
19.4805918672
19.8992477764
20.3092644325
20.6492700706
20.9529397955
21.2696786636
21.6070377189
21.9351624338
22.2080111894
22.3828069384
22.4377507459
22.3782813238
22.226082508
21.9974509306
21.6882645564
21.2741685983
20.7150739609
19.9609778796
18.9747776265
17.7768067136
16.4765164102
15.2275855404
14.1199956309
13.1447091395
12.3370396843
11.8892913789
11.8384532233
12.0171091579
12.5310099118
12.8767027512
19.9928240203
24.1028150413
24.1866198026
23.6370015236
22.7323675057
23.5745622755
24.9089744708
24.2041566161
23.4890983034
23.658143957
25.9179653505
26.5446718175
27.0906176773
24.2154956543
22.0837598237
10.7881231139
8.06973539321
8.0319231689
12.916936734
10.7684903188
7.47064719312
7.61308194625
7.85756486116
9.18194951905
7.79132217454
13.44649406
14.068511553
13.6100480653
11.6618266721
10.1787560082
10.3729198792
11.934657723
12.0225864108
11.8515955413
12.2175696333
12.8873407964
13.7938765106
14.710793388
16.132375468
17.3424277649
17.6150870299
19.6354766743
19.0119344954
20.9865642184
20.261806842
21.6051761609
20.1732305202
19.5957583946
19.3106367894
19.369315212
19.6680339507
20.0640207533
20.4773898525
20.8510088007
21.1903792622
21.5282904359
21.8715621572
22.1960019238
22.4640255098
22.6408753781
22.7107690497
22.6822485525
22.5770275394
22.4093595642
22.171737466
21.8340043351
21.3486230281
20.665431737
19.7681200399
18.7115764672
17.6108054792
16.5534185605
15.5041240901
14.3944752046
13.4446882402
13.0878867795
13.4060354246
13.9706260039
14.4045117307
14.5179853804
16.6340339499
24.2483617716
25.9807397717
26.0531622504
26.7383435465
27.8016916956
27.4379440963
26.3941602922
26.1416983129
27.0559245147
28.1650061166
27.9520540006
27.3013229271
26.2668215488
24.891370369
10.1416929365
8.41554486373
9.1949026931
12.9523863138
8.59009705037
8.47826431961
8.27799918768
8.53209090806
11.8322262762
10.477328105
14.2783345187
14.3085338127
13.6411389235
10.8557582794
10.1650084614
11.8444300905
12.1844372144
11.7430425478
11.813961579
12.3864352097
13.0215553363
13.8717700074
14.646429194
16.3078805562
18.5112871705
17.5320555694
19.574429443
20.7719383566
21.2410506582
21.7054097928
20.6390558562
20.5318793415
19.2298097644
19.1973870951
19.5260886892
19.8734053781
20.2522827029
20.6593033003
21.0582962971
21.4374613623
21.8055964047
22.1623726685
22.4897150318
22.7582436436
22.9400706222
23.0263646989
23.0329841723
22.9833595324
22.8877931581
22.7350002184
22.4913575759
22.1056129875
21.533483494
20.7826476456
19.9287972984
19.0503102336
18.0926694144
16.8581910772
15.4570351709
14.5617482942
14.7018768954
15.6038598248
16.435115599
16.8697363238
16.8958791972
16.0015620461
16.4640625827
27.7337720711
30.6079288485
31.6642506432
31.5311303562
30.0902836967
29.118160227
29.308532746
30.3376540302
30.5572019501
30.2223276127
29.8756595342
30.1837714454
30.3527073488
9.99487618251
9.18068337314
12.7054512228
13.0294332815
8.56135585471
9.20438222749
8.93077159568
9.48558962477
11.2208794634
14.068551762
15.0561490111
14.5290314504
13.8228530786
10.7696983355
10.296465069
12.3922967702
12.2559007986
11.6929107292
11.8395653596
12.5329662953
13.4201299705
14.230879839
14.8411106121
15.9184021987
18.6821801054
19.8323800642
19.0878599398
20.9182365984
19.8592518071
21.744843869
21.9142238892
20.441266176
19.1657778716
19.3014379546
19.7154970091
20.0896246006
20.4637171612
20.8636548223
21.2745166388
21.6912021018
22.1002362101
22.4803235238
22.8165773462
23.0897425422
23.2798938329
23.386809001
23.4339520102
23.4464997563
23.4319525053
23.3767491559
23.2465947539
22.9916358523
22.5801049197
22.0423140266
21.4459426333
20.7503391844
19.6368110259
17.9581546781
16.5574461215
16.2440014189
17.2650089294
18.7871701107
19.7970579254
20.1848793529
19.898535489
18.7588541971
17.043127665
18.3499161851
32.1387536517
37.374779182
36.0659571853
33.6360407212
32.7234894957
33.0584653648
33.6601680641
33.8130095314
33.9832907537
34.4314941135
35.00002973
35.6506595928
10.2363010103
9.99498505791
14.3140631813
13.6399445775
11.6150448385
10.3876804212
9.79629355457
10.9649530484
10.572503046
15.0172733725
15.6493193499
14.8156793318
13.8241585416
11.3064617424
11.0587789395
12.8721561611
12.2413117369
11.7524621936
11.9573181055
12.5796540593
13.5857298645
14.690913902
16.436977239
16.0682163453
18.1503517999
20.2247676502
18.914852607
21.2114259577
21.8954160289
20.7487133395
20.8264353264
19.5678034928
19.469311794
19.6323944062
19.9612114578
20.3314624383
20.7058912262
21.1017851359
21.5084966408
21.9448910632
22.4032813906
22.8274182504
23.1801480039
23.4587013537
23.6607416839
23.7942470101
23.8874326347
23.9663109646
24.0375566262
24.0886672316
24.0885442231
23.9987418864
23.8098348693
23.558382968
23.2364667079
22.5255139499
20.890136977
18.9913512809
18.2383934228
19.007129891
21.1582005102
23.173558034
24.291972998
24.7685288409
24.3553937127
22.8672002253
20.5892783525
17.770947787
27.7371277818
38.273216774
41.1586677187
38.399899171
37.5281821982
37.7434607603
38.0879221753
38.1602692369
38.9021373216
39.642350139
39.5765189155
39.774575495
10.7629224762
10.6030032199
13.9985474058
14.0562825953
14.0401247209
11.4468165985
10.7951248624
13.905709477
10.8438422202
15.8670300536
16.0993036852
15.1143491989
13.8336181429
11.8531066275
13.8577992452
13.9444407603
12.3807979404
11.947821343
12.206921341
12.7310288996
13.5516462226
14.6685148542
17.8131893844
18.7540802712
17.5671832142
20.3123444865
21.1651701535
20.7357880057
21.8676219777
22.0634064825
21.2389532355
19.5744761814
19.6691664525
19.9638230392
20.2609715922
20.6025585478
20.9610517981
21.3705624813
21.7956482353
22.2269036337
22.7065621304
23.1842061433
23.5776723226
23.8699180534
24.0851052198
24.2503144089
24.3948964171
24.540853698
24.6950761858
24.8505781703
24.9889577285
25.1009361394
25.2061324442
25.3014445399
25.1700846949
24.0792895862
21.8918780342
20.5104999852
21.4509075847
24.0288669811
27.2887757033
29.5539507002
30.3807322821
30.783376404
29.614977028
27.3726430973
24.4364054648
20.0249605996
22.4250784833
34.6708898211
41.7957542767
43.0785041384
41.6063349608
42.2186891632
42.681519372
43.3131222116
44.404023817
45.0784062093
45.057788658
45.2390599431
11.3494986811
11.2519467847
10.9195550425
14.3363008119
14.5144828716
12.1345662813
11.7004424665
14.8321715348
11.4176575634
16.7313115326
16.4968727378
15.4252091563
13.9610602233
12.1140186844
15.0304672737
14.4363057309
12.7472558299
12.3112268068
12.5454506339
13.0529918523
13.6435112355
14.5719123461
18.3655663247
19.8154183431
17.894537835
20.3873360772
21.7017011565
20.0835680963
21.4977860787
21.5332186345
19.9152766629
19.930752706
20.1200736939
20.3423414009
20.589830555
20.9293997556
21.2760156104
21.6410764952
22.0891323023
22.5613960959
23.0494206637
23.5530062227
23.9920411283
24.3172406487
24.5562114791
24.7588226339
24.9568870344
25.1625638057
25.386687478
25.6314324509
25.896527709
26.2431924281
26.7162826265
27.1860629146
26.9716850394
25.1604487237
23.5032334233
23.3721304688
24.0240684647
25.6295081271
26.8872381498
25.2810704123
20.4227506561
15.7611332507
10.9546212429
10.2486263542
14.4136332798
18.2577930679
20.3315525527
19.8554031214
43.3792064462
47.3111951212
46.8474661326
43.0743954886
41.6105886715
45.9772732197
49.3017046171
50.6767973308
51.8004127013
52.3100435217
12.1131375653
12.1943887539
14.9502011296
14.9211067364
14.8958984171
12.7121487816
12.7030462575
15.6035193615
12.3742477659
17.4661405014
16.8675132125
15.7534601548
14.1639608896
12.4654545042
15.2726234692
14.5463062833
13.1146053649
12.7261750774
12.9073950393
13.3551958343
13.8968546157
14.6204751944
17.6917694033
20.6275855925
20.7299326394
19.6705653775
21.9174055696
22.604432109
20.0796133631
19.710714423
19.8318749806
20.1558094504
20.4554687502
20.7101130099
20.980140978
21.2747863411
21.6159144749
21.9943071869
22.4021498976
22.9016332873
23.4349491841
23.9610617805
24.4277786959
24.7891925208
25.0700493978
25.3196517899
25.5701682207
25.8322566291
26.0998224698
26.3745669526
26.7311165132
27.3304015497
28.2128709158
28.9391475655
28.0941936915
26.0114530788
21.4907008378
12.7684456028
0.0752259153349
0.00141021699071
2.39041443944e-05
6.91606206451e-08
1.96539386965e-10
3.4020595886e-15
2.66110110388e-15
6.46054154924e-15
4.35491579488e-14
2.03981824452e-13
7.53509877739e-13
4.78843751812e-12
3.74923968424e-12
3.25266926846e-10
1.85131230129e-07
1.86096389988e-05
0.00141215723556
0.325185687933
43.0885597065
55.0360155828
58.9106286824
59.5906597939
12.8216212359
13.0094209707
16.5329041935
15.5088099008
14.8961937505
13.3042730914
13.6843026976
16.2282913572
16.2058937071
18.3669764741
17.2871657683
16.165460729
14.4380578542
12.964832447
15.528178848
14.6033225878
13.477960218
13.1514937924
13.2669362902
13.6388942761
14.1579282949
14.8868323441
17.1052348016
20.8866236672
22.125973786
19.2639579187
21.4612909392
22.6178678832
22.1402608638
20.2292392931
19.9415491368
20.3800520352
20.8092901443
21.1395546361
21.3426332942
21.6458842597
21.9689753371
22.3600045328
22.7786450597
23.2712064929
23.842952613
24.4126292823
24.8949597149
25.2705264747
25.6026314321
25.9556940383
26.2990210056
26.5812495265
26.7693225197
26.9981590392
27.4378178573
28.2226100664
29.4593288236
30.0576459561
26.7290507568
14.5126165363
3.78210468483e-05
1.5315698788e-07
4.42905216179e-09
6.44788806666e-11
5.23877279733e-14
8.74139445204e-17
6.16184906637e-18
0
0
0
0
0
0
0
0
8.57008123981e-22
2.89051098113e-19
4.32358831939e-17
2.50840748383e-14
3.50362964937e-11
1.89730500112e-06
0.0288128668627
45.1445533502
62.6530209678
13.3952347688
13.6057733071
18.723784506
15.9439157708
14.6213845435
13.8330574868
14.3775234139
16.1827259545
17.7864897645
19.4091599004
17.8588909352
16.7045603522
14.9555270014
13.7680542003
15.9918300448
14.8202115119
13.9274816439
13.6309386516
13.6662404946
13.9578844552
14.4103958756
15.0896166584
16.859935131
20.7566068381
23.1184382893
22.2312560149
20.8909729207
21.9683693253
21.7853832795
20.0597685166
20.4037922764
20.8830128017
21.3678087461
21.6242717065
21.8409481849
22.0457637986
22.3846818587
22.7485342854
23.1876368633
23.690296173
24.2672156047
24.8817302179
25.4403676262
25.8336279592
26.2026561594
26.6598470166
27.1055360548
27.3648562643
27.427934239
27.571414729
28.0082464002
28.7641210762
29.7579975773
27.8112653086
0.250455166132
5.47562059019e-08
1.79576514048e-11
7.26133256914e-13
9.90060836785e-15
2.71501588443e-17
0
0
0
0
0
0
0
0
0
0
0
0
0
1.10425486986e-20
1.09731736269e-19
2.40555741348e-18
1.16642152568e-16
6.47740638276e-13
0.000539155734308
1.03930970471e-08
13.8394292508
14.0377278636
20.816834642
16.2647812091
14.6322003501
14.3303838085
15.1724074145
15.3861508242
18.7362037333
20.1498400852
18.4183643931
17.2603565942
15.6813741905
15.7276243197
16.6410569616
15.283885949
14.5782325338
14.3153152831
14.1740729264
14.3650469173
14.7161123804
15.3229292673
16.8188848528
20.6231417991
23.5260627964
23.8989728365
20.4403354075
20.6951460983
20.2556118922
20.1773427713
20.6901006214
21.3965806698
21.8704056774
22.1413992798
22.3669694878
22.6756771407
22.859963204
23.2062398965
23.6320914194
24.1223553125
24.7668840654
25.4378085411
26.0262051291
26.3696079164
26.7427188117
28.0032612077
29.7903840205
30.2593441013
28.9436420601
28.6697408507
28.9227027376
29.4355567111
27.689955834
0.0289760048296
4.36706349857e-07
1.95913334804e-18
1.97972851838e-15
3.2303713631e-17
0
0
0
0
0
0
0
0
0
0
0
0
0
0
0
0
0
0
1.7060391539e-19
1.15530153643e-18
2.13047181814e-16
94.3852493252
14.2400375139
14.405299126
20.5961081584
15.5540777486
14.758652343
14.7577297311
16.0786792184
15.2800437655
19.5298648759
20.8485854472
18.9591430137
17.7824768295
16.2350254581
18.0383322311
17.5653725002
15.9547622852
15.3324023923
15.3975747204
14.9072302685
14.9430833158
15.1223984259
15.5888244204
16.9254220834
20.4738554747
23.3894303239
25.0162156361
23.4320382255
22.2420461797
21.4666498579
20.4690048677
21.0085655809
22.0980519723
22.2852402493
22.6468639086
23.205817963
23.252544795
23.4365963647
23.7764014308
24.2069385094
24.686641268
25.2440371265
25.9592336975
26.6960880982
27.5635577804
28.7147746536
30.4220660453
31.7061986127
31.4073174376
31.0650152479
31.4680261531
32.0834412134
33.1173997415
0.131771563769
1.20281123842e-06
1.58088183834e-10
2.14714054708e-12
0
0
0
0
0
0
0
0
0
0
0
0
0
0
0
0
0
0
0
0
0
0
5.24945497383e-19
3.82083481627e-08
14.7232405782
14.8687684415
20.1690129145
15.1111952047
15.010610683
15.1015454183
16.848583645
15.6883816507
20.2004533742
21.5345825664
19.5035830752
18.3184479238
16.705560669
18.742218016
18.4194857519
16.7018206999
16.0727673096
16.2636616834
15.7929077649
15.7470049482
15.7390511456
15.8892783082
17.195285264
20.4503469513
23.1071466327
25.3614329113
24.6592663764
22.6660666564
20.6089716407
21.0015732062
21.5838477243
22.6282843643
23.2626869561
23.726782053
24.0459313706
23.9250198428
24.0906079384
24.4469587896
24.8793958601
25.3807545603
25.929228709
26.7186165639
27.8530685393
29.5190903303
30.5938029867
30.772071548
31.3087181017
31.6332664831
33.5557900937
35.6001008928
39.6564817864
1.20069519716
1.59429399834e-06
2.74927826099e-10
5.63891129398e-13
1.36528889474e-14
4.58281138719e-17
0
0
0
0
0
0
0
0
0
0
0
0
0
0
0
0
0
0
0
0
0
8.82188563781e-20
1.16721604715e-19
15.4602721835
15.6074948713
19.7468765764
15.3300440436
15.5512511616
15.5513294756
16.7580365584
16.4009475243
20.6583114412
22.1834931837
20.0877427491
18.9114764326
17.3099249539
19.3927648561
19.1990363214
17.5585791698
16.8856907133
17.1139681588
16.6514824404
16.7008039267
16.6500634551
16.3568423561
17.6644938549
20.6072169458
22.9752258089
25.4629409713
25.1825243327
23.2775172903
21.0275388459
21.2116232798
22.2809414403
22.6883780936
23.1599390152
23.8720986851
25.000158447
24.9626980317
25.0346046556
25.2121866963
25.5960032956
26.1807357473
26.8455260179
27.7624085941
29.8324007735
31.7462814854
31.7753058786
31.7622907449
32.815090234
36.2734140811
40.5472793969
43.5271853398
0.343042357253
5.69853585509e-08
2.35818739503e-12
7.73172254104e-16
4.85124125315e-18
9.83307287426e-18
1.50999307059e-18
0
0
0
0
0
0
0
0
0
0
0
0
0
0
0
0
0
0
0
0
0
6.52051458103e-21
2.96077407341e-20
16.5872542079
16.6868025617
19.9436259865
16.2446979492
16.7229642573
16.3826310263
16.9766789723
17.7633222943
20.6091101034
22.6484751241
20.7423595572
19.5835945232
18.0303997438
20.1345862847
20.0095036289
18.5909722087
17.9008017141
18.1262687769
17.5161712273
17.7594293382
17.8993737001
17.0735949298
18.1878095419
20.9417723579
23.0280470947
25.3016893169
25.4120197309
23.8423704324
23.2352069259
22.1039303353
22.7248430046
23.6564343342
24.8008892944
24.4426621739
25.1144805522
26.0371339355
26.0663925
26.3534551342
26.6030756781
27.0602589819
27.8708119037
29.8684062067
32.8520924849
33.6735531794
33.2271299468
34.3872054277
39.3099344796
46.4575941942
48.8444642668
0.0123392921494
8.63358942659e-10
8.06063294092e-15
5.51535077842e-17
0
0
0
0
0
0
0
0
0
0
0
0
0
0
0
0
0
0
0
0
0
0
0
0
0
0
0
18.1811965004
18.020748621
20.6723691628
18.1764189168
18.7331153625
17.6355594563
17.8752640406
19.7606936966
20.746051393
23.2272428041
21.525199043
20.3466466382
18.8446663504
20.9138163382
20.8150196426
19.7365239136
19.4338969887
19.4680544966
18.4716891079
18.9266431531
19.4718520714
18.1364967864
18.5739363632
21.3543972588
23.2703864973
25.1414007405
25.5905177271
23.9390589632
24.4320964703
23.7463195206
23.863113939
23.2285198127
24.3216305598
25.8051948918
26.0776672855
26.6846137551
27.1024624999
27.394967305
27.8361154417
28.3050484905
29.7596603503
33.3256902636
35.7189970498
35.8948162548
36.5250093346
40.7488928189
49.0904764501
50.7551428013
0.000175030181747
7.70476477808e-12
1.34695550489e-14
6.16753751565e-17
0
0
0
0
0
0
0
0
0
0
0
0
0
0
0
0
0
0
0
0
0
0
0
0
0
0
0
0
19.8828766287
19.2748149114
21.4842684918
20.7792171427
20.4616620858
19.1105372761
18.8800288994
20.8969113197
19.8088788178
23.665596321
22.4195082567
21.1933190247
19.7447044169
21.7093659065
21.5636822065
20.6879443607
21.6252298065
21.0989751443
19.5586723621
20.2403124845
20.8440983988
19.5260732207
18.6550875202
21.3237904314
23.4399887782
25.0177989135
25.6497639818
24.006550743
24.7857885147
25.0566355698
25.1902010825
23.9958618318
24.6343923995
25.6166928142
27.0291817715
27.930221136
28.3848626542
28.6239198192
29.0212306287
30.0747575226
33.3659339337
37.1316331538
38.8012292338
39.5654160672
42.264751502
48.5337816125
47.327077543
8.11491910712e-06
2.07457465849e-11
3.00338451384e-14
1.05184319709e-16
0
0
0
0
0
0
0
0
0
0
0
0
0
0
0
0
0
0
0
0
0
0
0
0
0
0
0
0
0
20.7122789232
20.1644623116
22.0017292013
21.8244080039
21.5267000594
20.523818764
20.0774806935
22.2932281146
20.8414058506
24.2394112927
23.3238703613
22.0898503905
20.7251673747
22.5406776655
22.3330233277
21.4907120538
22.5885914195
22.197279095
20.6328581303
21.5557065093
21.5693323546
20.3139803165
19.7388312869
19.9371312739
22.9459224552
24.5260232413
25.4420175105
23.9880755071
24.8511653618
25.58974491
26.2619931711
25.9364247891
24.8560713463
25.64221008
27.2572893071
28.8142910409
29.7862194354
30.3139370041
30.726817465
33.4165606853
37.7581663829
40.909507736
42.2349428762
43.7957041977
47.6062930861
42.9827286419
2.88054208394e-05
1.09596762226e-10
9.87247955286e-14
2.81173328742e-16
0
0
0
0
0
0
0
0
0
0
0
0
0
0
0
0
0
0
0
0
0
0
0
0
0
0
0
0
0
0
20.7979136693
20.7486556188
22.337727157
22.0429928384
22.2223154394
21.6364527625
21.1341112777
23.6671476374
22.566814366
24.9928858083
24.2904456904
23.0227054843
21.780538145
23.4226595099
23.1787318812
22.4376061312
23.3884307105
23.1623637707
21.7780754319
22.5863172158
21.2278899805
21.0621669173
20.7933240836
21.0788246528
21.9392908106
22.8826719738
24.6150185455
23.8384433372
24.372266625
25.6232887899
26.724161047
27.3226020385
26.4468852415
26.4368264611
27.3954812348
28.9073000121
30.6473856758
32.0812002228
33.5237300206
37.6807728353
41.9068737947
44.3429341256
45.1311689623
46.2299737039
40.5761042166
3.19146098431
7.43333664354e-10
3.42926077526e-13
7.68186492937e-16
0
0
0
0
0
0
0
0
0
0
0
0
0
0
0
0
0
0
0
0
0
0
0
0
0
0
0
0
0
0
0
21.0742759096
21.1822660849
22.652591778
21.0998552083
22.5337165302
22.2637648268
21.8615373341
24.2863515245
23.4313981346
25.78280321
25.3078137553
23.9662067146
22.9199422926
24.3428986554
24.0729680252
23.5241069744
24.2674440319
24.238699298
23.0447157605
24.0001596864
22.5901875294
22.7578359593
22.0591128336
22.3682142218
23.8283873266
24.4350065447
24.2718766897
23.6282785953
23.8852865642
25.5951598766
26.7566246222
27.5861615731
27.9116904398
27.5573166505
28.8822982196
29.6810302328
31.369802445
33.7681264234
37.0719753215
41.9685514467
45.588940616
46.9550189887
45.481654573
39.7291379098
33.1304821455
2.81292924972e-08
2.87758260587e-12
6.55095761037e-15
0
0
0
0
0
0
0
0
0
0
0
0
0
0
0
0
0
0
0
0
0
0
0
0
0
0
0
0
0
0
0
0
21.8234696979
21.8982863354
22.9845200098
21.5479155683
22.8111180797
22.6231896724
22.391807826
24.5018375476
24.0560161651
26.3788261295
26.3180520287
24.8641461632
24.1329926484
25.2591901401
24.9387005236
24.583410095
25.114443054
25.4047729259
24.3584662979
25.4155475103
24.3851535594
24.8805445127
24.5887132272
23.3060076346
24.5236088758
25.5306188384
25.6132563099
23.5171237977
23.324958845
25.5301640189
26.9389687648
27.2001472205
27.6721952524
27.92054099
29.1869979895
30.3071530402
32.2362912258
35.5311232013
40.7844801038
46.2032145583
48.9251022572
48.3199750574
43.3614734976
35.7742499735
0.901098333005
3.27183229559e-11
4.56496479928e-14
1.85110337526e-16
0
0
0
0
0
0
0
0
0
0
0
0
0
0
0
0
0
0
0
0
0
0
0
0
0
0
0
0
0
0
0
0
22.7660985061
23.8499322455
23.469257116
22.5738903287
23.3822681159
23.0461814789
22.9088083337
24.6953210334
24.6349335547
26.6273540978
27.3090643607
25.6804269049
25.2170573889
26.0127638925
25.7703746297
25.3896759531
25.3898904901
26.4743361711
25.7510276886
26.6530658981
26.3881640491
26.2093575705
26.0069017983
25.5807876346
24.7972054321
25.6009681691
26.6034056859
22.9989274474
22.8737508943
24.8478115527
27.0165260935
27.8479832869
28.5511544818
28.0027516499
29.085431669
30.6081984636
32.7659346665
37.1782110995
44.4063473534
50.1517795351
51.5475913979
45.8307379876
40.8597036841
37.2510097588
2.46789133789e-09
3.09417455057e-13
7.89707768428e-16
0
0
0
0
0
0
0
0
0
0
0
0
0
0
0
0
0
0
0
0
0
0
0
0
0
0
0
0
0
0
0
0
0
23.4927179914
24.6098248979
24.2155235283
23.5075876814
24.1238669163
23.6568655792
23.4987375996
24.9770885914
25.2037472372
26.6133309482
28.2020099503
26.4794300101
25.8841119243
26.6456396197
26.6866860227
26.1310704348
25.62221591
27.2417570761
27.1974813071
27.7361138279
27.7382879535
27.8433977332
26.5137991692
26.4752311212
25.9806240743
27.2879153676
27.9871828561
25.0279063158
22.524633387
23.883636505
26.4023157435
28.1192984321
28.8088700257
28.664985775
28.8152062556
30.5472674813
32.7945938542
38.4766793957
47.8061353869
54.1050213476
52.0607461836
44.3490357864
36.7352863827
12.5913654916
1.06086658436e-11
9.12330106705e-15
3.06594727882e-17
0
0
0
0
0
0
0
0
0
0
0
0
0
0
0
0
0
0
0
0
0
0
0
0
0
0
0
0
0
0
0
0
0
24.0438969834
25.0371503931
24.8754840167
24.1783129406
24.854876165
24.4074976305
24.1691505201
25.4253294132
25.8245696926
26.2393736497
28.8294680986
27.3417593162
26.3767608078
26.6634225712
27.6268229743
27.0181273216
26.2326198762
27.8867248521
28.0027893398
28.6290943579
28.740997872
29.1161985732
29.1901984284
29.1187206131
28.695542704
28.2446722484
29.3686860792
27.0063969638
22.7040171811
23.1164418238
24.6252597602
26.9942199397
28.7026841446
30.026436477
29.5045417386
29.9511616418
32.0421420747
38.7173667063
50.8763207611
56.8984847764
51.1397877157
48.3318751463
41.0652144024
2.36799997031e-09
1.30717824896e-13
3.5740792618e-16
0
0
0
0
0
0
0
0
0
0
0
0
0
0
0
0
0
0
0
0
0
0
0
0
0
0
0
0
0
0
0
0
0
0
24.5719770966
25.4328439713
25.4247872763
24.6696028043
25.4989783516
25.2496403926
24.847251205
25.9875018776
26.6489042853
25.7651692367
29.2244684215
28.2993768874
27.0706208769
26.3055624
28.4408793814
27.9726572903
27.173510037
28.7036853561
28.6118698301
29.0715346939
29.8006487327
29.0524966041
30.5649197454
30.9990601849
30.9179060742
30.8946237129
31.1963668807
30.1108884134
25.0055079351
22.9155702644
23.7726170655
25.1049710084
27.2250398163
28.680636774
30.6156913752
30.3300496132
31.1404416121
36.1102251478
54.7492688654
58.5329158428
46.5201977877
40.807706548
36.2682746179
1.26124628087e-11
4.43502016736e-15
0
0
0
0
0
0
0
0
0
0
0
0
0
0
0
0
0
0
0
0
0
0
0
0
0
0
0
0
0
0
0
0
0
0
0
25.0749557581
25.7992265431
25.5251701379
25.0408895631
26.0343120513
26.0271419951
25.4286570119
26.0950534745
27.7023519653
26.7867001684
29.516129427
29.3233070153
28.0272352051
27.0826038553
29.2323377968
28.9224560527
28.412894553
29.7630972395
29.5422685925
29.0477507335
30.9340022651
30.4790921024
31.6351565205
32.0844621722
32.4531557361
32.9763250334
33.5052542988
33.4939078541
30.8129135619
24.4186602669
23.8512151472
24.7048755239
26.8810506842
27.7248415306
29.3348791447
30.8686527509
31.5223806721
32.1939513415
52.2446593091
57.987649211
51.2067686646
33.9340595386
2.45029800057
2.21878088525e-13
3.65120119953e-16
0
0
0
0
0
0
0
0
0
0
0
0
0
0
0
0
0
0
0
0
0
0
0
0
0
0
0
0
0
0
0
0
0
0
0
25.521999457
26.1094251894
25.5252465067
25.5641721548
26.568401911
26.5409187657
25.973377368
26.0709458181
28.2486478953
27.8603960297
29.4728411252
30.3546481449
29.0324024149
28.4050983914
30.0450015858
29.8253207467
29.7805869809
30.7601738302
30.8134079073
30.2784792743
31.9655553809
32.0479934793
32.8261432701
32.8931873051
34.0429443769
34.5231766757
35.6087138752
36.5999362167
37.003183167
32.2892931832
25.8656285936
26.1437046466
25.9409598402
28.0939269301
29.3884459079
30.4573717472
31.3881284674
31.6484137649
32.5706905376
51.5312935852
55.9005713101
45.7841130602
4.74224486693e-11
9.08042191561e-15
1.11221728587e-17
0
0
0
0
0
0
0
0
0
0
0
0
0
0
0
0
0
0
0
0
0
0
0
0
0
0
0
0
0
0
0
0
0
0
0
25.9848266141
26.124614553
26.3106763977
26.8130209547
27.2098040475
27.0771764892
26.6238737636
26.5576627123
28.2867691068
28.5859168684
29.3007610978
31.2321862313
29.9505288587
29.4950023601
30.6220340579
30.7137317473
30.4469694491
31.3420350426
32.029132459
31.8620928346
32.967445069
33.1999648821
33.7976205391
34.6541686172
35.4126314645
35.2033281843
36.9273686191
38.2860419025
39.7729796063
40.8340197695
35.4845306693
28.5821796895
27.7387247392
27.5391158658
28.1738165179
29.0226066796
29.6974651951
29.9638934927
28.7842273752
32.0211029413
40.2745393035
40.6175895524
8.47761728947e-13
6.78615375241e-16
0
0
0
0
0
0
0
0
0
0
0
0
0
0
0
0
0
0
0
0
0
0
0
0
0
0
0
0
0
0
0
0
0
0
0
0
26.4645899977
26.551670784
27.9758055743
27.8996310013
27.7578772286
27.588238904
27.3581040511
27.2488058074
28.5580122753
29.3787189727
28.8081135191
31.6122061005
30.8827669291
29.991874067
30.4533379647
31.6345819441
31.0156178759
30.8424117751
32.8658129901
32.7254430499
33.640454403
34.4678131831
33.8655431028
36.0532138247
36.6964616544
37.5929462133
38.5010852315
39.6171821318
41.2849289988
43.1108585743
44.2250558595
39.813293874
34.3801023214
30.5882096525
29.5274531691
29.5457515413
30.6494199655
31.5685081901
31.8152261343
34.2389079432
25.6268796354
17.7258622438
3.30147303372e-14
8.57923612331e-17
0
0
0
0
0
0
0
0
0
0
0
0
0
0
0
0
0
0
0
0
0
0
0
0
0
0
0
0
0
0
0
0
0
0
0
2.60254657403e-21
26.8354521271
27.0308820009
27.2464094772
28.0455723466
28.0210943192
27.9888327618
28.049605952
27.8181209181
28.9072652978
30.0732788584
29.3902404243
31.4348168424
32.0019203701
30.6972822723
30.0683778647
32.3507871502
31.931705863
31.5425784721
33.458582023
33.5197229558
33.3813246303
35.7632362628
35.4934978923
36.8733198256
37.4829352197
39.1771513903
39.8879750231
40.9766032602
42.581245647
44.3298000412
45.9215579815
48.044476921
46.2992205262
43.1876786935
41.3009624445
40.9324725949
41.3217045916
42.1401987757
44.4795771309
53.0322216331
27.8487455895
8.69882889301e-12
2.76411590179e-15
0
0
0
0
0
0
0
0
0
0
0
0
0
0
0
0
0
0
0
0
0
0
0
0
0
0
0
0
0
0
0
0
0
0
0
0
6.52051458103e-21
27.1331988545
27.3647218205
27.2316529155
28.1029433625
28.4365323749
28.4068954297
28.5185253903
28.1908664557
28.7388997125
30.3821423256
30.1029721735
30.8912836829
33.0441205295
31.7629077453
31.1792380988
32.7725142065
32.9986822736
32.6483572448
33.8794189697
34.6936540539
34.5867838519
36.4568188774
36.7891765095
37.6288849765
38.9658052696
39.9858558908
41.1948287211
42.5523525514
43.8081734808
45.7247534344
46.907204012
49.6773753702
51.4052188388
53.3018304109
52.5296745864
52.5329100221
52.6614874715
54.8811782593
59.2301888319
63.9805906541
63.3260894317
2.37983026266e-13
3.73515817702e-16
0
0
0
0
0
0
0
0
0
0
0
0
0
0
0
0
0
0
0
0
0
0
0
0
0
0
0
0
0
0
0
0
0
0
0
6.52051458103e-21
6.52051458103e-21
27.4724874838
27.7366269849
28.1784930795
29.0405265552
29.1575372348
28.8785605415
28.8290018303
28.4948631103
28.6721343206
30.2581081203
30.839490902
30.036982347
32.9045284233
32.9810579351
31.9369827641
32.3701597308
33.9986245031
33.4293056105
33.4262450703
35.4920550719
35.5577505423
36.9097998837
38.0508865309
37.6613480024
39.8986494577
40.1735111216
42.6107759886
43.4043699633
44.5396281933
46.7097343654
48.3711669826
50.0857390949
51.7920213673
53.8256352013
55.0292733609
55.4036576607
56.2689306586
58.2112482968
60.4182330751
60.9265891703
63.2717385883
7.85698243576e-15
5.19872569192e-17
0
0
0
0
0
0
0
0
0
0
0
0
0
0
0
0
0
0
0
0
0
0
0
0
0
0
0
0
0
0
0
0
0
0
3.18241772343e-21
6.52051458103e-21
6.52051458103e-21
27.8026762014
28.0352279077
29.0839484479
30.105936152
29.5510114209
29.216229536
29.0882966164
28.8291276711
28.8458020666
30.1616729592
31.3047604035
30.9286209373
31.9942508299
34.2531660015
32.8823314658
32.3709724319
34.5490976315
34.4707855366
34.1753320482
35.9874220221
36.5311771432
36.7235118877
38.9942403839
39.0800716471
40.5524915321
41.7567965707
43.0201373333
43.9610960164
45.5055244555
46.883535196
48.552004122
50.0422445536
51.5570995178
53.3582978469
54.8398731654
55.7687927175
56.0976432797
55.9109319857
54.3700430269
49.6203278318
47.2905599524
1.34109675374e-15
0
0
0
0
0
0
0
0
0
0
0
0
0
0
0
0
0
0
0
0
0
0
0
0
0
0
0
0
0
0
0
0
0
0
3.96191814205e-21
6.52051458103e-21
1.04541466112e-19
1.10310645502e-19
28.0982321939
28.2442270146
28.894835896
29.5851730469
29.5939810014
29.3752700428
29.2647698877
29.174325763
28.9843843307
29.6971762206
31.1719151551
31.7012098662
30.9765129494
33.8087694715
34.1765217243
33.0861195663
33.8612499989
35.4591399281
35.0063588687
35.5011612576
37.5045929774
37.4924512403
39.2986327533
40.3997978341
40.0389614483
42.3448624176
43.4620686814
45.0063206084
45.8994615517
47.0256091116
49.161625931
50.4276841873
51.9234718611
53.4921515603
54.3826782949
55.746468506
55.9930280542
55.5325600262
54.6245346544
40.2837838078
33.3979894456
4.12107547048e-16
0
0
0
0
0
0
0
0
0
0
0
0
0
0
0
0
0
0
0
0
0
0
0
0
0
0
0
0
0
0
0
0
0
0
0
8.11473092495e-20
2.73908660369e-19
4.08239819575e-19
28.4075855057
28.4842330795
28.9642782935
28.0874277442
29.2598082007
29.4133460537
29.3440570226
29.3697862997
28.9813125769
29.3146904214
30.7899296793
32.1035479141
32.0098445784
32.6868113748
35.0994571564
34.2917640433
33.8137232599
36.0114148124
36.3226118927
35.846228596
38.0531985719
38.6813116052
38.7887545604
40.6617123047
41.2758172068
42.5296412112
44.24152705
45.2882932295
46.6753456855
48.0791336111
49.5424241825
50.8500025658
52.5550370549
54.1740450744
55.4989060897
56.3378305586
57.5229891298
58.124428382
58.8057232514
30.5695444192
10.0296661783
1.22228599377e-16
0
0
0
0
0
0
0
0
0
0
0
0
0
0
0
0
0
0
0
0
0
0
0
0
0
0
0
0
0
0
0
0
0
0
3.69448234237e-20
1.32353428262e-19
1.860761833e-18
1.26178686559e-14
28.5689806172
28.6548152986
29.5588916721
28.6962343884
29.1073628595
29.3637660462
29.3516752108
29.3611458509
29.0442508854
29.1243444201
30.0493551371
31.6953983168
32.8720444014
32.712010805
34.2099530741
35.8418504262
34.740009589
34.5319544759
37.135769033
36.6044476014
36.7494618796
39.1594910952
39.3409233246
40.8061220646
41.9672379006
42.5634615326
44.3394748232
45.5970620193
47.2292340518
48.1661256656
49.7902733946
51.9692687134
53.9298626771
55.4958775006
57.1269342296
58.9537900686
60.1679145941
60.2333203878
63.7477031476
22.4894534081
1.38072483822e-16
3.25859603566e-18
0
0
0
0
0
0
0
0
0
0
0
0
0
0
0
0
0
0
0
0
0
0
0
0
0
0
0
0
0
0
0
0
0
2.33120472526e-20
7.74919871419e-20
7.43476995643e-18
2.15512096423e-15
1.04065131627e-05
28.4384345886
28.5261154434
29.3761592387
29.546670592
28.585158508
29.2329242913
29.3543582287
29.4087988266
29.3628874327
29.1029832116
29.4734852112
30.9860994417
32.563892365
33.38795031
33.1152454813
35.7433816318
36.3705144049
35.2043922846
37.0024048455
37.7559119818
37.3259877406
39.2241013452
40.2130235415
41.061079823
42.3361182942
43.6303604655
44.557140775
46.5478867739
47.3242236664
48.2454600828
50.9774459922
52.9912690316
54.9918522034
56.6604873316
59.2892526982
61.3596658442
63.4791575832
64.4758309931
70.1663526166
22.2111262802
2.54663564816e-16
2.23894441164e-19
0
0
0
0
0
0
0
0
0
0
0
0
0
0
0
0
0
0
0
0
0
0
0
0
0
0
0
0
0
0
0
0
0
7.49193264144e-20
9.27752663617e-18
2.13350035947e-15
8.01198897571e-11
1.62448425059
28.3534215198
28.4230891444
28.4844943288
29.8272196032
28.6804710522
29.2018444553
29.4690723101
29.5611115107
29.6987073918
29.3017842335
29.4659001828
29.9208270937
31.8337675686
33.491208892
33.6225076677
33.8520393048
36.3713694566
36.3980094973
36.1556682903
38.0296048215
38.5203050916
38.9313512406
40.5612317203
41.5993305908
42.6924789904
43.8419439923
45.261168243
46.5226384374
47.7024523606
49.5574286327
51.4935242158
53.5183768978
55.8498727256
58.6059894276
62.0120461845
65.8293208221
68.6022775858
72.9777968978
81.3708045005
0.177661827151
1.30684319983e-16
5.44623621821e-19
0
0
0
0
0
0
0
0
0
0
0
0
0
0
0
0
0
0
0
0
0
0
0
0
0
0
0
0
0
0
0
0
2.33120472526e-20
5.53034684604e-18
1.24551371643e-15
1.84373951595e-11
0.0461541017517
73.2769245958
28.6881816365
28.7678153339
28.7862031091
30.4666394228
30.7701614329
29.979210503
29.870819781
29.8531067478
29.9333941842
29.7838499519
29.6061810537
30.0220737244
30.9864096139
32.8047501577
34.2513826822
33.9994407268
35.2991289208
36.941674763
36.9275040306
36.95463187
38.9317194505
39.7490424725
40.2713384922
41.8641334564
42.9978328212
43.9612079876
45.3566597768
46.6829077363
48.9206000816
50.719661873
53.2447363885
56.1530945867
58.451168973
61.4799629751
65.3239400684
69.1076288306
75.2911684516
85.7446214406
99.9942013479
92.8538379946
5.87339526624e-17
5.44623621821e-19
0
0
0
0
0
0
0
0
0
0
0
0
0
0
0
0
0
0
0
0
0
0
0
0
0
0
0
0
0
0
0
0
1.16182706651e-18
3.80567607215e-16
1.81981442312e-12
4.38915887094e-05
76.9817308184
77.3180221681
29.2090470666
29.2768105637
29.6892647266
30.6450908824
31.5179508584
31.1273105483
30.8667619081
30.4665670513
30.3084130789
30.3653317952
29.9059301881
30.1920955226
30.3559303839
31.7960017926
33.4717616152
34.7436607248
34.8323434315
36.5834742123
37.5543331162
37.677863566
37.7549100593
39.8603139521
40.8651143894
41.7590632308
42.9980851648
44.5968979512
45.8062959965
48.1998640218
49.9383030665
52.7366363358
54.6915877923
57.1102695921
59.6740725054
62.982043679
66.2714702761
71.1790624877
80.49093693
92.5229822215
99.9999778586
99.4412917772
2.83262452714e-18
1.46214553916e-21
0
0
0
0
0
0
0
0
0
0
0
0
0
0
0
0
0
0
0
0
0
0
0
0
0
0
0
0
0
0
0
5.8401811621e-20
5.41559011686e-17
1.41708298229e-13
3.77732452626e-08
68.118162508
68.4216352763
70.3949956416
29.4545485897
29.4055341493
29.9667513596
30.0769081333
31.1939346159
32.3199324167
32.6205343122
31.490728512
30.8402776365
30.6594257783
30.4926383536
30.0712133442
30.5890597748
30.6361830444
32.0084367852
34.0343828339
35.2758077263
35.5466368641
37.2219888592
38.1990318957
38.5431020692
38.75652345
40.8522480911
41.906802689
43.073444815
44.8858084264
46.8465691122
48.6067854045
50.786614391
52.5182186011
54.3025105869
57.1348944408
60.7312401669
63.6193697747
66.4214433794
72.5551737177
78.4727730536
86.3526567783
96.4501189785
3.95134142311e-15
0
0
0
0
0
0
0
0
0
0
0
0
0
0
0
0
0
0
0
0
0
0
0
0
0
0
0
0
0
0
0
0
0
1.12764832645e-18
5.95258232879e-15
2.74221289338e-10
1.44831294816
60.397873871
60.8437390742
60.1515789642
29.4738610968
29.1154065392
29.2369532239
29.4615886933
30.0218405567
31.7545410842
33.2693917259
32.1593729113
31.317261971
30.8919629307
30.8054579116
30.3595802681
30.7134534245
30.8824415875
31.4164596679
32.4294884109
34.8596691629
36.0329309
36.3383578545
37.8875547898
38.8723957179
39.478972667
39.8421916274
41.8315899577
43.4809591308
44.9983859766
46.6384301116
48.3246153404
50.4698982632
52.2975225555
55.9088725335
58.563852871
60.9725591856
63.119917877
66.6911418825
70.2698048553
72.8781922752
72.5674425058
59.5990309599
2.89371742796e-08
0
0
0
0
0
0
0
0
0
0
0
0
0
0
0
0
0
0
0
0
0
0
0
0
0
0
0
0
0
0
0
0
0
8.29373727285e-17
2.32759931796e-12
2.78578250922e-05
52.1086463803
54.1135169516
50.8913625481
49.6616173067
29.6136407633
28.7269280665
28.6503371617
28.852298072
29.2595782584
30.3816957554
32.0321747793
32.4493889239
31.5897756848
31.0838810907
30.8597997316
30.8551502977
30.3379903391
30.9775491145
31.0688184754
32.4788293083
33.630106148
35.6347474504
36.8182866252
37.2832748604
38.5122008591
39.7064959371
40.6841822256
41.5217402472
43.588401154
45.4256534802
46.4823311651
48.9486541954
50.9414758107
54.4819865399
56.2394509036
58.0732479243
60.1769143939
62.9582726886
66.649834143
70.7423614358
74.4054950757
76.7342049025
69.9765690556
74.8797732261
0
0
0
0
0
0
0
0
0
0
0
0
0
0
0
0
0
0
0
0
0
0
0
0
0
0
0
0
0
0
0
0
6.24119249371e-20
9.09616822646e-15
9.04589987274e-09
46.159886817
50.0724787945
46.3606443608
41.1155203958
40.6207354814
29.8427739501
28.4463647356
28.2409827672
28.2829019263
28.592291285
29.2822679161
30.7376358068
32.3836572746
31.8881748907
31.2584889989
30.9181479828
30.8249653166
30.7994862744
30.4845304395
31.4667100543
31.5071870547
33.0941792285
34.1118787924
36.1136950433
37.4084043272
38.4864673678
38.7870974281
40.8953242206
42.1888051036
43.7172207493
45.542583877
47.5090122364
49.6260495275
52.9061450906
54.32731461
55.3937759649
58.5051915642
61.3142966129
64.4861159462
68.1409572128
71.7002470934
75.9863957255
85.6467708227
44.1597025729
0.0100973157675
0
0
0
0
0
0
0
0
0
0
0
0
0
0
0
0
0
0
0
0
0
0
0
0
0
0
0
0
0
0
0
0
7.54983395023e-19
2.0249765079e-12
5.87588059769
51.5403364065
44.1660225275
39.2095063199
34.5748108099
33.0341616005
29.3772869155
28.2718735387
27.9284110247
27.9291621875
28.0558517112
28.5160777521
29.0806795083
31.2139971717
32.1772808837
31.5258256571
31.0253024923
30.796430855
30.8206865
30.7913580665
31.4010215321
31.7336533781
31.8015025054
33.7127690459
34.833361544
35.9477720188
38.3726364966
39.408038355
40.4763926435
42.3150156992
44.023907516
45.7266605621
48.0567558123
50.7719866512
52.2911271425
53.1674166752
56.6851600125
59.2672924657
61.9234225234
64.7405650057
67.3735111941
69.6608105542
72.2230920415
61.4513536078
0.000363121614999
0.0020161758265
0
0
0
0
0
0
0
0
0
0
0
0
0
0
0
0
0
0
0
0
0
0
0
0
0
0
0
0
0
0
0
0
8.90951306315e-16
5.25351293051e-07
53.7478009584
50.7025232577
40.9233595253
33.7196836608
30.26035662
29.7704923
28.5968316594
28.1695869427
27.7462930335
27.7200675362
27.7671421527
27.9411892575
28.6946030964
29.4879053513
31.4345667008
31.7723080616
31.2095639778
30.8400177288
30.7230092929
30.8782828255
30.7444660216
31.5847310577
31.9405165591
33.1234509512
34.31013744
35.7403660917
37.2362324863
39.4264724886
40.7332051798
42.3409078248
43.8682426719
46.407475777
48.3918296696
50.4233761727
51.5311889296
54.8847798512
57.3806059072
60.222037816
62.8640292053
65.2304056592
66.8682600396
65.3375005774
63.5709320291
47.9101988375
0.00509568861562
62.470550466
0
0
0
0
0
0
0
0
0
0
0
0
0
0
0
0
0
0
0
0
0
0
0
0
0
0
0
0
0
0
0
1.69208631351e-20
6.6417185509e-13
51.6416823175
57.3704425846
47.916684547
39.1091542476
32.2402485081
28.4051510445
28.1419270074
28.1565481381
27.9224287334
27.641059368
27.4897355432
27.492826573
27.5245851671
27.8163948186
28.8609165479
29.6114821971
31.4400853243
31.5863845742
31.0558248959
30.7568650134
30.707710877
30.8085212715
30.8227767206
32.0282248426
32.4448124818
33.7995868284
34.66531457
37.0657005401
39.182257776
40.7397714376
42.1150155913
43.9399580647
46.2156241431
49.0526752103
50.3805373531
53.436914026
55.783826263
58.8025158483
60.9804323303
63.089101727
64.6826851429
64.7188142675
62.8566666374
60.9587753911
57.1398435916
0.00675075835135
91.6281981586
0
0
0
0
0
0
0
0
0
0
0
0
0
0
0
0
0
0
0
0
0
0
0
0
0
0
0
0
0
0
0
5.27733852311e-19
0.803070007954
60.850821443
53.7776910991
45.3517861099
38.0524552022
32.4575044341
29.354466645
29.706067821
28.1851878459
27.5863929846
27.4519563462
27.1484863378
27.0261539985
26.9594315364
26.9807216011
27.5480788915
28.6893905919
29.6633138173
31.6309945413
31.5448108588
31.0611856177
30.8214149159
30.8250464177
31.0518355611
31.1924455789
32.4370679437
33.0367580736
34.875406709
36.4271517583
38.8594130706
40.5750009206
42.0643813563
44.1149354914
46.8518718103
49.0665811133
52.0880646032
54.323132635
57.1439264442
59.3777987154
61.9808204394
63.9720690429
65.2632987515
65.0890382004
64.6500911899
63.576837534
62.9512198206
0.0246711779814
99.9995217965
0
0
0
0
0
0
0
0
0
0
0
0
0
0
0
0
0
0
0
0
0
0
0
0
0
0
0
0
0
0
0
2.24096079011e-14
53.753120699
58.3031003655
50.2876820406
43.5563426073
37.8146165448
33.5667858169
31.1304690568
29.5472877477
28.2995662006
27.2421529555
26.9249162956
26.530072214
26.2374506904
26.1146339387
26.1075943722
26.2984967213
27.5157078327
28.2763880818
29.7772262682
31.4563964141
31.6308260812
31.2755518071
31.0453101807
31.1364550587
31.5149282609
31.8259953315
33.3077569096
34.3472048192
36.4798704873
38.4302413827
40.4082365409
42.546946205
44.5578415111
47.0764496381
50.3007990186
52.7514428691
55.5993098725
57.9186102865
60.9998506852
62.8990872268
64.4901190219
65.9963412751
67.3144135828
67.973865757
64.9050652405
62.4645617657
0.418493076308
99.9999999772
0
0
0
0
0
0
0
0
0
0
0
0
0
0
0
0
0
0
0
0
0
0
0
0
0
0
0
0
0
0
3.72790966075e-20
44.8699252039
59.7941922364
55.2540186015
48.3499151144
43.0516155173
38.7828801801
35.5273744201
33.7155277585
32.7989450049
27.285108403
26.1219446581
25.5309136341
25.2809843869
25.0476376389
24.9640894087
25.0372206328
25.2358789381
25.9331038369
27.3143451888
28.0933299398
29.8004716258
31.1442896819
31.6167186115
31.5195668588
31.4291328349
31.7177976238
32.2703301488
32.8717858686
34.625174327
36.1806955025
38.5764719046
40.8285040946
42.948607556
45.1746496857
48.0324767724
50.5101627591
53.8849327181
56.2411794094
59.2599099098
61.4717379854
64.0946001875
65.9353181477
68.6817563686
70.6452267642
69.5459317771
69.7599691638
70.828603563
6.23643927056
99.9999999998
0
0
0
0
0
0
0
0
0
0
0
0
0
0
0
0
0
0
0
0
0
0
0
0
0
0
0
0
0
0
31.8299520056
61.8360534994
59.1678549661
53.5861891509
48.1170801763
44.0282117211
42.1059717122
40.4140586918
38.4567500804
38.1379774319
25.3006933066
23.544647303
23.5321476373
23.6059789017
23.6196251264
23.6982993562
23.8869645362
24.1931670243
24.6117675563
26.2041414518
27.3789126529
28.1428571206
28.1221659843
30.9111633984
31.5697332625
32.009906572
32.1356452452
32.5055587983
33.3181652589
34.3178233289
36.3615415081
38.3256316688
40.982015116
43.3971654888
45.5234109591
48.3275320931
51.6466345333
54.3135555033
57.4000412579
59.8700787251
63.2148479379
65.4042008233
68.2656652589
72.6527415626
73.8650854752
75.7404260297
77.7090356318
79.1814654325
13.5057698056
100
0
0
0
0
0
0
0
0
0
0
0
0
0
0
0
0
0
0
0
0
0
0
0
0
0
0
0
0
0
2.54803314186e-19
58.1955982796
59.6784665853
57.1618814243
52.9759024133
49.2807241473
46.9193278081
46.5308163579
48.24021926
44.9303502008
47.2771800745
23.8447164101
22.3125257167
22.1916060305
22.2580232382
22.4324755087
22.633322574
22.9140699974
23.274715239
23.7168183158
24.3388923164
26.1139089881
27.797921885
28.1510189756
28.6947097844
30.1110267744
31.8274720831
32.7356547632
32.903121741
33.8105719219
34.814012946
36.1627300319
38.707449187
41.4526925086
43.7876718389
46.1558209021
49.1334832883
51.7818500409
55.2870451915
57.764881302
60.9133924462
63.7729042888
67.6486287671
72.0424991554
75.0793558559
77.6355071459
80.5858338722
80.5408429383
81.8984662045
28.4766896998
100
0
0
0
0
0
0
0
0
0
0
0
0
0
0
0
0
0
0
0
0
0
0
0
0
0
0
0
0
0
54.8818816325
56.4599417317
57.9601089503
56.307175528
53.4624929958
51.1428516076
49.7654051814
49.2257454065
52.0259154588
50.2885600359
49.3687775157
23.1389254739
22.0291733446
21.5670832916
21.5963463691
21.8180756294
22.0277049541
22.2766617521
22.6077289924
23.010698241
23.4699759136
24.3203959389
26.3001322957
28.6775914726
29.1073447587
29.6498929844
30.8023927534
32.397022205
33.5824281671
34.8686532707
35.3383137841
36.8500281781
38.9772157473
41.7198114923
44.1576337944
46.3404591789
49.2237563081
52.6212392912
55.22776443
58.4200452548
61.3674284947
66.5048935186
70.4790851889
74.825471881
78.1980165663
81.4608295055
82.3776767516
84.4800150419
84.5737077069
31.1345783474
100
0
0
0
0
0
0
0
0
0
0
0
0
0
0
0
0
0
0
0
0
0
0
0
0
0
0
0
0
1.60868973948e-13
65.0895454194
60.2079742411
58.5090723928
56.82538785
54.6947345246
53.044516083
51.9390855301
51.1989900818
52.5443380812
52.035096721
50.1104466584
21.5264913081
21.5402323563
21.1579499908
21.5109507533
21.7913112732
21.8993627824
22.0025557608
22.1902387845
22.5040542564
22.9183794314
23.4695400975
24.5151408818
26.6920180837
29.7142011019
30.6617055952
30.9181788925
31.8970958428
33.2264723707
34.6762552948
36.2326257927
38.0408790117
39.329758105
41.9014058803
44.3842049095
46.7703471962
49.7138522006
52.5047950716
56.0286167034
58.6999097
64.1979042644
69.8400284506
73.4488855972
77.17646982
81.7787080619
84.0035816248
86.3848867494
88.5693116137
86.4086689338
24.1342608991
100
0
0
0
0
0
0
0
0
0
0
0
0
0
0
0
0
0
0
0
0
0
0
0
0
0
0
0
0
58.4327193652
57.7230061222
60.1710032786
58.9478991572
57.8418061538
56.2680746543
54.9883498213
54.0166751626
53.2982525806
54.3058560218
53.4696401284
51.7773000596
19.5055314075
20.3904244606
20.8800990761
21.7862807555
21.9817193439
21.9888604053
21.9322345544
21.967783923
22.1234144762
22.4540820331
22.9148294659
23.5485131852
24.8563197028
27.0699736026
30.0105213288
31.1968691175
32.398355693
33.0631861433
34.3827649321
35.9219527248
38.0207353976
39.9731285281
42.0055963957
44.5198688138
46.986187151
49.8594306742
53.3434929673
56.0191011889
61.6068823532
67.7473927525
71.0169540893
75.5613286958
79.9575021806
83.4240206582
86.4303502404
90.3179587889
89.6097414439
87.7080511195
23.0661993384
100
0
0
0
0
0
0
0
0
0
0
0
0
0
0
0
0
0
0
0
0
0
0
0
0
0
0
0
28.9995038839
74.5615132358
66.5311603112
63.0363216204
60.7171489089
59.3302498311
57.9588703039
56.8677513589
56.0198745552
55.4177783187
55.9373366821
54.8745526192
54.3103543919
18.7492081432
19.3995408951
20.6996039661
21.3336553348
21.483533008
21.6212858136
21.7915664753
21.8071776533
21.8635837298
22.0551547182
22.4320726728
22.9588336094
23.6921389415
25.4247099157
27.2637183071
30.5818076791
32.3375548556
33.317194538
34.7519233998
36.1143545735
38.0472345306
39.9458047958
42.22700703
44.6562515326
47.291294956
50.8234971726
53.7366306666
58.6455576651
64.1503498919
68.0555344399
72.3074351622
76.6435161164
81.8035230395
86.0323296048
90.4943331826
92.2844816661
92.4834771526
92.0717401996
22.6040006105
100
0
0
0
0
0
0
0
0
0
0
0
0
0
0
0
0
0
0
0
0
0
0
0
0
0
0
0
78.1932781735
71.9183981893
67.869866078
64.084618538
61.8605146459
60.2720035892
59.0192172522
58.0328515512
57.3310597758
56.9172959872
56.6262862081
55.6734543249
55.7477418661
18.3863305898
18.6775133013
19.7262119083
20.5105829366
20.7426238383
20.9615194664
21.2044144453
21.4646937912
21.654200127
21.7785573949
22.0454101953
22.5013885688
23.1832379428
24.1578756176
26.7318509261
29.7819454949
31.1198044529
33.2931412376
35.1335701709
36.275753223
37.8711444963
39.9341167892
42.5619554625
44.8214115997
48.2265342473
51.4249662834
55.2342467297
59.8263787655
64.4956066084
68.780925279
72.7046378413
79.0289810392
84.2371799127
90.4921348726
93.3451995716
93.7449720441
96.9649546552
95.7462087067
36.4278826971
100
0
0
0
0
0
0
0
0
0
0
0
0
0
0
0
0
0
0
0
0
0
0
0
0
0
0
1.34819731412e-05
60.4126336606
67.3843981515
65.756648706
63.7549351141
62.0207167607
60.0968322064
58.7820040104
57.6755132825
56.8662422703
56.8877155439
56.1977118055
55.0038863415
55.7353697444
17.80095701
17.8620053898
18.370434001
19.694806883
20.0227577478
20.2847702091
20.5592855621
20.8670258056
21.2023357963
21.5666893401
21.7740818562
22.1601827208
22.7879437296
23.7219158862
25.067572244
27.4631076872
31.0268563981
33.0192547641
34.0803026013
36.5294591335
38.6807037158
40.2755476131
42.2415831799
45.6599985354
49.2197511395
51.7635580795
55.9022132604
60.9479654018
65.2424622478
68.8089101547
75.1080549848
81.7744006278
87.5754396248
92.60007146
93.8213504037
97.8403176603
99.9976385097
99.9911427637
39.8971028139
54.7903635025
0
0
0
0
0
0
0
0
0
0
0
0
0
0
0
0
0
0
0
0
0
0
0
0
0
0
80.5809063631
68.9057998779
67.2737025022
64.6968047138
63.3713062495
61.19879582
59.0602037581
57.4596159764
56.0632307473
54.8803266211
53.9274594807
53.5418976917
53.1433200334
54.7775228427
16.9958597637
16.9751557968
17.2081129416
18.9909960393
19.3746766424
19.6567796436
19.9426016311
20.2524792801
20.6027314666
20.9975421081
21.4635698376
21.906946883
22.450865464
23.2537558757
24.3356973802
25.9301335968
29.0680701832
32.2028696396
34.2153424093
36.7627051345
37.6732208121
40.344571827
43.8761414012
46.9434639197
48.7613668011
53.0019778985
57.6576442286
61.0646647096
65.496195392
71.3025842004
77.8818188547
82.917722472
89.1500500168
92.9133377856
97.7729896772
99.9994650779
99.9999970254
99.9730055351
0.0128928586886
71.5697041023
0
0
0
0
0
0
0
0
0
0
0
0
0
0
0
0
0
0
0
0
0
0
0
0
0
5.86146245065e-18
71.8482559687
70.0155860693
67.3204345436
64.8279634414
62.7830341248
60.8284552667
57.85089913
55.9529503902
54.427799475
53.2395899891
52.3847317788
52.2452413722
51.4664889188
52.6723194546
16.1959556338
16.1674365836
16.315390528
18.3208182493
18.7439729245
19.0569013029
19.3495892051
19.6525463646
19.9852083309
20.3745813082
20.8556527472
21.4501815328
22.2026708761
22.9591836612
23.9329680168
25.3474946411
27.1893209731
30.3786736787
33.9458276864
35.9654390351
38.2444745721
41.5069432829
44.7264597153
45.9830771888
49.9329802403
54.3320720452
57.5075333293
61.7852965084
67.2557887239
72.0007953558
78.2340513885
84.6719645908
90.4942587719
95.5837784793
99.9869283881
99.9999986641
99.9999996776
95.7398505987
3.03352103309e-07
100
0
0
0
0
0
0
0
0
0
0
0
0
0
0
0
0
0
0
0
0
0
0
0
0
0
86.4916850329
66.2426799381
70.5095464388
67.9522394863
65.4020541906
62.8513937735
60.1358395791
56.9339530916
54.7769399588
53.1555959544
51.9503558144
51.305095457
51.3492628378
50.2911325549
49.4541155172
15.3151673504
15.5861431265
15.5081637951
17.2524193154
18.0931761142
18.4681541137
18.7755387032
19.0605161823
19.3613210468
19.7261290183
20.1958284128
20.8092242161
21.5728198485
22.5331240625
23.8039694469
25.2971711186
26.8251932907
28.7626410556
31.9219481104
35.4194660847
38.2601501269
41.2689638055
43.3598520407
46.2797305373
51.2046943111
54.7662916176
57.2606860003
61.7396304104
67.1229299154
73.8298031962
79.9607552849
85.1547179974
91.5968814849
97.852627433
99.9999800066
99.9999999966
99.9999999555
94.8187141577
8.04860821618e-07
100
0
0
0
0
0
0
0
0
0
0
0
0
0
0
0
0
0
0
0
0
0
0
0
0
0
97.8877156828
83.0983004767
75.5459760836
70.7152577878
67.2715184702
63.2691884393
59.5964946058
56.5291428554
54.206429377
52.4835418668
51.1849506613
50.6349843644
50.36589258
49.3033607206
48.6243848918
14.185174126
15.0368904977
14.4461710285
16.0013247441
17.4300728779
17.7160652284
17.8929720432
18.0329365702
18.227097409
18.543296533
19.0214911563
19.6944038092
20.5904512363
21.7735540607
23.315018647
25.1288833569
27.0207962531
28.9840975356
30.879259684
33.0053188036
36.4586428691
39.8370620917
42.5550901527
46.4784329423
50.9793955407
54.19886762
57.5306224937
62.7612283942
68.7448172404
73.1624330856
79.521628526
87.1929757203
94.0666083243
98.9995076757
99.9999999893
100
99.999999997
97.5176533782
1.04363236399
100
0
0
0
0
0
0
0
0
0
0
0
0
0
0
0
0
0
0
0
0
0
0
0
0
65.7154154451
70.1177823769
82.1375198058
77.7306881148
73.4256096609
68.2303454861
64.6355245849
59.8748446266
56.7786895724
54.276710285
52.456850005
51.2895635316
51.2466639849
49.807687012
48.6901784852
48.1745110473
12.5550545907
13.9362070453
12.9925781054
15.0652498785
15.9163156665
15.5712282236
15.1212255221
14.8746609224
14.9426414654
15.3581234938
16.1186141927
17.2228001584
18.6664277246
20.5197550272
22.8918320964
25.295358292
27.0430781488
28.7275529956
30.580171257
32.8318137606
35.1728100469
37.649787024
41.107298232
46.1612904533
50.7838007517
54.6699101388
56.9353307465
61.4843533243
66.9752342773
74.0216783483
82.1985005221
89.321041669
93.7608443643
99.9985331582
100
100
100
99.9999997606
11.5017273975
100
0
0
0
0
0
0
0
0
0
0
0
0
0
0
0
0
0
0
0
0
0
0
0
0
99.9999999974
98.8517248022
88.4767459369
81.771812912
76.2320465994
70.4634056558
65.074222356
60.8642039993
57.3333342953
54.4981583894
52.4917973814
51.3081373069
50.7540528306
49.1326006217
48.3006247923
48.9786248464
10.9383720011
11.8235922344
11.3638447591
13.5777105662
13.1705529925
12.8767102999
12.3528982821
12.3610755525
12.906817876
13.8684565312
15.174855549
16.7793848425
18.6266604007
20.67988712
22.8075432602
24.6906938489
26.3395254494
28.1072380894
30.3858046194
33.2328508599
35.5399369322
37.9804537378
40.9913780102
44.8760106693
48.696157019
51.5208915475
54.8727539718
61.0209000533
67.7191579117
76.1546895287
83.7946326605
88.1188169723
95.25193032
100
100
100
100
100
29.3224136567
100
0
0
0
0
0
0
0
0
0
0
0
0
0
0
0
0
0
0
0
0
0
0
0
1.18754394386e-18
78.9160886217
95.2496207753
91.1950619526
84.5830241967
77.217814299
72.1720117987
65.9990582298
61.4525525861
57.5863303731
54.3206449865
51.9406630817
50.6280408671
49.2287988236
47.9163562687
46.9010642587
48.4932053168
10.3989737988
9.86593498074
10.1625806613
13.7637575194
12.7965747093
11.2995533975
10.6591329494
11.1583607909
12.2647563668
13.7300379857
15.451933046
17.3933140958
19.4410036997
21.5734401362
23.7175971974
25.3386095251
26.9383662941
28.8110593887
30.9740070791
33.1228066841
35.3213370659
37.9627391666
40.9837851691
44.3830032976
47.1176444834
49.774248215
53.9444228625
60.200503575
68.1987404077
76.2643824279
82.7758394953
88.2725369136
97.1140211181
100
100
100
100
100
41.6676416778
100
0
0
0
0
0
0
0
0
0
0
0
0
0
0
0
0
0
0
0
0
0
0
0
99.9999988011
87.1255035464
96.1612235496
94.0810659513
88.2626037394
79.9669922601
72.3608474125
66.5138179634
61.4650472734
57.2991259559
53.8522887311
51.0892021358
49.091644161
46.9844968226
45.5595805974
44.4399486661
46.4399819755
11.5228944951
9.36077263446
9.50668812255
13.903291284
12.5699819179
9.29577482039
9.59614077373
10.9424946964
12.757529269
14.8449123877
17.1500198335
19.3402779439
20.892332989
22.4640070242
24.0445502838
25.6351089396
27.3706832222
29.2990441104
31.3465357865
33.3875221076
35.486282542
37.816272533
40.6105239004
43.712893176
46.9792567181
49.6069724678
54.2393658542
60.0147128935
66.6106776629
74.3984442306
81.8528195695
89.25036319
97.4947021845
100
100
100
100
100
63.1350788691
100
0
0
0
0
0
0
0
0
0
0
0
0
0
0
0
0
0
0
0
0
0
0
0
100
99.9999999998
99.9999894688
99.6926333853
92.3674965262
83.7665088562
74.6729233285
67.1317875161
61.1685501263
56.7277730397
53.1210203583
48.9166616486
46.0083492134
43.8436300072
42.6129989006
41.6730996031
43.4370024774
11.9471458643
9.17607771438
8.57399296446
8.99887158083
8.14697375209
8.63498549678
10.375600056
12.7360316223
15.5031317368
17.0491832262
18.4047941006
19.7722746357
21.2010389939
22.7629420514
24.4284186759
26.2111516493
28.1264432677
30.1246284484
32.1025330926
34.0026213217
35.9900686296
38.2978481854
41.0031226921
43.586937146
46.0954957091
49.1407618194
53.5688169255
59.3090670998
66.2282872813
73.4373994454
79.1999255006
86.6337188746
95.5971144053
98.3882034388
100
100
100
100
70.1724506789
100
0
0
0
0
0
0
0
0
0
0
0
0
0
0
0
0
0
0
0
0
0
0
5.9139713106e-18
98.7534275991
99.9999999997
99.9999999618
99.9995467697
96.1818257809
87.0351709408
77.5970490793
68.5743620993
61.0767327912
55.4394468429
51.2742205624
47.6419610503
44.5639028306
41.3635414893
39.0915947675
39.0504322673
39.5921203097
9.75935359391
8.47858974444
7.4889421963
7.45487811107
8.81730204668
11.402672645
13.9367168526
15.104565647
16.258706749
17.4560649094
18.7771011137
20.2089648831
21.7708082273
23.4818884603
25.3580080729
27.3830092605
29.4582144354
31.4040424033
32.9444356225
34.5451360213
36.3095924716
38.2815342178
40.4323583865
42.7502999601
45.2791906784
48.3976841705
52.7185863091
58.3525628781
64.6449785037
70.362200291
76.6303308034
85.650977799
90.7053988824
93.7502431443
99.1858683018
100
100
100
86.6330390463
100
0
0
0
0
0
0
0
0
0
0
0
0
0
0
0
0
0
0
0
0
0
0
100
100
100
99.9999999998
99.9999996819
99.9891234766
91.3978075383
80.4184622231
70.3009012698
61.1947901131
54.0857891861
49.0051047774
44.6889549195
41.4828192549
38.8569331119
34.9845102353
35.7550032869
35.2712829709
7.56117665938
8.13712520943
6.83604252241
6.90909236008
11.1407530656
13.5657446797
14.5540723713
15.6167157911
16.8060554458
18.115149519
19.542513536
21.0932582651
22.7832820454
24.650140327
26.7289682962
28.5832739203
29.9123871617
31.3182332547
32.8290693441
34.4231010806
36.1075788917
37.8910224241
39.7983132723
41.9283676364
44.3446768022
47.2590088619
51.17960793
56.4433271235
61.738525345
66.7292683272
72.6537335203
80.8746107163
83.2935221918
85.845225924
92.3560595761
99.9999021238
100
100
99.9999787793
100
0
0
0
0
0
0
0
0
0
0
0
0
0
0
0
0
0
0
0
0
0
0
100
100
100
100
99.9999999996
99.9999941564
97.2670966496
83.9096804977
72.3219262221
62.1713465546
53.4256440151
47.3752827583
42.0644511464
37.8391484354
35.0741626808
31.0992501073
31.0606452907
32.4086570465
6.44979269526
8.82068575185
6.39384962854
6.548912013
13.0434034295
14.329926186
15.3854181819
16.5963762074
17.8914187031
19.274011966
20.7466141065
22.3085275
23.9654525573
25.7736324135
27.3755408301
28.5158760055
29.7572621473
31.2531470588
32.858097844
34.4549549778
35.9966189838
37.5343612676
39.1463704535
41.0494100709
43.2632652838
45.7334995736
49.1203378416
53.8441622719
58.2359104528
62.033366142
66.6204239102
74.1469337992
71.6802427315
73.0019953371
77.9197474394
94.0371429635
99.9999999903
100
99.9999999827
100
0
0
0
0
0
0
0
0
0
0
0
0
0
0
0
0
0
0
0
0
0
1.37168429059e-18
100
100
100
100
100
99.9999999801
99.9926424982
88.264188732
74.7494406783
63.4949788114
53.2257019101
45.641900922
40.5133852706
35.2415696505
30.6018870822
26.498520069
27.5824147487
33.0116160746
3.70350989163
4.50396610764
5.68856872755
8.4152627916
14.5596496361
15.8676557338
17.1138790331
18.4527846099
19.8594338538
21.2673254015
22.6468782928
23.9789835526
25.3388432275
26.4375370808
27.4901530614
28.4870464765
29.7180882644
31.3018359528
32.9946686523
34.5056977061
35.9148985022
37.1668867209
38.3031104331
39.7779268569
41.7044454932
43.5716329176
45.5641370217
49.4879440705
55.1420290429
56.1478945959
58.1869195487
62.5711761868
55.8839116704
46.6165921721
63.634311494
71.6259100367
98.5148217317
99.9999997029
100
100
0
0
0
0
0
0
0
0
0
0
0
0
0
0
0
0
0
0
0
0
0
100
100
100
100
100
100
99.9999999997
99.9999471509
91.5722870721
76.7425471953
64.1108597499
53.2262601004
44.6494479989
38.4799554914
33.8224053872
29.9046423966
26.8959621684
28.1716951701
27.0864868229
2.60955773973
3.54668037412
7.03213771832
6.81694619208
15.6112943375
17.7860854294
19.5505841317
20.9136411565
22.2695946289
23.0594133081
23.9782853668
25.0135704075
26.0919188201
27.1868628459
28.1870132163
28.9078952419
30.1939665483
31.7887087808
32.9809055835
34.2137394648
35.3871155207
35.2447241875
34.1475332386
36.2154339736
39.6323805745
41.365999973
42.0010072694
43.4387704004
46.6129939798
48.9815131722
45.5566037597
49.4462899409
5.73192947633
43.8359058045
0.0150020301321
55.3131484457
22.8941415055
90.5683226924
99.9999993913
100
0
0
0
0
0
0
0
0
0
0
0
0
0
0
0
0
0
0
0
0
2.22077923827e-20
100
100
100
100
100
100
100
99.9999983794
94.6857997397
77.0298799911
64.2766782752
54.2795073282
45.5375576897
38.6979049111
33.9291015393
29.9026560798
26.109768752
24.049971362
17.5568694738
1.61677548581
7.19208596635
7.10811595441
6.31002846481
6.89470136218
9.51924986405
14.5654150472
16.4149201553
18.0308374318
19.9350291611
22.0836962905
24.2227282023
25.790533951
26.4038977435
25.7795715161
24.3901268834
25.0809520377
27.8483479737
29.9890350613
31.4695176521
32.8375629983
33.3878472474
33.5091413114
35.0273152072
38.5539619036
40.7899611242
40.9181143315
41.0194013401
42.3027008782
39.867779408
33.7392881563
3.72351286885
29.3162845283
0.00679636949766
33.5278448203
4.83034555867e-06
58.1106383715
1.05082461509e-11
6.64308315971e-11
100
0
0
0
0
0
0
0
0
0
0
0
0
0
0
0
0
0
0
0
0
3.69448234237e-20
100
0.468385295445
100
100
100
100
100
99.9999998988
96.2738950071
75.6298854203
62.0794834493
52.8744654699
44.6117577433
37.2460967678
31.4477432246
26.9431531358
23.489156183
21.575574609
12.3911975923
)
;

boundaryField
{
    frontAndBack
    {
        type            empty;
    }
    upperWall
    {
        type            calculated;
        value           uniform 0;
    }
    lowerWall
    {
        type            calculated;
        value           uniform 0;
    }
    inlet
    {
        type            calculated;
        value           uniform 1.32040420266e-17;
    }
    outlet
    {
        type            calculated;
        value           nonuniform List<scalar> 
20
(
7.60387177752e-20
0
0
0
0
0
0
0
0
0
0
0
0
0
0
0
0
0
6.52051458103e-21
1.4779869565e-19
)
;
    }
}


// ************************************************************************* //
