/*--------------------------------*- C++ -*----------------------------------*\
| =========                 |                                                 |
| \\      /  F ield         | OpenFOAM: The Open Source CFD Toolbox           |
|  \\    /   O peration     | Version:  v1806                                 |
|   \\  /    A nd           | Web:      www.OpenFOAM.com                      |
|    \\/     M anipulation  |                                                 |
\*---------------------------------------------------------------------------*/
FoamFile
{
    version     2.0;
    format      ascii;
    class       volScalarField;
    location    "474";
    object      p;
}
// * * * * * * * * * * * * * * * * * * * * * * * * * * * * * * * * * * * * * //

dimensions      [0 2 -2 0 0 0 0];


internalField   nonuniform List<scalar> 
6400
(
0.154617292742
0.154619718632
0.154626603722
0.154639939763
0.154659448895
0.154684985288
0.154716576439
0.154755234353
0.154801438688
0.154855977936
0.154924131298
0.155008661666
0.155106801368
0.155218558562
0.155345695748
0.155490373007
0.155653688237
0.155835320363
0.156033557222
0.156243650791
0.156460013295
0.156683269186
0.156919538838
0.157175576933
0.157455824009
0.157760141909
0.158085226431
0.158428656888
0.158790143614
0.159170347563
0.159569774127
0.159986749965
0.160415594915
0.160850599937
0.161289408284
0.161728872218
0.162168670474
0.16261530089
0.163067653161
0.163516148604
0.163961867401
0.164418132214
0.164891946441
0.165375587338
0.165859318392
0.166336926412
0.166803718521
0.167256458688
0.16769230641
0.168108890332
0.168504548737
0.168875099404
0.16921403156
0.169512829964
0.169771223633
0.169996133378
0.17018571094
0.170333126665
0.170438525141
0.17051034825
0.170555173739
0.170577898051
0.170584831086
0.170579268708
0.170558219719
0.170509875461
0.170432626853
0.170342602341
0.170257028637
0.170181409275
0.170114580337
0.170053313392
0.169995430128
0.169943560323
0.16989712365
0.169856942176
0.169823726569
0.169802055932
0.169788226934
0.169782413724
0.154613701149
0.154616261694
0.154622449127
0.154635486378
0.154656369166
0.154683241304
0.154715277352
0.154752426763
0.154796882213
0.154851332188
0.154919169846
0.155002634584
0.155101008267
0.155213662702
0.155341027386
0.155484456143
0.155647112462
0.155829421594
0.156029082531
0.156240028904
0.156454614002
0.156675729545
0.156911236837
0.157167024022
0.157447609245
0.157752698746
0.158078033729
0.158422016806
0.158784469623
0.159165457634
0.159564919309
0.159982303222
0.16041225561
0.160847399089
0.161286464246
0.161726250236
0.162165809389
0.162612916862
0.16306637648
0.163515279944
0.163959224324
0.164415446474
0.164893326449
0.165379996376
0.165865208148
0.166344411313
0.166812760885
0.167267375197
0.167704904423
0.168121526761
0.168515679799
0.168887353155
0.169232156662
0.169532987737
0.169792597167
0.170020373962
0.170207983207
0.170351741447
0.170455877485
0.17052614788
0.170568229763
0.170589861642
0.170595413014
0.170588955304
0.170567280921
0.170518457098
0.170438343159
0.170345202372
0.170257122978
0.170179306712
0.17011077115
0.170047953498
0.16998835529
0.169934670558
0.169888189395
0.169848952886
0.169818037315
0.16979698711
0.169783551415
0.16977906377
0.15460369512
0.154607973771
0.154613481833
0.154625434592
0.154645646187
0.154675784553
0.154710741804
0.154746791416
0.154788899347
0.154842025908
0.154909141243
0.154992021797
0.155090554111
0.155203873076
0.155331325003
0.155471573727
0.155632138121
0.155819622877
0.156022510868
0.156232358884
0.156442934895
0.156658560541
0.156892670458
0.157150706163
0.157432039806
0.157736789409
0.15806332047
0.158409134508
0.158773159772
0.159155482465
0.159555788818
0.159974230194
0.160406553907
0.160841350082
0.161279114999
0.161721076922
0.162160627743
0.16260644362
0.163060974245
0.163512800161
0.163963170319
0.164424097327
0.164901151847
0.165387277103
0.165873808358
0.166355030497
0.166826429804
0.16728443731
0.167725623186
0.168146823218
0.168545769056
0.168919616726
0.169262044412
0.169566059
0.169833441977
0.170062442776
0.170247220912
0.170388473306
0.17049009913
0.170557355556
0.170596776286
0.170615386213
0.170617861236
0.170610648077
0.170587062184
0.17053349966
0.170450619617
0.170353554406
0.170258825401
0.170174835988
0.170101198809
0.170034495096
0.169973842458
0.169920597983
0.169874273336
0.169835953921
0.169807100901
0.169787283565
0.169774940979
0.169770511325
0.154589714793
0.154594037691
0.154598521069
0.154609492496
0.15462726664
0.154657264241
0.15470213931
0.154738202905
0.154777050602
0.154827858224
0.154893811891
0.154976340442
0.155075295275
0.155188413672
0.155315910799
0.155460961932
0.155626140924
0.155811263609
0.156006623854
0.156205420398
0.156411467763
0.156630342309
0.156866651051
0.157125021222
0.15740733319
0.157713500601
0.158041910614
0.158389910426
0.158756221179
0.159140339429
0.159542854199
0.159962943121
0.160396877562
0.160835586067
0.161270699949
0.161709145847
0.162152628071
0.162598432462
0.163049910087
0.163505304766
0.163963963999
0.164431431108
0.164911096065
0.165398871375
0.165887988174
0.1663727306
0.166848441524
0.167311248166
0.167757630734
0.168184341682
0.168588370061
0.168966009536
0.169312072772
0.169621889117
0.169893443811
0.170122921758
0.170306775597
0.170445938555
0.170544455121
0.170607975051
0.170643275767
0.170657168231
0.17065608812
0.170646877071
0.170620508576
0.170563249682
0.170472116398
0.170364541948
0.170258831284
0.170165397155
0.17008573122
0.170016811826
0.169955700636
0.169899931871
0.16985143914
0.169814592503
0.169788901779
0.169769409825
0.169756005719
0.169750518142
0.154567915877
0.154568585571
0.154574117986
0.154585365289
0.154605133062
0.154633369564
0.15467412558
0.154714091294
0.154755615483
0.154807039056
0.154872140274
0.15495454845
0.155054433934
0.155172811888
0.155307742527
0.155453950271
0.155613309626
0.15578636657
0.155971110775
0.156166949597
0.156374143909
0.156594070892
0.156831560323
0.157091279655
0.157374979874
0.1576829418
0.158013333672
0.158364104935
0.158733279249
0.15912053197
0.159525208759
0.159949302495
0.160388039077
0.160824011385
0.161258234155
0.161694999057
0.162135126342
0.162582473519
0.163037339595
0.163498085851
0.163964341236
0.164438755211
0.164923011777
0.165414404669
0.165907635924
0.166397326087
0.166878739881
0.167347810195
0.167800907045
0.168234628499
0.168645514022
0.169029516692
0.169381894529
0.169698162873
0.169974341062
0.170205805646
0.170389708937
0.170527387601
0.17062322062
0.170683232564
0.170714362005
0.170723557621
0.170717256333
0.170701747091
0.170666765269
0.170601897799
0.170501075915
0.170379824256
0.170258649877
0.170152371511
0.170065466718
0.169992789914
0.169925960885
0.169864336743
0.169815568447
0.169781221999
0.16975618915
0.169733948012
0.169720362113
0.169715754402
0.154527715114
0.154527472191
0.154536996536
0.154548609188
0.154570439884
0.154600663933
0.154638466623
0.1546791833
0.15472455414
0.154777906688
0.154841749379
0.154924832089
0.15503311437
0.155159500822
0.155294081623
0.155434957092
0.155585232648
0.155749745879
0.155930128153
0.156124073703
0.156329215882
0.156548910782
0.15678779537
0.157049430938
0.157335091869
0.157644519587
0.157977781457
0.158331444328
0.158704677708
0.159095581784
0.159505180545
0.159931774684
0.160370227247
0.160810790892
0.16124093203
0.161671991806
0.162112377599
0.162563227631
0.163023075036
0.163490217658
0.163964184779
0.164446148799
0.164936671726
0.165433603397
0.165932626296
0.166428789036
0.166917393407
0.16739427776
0.167855740567
0.168298262524
0.168718131592
0.16911109844
0.169472348871
0.16979680571
0.170079183457
0.170314490679
0.170500395422
0.17063855936
0.170733512389
0.170791298269
0.170818571905
0.170822210185
0.170808022903
0.170779328452
0.170732260612
0.170651739224
0.170533936306
0.170395233372
0.170255595044
0.170134266908
0.170037358066
0.169954208926
0.169876031655
0.169810808039
0.169763870791
0.169731519825
0.169704755255
0.169682082016
0.169669593981
0.169664362955
0.15446629448
0.154470831199
0.154486941371
0.154504293366
0.154522916365
0.154553361653
0.154593054903
0.15463534231
0.154683628138
0.154739311333
0.154806882596
0.154893166659
0.155008704369
0.155134857478
0.155265428408
0.155398852242
0.155543080158
0.155705552595
0.155884448463
0.15607351716
0.156275748179
0.156495806939
0.156735884885
0.156998815762
0.157286617667
0.157600153542
0.15793448491
0.158291928164
0.158669835324
0.159068274743
0.159482342356
0.159909381362
0.160348941815
0.160784086476
0.161212626245
0.161643102362
0.162085846619
0.162541297426
0.163007099861
0.163481342791
0.163963428077
0.164453700357
0.16495196819
0.165456239756
0.165962787846
0.166467047552
0.166964443978
0.167450835009
0.167922529891
0.168375969875
0.168807298277
0.169212034829
0.169584955972
0.169920177546
0.170211548902
0.170453980725
0.170645497189
0.170787774305
0.170884839461
0.170941692672
0.170964015753
0.170958355122
0.170930604426
0.170882427147
0.170820918153
0.170719141415
0.170573665768
0.170410353914
0.170249020138
0.170108317805
0.169992374075
0.169889885832
0.169800850562
0.169735772828
0.169692211981
0.169661684408
0.169634471848
0.169614334313
0.16960429543
0.169598953193
0.154393990329
0.154403060927
0.154421711694
0.154447076774
0.154467604572
0.154499074641
0.154537614352
0.154582077725
0.15463414381
0.154687992345
0.154762787326
0.154860434577
0.154974484391
0.155097869808
0.155222064978
0.155348693336
0.155492152557
0.155655524834
0.155829816336
0.156014094619
0.156214104847
0.156434134981
0.156675332158
0.156940774276
0.157231725518
0.157548078276
0.157886874932
0.158243966539
0.158629969515
0.159038633514
0.159454147002
0.159878025358
0.160315849189
0.160747737521
0.161173870614
0.161608407434
0.162055936433
0.162516761749
0.162989098242
0.163471089302
0.163961913382
0.164461382414
0.164968795965
0.16548212147
0.165997945067
0.166512010423
0.167019933167
0.16751770449
0.168001741849
0.168468529568
0.168914134238
0.169333820811
0.169721839927
0.170071561411
0.17037631138
0.170631043786
0.170833846064
0.170985548468
0.171088185205
0.171144126337
0.171157751866
0.171135803458
0.171084799536
0.171010922852
0.170924181027
0.170804337722
0.170625954412
0.170426991869
0.170233963162
0.17006249429
0.169916072272
0.169790208811
0.169694743349
0.16963330409
0.169596405785
0.169570760232
0.169549564363
0.169533971033
0.169527508498
0.169524180662
0.15431466386
0.154326553544
0.15434557933
0.154367002188
0.154393471306
0.154432345206
0.154470829879
0.154516563277
0.154575160839
0.154633634293
0.154706173615
0.154811694912
0.154928181823
0.15504651296
0.155165231169
0.155291438289
0.155434274258
0.155594955577
0.155764938082
0.155946516848
0.156144880912
0.156363881583
0.156604646034
0.156871517211
0.157170264601
0.157488013165
0.157831667206
0.158197270015
0.158584837601
0.158994394127
0.159415972503
0.15984632675
0.16027163971
0.160697937127
0.161128248864
0.161568665504
0.162022161347
0.162489192059
0.162968677304
0.163459077862
0.163959412923
0.164469081361
0.164987008372
0.165511047057
0.166037912006
0.16656357608
0.167083903879
0.167595127544
0.168093867634
0.168576739339
0.169039822299
0.169478192244
0.169885660746
0.170255082822
0.170579557976
0.170854059248
0.171076099091
0.17124390888
0.17135528821
0.171408853675
0.171409149707
0.171364936928
0.171283971789
0.171172713486
0.171039311988
0.170886971596
0.1706857838
0.17044154548
0.170201884109
0.169983452613
0.169794416633
0.169644879788
0.169547317567
0.16949536377
0.169472956444
0.169462369705
0.169454060706
0.169444901036
0.169441202104
0.169440121807
0.154227143785
0.15424097057
0.154263159879
0.154283872471
0.154312267081
0.15435161791
0.154391613492
0.154437391838
0.154495436513
0.154568211574
0.154645088334
0.154750573404
0.154867675968
0.154982162414
0.155095515612
0.155224115178
0.155369963123
0.155525681506
0.15569045525
0.155869751564
0.156067691207
0.15628666275
0.15652735643
0.156792654159
0.157097692573
0.157424095235
0.157763772187
0.15813741363
0.158530260779
0.158944758959
0.159369122639
0.15979667437
0.160220378874
0.160642768309
0.161076575859
0.161523570001
0.161983984686
0.162458102852
0.162945431162
0.163444911552
0.163955593643
0.164476562159
0.165006395129
0.165542782277
0.166082477242
0.166621631839
0.16715639508
0.167683335558
0.168199375072
0.168701364873
0.169185545437
0.169647010182
0.170079420417
0.170475483864
0.170828318083
0.171132617023
0.171384173916
0.171575419237
0.171698347338
0.171749139093
0.171734545432
0.171664732055
0.17154548783
0.171381836429
0.171182163369
0.170960395892
0.170723959834
0.17044931055
0.170139548118
0.169851080607
0.169608885081
0.169436071744
0.169341528301
0.169310372372
0.169319146423
0.169341235344
0.169352099327
0.16934677679
0.169342311158
0.169340464537
0.154127680965
0.154140920573
0.154164925671
0.154190038572
0.154225567755
0.154259906421
0.154300161598
0.154347826974
0.154398982415
0.154478899702
0.154567751337
0.154673614853
0.154790714452
0.154905041851
0.155017285541
0.155146074171
0.15529304916
0.155445536365
0.155606370567
0.155782539115
0.155979607872
0.156200047485
0.156445258752
0.156710252887
0.157009914203
0.157349915363
0.157698005577
0.158071154513
0.158465644946
0.158873896752
0.159306239911
0.159736051454
0.160156780436
0.160580458993
0.161019163618
0.161472950953
0.161940899989
0.162422974888
0.16291894428
0.163428202716
0.163950068008
0.164483476339
0.165026649734
0.165577042364
0.166131390514
0.166686021987
0.167237413207
0.167782526105
0.168318661835
0.168843046571
0.169352328092
0.169842000975
0.170306111502
0.170737749737
0.171130167583
0.171476715823
0.171769508013
0.171990862102
0.17213297348
0.17218919822
0.172164976611
0.172067553979
0.171899100914
0.171665751736
0.171381079818
0.171059864459
0.17072671852
0.170393367276
0.170034788854
0.169640869586
0.169330519251
0.169131460443
0.169049032282
0.169061110445
0.169133533995
0.169217471535
0.169253806037
0.169237116291
0.169225339805
0.169218654844
0.154013441712
0.154023794731
0.154042312935
0.154074672119
0.154119420592
0.154153536397
0.154194481391
0.154247105142
0.154296733923
0.154373185439
0.154471143017
0.154579592511
0.154695915443
0.154811500428
0.154929450355
0.155059960748
0.155205116922
0.155354346464
0.155512602886
0.155685742899
0.155879250221
0.156097395618
0.156351297916
0.156627692313
0.156921830021
0.157261705661
0.157618434597
0.157988507165
0.158393929571
0.158807961224
0.159231500674
0.159655837201
0.160077746462
0.160509443818
0.160955139654
0.161416192304
0.16189226517
0.162383163452
0.162888714896
0.163408551951
0.163942401026
0.164489373554
0.165047374567
0.165613473515
0.166184343562
0.166756536691
0.167326902712
0.167892810668
0.168451974565
0.169002153709
0.16954075615
0.170064315744
0.170568205314
0.171046650065
0.171492599882
0.17189421479
0.172239176436
0.172498931202
0.17268666838
0.172774424372
0.17275482055
0.172625864181
0.172391764101
0.172065485379
0.171671401048
0.17122165812
0.170738015668
0.170279959323
0.169805973395
0.169306132884
0.168907501696
0.168673749945
0.168618142006
0.168715725663
0.168914025973
0.169121962146
0.169190292054
0.169112153171
0.169086262481
0.16907254002
0.153884109249
0.153891842801
0.153902308776
0.153938709131
0.153983888626
0.154024484503
0.154068684913
0.154126812277
0.154182578812
0.154257603593
0.154359188476
0.154469128071
0.15458415611
0.154697541251
0.154823049221
0.154961689206
0.155105215871
0.155251614046
0.155408299635
0.155579777501
0.155769507943
0.155981330885
0.156234788485
0.156531424837
0.156831883721
0.157159823448
0.157528610964
0.157904773221
0.158301280423
0.158719803783
0.159144822421
0.159566685802
0.159990172343
0.160429012089
0.160882964429
0.161352342503
0.161837259464
0.162337722588
0.16285390243
0.163385474846
0.163932260738
0.164493801781
0.165068040384
0.165651608296
0.166240952062
0.166832887393
0.167424715446
0.168014170657
0.168599314795
0.169178551643
0.169750530307
0.17031385927
0.170866888253
0.171405996154
0.171921936907
0.172385642101
0.172793485601
0.173105204802
0.173418243745
0.173604109052
0.173614456117
0.173440909934
0.173113221904
0.172660376076
0.172131212494
0.17150976752
0.17079835387
0.170112480379
0.1694525515
0.168787631985
0.168294186047
0.167997913088
0.167992006496
0.168236310151
0.168671283025
0.169144781097
0.169252288468
0.168938087453
0.168911920378
0.168893710612
0.153740639518
0.153749563516
0.153764582261
0.153791023386
0.15383103449
0.153875832693
0.153924267975
0.153985015753
0.154051142919
0.154127645619
0.154231753719
0.154342871646
0.154457712141
0.154569726792
0.154696263848
0.15484242961
0.154988485845
0.155135369174
0.155291889894
0.155462910047
0.155650771582
0.155857314859
0.156105632376
0.156412666374
0.156728184995
0.15705340471
0.15742572537
0.157810202971
0.158202036082
0.158617893745
0.159036581038
0.159457709875
0.159890934308
0.16033877043
0.16080161188
0.161280185788
0.16177506033
0.162286030339
0.162813511791
0.163357911251
0.163919034169
0.16449639651
0.165088189301
0.165690891248
0.166300698195
0.166914668175
0.167530592654
0.168146425217
0.168760316933
0.169371311571
0.16997984099
0.170588214853
0.171200684554
0.171817690175
0.172424226471
0.172936733219
0.173445183658
0.173844825966
0.17452643413
0.174912675044
0.174913043081
0.174545870359
0.173935678971
0.173219674024
0.172523378368
0.171831053415
0.170989916307
0.169971520935
0.168953323772
0.168075671329
0.167278381128
0.166776311332
0.16686225688
0.167394843915
0.168287119316
0.169493682172
0.169620735818
0.168589442496
0.168688313353
0.168668664565
0.153579361114
0.153589453423
0.153613233031
0.153630608239
0.153664541771
0.153710418281
0.153762227291
0.153827009596
0.153905635652
0.153982973235
0.154088379996
0.154200883407
0.154316783476
0.154430400916
0.154557801027
0.15470689237
0.154855618825
0.155004856925
0.155162586075
0.155333751814
0.155521151102
0.155725888077
0.155965733123
0.156269377958
0.156608185829
0.156941098302
0.157301591478
0.157701963772
0.158102826854
0.158501702575
0.158913516701
0.159338643707
0.159779859886
0.160237055238
0.160709840189
0.161198670339
0.161704193477
0.162226871219
0.162766926922
0.163324995484
0.163901666803
0.164496435408
0.165107355167
0.165730821451
0.16636298608
0.16700129718
0.167644073124
0.168289229102
0.168934324266
0.16957843267
0.170224484045
0.170880810919
0.171562337114
0.172277644478
0.173010897508
0.173531974056
0.174184403546
0.174017916514
0.174226544106
0.174516985054
0.17450269572
0.174169909294
0.173629906486
0.172969259336
0.17224197924
0.171453301249
0.170569028272
0.16962692653
0.16870664987
0.167883294438
0.167248077474
0.16699520026
0.16722813731
0.167948285491
0.169203825699
0.171081034387
0.171776556434
0.166801950528
0.168280343071
0.168398212669
0.153396909189
0.153406348002
0.153428669285
0.153447840627
0.153479411733
0.153526584229
0.153580078027
0.15364474282
0.15373515725
0.153821079457
0.153927470451
0.154042082589
0.154160513701
0.154278188911
0.15440802237
0.154557975634
0.154708434902
0.154860574752
0.155020285248
0.155192144276
0.155379279949
0.15558386907
0.155818156233
0.156113908179
0.156466719636
0.156816322452
0.157168878122
0.157562218842
0.157973100542
0.15837638968
0.158783273305
0.159209515407
0.159657243575
0.160123775682
0.160606955946
0.161106572587
0.161623673784
0.16215884619
0.162712724917
0.163285851907
0.163879236212
0.164492936006
0.165124856113
0.165770899267
0.166427096052
0.167091892038
0.167764726484
0.168442686753
0.16912050853
0.169796461188
0.170477384395
0.171178727218
0.171934087868
0.172776073589
0.173802615641
0.173678005415
0.173855137725
0.174099622768
0.174162936314
0.174268841457
0.174198570282
0.173873819462
0.173345961299
0.172677940781
0.171916141187
0.171085570859
0.170194276113
0.16927020396
0.16837596995
0.167570644992
0.166938509742
0.166617566319
0.166700354356
0.167205604355
0.168047163405
0.168932667156
0.168377028899
0.168918973342
0.169868751836
0.168123259812
0.153195188244
0.153203815103
0.153226853755
0.15324630077
0.153278116045
0.153325600592
0.153380328043
0.153442099456
0.153534094044
0.153633697756
0.15374554849
0.153863740884
0.15398630372
0.154111563172
0.154244410131
0.154395106496
0.154547166997
0.154702684646
0.154864861559
0.155037976656
0.155225154413
0.155429209632
0.155659728404
0.155946123589
0.156298534895
0.156673929569
0.157034731429
0.157415040722
0.157819971816
0.158224329623
0.15863347697
0.159066069321
0.159521519945
0.159997373347
0.160491430956
0.161002896197
0.161532282337
0.162080906195
0.162649577645
0.163239176628
0.163850700768
0.164484673886
0.165139549625
0.16581061151
0.166492925677
0.167186139922
0.167891915174
0.168605932143
0.169317368548
0.170021740923
0.170729119419
0.171455601817
0.172247518889
0.173098736399
0.173432832352
0.173697292704
0.173752232201
0.173847034625
0.173854158142
0.173814716498
0.173640639662
0.17326753903
0.172710653751
0.172012066856
0.171208907478
0.17032769846
0.169389202629
0.168424640761
0.167485027226
0.166634019973
0.165923725958
0.165444811515
0.165289419124
0.165462877253
0.165868533767
0.166365655029
0.166697957309
0.167678000674
0.168486134923
0.170939403318
0.152976425782
0.152983571765
0.153002558104
0.153024774749
0.153061041165
0.153108902741
0.153166255903
0.153226969966
0.153317827559
0.153425526548
0.153542302117
0.153663679111
0.153789094237
0.15392470531
0.154063776886
0.154215374382
0.154369619499
0.154529878413
0.154695419045
0.154870481276
0.155058216234
0.155261557725
0.15548910303
0.15576755655
0.156114439313
0.156505651839
0.156885753486
0.157261532473
0.157654731022
0.158054509845
0.158467574078
0.158906487541
0.159369911378
0.159855009645
0.160360500111
0.160885207759
0.161428492546
0.161991409753
0.162576153366
0.163183395746
0.163814498946
0.164470787012
0.165150993315
0.165849625771
0.166559116649
0.167281727928
0.168027300897
0.168787468845
0.169532172303
0.170257877362
0.170980702836
0.171701843601
0.17251104824
0.172857967274
0.173180538054
0.173385176573
0.17344071768
0.173455481868
0.173396131751
0.173243294533
0.17296021018
0.172511493796
0.171898633445
0.171146769246
0.170284566183
0.169337793519
0.168331527832
0.167296922271
0.166275489121
0.165317904948
0.164448777278
0.163718247271
0.163204119555
0.162921953999
0.16283205126
0.162914737535
0.163183807629
0.164073008323
0.16655435807
0.168989040191
0.152743459941
0.152749374266
0.152763243829
0.152788771418
0.152828821713
0.152876782013
0.152936078784
0.152999748211
0.153087227363
0.15319894016
0.153318821268
0.153442325955
0.153568221276
0.153709392538
0.153859989964
0.154015055892
0.154172215764
0.154338000958
0.154509307537
0.154687912613
0.15487745488
0.155080069856
0.155305291052
0.155576998929
0.155913461138
0.156302559978
0.156703070414
0.157089457317
0.157479043089
0.157875652698
0.158287391624
0.158730630638
0.159201812654
0.159694513743
0.160212448844
0.160751608972
0.161308980066
0.161887751169
0.162490158171
0.163117241635
0.163769748383
0.164449390641
0.165156239437
0.165886854781
0.166635803821
0.167403741571
0.168193209516
0.168984985796
0.169756365432
0.170510606757
0.171241056571
0.171934728271
0.17228991438
0.172592940861
0.172834452246
0.172974538243
0.172996715654
0.172928067735
0.17276451982
0.172490725257
0.172087331755
0.171535679254
0.170834250028
0.169997909874
0.169047843412
0.168006044092
0.166895280731
0.165741572028
0.164575589012
0.16343100746
0.162328563504
0.16126602795
0.160275280972
0.15937486971
0.158522869452
0.157669869415
0.156783901508
0.155959646973
0.155199030752
0.153136578929
0.152497330325
0.152502927154
0.152515209671
0.152544262729
0.152584130484
0.152630272644
0.152687443153
0.152755716514
0.152839670169
0.152953171785
0.153075410563
0.153200943851
0.153328236704
0.153470130466
0.153630449389
0.153792265431
0.153954098772
0.154124724944
0.154302517022
0.154487073174
0.154681007966
0.154883745891
0.155107067817
0.155373802503
0.155700193932
0.156081709253
0.156490221137
0.156889868457
0.157277220506
0.157671858951
0.1580893249
0.158534705312
0.159011288964
0.159514015822
0.160044977978
0.160598657556
0.161171408604
0.161767336234
0.162388764242
0.163037218269
0.163713563469
0.164419721724
0.165159338129
0.165934990022
0.166738127685
0.167551498311
0.168372881802
0.169195307847
0.170015524195
0.170829074412
0.171699764353
0.171867023034
0.172032693871
0.172264419125
0.172418708604
0.172465454971
0.172401438191
0.172229610864
0.171947767479
0.171547054241
0.171016051296
0.170344788457
0.169532127551
0.168587074956
0.167524299654
0.166360324058
0.165112417392
0.163798821511
0.162438283694
0.161046933091
0.159635584129
0.158148692985
0.156551957441
0.154832074225
0.152884891778
0.150530295676
0.147528414018
0.143681280201
0.139112719182
0.138764540028
0.152235414766
0.152241172871
0.152253999523
0.152287117591
0.152326220099
0.152369961596
0.152422899341
0.152493952872
0.152572940682
0.152686722754
0.152811357987
0.152939064974
0.153068765409
0.153212743019
0.1533783145
0.153547029699
0.153715090242
0.153890969753
0.154073969546
0.154265026213
0.154465925188
0.154670756949
0.154892340614
0.155155411973
0.15547321325
0.155845176123
0.156253592449
0.156661251307
0.157058191489
0.157452784348
0.157873912397
0.158324087264
0.158802819114
0.159308639976
0.159849244265
0.160420973215
0.161012668394
0.161627939955
0.162269415382
0.162940364565
0.163643329831
0.164381113833
0.165164477733
0.165997116276
0.166850363433
0.167701838489
0.168562227096
0.169449026764
0.170358970363
0.171353494342
0.171556069093
0.17169313486
0.171772670045
0.171870204115
0.171905038519
0.171836237007
0.171655975417
0.171360851001
0.170946898256
0.170408389975
0.169738594467
0.168931997747
0.167987751394
0.16691080019
0.165709907748
0.164395149365
0.162976360051
0.161462081659
0.159857873887
0.158162696611
0.156366782617
0.154390462329
0.152101041775
0.149399431811
0.146078021218
0.141701455376
0.135440178858
0.125549021341
0.106980319893
0.0617934921914
0.151951686054
0.151957542223
0.151972719013
0.152010481927
0.152049505921
0.152091495648
0.152142314703
0.152213249779
0.152286833414
0.152398788773
0.152525516961
0.152655333199
0.152787481518
0.152933599154
0.153102491538
0.153277458517
0.153453704671
0.15363558734
0.153822932188
0.154019713231
0.154228997957
0.15443879346
0.154658579737
0.154918501268
0.155229860563
0.155591383456
0.155993301781
0.156398708269
0.15680806602
0.157216152371
0.157638331733
0.158087484108
0.158572396848
0.159088418503
0.1596316644
0.160214372781
0.160826649347
0.161463680909
0.162129118962
0.162824788576
0.163555652283
0.164334077043
0.165177230971
0.166069182683
0.166965591926
0.167862392494
0.168805926222
0.169828621223
0.170971770426
0.171197272077
0.171308440409
0.171365135679
0.171383777144
0.171363841683
0.171268291172
0.171067744829
0.170752216713
0.170317287532
0.169758926141
0.169072894934
0.168254778202
0.16730085885
0.166209667418
0.164982590871
0.163622824196
0.162133562843
0.160516234702
0.158768604954
0.156881990264
0.154836608255
0.152593686394
0.150087011017
0.147102662239
0.143379314076
0.138623170385
0.132207530167
0.122906455172
0.108355991254
0.0837825497872
0.0428962663313
0.151637737344
0.151643676838
0.151661162832
0.151703613477
0.151742368629
0.15178575036
0.151836172197
0.15190509712
0.151976319178
0.152087584095
0.152216442554
0.152348210299
0.152482593568
0.15263031153
0.152800803966
0.152979776851
0.153165987165
0.153355343752
0.153547308649
0.153749105673
0.153966213229
0.154185003407
0.154404283543
0.154659840374
0.154966760035
0.155319269481
0.155712689023
0.156111732384
0.156521336943
0.156946494582
0.157383767921
0.1578351578
0.158311538394
0.158831991225
0.159389792319
0.159982594502
0.160611500007
0.16127048079
0.161960822997
0.162685055279
0.163451852459
0.164286278111
0.165196699764
0.166141976474
0.167092732138
0.168076791686
0.169182612759
0.170496681091
0.170769152603
0.170874308667
0.170933819248
0.170940272617
0.170873253996
0.170728137178
0.170491347194
0.170145798198
0.169682438608
0.169096911419
0.168385677226
0.167545189584
0.166571784977
0.165461901388
0.164212619215
0.162821790036
0.161287233692
0.159605223989
0.15776858674
0.155764288744
0.15356997505
0.151148674884
0.148440452087
0.145352543679
0.141697272604
0.13709718841
0.131117397282
0.123146514039
0.112060014556
0.0960099284426
0.0717712314422
0.0383866520744
0.151286700241
0.151294473495
0.151312901065
0.151354748247
0.151396416735
0.151446184335
0.151499925974
0.151569679322
0.151645219128
0.151752101833
0.151882393383
0.152016050052
0.152152626942
0.152301635644
0.152472550793
0.152651967833
0.152844336258
0.1530442811
0.153243558732
0.153451551279
0.153674590401
0.153905283792
0.154131825578
0.1543794625
0.154681696035
0.155027184572
0.155412052704
0.15580503974
0.156208858359
0.156641171746
0.157094749468
0.157560544936
0.158037294901
0.158551142791
0.159111583879
0.159718065346
0.160365055291
0.161046965087
0.161762101196
0.162517879323
0.163335964607
0.164240469876
0.165215593743
0.166221370247
0.167261346225
0.168378249872
0.169740254044
0.170154738556
0.17033301911
0.170430638337
0.170455935568
0.17038415836
0.170210307081
0.169935670513
0.169554937105
0.169059142066
0.168442324373
0.167701238677
0.166833091839
0.165834702365
0.164702319933
0.163431579622
0.162017537992
0.160454461186
0.158735023176
0.15684887753
0.154780663534
0.152507299597
0.14999414209
0.147189355316
0.144015591229
0.140357592245
0.136048162275
0.130750871901
0.123912620998
0.114886564412
0.102808808654
0.0863302146204
0.0630678707809
0.0336985797976
0.150903133321
0.150914105287
0.150932541619
0.150968293622
0.151015733261
0.151072263538
0.151131957913
0.15120660008
0.151291771973
0.151393470912
0.151522559026
0.151657409895
0.151796233414
0.151946703915
0.152118262
0.152298446387
0.152491562963
0.152700497741
0.152909814751
0.153126429067
0.153355340793
0.153597520449
0.153840565498
0.154090514779
0.154379796142
0.154716737497
0.155092846045
0.155480015236
0.15587612581
0.156306533836
0.156767289376
0.157252158744
0.15774088801
0.158251011267
0.158806863641
0.159416797731
0.160078528706
0.160785141441
0.161529278315
0.16232782424
0.163212662712
0.164191637246
0.16523333823
0.166315112146
0.167473255394
0.168638931082
0.169266142221
0.169570778147
0.169783014507
0.169876533234
0.16983924713
0.169674399289
0.169386756805
0.168979927296
0.168453922579
0.167806209829
0.167034484491
0.166137033707
0.16511172387
0.163955405472
0.16266371325
0.161230918897
0.159649732078
0.157910879444
0.156002242078
0.153907437466
0.151603782533
0.149059473179
0.146229639903
0.143050762176
0.13943272435
0.135247586673
0.13031326351
0.124377360988
0.116984239099
0.107438386857
0.0948957304612
0.0783691903552
0.0562152211839
0.0295720740141
0.150500529695
0.150511897207
0.150529276577
0.150557905117
0.150608384334
0.150667587286
0.150731311695
0.150808527178
0.150900578246
0.151004713527
0.151134300942
0.151270540889
0.151411881788
0.15156400863
0.151736577878
0.151918933551
0.152113896594
0.152328974058
0.1525481424
0.15277657843
0.153014660751
0.153265435089
0.153521195237
0.153786759634
0.154077075994
0.154402707756
0.154762751549
0.155141426863
0.155527789853
0.155950461919
0.156409636347
0.15690122658
0.157408757939
0.15792687014
0.158482212866
0.159087614423
0.1597525267
0.16047864256
0.161260263911
0.162116666321
0.163077547078
0.164131747297
0.165248187084
0.166435047378
0.167785721465
0.168435482304
0.168709482206
0.16898873638
0.169171849848
0.169203442763
0.169081430971
0.168812387932
0.168403113861
0.16786038726
0.167188827354
0.16639049541
0.165466005949
0.164414964402
0.163235618086
0.161924517643
0.160476343004
0.158883721701
0.157136928376
0.155223352315
0.15312658602
0.150825012518
0.148289785531
0.14548204069
0.142349069795
0.138819069435
0.134793951234
0.130139570602
0.124672614502
0.118143023578
0.110217936829
0.100389944341
0.087911715363
0.0719034837108
0.0511133449954
0.026549077941
0.150084141967
0.150093960715
0.150109308177
0.150135691
0.150181833109
0.150239076522
0.150303696461
0.150380223075
0.150474956126
0.150583575569
0.150715973065
0.150854041399
0.150998083495
0.151151814621
0.151325252969
0.151509734686
0.15170682177
0.151926922563
0.152154321953
0.152393704106
0.152646021157
0.152906246631
0.153173716622
0.153445542373
0.153744290579
0.154076436038
0.154431031689
0.154794136511
0.15516737189
0.155578962094
0.156032943958
0.156519374368
0.157033732771
0.157562286362
0.158122876275
0.158730756305
0.159394069412
0.160131181679
0.160953921096
0.161879199399
0.162917936092
0.164040461734
0.165205043259
0.166348072934
0.167215504567
0.167923044611
0.1681510074
0.168348525864
0.168461902892
0.168409581604
0.168186113973
0.167800523479
0.167262496312
0.166581790589
0.165766268346
0.164820981866
0.163748517768
0.16254932424
0.161221666876
0.159761491623
0.158162307058
0.15641500287
0.154507512878
0.152424235338
0.150145105251
0.147644212266
0.144887856241
0.141831900237
0.138418218257
0.134569964417
0.130185323858
0.125129357073
0.119223535407
0.112232697278
0.103849162198
0.0936773227245
0.081212532255
0.0657650807077
0.0463275691251
0.0237303628439
0.149648263506
0.149659736038
0.149671796559
0.149700997504
0.149739892145
0.149792377226
0.149855180381
0.149929733039
0.150024457314
0.150133085267
0.150268157043
0.150407725684
0.150553574191
0.150708811626
0.150883279501
0.151068594565
0.15126609286
0.151490514791
0.151724917305
0.151971193856
0.152234857635
0.152503888637
0.152787279656
0.153072996439
0.153372049967
0.153708943927
0.154075327458
0.154434454237
0.154794325968
0.155190978601
0.155640210964
0.156123751635
0.156634518069
0.157165015598
0.157725569586
0.158333880165
0.158997297629
0.159743828205
0.160607454888
0.161606286001
0.162723043797
0.163909029886
0.165128695946
0.166490724183
0.166957621651
0.167201056225
0.167487873238
0.167649735893
0.167658964169
0.167496122496
0.167155081896
0.166642941127
0.16597152606
0.165152850483
0.164196791038
0.163110114587
0.16189645388
0.160556523459
0.159088222823
0.157486643166
0.155744011868
0.153849527584
0.151789018031
0.149544351937
0.147092527073
0.14440434934
0.14144261153
0.138159661065
0.134494213505
0.130367234405
0.125676690061
0.120290974246
0.114040872175
0.106710071732
0.0980244615964
0.0876407930086
0.0751335620169
0.0600183720253
0.0416062700317
0.0208956252449
0.149183832523
0.149196121905
0.149209934298
0.149240178534
0.149277271871
0.14932675408
0.149386921344
0.149458993285
0.149551323728
0.149656313018
0.149792292616
0.149933076966
0.150078500957
0.150235207532
0.150411817595
0.150597767518
0.150793744184
0.151018648053
0.151259001174
0.151509097034
0.151780732329
0.152059974393
0.152351785395
0.152659488956
0.152972971001
0.153314231591
0.15369168355
0.154061552767
0.154409904922
0.154788628967
0.15522390298
0.155705239114
0.156217837851
0.156750327613
0.157304487887
0.157905918076
0.158563614656
0.159314431414
0.160216140472
0.1612862016
0.162466894509
0.163646807931
0.16475554395
0.165663062762
0.166429015843
0.166591102796
0.166765432087
0.166848744176
0.166748954375
0.166461572389
0.165990760375
0.16534552655
0.16453907476
0.163584731601
0.162493383713
0.161272475098
0.159925859915
0.158453975632
0.156854027086
0.155120088938
0.153243104039
0.151210740805
0.149007060918
0.146611945839
0.14400022469
0.141140439859
0.137993180415
0.134508903234
0.130625148119
0.12626304451
0.121323017517
0.115679646384
0.109175736349
0.101615888314
0.0927601760498
0.082319702694
0.069953357233
0.0552992822683
0.0377954646525
0.0187160241898
0.148690125483
0.148700040378
0.148719817365
0.148750469278
0.148789466808
0.148838941604
0.148897237003
0.148967163871
0.149056312512
0.149155524719
0.149289982896
0.149432549659
0.14957599064
0.149731508417
0.149911645727
0.150099753404
0.150295039158
0.150515060197
0.150756265008
0.151009563346
0.151284726539
0.151576575494
0.15188321542
0.152202917954
0.152535212247
0.152885908653
0.153274963332
0.153668469792
0.154019223264
0.154379889923
0.154791317277
0.155260838718
0.155772221356
0.156312522591
0.15686657456
0.15745535374
0.158099390402
0.158843026749
0.159775588223
0.160917123794
0.162151141198
0.163369504759
0.16456255879
0.165305546543
0.165658704722
0.16588079971
0.165992136405
0.165952046718
0.165724277226
0.165303426408
0.164696409205
0.163915522773
0.162975429718
0.161890007723
0.160670280508
0.159323538165
0.157853197932
0.156258990746
0.154537200635
0.152680829184
0.150679634217
0.14852000856
0.146184664633
0.143652088717
0.14089572481
0.137882843002
0.134573042525
0.130916334818
0.126850748985
0.122299409237
0.117167062034
0.111336100209
0.104662261882
0.0969704397342
0.0880513455841
0.077661124299
0.0655220867281
0.0513635413386
0.0347215484181
0.0170190295442
0.148173390559
0.148182460508
0.148203895656
0.148234943061
0.148276063178
0.148326880964
0.148384063206
0.148452608647
0.148540009204
0.148633560321
0.148763388863
0.148907956262
0.149050757184
0.149201199162
0.149382457462
0.149573481459
0.149769712083
0.149984274959
0.150220570732
0.150473125728
0.150750370818
0.151042800234
0.151364634674
0.151699769175
0.152050876329
0.152415461803
0.152815537168
0.153237994214
0.153614181068
0.153968957133
0.154359126972
0.154801871891
0.155299981638
0.155841398624
0.156410188405
0.156993866274
0.157616973945
0.1583325317
0.159279748955
0.160475653239
0.161708332821
0.162910824867
0.164206884943
0.164739448067
0.164848671065
0.165036828492
0.165093564899
0.164938916422
0.164578255916
0.16402002552
0.163275809219
0.162361036482
0.161291726008
0.160081872268
0.158742018171
0.157278697552
0.155694425844
0.153987947624
0.152154523402
0.150186133825
0.148071544663
0.14579620292
0.143341941298
0.140686468349
0.137802618538
0.134657331873
0.131210328233
0.127412437917
0.123203551421
0.118510164233
0.113242529681
0.10729150957
0.100525352946
0.0927868979991
0.0838919596245
0.073631173149
0.0617721479121
0.0481060596374
0.0322274511588
0.015611632139
0.147635891371
0.147644374315
0.147664689456
0.14769689638
0.147738677862
0.147789968313
0.147846016149
0.147912397552
0.14800146489
0.148095285194
0.148214666348
0.148359389263
0.148503707323
0.148651732712
0.148826236418
0.149017293277
0.149214612904
0.149425677043
0.149657572861
0.149903694622
0.150182462675
0.150473660431
0.150791022628
0.15113378123
0.151498664257
0.151885450329
0.152301806269
0.152754478235
0.153181868736
0.153550478468
0.153931363317
0.154352813328
0.154827559607
0.155349312254
0.155918912155
0.156518063949
0.157135381062
0.157804027563
0.158720472748
0.159974055692
0.161216664371
0.162272610124
0.162852686116
0.163861107213
0.16405318715
0.164131243116
0.164078368304
0.163804738823
0.163310603493
0.162614571961
0.161735393255
0.160691499302
0.159499688898
0.158173573243
0.156722737767
0.155152547771
0.153464332308
0.151655719769
0.14972096618
0.147651182079
0.145434411311
0.143055539933
0.140496022626
0.137733415182
0.134740698483
0.131485373819
0.127928302147
0.124022253893
0.119710134385
0.114922862229
0.109576912254
0.103571612562
0.0967864197304
0.0890786700108
0.0802825268304
0.0702115642576
0.058660698961
0.0454568697158
0.0302250665999
0.0144324139811
0.147078410662
0.147086611173
0.147106158048
0.147139853896
0.147179935904
0.147229111496
0.147284176335
0.147346852161
0.147434864675
0.147532796055
0.14764129609
0.147783904544
0.147929195297
0.148078624066
0.148243092079
0.14842968864
0.148626027509
0.148834107828
0.149065209494
0.149306523758
0.149577630351
0.149871219428
0.15018085169
0.150519690339
0.15088803156
0.151282675104
0.151713327334
0.152186359573
0.152678830332
0.153105463982
0.153489695776
0.15390233122
0.154357105047
0.154865887616
0.15541705009
0.156017399988
0.156651657568
0.157300752745
0.15810526001
0.159354249825
0.160767769765
0.162126348385
0.162602665668
0.162838738722
0.163113564082
0.163155789922
0.162966463089
0.162554560646
0.161923635139
0.161092113939
0.160082987348
0.158916970949
0.157611010365
0.15617780576
0.154625607495
0.15295836554
0.151176103226
0.149275341086
0.14724945726
0.145088923635
0.142781389009
0.140311598295
0.137661144556
0.134808051645
0.131726181227
0.128384448818
0.124745820854
0.120766050679
0.116392102446
0.111560214305
0.106193578633
0.100199682829
0.0934674811774
0.0858648476124
0.0772369763542
0.067408395477
0.0561836050202
0.0434008610059
0.0286908988925
0.0134690035638
0.146501996724
0.146510082509
0.1465333838
0.146566786683
0.146602033679
0.146647359766
0.146701349418
0.146761281957
0.146840631775
0.146938071872
0.147039952894
0.147178556902
0.147322987043
0.147471055446
0.147627980334
0.14780896784
0.14799980807
0.148203806189
0.148434250899
0.148675594263
0.148935006873
0.149223328997
0.149528143257
0.149862836797
0.150225110127
0.150615322425
0.151045336694
0.151520564811
0.152043858825
0.152569621989
0.153011010187
0.153426991904
0.153873774219
0.154364851223
0.154909583919
0.155505226906
0.15615213051
0.156842416109
0.157567861809
0.158552154697
0.159912623958
0.161514421638
0.162020787691
0.16196151508
0.16208894778
0.16205374318
0.161740803305
0.161188563447
0.160420555888
0.159458479172
0.158326936005
0.157047569808
0.15563688786
0.154106289641
0.152462451008
0.150707810348
0.148841107873
0.146857879669
0.144750837109
0.142510102175
0.140123289937
0.137575439418
0.134848798483
0.131922468759
0.128771909803
0.125368287079
0.121677625281
0.117659703005
0.113266601263
0.108440807514
0.103112783291
0.0971979503169
0.0905931473405
0.0831728918878
0.0747860026393
0.0652554517555
0.0543765122936
0.0419720024627
0.027650888741
0.0127401628549
0.145906894378
0.145915757669
0.145942484028
0.145971688926
0.14600253097
0.146044924286
0.146097510968
0.146155682212
0.146225973555
0.146318351354
0.146413469773
0.146544217071
0.146687106195
0.146829496067
0.146979561871
0.147157164033
0.147340337092
0.147534969293
0.147761695585
0.147999860925
0.148251366886
0.148532398783
0.148827271929
0.149158448616
0.14951318904
0.149896873095
0.150312031077
0.150772611549
0.15128345552
0.151850751913
0.15241214646
0.152892604213
0.153359155822
0.153848373124
0.154385487005
0.154980468101
0.155639151367
0.156361366364
0.157125238331
0.157964716639
0.15890253097
0.159785296665
0.160933311312
0.16099212213
0.160981650867
0.160825575808
0.160392960441
0.159707284109
0.158806835086
0.157721124145
0.156476126568
0.155093186014
0.153587712329
0.151969503749
0.150243550216
0.148410805976
0.146468859035
0.144412468031
0.14223394496
0.139923382522
0.137468735706
0.134855770188
0.132067892538
0.129085875749
0.125887483403
0.122446970857
0.118734405456
0.114714705043
0.110346254691
0.105578930402
0.100351339883
0.0945870978123
0.088189995558
0.0810381674999
0.0729774889018
0.0638170039365
0.0533220388365
0.0412647611711
0.0271924950834
0.0122974990945
0.145291096471
0.145299970576
0.145318772358
0.145346715843
0.145378446521
0.145419821412
0.145470651161
0.145525996763
0.145590957562
0.145677538295
0.145768776944
0.145884977668
0.146026618225
0.146163859044
0.146305310873
0.146477787043
0.146657747435
0.146842635684
0.147055812622
0.147286292808
0.147527172183
0.147803248956
0.148089252684
0.148402733295
0.148746594928
0.14912315877
0.149523732041
0.149963019408
0.150448432622
0.150988115387
0.151586456007
0.152189905071
0.152738835796
0.153272378016
0.15382479194
0.154423565218
0.155086158853
0.155826948965
0.156642272593
0.157565850963
0.158385268394
0.158752382777
0.15958710143
0.159861490857
0.159804743645
0.159502035753
0.158934102108
0.158116672124
0.157089743485
0.155888397847
0.154539496911
0.153063085296
0.151472782928
0.149776519712
0.147977581845
0.146075561531
0.144067100989
0.141946440279
0.139705787439
0.137335534305
0.134824341256
0.132159114089
0.129324897346
0.126304707041
0.123079307908
0.11962690242
0.115922642973
0.111937819115
0.107638513996
0.10298347369
0.0979208761156
0.0923836326417
0.0862827952468
0.0794987830865
0.0718700613947
0.0631817421486
0.0531497356107
0.0414520911723
0.0275174888384
0.0122754064838
0.144656205163
0.144663950717
0.144675487161
0.144702723062
0.144735780601
0.144774784216
0.144821436843
0.14487250704
0.144931559751
0.145012672077
0.145104021325
0.145204472613
0.145342287798
0.145479291222
0.145615751017
0.145773216625
0.145949797274
0.146129261898
0.14632396814
0.146545791273
0.146774771346
0.147033515735
0.147313925219
0.147606676225
0.147933770022
0.148288833999
0.148676139823
0.149095236701
0.149552600774
0.150059242311
0.150615080542
0.151230833702
0.151862589264
0.152480986456
0.153083006895
0.153706140374
0.154375796017
0.15512430274
0.155980754155
0.157088773989
0.158231965281
0.158393374578
0.158441179021
0.158689640897
0.158553151488
0.158090801803
0.157372550562
0.156422023091
0.155275301184
0.153967641245
0.152525047483
0.15096541868
0.149300078211
0.147534937871
0.145671665772
0.143708695507
0.141641982355
0.139465532396
0.137171749274
0.134751639213
0.132194907722
0.12948997964
0.126623979412
0.123582705235
0.120350603486
0.116910691346
0.113244300161
0.109330436834
0.105144493941
0.100655971351
0.0958247674536
0.0905954325066
0.0848885052527
0.0785878901135
0.0715226495239
0.0634454649593
0.0540019369895
0.0427334046667
0.0289178122161
0.0129113975871
0.144006280878
0.144014076402
0.144029461343
0.144051851049
0.144080071563
0.144113352773
0.144153597633
0.144200092047
0.144252647377
0.144325586413
0.144414918738
0.144503559731
0.144629941754
0.144769159111
0.14490251655
0.145042264195
0.14521187285
0.145383459387
0.145561140775
0.145772239736
0.14599275346
0.146228435345
0.146494562148
0.146768447326
0.147077750715
0.147408053432
0.147776084582
0.148170949225
0.148599688964
0.149072846528
0.149588608769
0.150147717791
0.150754554665
0.151390400929
0.152030156059
0.152673813386
0.153345843823
0.154077915477
0.154920846983
0.155969823142
0.157568353989
0.157851622601
0.157539749166
0.157498957905
0.15719255873
0.156567047691
0.155700031806
0.154622626261
0.153366753763
0.15196447651
0.150439466524
0.148807084033
0.147076262204
0.145250986887
0.143331528771
0.141315440645
0.139198282414
0.13697411496
0.134635820949
0.13217530612
0.12958361961
0.126851035465
0.123967147555
0.120921026528
0.117701441521
0.114297066772
0.110696497366
0.106887822997
0.102857451376
0.0985878143961
0.0940534427055
0.089214596043
0.0840070001557
0.0783252190421
0.0719949686013
0.064732283885
0.0560713737827
0.0453238302617
0.0315240006897
0.014053374719
0.143341023436
0.14334817473
0.143365340168
0.143384294616
0.143405911585
0.143434748359
0.143470231761
0.143512954336
0.14356059707
0.143623028599
0.143706871343
0.143792124793
0.143895508758
0.14403283926
0.144161799101
0.144289163977
0.144445705753
0.144610597598
0.14477555469
0.14496633916
0.145174507318
0.145389895928
0.145639693439
0.14589833995
0.146180772056
0.146491026892
0.146829157706
0.147197924498
0.147597670324
0.148033323103
0.14851361429
0.149028568171
0.149585770871
0.150178260569
0.150802590626
0.151439011072
0.152089297048
0.152766063417
0.15351457084
0.154425250006
0.1560067892
0.156712953727
0.156278344984
0.156074468693
0.155640892823
0.154890253721
0.153901069915
0.152715797979
0.151366939482
0.149884114788
0.148288778309
0.146594089468
0.144806952168
0.142929768687
0.140961750539
0.138899893201
0.136739658638
0.134475432756
0.132100827194
0.129608887612
0.126992251623
0.124243310286
0.121354448747
0.11831842969
0.115128911366
0.111780975391
0.108271433804
0.104598630658
0.100761446114
0.0967572078117
0.0925781023037
0.0882053573381
0.0835996482152
0.0786843251952
0.0733136728326
0.0672131599798
0.059833185395
0.0501636857071
0.0363109723834
0.0153226194291
0.142660042707
0.142664589187
0.142675411627
0.142689070781
0.142710934823
0.142739325808
0.142772714842
0.142812185849
0.142854421162
0.142905937053
0.142980004246
0.143065749487
0.143148639314
0.143270627813
0.143400639648
0.14352066484
0.143654450482
0.143812859785
0.143969183049
0.144134230823
0.144328564052
0.144526218578
0.144749795393
0.144995561972
0.145247001692
0.145536613247
0.145844977947
0.146186844425
0.146556021895
0.146957144196
0.147401946873
0.147883675703
0.148405108945
0.148963089149
0.149554679986
0.150170457476
0.150790596434
0.151402976865
0.152008980586
0.152585886408
0.153445539765
0.154825125853
0.154582408572
0.154356003438
0.15387290333
0.153052526454
0.151977059508
0.150707236762
0.149282750918
0.147733391144
0.146079300239
0.144332054646
0.142497049768
0.140575533053
0.13856601971
0.136465260061
0.134268884617
0.131971833338
0.129568647732
0.127053698802
0.124421393987
0.121666437167
0.118784245891
0.115771604613
0.112627513776
0.109354042162
0.105956884027
0.102445326834
0.0988314105795
0.0951281765922
0.0913468901778
0.0874930354097
0.0835603810419
0.0795211052428
0.0753074543153
0.0707730884891
0.0655741643297
0.0589768760393
0.0483136192653
0.0250804546894
0.141966896015
0.141969287816
0.141973868524
0.141978905269
0.142003741359
0.142032539276
0.142063907299
0.142099370612
0.142135610281
0.142177275044
0.142238577042
0.142318509342
0.142397339306
0.142490994837
0.142616786608
0.142734455978
0.142847828631
0.14298975985
0.143137970635
0.143282443338
0.143454915218
0.143639401417
0.143830893506
0.144055267563
0.144287151822
0.144543204158
0.144827655224
0.145139238031
0.145479086437
0.145849869977
0.146259744943
0.146711469467
0.147204610488
0.147737941882
0.148307974787
0.148904364977
0.149508497169
0.150076013518
0.150548980549
0.150736614822
0.150594283622
0.152393518211
0.152642229207
0.152477915494
0.151962925697
0.151092990246
0.149951464073
0.148612988492
0.147125777156
0.145520970663
0.143817736702
0.142026306589
0.140150875421
0.138191849043
0.13614732881
0.134014063362
0.131788056564
0.129464972724
0.127040426425
0.124510238498
0.121870700534
0.119118948484
0.116253588995
0.113275659548
0.110189820374
0.107005478736
0.103737468701
0.100405999742
0.0970357777793
0.0936544350872
0.0902905118584
0.0869714119845
0.0837217094251
0.0805620135776
0.0775104650573
0.0745863335919
0.0718155406214
0.0693515877675
0.0670977499908
0.0682591971476
0.141264165031
0.141267030603
0.141273665976
0.141278959751
0.141295966338
0.141320843968
0.141348338102
0.141378415787
0.141409584009
0.141442812339
0.141488323754
0.141555373786
0.141634303222
0.141708132765
0.141809918228
0.141927250078
0.142030631132
0.14214243616
0.142281927831
0.142413815536
0.142553902297
0.142723784603
0.142893912793
0.143087689116
0.143301906243
0.143524420788
0.143777499346
0.14405597304
0.144364662165
0.144702798148
0.145078954857
0.145501624797
0.14596797155
0.146480419033
0.147041887038
0.147638882094
0.148252925185
0.148834481189
0.149316819611
0.149407272669
0.149233240364
0.150198848379
0.150722088922
0.150600970461
0.150014621459
0.149069164383
0.147856046982
0.146452296891
0.144908602742
0.14325549534
0.141510297916
0.139681510169
0.137772072059
0.135781653964
0.133708095991
0.131548296841
0.129298765325
0.126955998653
0.124516769055
0.121978413301
0.119339156261
0.116598613881
0.113758661798
0.110824734987
0.107807341325
0.104723342718
0.101596536701
0.0984572901554
0.0953412694629
0.0922876452878
0.0893372430987
0.0865314919005
0.0839129531957
0.0815284155807
0.0794394072863
0.0777355115355
0.0765710129584
0.0762548642632
0.0770833372927
0.0808881359356
0.140552490105
0.140556201783
0.14056502399
0.14057969565
0.140586755082
0.140606508558
0.140629476694
0.140654044192
0.140680489855
0.140704774807
0.140734334257
0.140782098527
0.140848773807
0.140917887913
0.140990548666
0.141094830219
0.141198004159
0.141288673616
0.141403487299
0.141526735869
0.141643319046
0.141785470274
0.141940130856
0.142102574244
0.142286601645
0.142483488159
0.142699066792
0.142944609
0.143213459688
0.14351393167
0.143856334504
0.144242212869
0.144676627958
0.145165963227
0.145720016126
0.146334991899
0.147000063279
0.147676591284
0.148363826404
0.148654448663
0.148765446092
0.148770759524
0.149070595446
0.148810321615
0.148082012839
0.147017200109
0.145712389251
0.144238373717
0.142640012545
0.140943155976
0.139161539867
0.137301166874
0.135363442381
0.133347260879
0.131250256188
0.129069555992
0.126802247409
0.124445717486
0.121997932155
0.119457759813
0.116825352736
0.114102795864
0.111295259571
0.108412664068
0.10547146068
0.102495891069
0.0995181837642
0.0965775187785
0.0937179771997
0.0909860489166
0.0884282356211
0.0860897943015
0.0840150456423
0.0822506579896
0.0808575713435
0.0799164296057
0.0795727221753
0.0800629346981
0.0816474375366
0.0846847875457
0.139836746511
0.139839834061
0.139845353675
0.13986589125
0.13987519962
0.139890721202
0.13990901572
0.139927854546
0.139948098152
0.139964522836
0.139981787682
0.140007546236
0.140053955276
0.140114687123
0.140173319283
0.140243858591
0.140340761208
0.140428925771
0.140511809339
0.140618979887
0.140725129467
0.140832893523
0.140962622857
0.141098384208
0.141248895609
0.141415650248
0.141596749651
0.141801307173
0.142030798653
0.142291536189
0.142585714266
0.142923167568
0.143314406855
0.143772347105
0.144310968844
0.144942885044
0.145675039184
0.146490200929
0.147377751787
0.147440926306
0.148116855075
0.147939921973
0.147711842898
0.147103178295
0.146152436323
0.144932843977
0.143520856142
0.141972926291
0.140322204619
0.138586292035
0.13677372909
0.1348873881
0.13292692574
0.130890432712
0.128775377627
0.126579173612
0.12429953084
0.121934753434
0.119484002907
0.116947659415
0.114327754698
0.111628793986
0.108859244935
0.106033589234
0.10317427843
0.100312742333
0.097488881234
0.0947490349645
0.0921428564114
0.0897198255963
0.0875258754462
0.0856010983833
0.0839780476416
0.0826825647309
0.0817417916974
0.0811759649872
0.0810790751384
0.0815649135492
0.0827411856977
0.0843040376876
0.139121591401
0.139124141988
0.139128772691
0.139147379628
0.139166272984
0.139175301333
0.139186867425
0.139198467624
0.139210573456
0.139221297064
0.139228805493
0.139238761031
0.139260947044
0.139302135924
0.13935416372
0.139400502106
0.139468078052
0.139548992953
0.139615957646
0.139691846769
0.139782867312
0.139868635871
0.139964778776
0.140073721593
0.140191136006
0.14032035581
0.140465716904
0.140627165546
0.14081611086
0.141028137687
0.141265654402
0.141546025764
0.141876506306
0.142278411309
0.142771859144
0.143396353296
0.144206391318
0.145272939689
0.147080116763
0.147156233523
0.147248647356
0.146951719569
0.146351031883
0.145355874536
0.14415366205
0.142776114348
0.141261780572
0.139646865797
0.137951405839
0.13618385886
0.134347207909
0.132441195742
0.130463851059
0.128412594936
0.12628484454
0.124078381539
0.121791587867
0.119423702821
0.11697506852
0.114447535363
0.111844941382
0.109174148084
0.10644693754
0.103682463044
0.100909245642
0.0981656574717
0.0954983979681
0.092959231809
0.0906006801371
0.0884716076271
0.0866129665944
0.0850547682413
0.0838121580517
0.0828828386664
0.0822417677693
0.0818143580932
0.0816251017953
0.0815958774678
0.0819580395921
0.0832821901046
0.138401084115
0.138402828507
0.138408540525
0.138417613479
0.138438691621
0.138449736118
0.138458561132
0.13846361586
0.138467542656
0.138472272768
0.138471428324
0.138471009672
0.138471531745
0.138487843636
0.138522652988
0.138562880525
0.138600715456
0.138657951985
0.138715733384
0.138765840021
0.138823288012
0.138890977159
0.138958307824
0.139032854749
0.139116544275
0.139210329522
0.139312625462
0.139431068778
0.139563820351
0.139714486751
0.139883706945
0.140087598885
0.140336387757
0.140647920921
0.141048499703
0.141587700849
0.142331317295
0.14335091747
0.144811040785
0.146927805112
0.146305275438
0.145436583314
0.144605940102
0.143375416196
0.141989824212
0.140495919395
0.138908705709
0.137247168665
0.135521621104
0.133733559591
0.131881645136
0.12996328992
0.127975430278
0.125915169276
0.123780094776
0.121568493442
0.119279488543
0.116913279084
0.114471366697
0.111957023227
0.109375807515
0.106736883276
0.10405541384
0.101355408742
0.0986715702068
0.0960489397351
0.0935400727845
0.0912004130749
0.0890829095603
0.0872329661526
0.0856839881875
0.0844550218623
0.0835472639584
0.0829422779144
0.0825852349019
0.0823542689147
0.0821696030643
0.0813810580743
0.0813697245614
0.0824499258692
0.137667172586
0.137666048954
0.137668000561
0.137666952502
0.137681500974
0.137702957139
0.137717088193
0.137719156173
0.137716986445
0.137714371954
0.13770854599
0.137697073577
0.137686752329
0.137678491656
0.137687179703
0.137713238756
0.137738085408
0.137764481109
0.137803189632
0.137839940004
0.137868285361
0.137900733555
0.137943233622
0.13798405613
0.138030560414
0.138084218396
0.138141183994
0.138202845443
0.138269498957
0.13834438237
0.138431086636
0.138541749598
0.138689997267
0.138882583062
0.139148960325
0.139541364551
0.140095451704
0.140883070747
0.141954203393
0.142342573525
0.144126828634
0.143219779849
0.142320521711
0.14105008404
0.139602149635
0.138060919231
0.136444741461
0.134765367083
0.133029198235
0.131234430305
0.129377557536
0.127454970341
0.125463333259
0.123399943066
0.121262867993
0.119051081912
0.116764540485
0.114404435978
0.111973408645
0.109476103559
0.1069197145
0.104315684453
0.101682708944
0.0990499398836
0.0964584246966
0.0939595687641
0.0916107584729
0.0894693506993
0.0875863741168
0.0860012021007
0.0847373554544
0.083802054965
0.0831842410105
0.0828600236106
0.0828024627774
0.0830473500805
0.0835420660588
0.0820141525698
0.0823573921532
0.0824846381679
0.13692392436
0.136918266344
0.136912654415
0.136907863694
0.136912816696
0.136933056412
0.136952854965
0.136958660417
0.136955891778
0.136948613175
0.136939378975
0.136922208872
0.136904052064
0.136882074416
0.136866074451
0.136862782698
0.136873754458
0.136880199548
0.136888927935
0.136904466492
0.136916056204
0.13691756754
0.136921204455
0.136930711985
0.13693890443
0.136943798843
0.136947054398
0.136945274778
0.1369446521
0.136940510736
0.136945884007
0.136953559965
0.136974876134
0.137022908821
0.137130151049
0.137326553825
0.137678531689
0.138327791306
0.139773420828
0.139682889369
0.140713582952
0.140307320441
0.139602462399
0.138417643306
0.136997006348
0.135470499693
0.133868960966
0.1322017677
0.130475593292
0.128688646283
0.126837479885
0.124918886352
0.122930165227
0.120869375172
0.118735405329
0.11652811622
0.114248391885
0.111898455525
0.109482062509
0.107005189528
0.104476583643
0.101909996729
0.0993279175191
0.0967650421763
0.0942689658162
0.0918970998184
0.0897105657194
0.0877668750033
0.0861129905305
0.0847798696959
0.0837788063034
0.083101993224
0.0827170412834
0.0825793329963
0.08266979107
0.0830236064457
0.083445177824
0.0853271731112
0.0831495322665
0.0826514004758
0.136183226118
0.136173448163
0.136162549851
0.136155063978
0.136150359838
0.136155516737
0.136170487977
0.136185368395
0.136186714272
0.136179057539
0.136165809388
0.136147272552
0.136118867011
0.136091178181
0.136058424018
0.13603097436
0.136011566987
0.136000918345
0.135985993416
0.135970578381
0.135957292501
0.135938310959
0.13590911671
0.135877714547
0.135844489679
0.135801133888
0.135746629762
0.135687557225
0.135616433398
0.13553832984
0.135442227849
0.13533133461
0.135213154619
0.135105299796
0.135024298343
0.134996251133
0.135139704022
0.135683967654
0.137368688783
0.137250195366
0.137753703672
0.137255250431
0.136593799153
0.135536238924
0.134204460655
0.13274226366
0.13119338393
0.129565598197
0.127868259946
0.126102364423
0.124266587041
0.122359452892
0.120379731486
0.118326760136
0.116200551844
0.114002028486
0.111733079261
0.10939698719
0.106998590864
0.10454516419
0.102046932489
0.0995200554454
0.0969912063086
0.0945011319615
0.0921041724118
0.0898632801917
0.0878421149637
0.0860966962605
0.0846682131947
0.083578003849
0.0828250154763
0.0823855895775
0.0822012390791
0.0822082467233
0.0823457484287
0.0824458282218
0.0828881754574
0.0830997547575
0.0824567640679
0.0821851721374
0.135450512478
0.135439500969
0.135427037817
0.135414886755
0.135403690235
0.135394949271
0.135397095014
0.135413179634
0.135417841518
0.135410364266
0.13539374415
0.135370839625
0.13533775078
0.135298358072
0.135257101138
0.135208815762
0.135162049891
0.135121795424
0.13508776316
0.135047249578
0.135004815459
0.13495451321
0.134901198879
0.134831512447
0.134752068767
0.134661072721
0.134556517996
0.134435235524
0.134293487588
0.134121554432
0.133917342967
0.133696275278
0.133446354956
0.133166781052
0.132849304363
0.132504597795
0.132176747917
0.131946292025
0.131644425871
0.133527915389
0.134711786719
0.134006063735
0.133282650125
0.13241583531
0.13125523473
0.129908111317
0.128443265683
0.126875575847
0.125221002633
0.123485902597
0.12167277049
0.119782870886
0.117817029598
0.115776208247
0.11366173262
0.111475691182
0.109221007646
0.106902032256
0.10452463689
0.102097367144
0.0996318546786
0.0971468549398
0.0946737566736
0.0922599404936
0.0899666045614
0.0878615642834
0.0860095919603
0.0844634471231
0.0832570239814
0.0824016865139
0.0818861264947
0.0816754805874
0.0817056550727
0.0819454975279
0.0822568803879
0.0820959794984
0.0821778488752
0.0820445983253
0.081732736052
0.0815689285765
0.134723475916
0.134716361741
0.13470394763
0.134688842839
0.134671957449
0.134654856022
0.134642963778
0.134648075902
0.134654496099
0.134646848358
0.134627522331
0.134598626278
0.134562144799
0.134513723059
0.134460143057
0.134395216506
0.134326108572
0.134260790107
0.134195675398
0.134130598453
0.134063195979
0.133983761542
0.133892475843
0.133788528834
0.133664791513
0.133524634513
0.133367546359
0.13318053781
0.13295798098
0.13269631716
0.132414002983
0.132084590701
0.131694306512
0.131225717442
0.130649037048
0.129930510326
0.129013731692
0.127659247999
0.125347444991
0.127037291932
0.128851503173
0.129857564584
0.129712878562
0.129165916915
0.128232914975
0.127027950299
0.125659710322
0.124159515368
0.122552963962
0.12085282322
0.119065957218
0.117196652345
0.115247923205
0.113222419986
0.111122793977
0.108952301785
0.106714863509
0.104415873803
0.102062163217
0.0996635342947
0.0972329519285
0.0947920642372
0.0923776508047
0.0900443408171
0.0878601508433
0.0858968002687
0.0842184285333
0.082872448481
0.0818833400158
0.0812508079083
0.0809515318985
0.0809410676373
0.0811762668305
0.0816363592694
0.0819030890055
0.0826931328028
0.081676588963
0.0812915357987
0.0810427180655
0.0809259500341
0.134006268673
0.134004500661
0.133993025971
0.1339764156
0.133955448471
0.133931934729
0.133910519415
0.133896362053
0.133896723191
0.133890109527
0.133869252592
0.133835732001
0.133791457683
0.133737233229
0.133667904108
0.13359421596
0.13350857849
0.133420923442
0.133326724786
0.133232221449
0.133132949394
0.133026455394
0.132896387139
0.132750610658
0.13258361638
0.13239651835
0.132179845618
0.131926211281
0.131630555172
0.131310263241
0.130941065834
0.130498839185
0.129973918334
0.129336541762
0.128543914527
0.1275389683
0.126234160006
0.12452150611
0.123319104779
0.123839645618
0.12415748004
0.125958713375
0.126343905264
0.12603646611
0.125272248651
0.124179002862
0.122890411147
0.121448274819
0.119884892267
0.118217629984
0.116456675671
0.114608715177
0.112678559539
0.110670301732
0.108587741164
0.106435196133
0.104217473475
0.101940962283
0.099613349832
0.0972456992723
0.0948522269913
0.092457904701
0.0901057076677
0.0878580907306
0.0857896125275
0.0839746526781
0.0824748524251
0.0813303268356
0.0805541926524
0.0801325061947
0.0800265615488
0.0801759667608
0.0805084880351
0.080910863873
0.0816303218687
0.0812437178309
0.0807884667974
0.0805101215269
0.0803406475507
0.080263220092
0.133307358566
0.133305206654
0.133294024419
0.133275383673
0.133251541591
0.133223370497
0.133194836539
0.1331678027
0.133149899072
0.133141070588
0.133120714559
0.133083891611
0.133032667936
0.1329686805
0.132890173446
0.132801599898
0.132706296607
0.132594225632
0.132478144446
0.132354344159
0.132222075625
0.132079233472
0.131914334985
0.131725365745
0.131514800639
0.131278134823
0.131006462726
0.130691510859
0.130345535389
0.129953180373
0.129491662456
0.128954100308
0.128322065971
0.12756621516
0.126643517289
0.12551627815
0.124116140782
0.122485363306
0.121602070515
0.121986426527
0.122174776802
0.123155068926
0.123467431177
0.123177907193
0.122465505884
0.121418802777
0.120172655311
0.118767001297
0.117234329488
0.115592981471
0.113854374784
0.112026337294
0.110114700483
0.108124524277
0.10606043527
0.103927629065
0.101731634097
0.0994797724217
0.0971804627071
0.0948460650831
0.0924919516879
0.0901470180636
0.0878613412708
0.0857056296793
0.0837603016058
0.0821006807263
0.0807838370021
0.0798410915485
0.0792736865903
0.0790556726279
0.0791388242351
0.0794631498564
0.0799167276532
0.0802294896782
0.0803098833059
0.0801126359242
0.0798849434879
0.079724390096
0.0796224642935
0.07957427384
0.132626256254
0.132618881
0.132606172754
0.132585120461
0.132558511635
0.132527042017
0.132491630482
0.132457519168
0.13242662293
0.132403011986
0.13238209306
0.132344144163
0.132288146626
0.132216032332
0.132129621331
0.132027384796
0.131912612702
0.131784878411
0.131644524626
0.131495744762
0.131331745617
0.131149718116
0.130946227992
0.130717469711
0.13046363152
0.130176915626
0.129851383546
0.129486887884
0.12907761422
0.128606979449
0.128070419948
0.12745710619
0.126754070904
0.125940780721
0.124993945662
0.123899304271
0.122603695863
0.12093223778
0.120450807991
0.119438158777
0.120306192831
0.121025260525
0.121054493787
0.120605202227
0.119837361129
0.118770275672
0.117524660493
0.11612979583
0.114612278185
0.112987604565
0.111266102061
0.109455304416
0.107561159746
0.105589138835
0.103544318344
0.101432564965
0.0992599383541
0.0970346468454
0.0947656996697
0.092466844141
0.0901544951853
0.0878623003292
0.0856484316123
0.0835920714763
0.0817783195812
0.0802809814293
0.079149405473
0.0784031173882
0.0780305707124
0.0779991578846
0.0782557837666
0.0787251861192
0.0792450582408
0.0799189515429
0.0793506207466
0.0791341808408
0.0789957327334
0.0789142827444
0.0788645733402
0.0788322174475
0.131957343711
0.131945668853
0.131929940266
0.131907693135
0.131879475061
0.131846358244
0.131808290194
0.131766398793
0.131728232625
0.131688125533
0.131653472585
0.131614390559
0.131556443629
0.131479079534
0.131383431886
0.131270829682
0.131139208944
0.130992817841
0.130832018028
0.130655583468
0.130458369522
0.130239433391
0.129997613152
0.129730094925
0.129430126516
0.129092553934
0.12871360877
0.128290915041
0.12781265185
0.127276853464
0.126677328709
0.126008277991
0.125264373626
0.124443021263
0.123540977564
0.122544351077
0.121419537662
0.11988038386
0.12018798219
0.11919220391
0.119007925694
0.119355997621
0.119012232516
0.118274165503
0.117364535079
0.116223958352
0.11494445659
0.113538330791
0.112022074829
0.11040546786
0.108695917949
0.106899493068
0.105021499394
0.103067346674
0.10104222807
0.0989525175632
0.0968046248083
0.0946076434091
0.0923710227191
0.0901100648257
0.0878420859985
0.0856066076609
0.0834709518273
0.0815228311795
0.0798506551773
0.0785241596376
0.0775812386123
0.0770237614704
0.0768206007535
0.0769295998676
0.0772909923822
0.0778400538672
0.0785650903996
0.0784122941302
0.0782241836312
0.0781268925497
0.0780799838935
0.0780619724055
0.0780517475451
0.0780390120733
0.131296903232
0.131285025417
0.131268326269
0.131247869649
0.131221028984
0.131188184174
0.131149175765
0.13110343792
0.131054138836
0.131005187401
0.130950007444
0.130897409528
0.130834212139
0.130753920177
0.130651532793
0.130528139971
0.130384516261
0.13021886884
0.130035011752
0.129830324644
0.129602751583
0.129348944326
0.12906944168
0.128758301003
0.128409734948
0.128020500052
0.127584529386
0.127098496371
0.126557926973
0.125960891773
0.125303442971
0.12458607259
0.123817376479
0.12300806894
0.122165221596
0.121303666011
0.120482554088
0.119625710615
0.120396638743
0.119442863999
0.118240441483
0.117891718604
0.117137636054
0.116072377998
0.114983342273
0.113744538539
0.112413658235
0.110983929004
0.109460486151
0.107846326383
0.106145141307
0.104360958112
0.102498032507
0.100561454725
0.0985563242847
0.0964894553579
0.0943674630281
0.0922003990224
0.0899979916852
0.087777362664
0.0855565289353
0.0833823431544
0.0813322571483
0.0795022766592
0.0779826418153
0.0768373237084
0.076092301604
0.0757324913884
0.0757018957357
0.0759089491134
0.0762551915796
0.0769627063671
0.0771492079794
0.0771402457923
0.0771087227874
0.0771061958722
0.0771319125366
0.0771648855027
0.0771845265157
0.0771976689197
0.130657544169
0.130646408828
0.130634094208
0.13061741339
0.130593452565
0.13056126243
0.130520644162
0.130471285489
0.130412585361
0.130353023412
0.130284926548
0.130209167169
0.130126322039
0.130041304466
0.129932634176
0.129800762937
0.12964311946
0.129460978002
0.129253346863
0.129021461725
0.128762329627
0.128474182397
0.128154625522
0.127797121736
0.127399241227
0.126956298091
0.126462685153
0.125915285004
0.125311669713
0.124652232154
0.123937058747
0.123172114611
0.122372480765
0.121553507397
0.120735312278
0.120004746761
0.119471790993
0.119277402608
0.120254064716
0.118755294689
0.117319833169
0.116283634433
0.11519437158
0.113861080657
0.112614362264
0.11128625572
0.10990643672
0.108452658415
0.106920608774
0.105307370353
0.103613281966
0.101840450261
0.0999920972326
0.0980730022075
0.0960881228562
0.0940447743076
0.0919496814553
0.0898140239641
0.0876476242963
0.0854698019654
0.0832989607121
0.0811911057053
0.0792345082159
0.0775326377687
0.0761750665234
0.0752171121188
0.0746742092494
0.0745276539199
0.0747217879135
0.0751099152841
0.0753761399995
0.0758081432987
0.0758978063988
0.0759479069855
0.0759943862014
0.0760519241523
0.0761223169542
0.0761940123503
0.0762303513498
0.0762579299269
0.130065201323
0.130057625065
0.130047369412
0.130031055784
0.130007004663
0.129972975614
0.129928337188
0.129872863185
0.129806119555
0.129730080813
0.129651476623
0.129562746816
0.129463727033
0.129353970927
0.129230587824
0.129088024254
0.128917227003
0.128716649345
0.128488829214
0.128228260113
0.127937624288
0.127613780079
0.127252861942
0.126848047934
0.126399479812
0.125902745213
0.125350267206
0.124739778335
0.124071534726
0.123346742752
0.122566774024
0.121737408758
0.12087695312
0.119989390484
0.119136722814
0.118420186188
0.117950629362
0.117995974494
0.118929218805
0.117017142675
0.115763900982
0.114274074868
0.113014099224
0.111533308027
0.110192550303
0.108809851681
0.107399448156
0.105931161681
0.104395315483
0.102785280749
0.101099269168
0.0993381446531
0.0975044777715
0.0956029870066
0.0936385958989
0.0916193130801
0.0895519246291
0.0874490239023
0.0853203014231
0.0831877870511
0.0810697674758
0.0790335937293
0.077178527854
0.075614031518
0.0744255104751
0.0736552712083
0.0733041307956
0.0733361211656
0.0736675335684
0.0741691803474
0.075065652927
0.0747390582487
0.074732459102
0.0747801993905
0.0748529622058
0.0749332566805
0.0750107417518
0.0750911244266
0.0751383070748
0.0751569215527
0.129520497725
0.129518706813
0.129507486877
0.129489558366
0.129462491787
0.129423670737
0.129372398152
0.129308613943
0.129232268424
0.12914247797
0.129046901124
0.128947365667
0.128841027353
0.128708553239
0.128562668819
0.128396977238
0.128207751391
0.127989562192
0.127739362319
0.127451879898
0.12712965216
0.126769365369
0.126364040001
0.125911545323
0.125412056486
0.124859187246
0.124247525501
0.123573106465
0.122836997022
0.122041503848
0.121184070126
0.120264113089
0.119288321488
0.118276643875
0.117300209175
0.116418355312
0.115769199109
0.115532588955
0.116321239008
0.113841804279
0.113331445017
0.111776642333
0.110540067838
0.109044959329
0.107685830365
0.10629350563
0.104878657335
0.103411001122
0.101880029785
0.100278004266
0.0986025828689
0.0968543526363
0.095035838708
0.0931521129638
0.0912082891473
0.0892133776119
0.0871742088732
0.0851052147069
0.0830156747067
0.0809310385154
0.0788687444905
0.0769101163845
0.0751646117693
0.0737448236495
0.0727276793398
0.0721437047215
0.0719828500064
0.0721546010105
0.0725246709863
0.0732102024988
0.0734764219846
0.0734691145934
0.0735105226428
0.0735791992671
0.0736612650388
0.0737410693498
0.0738073605434
0.0738641452874
0.0739130770621
0.0739155719839
0.129000606927
0.129004948756
0.128997159841
0.128980578323
0.128950637436
0.12890616817
0.128847357109
0.128774681733
0.128688459882
0.128588698183
0.128475845552
0.128355648114
0.128231568019
0.128093023726
0.127928233724
0.127736387219
0.127521025677
0.127278699308
0.12700154416
0.126688831952
0.126337093821
0.12593579928
0.125487593877
0.124988668817
0.124438510157
0.123831481302
0.123159168083
0.122419707527
0.121614673892
0.120742522275
0.119783753836
0.118730405178
0.117603225996
0.116427420901
0.115231615769
0.1140738222
0.113025710414
0.112036313349
0.111878820017
0.110127262615
0.110273636151
0.108906875672
0.107822521551
0.10641196257
0.105095814368
0.103734634769
0.102341383362
0.100890524922
0.0993742246351
0.0977858695628
0.0961240468344
0.0943900603821
0.0925870730847
0.090720993258
0.0887974162781
0.0868267451729
0.0848158467126
0.0827815734574
0.0807324501562
0.0786983636009
0.0766950435497
0.0748213040731
0.0731950784842
0.0719270409101
0.0710773652862
0.0706627282186
0.0706672357013
0.070984842027
0.0715128455047
0.072180011926
0.0721793889144
0.0722077837701
0.0722651275788
0.0723419806156
0.0724241357623
0.072499046932
0.0725589333084
0.072600492582
0.0726385908146
0.0726516245301
0.128502404661
0.12850958065
0.128507662947
0.128492881919
0.128460018915
0.128410743047
0.128345728152
0.128265488412
0.128170374208
0.128060627336
0.127935687843
0.127795884268
0.127645747665
0.127486721142
0.127308278903
0.127100135988
0.126861042894
0.126588742965
0.126282461318
0.125940583947
0.125553433945
0.125116569314
0.124627460173
0.124083832484
0.123484607391
0.122821806346
0.122089775386
0.121284664678
0.120408197199
0.119437665495
0.11833845257
0.117140115561
0.115847632198
0.114462286227
0.11300912373
0.111529567089
0.110013429338
0.108360842009
0.107785779746
0.10672425009
0.107048442332
0.105854180057
0.104948778119
0.103677083672
0.102444115517
0.101144711563
0.0997946844916
0.098374711896
0.0968817628588
0.0953120253917
0.0936662163065
0.0919472269819
0.0901595067841
0.0883102705759
0.0864059042781
0.0844586382883
0.0824753421306
0.0804760336213
0.0784680101918
0.076486984348
0.0745460270218
0.0727663983891
0.0712726111209
0.0701703179731
0.0695009519483
0.0692526933732
0.0693088766127
0.0695583610363
0.070579122216
0.0707234511659
0.0708247733145
0.0709008907732
0.0709795317797
0.071064099307
0.0711468028407
0.0712201101243
0.0712789700849
0.0713189269329
0.0713508339023
0.0713734707945
0.128040970176
0.128041703985
0.128038882566
0.128019618526
0.127982848085
0.127930527109
0.127862337573
0.127777190668
0.127675217428
0.127556586096
0.127421052134
0.127267855296
0.127096665192
0.126910230294
0.12670817435
0.126485461776
0.126224884056
0.125926665509
0.125591275367
0.125213988144
0.124790530112
0.124316989114
0.123787607712
0.123200071708
0.122551497331
0.121835104472
0.121040339764
0.120168920655
0.11920287005
0.118096625471
0.11686652725
0.11552582112
0.114051279281
0.112438540681
0.110713240661
0.108868037005
0.106959521733
0.104939845014
0.104302171497
0.103322776313
0.103791075664
0.102715185398
0.101976539724
0.100879816149
0.0997597281944
0.0985442078083
0.0972533230448
0.0958744040971
0.0944106680419
0.092862422356
0.0912334364983
0.0895288561888
0.0877549579518
0.0859206466878
0.0840333893788
0.0821076763089
0.080150293573
0.0781853218929
0.0762181093844
0.0742919129196
0.072415808914
0.0707394309482
0.0693901441766
0.068468504934
0.0680119509587
0.0680039797695
0.0682321360362
0.0683332533027
0.0690885677827
0.0693469465581
0.069470704965
0.0695688703394
0.0696587280942
0.0697480818099
0.0698317938077
0.0699053750114
0.0699650416396
0.0700041338198
0.070037057415
0.0700637180355
0.127610192208
0.127602323001
0.127589858128
0.127564320928
0.127524046326
0.127468879257
0.127397707071
0.127309234524
0.127202493285
0.127076762743
0.126932027236
0.126767762486
0.126582880047
0.12637629444
0.126151233173
0.12590217275
0.125613315054
0.125291718927
0.124926815802
0.124515261591
0.124054129143
0.123541697577
0.122973157347
0.122340561704
0.121643497366
0.120867308074
0.120008732818
0.119058012058
0.117975286567
0.116756453676
0.115413880052
0.113926620754
0.112263545279
0.11041753368
0.108374392741
0.106153827378
0.103863889547
0.101424390014
0.100752593425
0.099624039991
0.100356697001
0.0994829487345
0.0989370848634
0.0980590166418
0.0970800107928
0.095962662881
0.0947392234544
0.0934056368339
0.0919725696577
0.0904454262499
0.0888315957063
0.0871388513464
0.0853756509852
0.0835528245484
0.0816791646592
0.0797718089586
0.0778373107094
0.0759048702657
0.0739768069496
0.0721060179714
0.070295464083
0.0687291694549
0.0675305017733
0.0667955254592
0.0665447251383
0.0666647122623
0.066964312031
0.0681918542094
0.0678845319895
0.0679839252331
0.0680979048623
0.068208731362
0.0683084860548
0.0684029426347
0.0684885725466
0.068563160634
0.0686255453988
0.0686678475418
0.0687023569589
0.0687285871007
0.12719830391
0.127186196774
0.127164713109
0.127136902703
0.127093342618
0.127033873141
0.126957734858
0.126864555901
0.12675286867
0.126621439735
0.126468782138
0.126294642737
0.126097698176
0.125875900521
0.125628205063
0.125346213371
0.125035407568
0.124685002279
0.124285267514
0.123842208707
0.123346692275
0.122795787411
0.122183175883
0.121506375238
0.120754481323
0.119914557547
0.118987740109
0.117946612712
0.116770507091
0.115458051119
0.114006592007
0.112371182126
0.110512710178
0.108407496532
0.106033463636
0.103444238425
0.10063042515
0.0975410951622
0.0963263034549
0.0945766898723
0.096423912377
0.0961879169091
0.095919968357
0.095287500917
0.0944608611028
0.0934404000942
0.0922806018358
0.090988262081
0.0895815325654
0.0880709841167
0.0864675839769
0.0847816820311
0.0830240203747
0.0812073907269
0.0793421088503
0.0774482569157
0.0755319571627
0.0736287376457
0.0717363944446
0.0699202666067
0.0681741547578
0.0667222146702
0.0656747211965
0.0651293858918
0.0650811258598
0.0653376611685
0.0657877574011
0.0663716676402
0.0664357826221
0.0665729133392
0.0667131560477
0.0668404855312
0.0669530208915
0.0670549640652
0.0671450599889
0.0672218449441
0.0672848460339
0.0673353077436
0.0673746441184
0.0674015169677
0.126808336375
0.126795354377
0.126770748108
0.126740581497
0.126692935451
0.126628449547
0.12654659424
0.126446938878
0.126328800649
0.126190759083
0.126031051401
0.125847791729
0.125638775603
0.125401357905
0.125131006156
0.124827656259
0.124490482144
0.12410569068
0.123676797329
0.123200969484
0.122663669198
0.122073248926
0.1214213723
0.120694686158
0.119878899359
0.118982000261
0.117986520174
0.116863548256
0.115605927808
0.114212882585
0.112651094745
0.11085663347
0.108811140296
0.106466201643
0.103826138744
0.100815842277
0.0972984013538
0.0928880069294
0.0895118699894
0.0905184474951
0.0924555198987
0.0931075634208
0.0931287001883
0.0926827020881
0.0919723206703
0.0910223511583
0.0899072626676
0.0886427636513
0.087252007006
0.0857493549831
0.0841485266546
0.0824619369156
0.0807024549708
0.0788846751234
0.0770206197373
0.0751334995777
0.0732288092667
0.071349701477
0.069487392226
0.0677233831805
0.0660381647119
0.0647038027544
0.0638101317472
0.0634457806651
0.06350399492
0.0638110398132
0.0647820601744
0.0649461953168
0.0650465430145
0.0651935819268
0.065347133987
0.0654922562303
0.0656204969444
0.0657359039495
0.0658377197063
0.0659243993378
0.0659942742059
0.0660519928798
0.0660917857385
0.0661128451143
0.126446286227
0.126433709421
0.12640844837
0.126374120188
0.126321819331
0.126252014733
0.126164218852
0.126058058863
0.125932843485
0.125787362045
0.125620082463
0.12542789501
0.125207898453
0.124956199873
0.124669495476
0.124344745118
0.12397593468
0.123562120314
0.123101877472
0.122581792963
0.122009071244
0.121383672374
0.120680965655
0.119890251487
0.119027921204
0.118076540198
0.117002783253
0.115810476607
0.114491611433
0.113012712902
0.111328777573
0.109409551249
0.107221311329
0.104722701183
0.101868855461
0.098533164387
0.0946154082703
0.0889567621195
0.0886460380755
0.0886594690149
0.0898761892537
0.0906845887718
0.0907530224169
0.0903426168031
0.0896688555678
0.0887430992997
0.0876428264461
0.0863860627019
0.0849964893064
0.0834897864726
0.0818810411257
0.0801839135303
0.078413075882
0.0765846257633
0.074712543174
0.0728232491051
0.0709215816215
0.0690597285998
0.0672196801823
0.0655033198923
0.0638699164192
0.0626503825115
0.0619175958973
0.061744972413
0.0618923095368
0.062337660044
0.0631749145866
0.063391288048
0.0636048186086
0.0638077003222
0.0639950766695
0.0641687249081
0.0643232701341
0.0644607294281
0.0645817338945
0.064685010573
0.0647696578179
0.0648335004405
0.0648708346614
0.0648809074767
0.126113365467
0.126101780387
0.126074854816
0.126035130226
0.125978884242
0.125903695989
0.125809966729
0.125697668569
0.125566117211
0.125413872945
0.125238711254
0.12503777341
0.124806945914
0.124542177145
0.124239665084
0.123893427517
0.123497797013
0.12305242469
0.12255290063
0.121995445206
0.121386566766
0.120708092528
0.119945213191
0.119114155283
0.118208154972
0.117181983321
0.116043583506
0.114800094098
0.1134104952
0.111848577133
0.110081393961
0.108071827084
0.1057869514
0.103192632885
0.100233687681
0.0968943751869
0.0931421021928
0.0883718376617
0.0883786489559
0.0881996130641
0.0884671942759
0.0889044236587
0.0887986028835
0.0882834115921
0.0875647948252
0.0866158751388
0.085499365634
0.084228780164
0.0828240683383
0.0812997391337
0.0796708360861
0.0779514320339
0.0761576540348
0.0743067562749
0.0724150783639
0.0705122420462
0.0686028200165
0.0667498185789
0.06492366941
0.063252340994
0.06166050232
0.0605468058396
0.0599504299953
0.0598961696745
0.0601338918615
0.0609942719498
0.0615606205508
0.0618722295952
0.0621630624162
0.0624238840665
0.062657597627
0.0628685909767
0.063060870271
0.063228522795
0.0633736418117
0.063495597191
0.0635942472952
0.0636650268622
0.0637088756618
0.0637235207664
0.125808648723
0.125798075535
0.125768429547
0.12572482324
0.125664607205
0.12558300511
0.125482938603
0.125364966865
0.125228295203
0.12507077973
0.124889295565
0.124680074055
0.124438848157
0.124161503613
0.123841959057
0.123472881464
0.123050338561
0.122572601131
0.122036036919
0.121438382554
0.120779866318
0.12004885684
0.119244804711
0.118375601253
0.117402094227
0.116308206356
0.115120436063
0.11382501649
0.11237750055
0.110747262809
0.108905238517
0.106833115009
0.104497475397
0.101852028523
0.0989061706164
0.0957108475907
0.0922692306593
0.0882479348256
0.0883611381828
0.0881403493282
0.0876626892881
0.0875220155117
0.0871439042253
0.0864527181816
0.0856381479005
0.0846338988091
0.0834779131356
0.0821754773213
0.080740571086
0.0791850089769
0.0775228488821
0.0757679921568
0.073937765653
0.0720502590071
0.0701247687722
0.0681939408115
0.0662630313067
0.0644079653027
0.062586411466
0.0609621742984
0.0594159307362
0.0584408161878
0.0579817416486
0.057875841055
0.0581245428923
0.0595057386642
0.0599522639859
0.0603433200084
0.060705718162
0.0610319777604
0.0613289580442
0.0615917506987
0.0618288343709
0.0620331854266
0.0622070622492
0.0623513763821
0.0624663248233
0.0625448831867
0.0625990541403
0.0626269691205
0.125533654425
0.125522467534
0.125491636408
0.125447426002
0.12537932854
0.125289494737
0.125182980669
0.125060981167
0.124921761687
0.124761633268
0.124576073319
0.124360230292
0.124109131751
0.123817508601
0.123478439153
0.123084251887
0.122631272072
0.122118668864
0.121543992362
0.120909310185
0.120207761439
0.119429474166
0.11858325345
0.117657625243
0.116617867287
0.115471148743
0.114234107403
0.112884490957
0.111374924392
0.109691326352
0.107813083912
0.105695464925
0.103314406352
0.100667930905
0.0978046359943
0.094795063283
0.091681076249
0.088231153407
0.0883556758527
0.0880333160126
0.0870296653705
0.0862626235665
0.0856248297575
0.0847685911815
0.0838501887246
0.0827805564018
0.0815737272435
0.0802274509906
0.0787501184866
0.0771506693327
0.0754418918335
0.0736372845598
0.0717552250049
0.0698143755119
0.0678377537206
0.0658605610326
0.0638903453627
0.0620177507133
0.0601861149001
0.0586047637194
0.0571060518491
0.0563488824401
0.0561744015858
0.0561983503064
0.0562081106304
0.0575224123362
0.058159358438
0.0587248649066
0.0592022698625
0.0596219691558
0.0599971506544
0.060330520743
0.0606200264016
0.0608666156086
0.0610728821519
0.0612416111705
0.0613730493838
0.0614662075715
0.061532417263
0.061571569454
0.125295274619
0.125279694333
0.125250394759
0.125204855217
0.125127940104
0.125034397825
0.124927687364
0.124808216024
0.124671269518
0.124510780574
0.1243209028
0.124095964337
0.123830418002
0.123518363485
0.123151657829
0.122723231557
0.12223505885
0.121690035461
0.121084982724
0.120412898021
0.119665045436
0.118845555836
0.117953314616
0.116964158622
0.115860134457
0.114653995974
0.113365693208
0.111973162365
0.11042744962
0.108707337428
0.10676903794
0.104596611084
0.102216683694
0.0996098268974
0.0968394584126
0.094000639933
0.0911532017236
0.088166204993
0.0881686384477
0.0868795025861
0.0860335283779
0.0849017371351
0.0841163976528
0.0831653200534
0.0821692553819
0.0810420479413
0.0797830636075
0.0783864473609
0.0768572652243
0.0752024070136
0.073433595526
0.0715639490202
0.0696127552876
0.0675990252212
0.0655503094828
0.0635034722147
0.0614709742603
0.0595596516648
0.0576965498641
0.056142716006
0.0546632216948
0.0541004407523
0.054047858561
0.0542999105897
0.0561260612765
0.0560791329007
0.0565468978561
0.057115956402
0.0576754862984
0.0582009345632
0.0586656244689
0.0590788476509
0.0594318751055
0.0597276073622
0.0599701765094
0.0601650500056
0.0603130603995
0.0604253890911
0.06050260449
0.0605502925975
0.12510025183
0.125078702392
0.125050823862
0.125004694121
0.124926663127
0.124833801717
0.124731984363
0.124617770832
0.124482093351
0.124317236184
0.124117019519
0.123875603739
0.123587395933
0.123246823127
0.122847431692
0.122386885614
0.121869509766
0.121294615239
0.120655424902
0.11994069467
0.119148726067
0.118283057682
0.117333943744
0.116282554659
0.115121977986
0.113872176438
0.112549645587
0.111110504376
0.10951287498
0.107727697213
0.105729119966
0.103552903925
0.101197102277
0.0986230844738
0.0959420687202
0.0932204458563
0.0905161535058
0.0877830530074
0.0872475414439
0.0844995208375
0.0844568251144
0.0833808570552
0.0825902868093
0.0816237941659
0.08058609426
0.0794157579812
0.0781079848671
0.0766575317905
0.0750688099789
0.0733477798923
0.071505404717
0.0695544619367
0.0675148333629
0.0654056421958
0.0632596007316
0.0611137675646
0.0589893642828
0.0570100359936
0.0550869952715
0.053549767925
0.0520907257672
0.0517172138483
0.051585155817
0.0519351329351
0.0532362539501
0.0538451377078
0.0546212787949
0.0553852026639
0.056100349016
0.0567558934494
0.0573406455767
0.057845599815
0.0582743216486
0.0586290977346
0.0589140912917
0.0591383224128
0.0593077882055
0.0594358540707
0.0595214130525
0.059570829543
0.124942557051
0.12491855024
0.124889039404
0.124841150999
0.124764043005
0.124674531732
0.124581282666
0.124470131982
0.124330144539
0.124154166061
0.123937161251
0.123673605613
0.123358784599
0.122989619738
0.122561090507
0.12207318677
0.121527883954
0.120919818305
0.120240171684
0.119483069453
0.11865021955
0.117737509738
0.116734386716
0.115627400905
0.114419590894
0.113129727726
0.11175546278
0.110252554938
0.108586818197
0.106737492211
0.104715171787
0.102554763889
0.100210267608
0.097683502623
0.0950829562407
0.0924253053666
0.0897267792241
0.0868662250331
0.0855040074199
0.0823838435065
0.0826966443744
0.0818200736908
0.0810973015195
0.0801665001936
0.0791139715804
0.0779115838345
0.0765577449241
0.0750502642535
0.0733947842603
0.0715971223387
0.0696675147121
0.0676181656766
0.0654688260722
0.0632383516461
0.0609646926933
0.0586831529638
0.056429017955
0.0543398171221
0.052310496044
0.050765915836
0.0493508313762
0.0492934458951
0.0492886794128
0.0496752207878
0.0509775658881
0.0516858827312
0.0526163472085
0.0535791936176
0.0544967728297
0.0553157613833
0.056036145282
0.0566509621998
0.057166905217
0.0575899976222
0.0579234107348
0.0581820107503
0.0583780865644
0.0585217511609
0.0586173603875
0.0586664825916
0.124804827606
0.124783124746
0.124750566101
0.124694830639
0.124623315577
0.124550962867
0.124465506786
0.124350814431
0.124199264452
0.124004778421
0.123764651696
0.12347443021
0.123133232499
0.122739661425
0.122288603814
0.121778360237
0.121205531245
0.120563701994
0.119846250712
0.119050013478
0.11817390366
0.117213268618
0.1161588939
0.115001558149
0.113743076776
0.112398034822
0.110955319187
0.109375060303
0.10764041844
0.105745119773
0.103705371705
0.101547882664
0.0992321478979
0.0967877319906
0.09428002355
0.0916816440197
0.0889724454972
0.0860453836305
0.0839509308653
0.0803640440251
0.0809905548767
0.0803535221596
0.079712994372
0.0788360806097
0.0777801965361
0.0765486052503
0.0751475420557
0.0735783947048
0.0718486389904
0.069964076338
0.0679337497564
0.0657685631719
0.0634867877382
0.0611061872463
0.0586686735426
0.0562055013256
0.0537735841153
0.0515180745793
0.0493194200318
0.0477137173037
0.0462319830049
0.0462843721334
0.0465608572321
0.0487650187885
0.0486480163315
0.0493635184917
0.0504393823662
0.0516579083701
0.0528340697968
0.0538808004899
0.0547720657972
0.0555160939129
0.0561295668249
0.056629506099
0.0570233211681
0.0573237347723
0.0575465280887
0.0577039884888
0.0578112696901
0.0578600247796
0.124679342959
0.124665285299
0.124634106282
0.124584481484
0.124530643614
0.124465942918
0.12437323825
0.124242845692
0.124069112666
0.12385038376
0.123588884268
0.123280741696
0.122923291498
0.122511797247
0.122041277546
0.121507642461
0.120905975763
0.120230287225
0.119475595068
0.118640259607
0.117721760392
0.116713674429
0.115605527168
0.114392238312
0.113078826826
0.11167104889
0.110150029425
0.108489444598
0.10667375834
0.104708757959
0.102645552712
0.10050869717
0.0982531615479
0.0959383823248
0.0935672997479
0.0910533476839
0.0883442366624
0.0852975364015
0.082642087985
0.0787196474881
0.0794988369529
0.0790909533412
0.0785128998331
0.0776802623651
0.0766175509722
0.0753505820973
0.0738961971608
0.0722587311489
0.0704468438079
0.0684657144173
0.0663221827223
0.0640245478278
0.061587635992
0.0590265947128
0.0563836501687
0.0536826126289
0.0510087517632
0.0485037874366
0.0460620262425
0.0443835921448
0.0427690877271
0.0427509265076
0.0432013632341
0.0447850154385
0.0454672803454
0.0465870789112
0.0479964587545
0.0495791160188
0.0511043160174
0.0524391408888
0.0535536947053
0.0544580097101
0.0551832562228
0.0557635378273
0.0562206161439
0.0565685023408
0.0568229359157
0.0569932618131
0.0571109485017
0.0571640284715
0.124579685319
0.124572401022
0.124547664684
0.124511409054
0.124465861958
0.124391232118
0.124278163001
0.124126134589
0.123935861364
0.12370573179
0.12343213713
0.123110721731
0.122737521713
0.12230776108
0.121816069216
0.121256913955
0.120625351426
0.119916645005
0.119127968736
0.118256854073
0.117297000953
0.11624137443
0.115082949824
0.113817715988
0.112443902481
0.110958703983
0.109346715843
0.107585045189
0.1056638805
0.103622912357
0.101531485607
0.0993941676867
0.09722183616
0.0951259438458
0.0929782875765
0.0906272061635
0.0879914641526
0.0849497351551
0.0818129499057
0.0773307565892
0.078287439745
0.0781160562183
0.077566513252
0.0767454564785
0.0756590491536
0.074342380026
0.0728236842937
0.0711093762323
0.0692076918004
0.0671218285387
0.0648548253094
0.0624104421246
0.0597976299341
0.0570268269888
0.0541351192424
0.0511356413375
0.0481401664613
0.0452517847878
0.0424193627406
0.0406082704825
0.0389351769408
0.039304046503
0.0399845125547
0.0410001977587
0.042016578314
0.0435346611389
0.0453649985017
0.0473656784511
0.0493292392613
0.0510156791713
0.0523952544667
0.0534917021381
0.054347094654
0.0550153194208
0.0555315192499
0.0559205308247
0.0562071213207
0.0563977109471
0.0565226835815
0.0565890886093
0.124509141249
0.124503622355
0.124482862446
0.124452956971
0.124404876305
0.124312029564
0.124184329143
0.12402339129
0.123824419349
0.123583850069
0.123297804655
0.122962008597
0.122572030384
0.122122783169
0.121607759253
0.121022193594
0.120366039218
0.119635018698
0.118820891897
0.117917022183
0.116917538231
0.115817018287
0.11461034734
0.113290163365
0.111846567544
0.11027164454
0.108554296916
0.106672722362
0.104624758407
0.102473482441
0.10030745534
0.098163368217
0.0961103328735
0.0943220496344
0.0925326530158
0.0904825189584
0.0880098207057
0.0850423385394
0.0815623812987
0.0764737552141
0.0774725789954
0.0775127792495
0.0769463301828
0.0760801734094
0.0749366750398
0.0735467115279
0.0719475156306
0.0701464231724
0.0681485807614
0.0659528532359
0.0635560980887
0.0609547585087
0.0581486124516
0.0551400022439
0.0519549195428
0.0485983516867
0.0452022794764
0.041779515369
0.038349687555
0.0360315674546
0.0336332369948
0.0346811155407
0.0381741580647
0.036936007039
0.0381448789762
0.0401705229585
0.0425666746193
0.0450662809096
0.0475199715473
0.0496395729533
0.0513192759721
0.0526292350794
0.0536287916386
0.0543909551175
0.0549721133733
0.0554014706889
0.0557113996346
0.0559216572376
0.0560561097661
0.0561335333877
0.124456011879
0.124448825239
0.124433408539
0.124406611566
0.124351280949
0.124246178554
0.124111831202
0.123942421272
0.123733842889
0.123482233919
0.123183416372
0.122832745464
0.122425496403
0.121956153258
0.12142054184
0.120819364884
0.120150792109
0.119403149701
0.118565087371
0.117629694196
0.116592195064
0.115448991318
0.114197058744
0.112823885747
0.111306617461
0.109632422389
0.107796011557
0.105776759435
0.103571401597
0.101249316652
0.0989531832676
0.0967806121475
0.0948716825039
0.0935137542443
0.0922343087449
0.0906725416605
0.0885132655086
0.0857202194219
0.082233751549
0.0765835161981
0.0772774996127
0.0773943546498
0.0767418893544
0.0757382084566
0.0744757858912
0.0729762192771
0.0712763036762
0.0693795291176
0.0672832617329
0.0649785053128
0.062453002899
0.0596924352688
0.0566826613055
0.0534106063217
0.0498803377251
0.0460883202684
0.0421751005834
0.0380808261276
0.0340793899475
0.0311886210478
0.0271336466678
0.02780738656
0.0307641197097
0.030885027805
0.0333135495152
0.0363989523693
0.0396444458985
0.0427937496741
0.0457600028898
0.0483450810927
0.0503571655617
0.0518857356244
0.0530336824984
0.0538882937959
0.0545318072382
0.055007507721
0.0553439826661
0.0555678767272
0.055704947718
0.0557700057068
0.124424072587
0.124417133661
0.124402300777
0.12437038737
0.124307176903
0.124198143287
0.1240581891
0.123880563911
0.123662592559
0.123400274457
0.123089409897
0.122724968291
0.122301704259
0.121816512302
0.121269092923
0.120660055418
0.119983731246
0.119223143159
0.118363905635
0.117400693958
0.116328840663
0.115146091531
0.113856315423
0.112442221403
0.110856276524
0.109075225965
0.10711132005
0.104949652639
0.102535595297
0.0999690452213
0.0974514425493
0.095252728885
0.0933137046078
0.0928138816129
0.0920446509451
0.091130337168
0.0896810373791
0.0872113683795
0.084245828323
0.078214058337
0.0781297102257
0.0779511641201
0.0770298654917
0.0757371683732
0.0742661541406
0.0726183444693
0.0708047115923
0.0688126933003
0.0666257446959
0.0642237842742
0.0615835988241
0.0586778913439
0.0554745261905
0.0519351937583
0.0480224486411
0.0436911190306
0.0390105239029
0.0338908068194
0.029246965717
0.0261442263922
0.021041627316
0.0202592620257
0.0199528173568
0.0230066860369
0.0277052815132
0.0324251560401
0.0367924116945
0.0407070305284
0.0442042650947
0.047223934169
0.0495583102919
0.0512854499354
0.0525672032255
0.0535101904
0.0542045138035
0.0547142641901
0.0550754317822
0.0553128414511
0.0554509589392
0.0555022663436
0.124408844879
0.124402355416
0.124380402376
0.124341052842
0.124277951945
0.124168254188
0.124024323236
0.12383797475
0.123611235684
0.123340704601
0.123022028579
0.122648041132
0.122213491718
0.121716263788
0.121157547753
0.120543351629
0.119865932728
0.119097241191
0.118222005007
0.117238484936
0.116136333985
0.114919450661
0.11361881691
0.112196298403
0.110552391385
0.108659769291
0.106558402937
0.104241247699
0.101632592901
0.0987655440691
0.09595446023
0.0935527827071
0.0930204352071
0.0923252078118
0.0920500797835
0.0918106950171
0.0904553350041
0.0895672652923
0.0891023157721
0.0822447799275
0.0807330787001
0.0792666309373
0.0776639602117
0.0759439756799
0.0742233252859
0.0724304952903
0.070520553434
0.0684550266424
0.0662018870194
0.0637306554334
0.0610088120641
0.0579980692757
0.0546501155406
0.050900347187
0.0466611031597
0.0418029587236
0.0361856000307
0.0295029238421
0.0226171522362
0.0151793051383
0.00581283886041
0.0102534683047
0.00381871952219
0.0134177804122
0.0218938477383
0.0287491500614
0.0343693404876
0.0390403680319
0.0430129733482
0.0463965575478
0.0489874774294
0.0508535884355
0.0522342227083
0.0532492975177
0.053986892918
0.0545208186638
0.0548985293391
0.0551478290178
0.0552950875285
0.0553529056707
0.124403237001
0.124395055091
0.124363340388
0.124319744869
0.124256094256
0.12416211231
0.12401952153
0.123823054086
0.123592386394
0.123319907036
0.122997131788
0.122615075056
0.122167717426
0.12165467599
0.121083636485
0.120472554166
0.119809940524
0.11904769766
0.118162880428
0.117166265262
0.116054036725
0.114829846287
0.113513609404
0.112070289109
0.110397205567
0.108438953417
0.106236978835
0.103787872217
0.100947348532
0.0978679186124
0.0943657250049
0.093629416082
0.0928713007483
0.0924078545815
0.092016485171
0.0914814069549
0.0905442428575
0.089584828425
0.0894693976388
0.089451320549
0.0846737565379
0.0805661412196
0.0780946744404
0.0760821769521
0.0742257386161
0.0723632368806
0.070410271718
0.0683132380141
0.0660323792519
0.0635324386716
0.0607767852103
0.0577223068459
0.0543134017315
0.0504729485929
0.046087349407
0.0409745765482
0.0348306162683
0.027011296814
0.0164569021494
-0.00260265109526
-0.0206854871637
-0.00215337109984
0.00176155241012
0.00285385019278
0.0175195975323
0.0262846378248
0.0328954511165
0.0380860335406
0.0423583230034
0.045963479821
0.0487035166887
0.0506350392409
0.0520613613721
0.0531164453598
0.0538815677359
0.0544290870148
0.0548132814963
0.0550693929812
0.0552284946951
0.0552940396517
)
;

boundaryField
{
    frontAndBack
    {
        type            empty;
    }
    upperWall
    {
        type            zeroGradient;
    }
    lowerWall
    {
        type            zeroGradient;
    }
    inlet
    {
        type            zeroGradient;
    }
    outlet
    {
        type            fixedValue;
        value           uniform 0;
    }
}


// ************************************************************************* //
