/*--------------------------------*- C++ -*----------------------------------*\
| =========                 |                                                 |
| \\      /  F ield         | OpenFOAM: The Open Source CFD Toolbox           |
|  \\    /   O peration     | Version:  v1806                                 |
|   \\  /    A nd           | Web:      www.OpenFOAM.com                      |
|    \\/     M anipulation  |                                                 |
\*---------------------------------------------------------------------------*/
FoamFile
{
    version     2.0;
    format      ascii;
    class       volScalarField;
    location    "705";
    object      p;
}
// * * * * * * * * * * * * * * * * * * * * * * * * * * * * * * * * * * * * * //

dimensions      [0 2 -2 0 0 0 0];


internalField   nonuniform List<scalar> 
6400
(
0.14593824627
0.145941422897
0.14595051212
0.145968333901
0.145994915715
0.146030234591
0.146074261922
0.146128094116
0.146192775721
0.146270015026
0.146366054834
0.146484220724
0.146621867105
0.146778903031
0.146957257728
0.147159527049
0.147387450934
0.147641033219
0.147918120917
0.148213253536
0.14852083605
0.148842442354
0.14918569695
0.149558557699
0.1499659431
0.15040772846
0.150880418325
0.151381318745
0.151909926398
0.152466788
0.153052244746
0.15366426753
0.154296772286
0.154943556316
0.155601727921
0.156268529751
0.156944301418
0.157634861422
0.158338769853
0.159047032687
0.159760432796
0.160491089939
0.161245096706
0.162014313841
0.162787501819
0.16355672184
0.164315923467
0.16506039413
0.165785823291
0.16648842171
0.167165008104
0.167810059717
0.168414494691
0.168967313498
0.169466218639
0.169915451761
0.170310793604
0.170642735094
0.170909015503
0.171117201826
0.171274267719
0.171384866078
0.171453670219
0.171496645288
0.171530164396
0.171561619402
0.171584321415
0.171590880102
0.171582037875
0.171562579411
0.171535739932
0.171502746802
0.171464369165
0.1714246173
0.171384631814
0.171346958067
0.171313640911
0.171290917668
0.171275895246
0.171269471
0.145933633778
0.145937018145
0.145945299481
0.145962704725
0.14599078262
0.146027550669
0.146072050383
0.146124147496
0.146186807531
0.146263822005
0.146359506701
0.146476638108
0.146614569038
0.146772544614
0.146951062831
0.147151962808
0.147379105788
0.147633351075
0.147911753258
0.148207430094
0.148513075423
0.14883256262
0.149175206179
0.149548079125
0.14995593142
0.15039847202
0.150871503867
0.15137301504
0.151902577545
0.152460193405
0.153045772358
0.153658242074
0.154291727964
0.154938628267
0.155596905588
0.156263974765
0.156939672289
0.157630749562
0.158335846062
0.159045021021
0.159757913439
0.160489170408
0.161246430711
0.162018125285
0.162792608712
0.163563259492
0.164323990563
0.165070318145
0.165797527685
0.166500617004
0.167176375325
0.167822526348
0.168431619684
0.168986695252
0.16948730371
0.169939309429
0.170333272244
0.17066234052
0.17092814037
0.171135411943
0.171289748437
0.171399573027
0.171468930583
0.171513176648
0.171548499562
0.171580879873
0.171603190154
0.171606878254
0.171594617166
0.17157207912
0.171542434511
0.171506648165
0.171465062718
0.171421598384
0.171379648048
0.171341219224
0.171309034607
0.171286035872
0.171270943105
0.171265805724
0.145920617746
0.145926191011
0.145933749432
0.145949783837
0.145976937095
0.146017740139
0.146065724505
0.14611632757
0.146176040438
0.146251396519
0.146346242039
0.146462814718
0.146601027087
0.146759813268
0.146938387385
0.147135911244
0.147360658498
0.14761954364
0.147900974811
0.148195243677
0.148496721902
0.148811049995
0.149152697579
0.149527860632
0.149936664757
0.150379135746
0.150853388985
0.151356718948
0.151887876094
0.152446806605
0.153033235771
0.153646790161
0.154282347545
0.154928999699
0.155586121226
0.156254819279
0.15693085654
0.157621333484
0.158327756832
0.159040194099
0.159759159287
0.160495065311
0.161252607378
0.162024440726
0.162800530816
0.163573454255
0.164337266998
0.165086964759
0.165817750998
0.166525101143
0.167205233694
0.167853491932
0.168461408897
0.169019999819
0.169527993174
0.169982003196
0.17037410457
0.170701472718
0.170965801332
0.171171302394
0.171324322526
0.171431714609
0.171501074603
0.171549779194
0.171591243572
0.171624881903
0.171642852215
0.171640486191
0.171621666825
0.171592521154
0.171556309812
0.171513633006
0.171466334467
0.171418449601
0.171372818089
0.17133230595
0.171299875195
0.171276497905
0.171261717114
0.171256261435
0.145901896432
0.145907639004
0.14591417601
0.145928993834
0.145952980336
0.145993711421
0.14605388837
0.146104701897
0.146160065752
0.146232531362
0.146325976327
0.146442235762
0.14658110023
0.146739925424
0.146918404377
0.147120099576
0.14734891467
0.14760501937
0.14787812994
0.148161319473
0.148458766432
0.148776662049
0.149120811702
0.149496693502
0.149906650422
0.15035060754
0.150826752884
0.151332303294
0.151865756708
0.152426531859
0.153015003128
0.153630143175
0.154267305147
0.154916928172
0.15557178224
0.156237814689
0.156917262546
0.157608585069
0.158313849788
0.159030525147
0.159757642339
0.160500138754
0.161260760429
0.16203463057
0.162813555493
0.163590189288
0.164358400477
0.165112908581
0.165848833137
0.166561572632
0.167246666005
0.16789868258
0.168510329514
0.169074709375
0.16958753457
0.170043097862
0.170435087755
0.170761390745
0.171023949172
0.17122729671
0.171378096302
0.171484615815
0.171558608472
0.17161617387
0.171662921965
0.171693912244
0.17170587305
0.171694746845
0.171665032577
0.171624729969
0.171578265666
0.17152646467
0.171470976454
0.171414056491
0.171360348774
0.171316596707
0.171284019597
0.171258281338
0.17124055526
0.171233299405
0.1458724812
0.14587386935
0.145881899891
0.145897187234
0.14592386138
0.145962471336
0.146017925313
0.146073344796
0.146132134047
0.146205183978
0.146297549311
0.146413729901
0.146553838993
0.146718150146
0.146904116099
0.147106537607
0.147328412484
0.147571420208
0.147833657289
0.148113975881
0.148412735664
0.148732143533
0.149077940372
0.149455516807
0.149867096969
0.150312941062
0.150791160538
0.151299503731
0.151835912114
0.152399727699
0.152990321602
0.153608959713
0.154250098479
0.154897705193
0.155551562298
0.156216473391
0.156894280312
0.157588022662
0.158297363705
0.159019992656
0.159755096415
0.160504922058
0.161270577529
0.162048407928
0.162831689874
0.163613455137
0.164387468206
0.16514824612
0.165890794961
0.166610356281
0.167302032268
0.167960112598
0.168577901211
0.169148831061
0.169666827972
0.170125066743
0.170517915012
0.17084388696
0.171105373796
0.171307630179
0.171458490966
0.171568228936
0.171649947433
0.171714832923
0.171760895997
0.171789499306
0.171796021635
0.171774133285
0.171728993332
0.171671836685
0.171609975999
0.171544251672
0.171473660245
0.171401386137
0.171338268579
0.171289908693
0.171252586055
0.171219670649
0.171199401065
0.171192327019
0.145819186579
0.145819503355
0.145832511517
0.145848572685
0.14587824964
0.1459193381
0.145971485594
0.146027807316
0.146091564724
0.146167040965
0.146258103599
0.146374967896
0.146524106223
0.146697300336
0.146882657977
0.147078905148
0.147290809411
0.147524634976
0.147781924997
0.148060062683
0.148357053532
0.148676730075
0.149024394931
0.14940426697
0.149818083709
0.150265665753
0.150746707253
0.151258054803
0.151798525897
0.152366128285
0.152961162865
0.153581949459
0.15422299518
0.15487419586
0.155525064109
0.156186061323
0.156865179144
0.157563234745
0.158278270256
0.159007996237
0.159751471006
0.160509445862
0.16128188286
0.162065635556
0.162854986064
0.163643422174
0.164424723848
0.165193284797
0.165944011603
0.166672007044
0.16737212602
0.168038528626
0.168664614696
0.169243402098
0.169767593239
0.170229903048
0.170625306045
0.170952964665
0.171215927668
0.171420440289
0.171575497799
0.17169239702
0.171783438239
0.171850380971
0.171895129834
0.171919364403
0.171918425322
0.171883268685
0.171817995438
0.171737523592
0.171653462758
0.171564911621
0.171469466826
0.171377752765
0.171302577075
0.171245635424
0.171198554049
0.171159848422
0.1711384867
0.171129812151
0.145738113632
0.145744500036
0.145765538897
0.145789080113
0.145815246609
0.145857117088
0.14591135524
0.145970205771
0.146037786391
0.146116323514
0.146211751086
0.146332726863
0.146489913238
0.146662548353
0.146843361264
0.147031563224
0.147237079238
0.14746838855
0.14772358324
0.147996720605
0.148290957394
0.148611314444
0.148960646463
0.149342341896
0.149758734275
0.150210351222
0.150692820309
0.151207788354
0.151753113186
0.152327873281
0.152927110402
0.153548257281
0.154190091411
0.154837110779
0.155487341876
0.156149027701
0.156831414592
0.157534859997
0.158256640242
0.15899431255
0.159746756064
0.160513817203
0.16129464607
0.162086229578
0.162883464314
0.163680241551
0.164470438571
0.165248415986
0.166009031712
0.166747304225
0.167457940487
0.168134945749
0.16877147065
0.169359899959
0.169892184209
0.170361044879
0.170762161502
0.171095421937
0.171364455418
0.171575942652
0.171739258713
0.171865432922
0.171962513349
0.17203028748
0.172080422466
0.172100292956
0.17208350072
0.172026960831
0.171935561165
0.171825213122
0.171708797124
0.171584956021
0.171455389377
0.171338901037
0.171246276379
0.17117527326
0.171116999827
0.171076522555
0.171056717322
0.171047634291
0.145642036526
0.145654248141
0.145678272627
0.14571168276
0.145740683817
0.145784595276
0.145837598938
0.145899653423
0.145972112236
0.146049012739
0.146153253885
0.146287375282
0.146443129693
0.146612479827
0.1467865695
0.146967675619
0.147172300849
0.147404142262
0.147654523368
0.147922712428
0.14821482148
0.148535377747
0.148886193758
0.149270803845
0.149690727186
0.150145559263
0.150632292407
0.151147582202
0.15170039829
0.152284817526
0.15288603706
0.153504607316
0.154144621285
0.154789600248
0.15543903984
0.156105422774
0.15679340563
0.157503094692
0.158232317072
0.15897871562
0.159740906681
0.160518111786
0.161308895198
0.162110177359
0.162917178057
0.163724096126
0.164524955395
0.165314166034
0.166086596447
0.166837228033
0.167560663484
0.168250706978
0.168900126975
0.169500757699
0.170044257831
0.170523771691
0.170935770115
0.171280500083
0.171561030213
0.171783172201
0.171955881072
0.172089251916
0.17218997849
0.172262998272
0.172314655569
0.172338626214
0.172302463178
0.172215026106
0.172088855972
0.171938624942
0.171776804879
0.171603124714
0.171428233043
0.171276398382
0.171158289963
0.171069564764
0.17100668595
0.17096986193
0.170956130606
0.17095108991
0.145535864556
0.145551518539
0.145576047196
0.145605310167
0.145641808511
0.145694526992
0.145748306577
0.145812463776
0.145893335168
0.145976141848
0.146078758997
0.146222074519
0.146380926466
0.146544876047
0.146713156562
0.146894082752
0.147098266765
0.147327227303
0.147573119123
0.147838534596
0.148129152193
0.148449048922
0.14879981201
0.149186365777
0.149613985397
0.150070878765
0.150562337764
0.151085688786
0.15164044314
0.15222646623
0.152833613517
0.153457878275
0.154087822612
0.154728573869
0.155382854092
0.15605593906
0.156750786716
0.157467660677
0.158205075793
0.158960994936
0.159733849722
0.160522372908
0.161324670844
0.162137507901
0.162956225342
0.163775229437
0.164588718728
0.165391219406
0.166177654804
0.166943003236
0.167681796282
0.168387658539
0.169053048911
0.169669551432
0.170229025108
0.170725337681
0.171155432159
0.171518554579
0.171814955465
0.172049044251
0.172231118477
0.172372538348
0.172479309642
0.172553775933
0.172597311366
0.172619879516
0.172586846112
0.172461200995
0.172289318091
0.172086970074
0.171863129622
0.171621381015
0.171381390587
0.171175746524
0.171021997175
0.170919141867
0.170863561063
0.170840681966
0.170838273741
0.170841130881
0.145417835414
0.145435657631
0.145464214233
0.145492652484
0.14553214073
0.145585537963
0.145641934091
0.145706642982
0.145788223651
0.145888294108
0.145996517789
0.146140460934
0.146300517816
0.146461019554
0.146623847417
0.146807740375
0.147015303831
0.147239361921
0.147479859993
0.147742932874
0.148033269222
0.14835368193
0.14870483772
0.149090295557
0.149524500891
0.149990227244
0.150479026901
0.151009578459
0.151569876898
0.152160556619
0.15277106001
0.153393501718
0.154022631952
0.154661044131
0.155319669282
0.156000297737
0.156703129839
0.157428214805
0.158174671245
0.158940938476
0.15972545214
0.160526576544
0.161342000842
0.162168273542
0.163000746254
0.163833961324
0.164662296954
0.165480438127
0.166283393247
0.16706616004
0.16782325929
0.168548265966
0.169233609444
0.169871101961
0.170453293165
0.170974756049
0.171431732562
0.171819881327
0.172134274576
0.172381197771
0.172576830464
0.172733435626
0.172849371062
0.172918863173
0.172943408289
0.1729344935
0.17289407775
0.172781747112
0.172553100231
0.172280750949
0.171978821754
0.17164572129
0.171302729709
0.171010009317
0.170809728018
0.170706119567
0.170677396515
0.170684150211
0.170700158759
0.170714041338
0.145282795994
0.145299782255
0.145330934128
0.145364675611
0.145412878424
0.145461296322
0.145518766262
0.145586331434
0.145660776986
0.145770406191
0.145893351801
0.146038427771
0.146199124849
0.146360557355
0.146522908624
0.146707817317
0.146917068467
0.147138198662
0.147374745297
0.147634635597
0.147924089252
0.148246556442
0.148602975257
0.148988616407
0.14941839829
0.149897243813
0.150394856271
0.150925491386
0.151487817315
0.152073954095
0.15269165389
0.15331730182
0.153944880046
0.154585629219
0.155250051605
0.155938530373
0.156650079034
0.157384385836
0.158140847014
0.158918349874
0.159715553678
0.16053063032
0.161360867722
0.162202530394
0.163050912725
0.163900672485
0.164746379613
0.16558288331
0.166405271592
0.167208588841
0.167987453638
0.168735656437
0.169446087738
0.170111441018
0.17072532717
0.17128226136
0.171775278944
0.172194418444
0.172529113112
0.172793844619
0.17301601366
0.173203915284
0.173335571063
0.173392517314
0.17337886484
0.173311553747
0.173215119919
0.173107270193
0.17289012386
0.17254701506
0.172153895888
0.171694137908
0.171173073953
0.170729707649
0.17047277962
0.170396613916
0.170432910448
0.17049579461
0.170541962736
0.170574284112
0.145126739794
0.145140278632
0.145165375597
0.145208247255
0.145267418246
0.145316768052
0.145375942176
0.145450358802
0.145523765622
0.145630476026
0.145764873516
0.145913981226
0.146074763503
0.146238844835
0.146408626431
0.146596586372
0.146804807497
0.147023192421
0.147257494343
0.147514453295
0.147800293581
0.148120900898
0.148486971074
0.148884683298
0.149309624383
0.149788783017
0.150295462874
0.150824546021
0.151396694021
0.151988646687
0.152599112706
0.153221371404
0.153851707432
0.154500955106
0.155173367876
0.155870260673
0.156591201333
0.157335721699
0.158103283575
0.158893032312
0.159703975101
0.160534380838
0.161381202979
0.162240312667
0.163106903644
0.163975787731
0.164841758507
0.165699800467
0.166545031403
0.167372556677
0.168177257457
0.168953557126
0.169695552533
0.170397628752
0.171054354608
0.17165773918
0.17219519032
0.172656763582
0.17301890306
0.173308797066
0.173581862463
0.173837176839
0.174004153077
0.174041656515
0.173966326776
0.173811691514
0.173616812329
0.17344270275
0.173242321806
0.172893113698
0.172456257435
0.171830323935
0.170955968409
0.170217953862
0.169906760756
0.169932289456
0.170120872591
0.170290616197
0.170377812966
0.170446255786
0.144949229489
0.144959836891
0.144975935968
0.145023856393
0.145084448593
0.145142198573
0.145205952126
0.145288091348
0.145369683388
0.14547589874
0.145615541559
0.145767650572
0.145928265051
0.146091264852
0.146270960235
0.146469374387
0.146677328868
0.146893612849
0.147127009596
0.147382712696
0.147664873784
0.147979142208
0.148346175198
0.148765223369
0.149197441442
0.14966583884
0.150184329773
0.150720232132
0.151284833085
0.151881180394
0.152494168021
0.153115335566
0.153748835347
0.154406288114
0.155088158926
0.155794691856
0.156525902518
0.157281554539
0.15806140622
0.158864714559
0.159690613205
0.160537685305
0.161402853673
0.162281583852
0.16316886609
0.164059730013
0.164949277942
0.165832580817
0.166704657649
0.167560647033
0.168395912674
0.169206113057
0.169987576728
0.170737189545
0.171449091197
0.172107844023
0.172700224449
0.173248460279
0.173655395556
0.173973484348
0.174389964704
0.17481807785
0.175047913587
0.175021814808
0.17480929309
0.174491275516
0.174123916496
0.173792194439
0.173531922114
0.173244249222
0.173001892701
0.172200446727
0.170659369151
0.169362150637
0.168992973657
0.169258393487
0.169776584491
0.170132176599
0.170222956995
0.170369183725
0.144751342772
0.144763570112
0.144784956528
0.144821983736
0.144877156382
0.144940597202
0.145010236592
0.145096802798
0.145191511851
0.145301081063
0.145445039824
0.145599999757
0.145761993513
0.145924833981
0.146107786834
0.146316095543
0.146528576219
0.146746847443
0.14698125025
0.147237379224
0.147518175277
0.147827062288
0.148189491245
0.14862089527
0.149069806946
0.149536425423
0.15005863143
0.150603830284
0.151165029972
0.151758768343
0.152367639803
0.152989917791
0.153633820073
0.154301491965
0.15499361101
0.155710819293
0.156453525475
0.157221425744
0.158014526213
0.158832694024
0.159675140265
0.160540457896
0.161425720636
0.162326237437
0.163236835091
0.164152829466
0.165069749531
0.165982664928
0.166886252489
0.167775590117
0.168646782218
0.169497541508
0.170327639614
0.17113700778
0.171915264573
0.172633642118
0.173325053849
0.174105578083
0.174467672876
0.174530401982
0.174402393696
0.174576499533
0.174779706474
0.174780340013
0.174604457883
0.174337113046
0.174036591919
0.17375342546
0.173526112841
0.173434718015
0.173802132922
0.173581377173
0.170125862307
0.166848368136
0.166970899734
0.168093515715
0.16949053146
0.170149001346
0.170068286146
0.170421797704
0.144528309531
0.144542219243
0.144574073051
0.144601266685
0.144649977335
0.144715273152
0.144789784482
0.144882315115
0.14499270079
0.145105289207
0.145252514173
0.145410786783
0.145575852716
0.145742044247
0.145927737995
0.146141090569
0.146358572649
0.146581403621
0.146818799401
0.147076512681
0.14735796139
0.147665425534
0.148019423193
0.148449144466
0.148923483875
0.149399412743
0.149910644664
0.150471399785
0.151042697438
0.151622043996
0.152225312965
0.152852934835
0.153506234746
0.154184893196
0.154888585976
0.155617731866
0.156372918907
0.157154421406
0.157962204326
0.158796398577
0.159656883793
0.160542319632
0.161449675382
0.162374179092
0.163310724565
0.164255191391
0.165203746564
0.166151361086
0.167091882825
0.168019947296
0.168932909226
0.169831648834
0.170720210612
0.171600931337
0.172454592587
0.173233460754
0.173801229045
0.174002703411
0.174224676416
0.174405529029
0.174472605287
0.174529991621
0.174638037475
0.174618333583
0.174444680053
0.174172508059
0.173849919056
0.173513090628
0.17318921399
0.172850720504
0.172391689739
0.170881760827
0.168631834802
0.167522585755
0.167930375431
0.169067072326
0.170472546511
0.171314904422
0.169332357179
0.170700507226
0.144275608958
0.144289122851
0.144320310285
0.14435000129
0.144396667566
0.144464028576
0.144541526203
0.144635365755
0.144760842478
0.144885417669
0.14503582182
0.145198410605
0.145368468369
0.145541019619
0.145731370357
0.145947716769
0.146169281791
0.146397523662
0.146639155247
0.146899461994
0.147182274099
0.147490653672
0.147839221361
0.14826182605
0.148752951307
0.149248343977
0.149753153386
0.150307832355
0.150889977395
0.151475342535
0.15207507157
0.152705111198
0.153366529004
0.154056350254
0.154772399827
0.155514398396
0.156283245057
0.157079464048
0.157903400122
0.158755223731
0.159635243584
0.160542658279
0.161474379332
0.162425254982
0.163390250722
0.164366475085
0.16535150251
0.166339864379
0.167323167091
0.168295361407
0.169256508511
0.170211371074
0.171167763416
0.172138091092
0.173055530214
0.173325143786
0.173589579757
0.173856923631
0.174073714671
0.174235295394
0.17429587691
0.174305565286
0.174306679462
0.174218395243
0.174006302306
0.17369657494
0.173323577232
0.172910919435
0.17246981758
0.171932767473
0.171180206885
0.170021700868
0.168701395522
0.167885591426
0.167935031457
0.168652777632
0.169606208744
0.169997590692
0.171039262364
0.17257119883
0.143995079892
0.14400793731
0.144040761012
0.144071620192
0.144119462736
0.144188035789
0.144268168397
0.144360160621
0.144489562473
0.144631643783
0.144790465841
0.144959259947
0.145136390704
0.145319554892
0.145515719189
0.145735256686
0.145960950585
0.146195293162
0.146442008805
0.146705890632
0.146990770318
0.147300295477
0.147645846218
0.148059547767
0.148552662395
0.149077070704
0.14959312205
0.150135610867
0.150713286405
0.151301795472
0.151905789793
0.152543184102
0.153213760593
0.153914796307
0.154643872555
0.155399994314
0.156183556522
0.156995718373
0.15783711582
0.158708230404
0.159609506236
0.160540664808
0.16149909836
0.162479173682
0.163475341948
0.164486365347
0.16551248206
0.166547766658
0.167580078829
0.168602226048
0.169618457674
0.170636975926
0.171672739778
0.172660410321
0.172890060319
0.173128687277
0.173401364034
0.173647466351
0.173828354265
0.173940805976
0.173970967246
0.173932918016
0.173840474505
0.173664203895
0.173381327824
0.173000799072
0.172542562993
0.172019835314
0.171431689712
0.170753213759
0.169896015001
0.168804756282
0.167631977786
0.166790961191
0.166611729923
0.167056394764
0.167942980393
0.169173764436
0.171227843502
0.173481352099
0.143689408804
0.143700696355
0.143729321322
0.14376467759
0.143818593638
0.1438888161
0.143973396249
0.144065641502
0.14419550038
0.144348864369
0.144515697606
0.144690501384
0.144873523249
0.145070930746
0.145276919878
0.145500205834
0.145730959981
0.145973100398
0.146226274979
0.146494881445
0.146782770232
0.147093746645
0.147437753596
0.147844150091
0.14833275647
0.148876480972
0.149415606143
0.149955843916
0.150523440543
0.151109400242
0.151719396297
0.152364905493
0.153045373548
0.153757857008
0.154500787358
0.155272611079
0.156072636616
0.156901956505
0.157762352534
0.158654288088
0.159578563282
0.160535681143
0.161523480864
0.16253572275
0.163564997603
0.164612548824
0.165685995904
0.166778131036
0.167864827139
0.168940412319
0.170017175798
0.171113214972
0.172153640058
0.172430598225
0.17268503948
0.17291879854
0.173152158064
0.173346969606
0.173473228005
0.173520847632
0.173483089914
0.173362229729
0.173162593322
0.172873638683
0.172483071212
0.17199255368
0.171411850965
0.170747748862
0.169998086639
0.169153527104
0.168147277188
0.166951440258
0.165714181276
0.16471417071
0.164178100038
0.164157676422
0.164663198752
0.165796205993
0.168119947572
0.170127745584
0.143362237416
0.143372230383
0.143395154402
0.143435603054
0.14349484577
0.143566599243
0.143655001943
0.143752070959
0.143880038831
0.144040101181
0.144212892183
0.144392629042
0.144578877223
0.144785866077
0.145007764085
0.145238025142
0.145475052484
0.145726281198
0.145988867851
0.146264408125
0.146557097952
0.14687008952
0.147213901805
0.147614878761
0.148093869874
0.148638488392
0.149202061237
0.14975715391
0.150323406634
0.150907727951
0.151518502864
0.152170305665
0.152860607875
0.153583634501
0.154341591368
0.155130646139
0.155947926613
0.156796168085
0.157677389945
0.158592422907
0.159541781601
0.16052643356
0.16154537474
0.162593596539
0.163664599222
0.164759300126
0.165882732155
0.167023462211
0.168164755146
0.169305228898
0.170454065803
0.171580150887
0.1718941467
0.172171710527
0.1724229177
0.172636843111
0.172813899444
0.172935715716
0.172980816104
0.172937654989
0.172801112711
0.172570587688
0.172246634377
0.171824500789
0.171297571688
0.170664630873
0.169928704391
0.169091124162
0.168147307122
0.167085688503
0.165890084132
0.164510289341
0.163012526576
0.161588421089
0.160367636328
0.159367625845
0.158533724287
0.157688342238
0.156376217866
0.153572286322
0.143015084133
0.143024957496
0.143046474081
0.143091687858
0.143151645139
0.143222648041
0.143310208429
0.143413897548
0.143539941996
0.143704367557
0.143882377873
0.144067074205
0.144257661546
0.144468800912
0.144704720845
0.144946058407
0.145191758673
0.145451917989
0.145725138287
0.146010737321
0.146311530705
0.146628036136
0.146972832504
0.147371050811
0.147841280201
0.148380293721
0.148956145944
0.1495292202
0.150097660753
0.150682508671
0.151300579574
0.151957170422
0.152655167665
0.153390571222
0.154164348438
0.154971294618
0.155807531954
0.156676360053
0.15758007759
0.158520062349
0.159497034194
0.16051226461
0.161567288526
0.162660862915
0.163783565192
0.164924417034
0.16608697165
0.167273365902
0.168483888786
0.169711569561
0.170934636256
0.17128573162
0.171581183766
0.171857033333
0.172083884566
0.172250604598
0.172353726693
0.172382521088
0.17232286609
0.172165234276
0.171905081524
0.17154077805
0.171071301295
0.170493526516
0.169802927414
0.168996374922
0.168071968949
0.167026086422
0.165850887985
0.164533765845
0.163064990913
0.161372225859
0.159427973998
0.157323243355
0.155073554319
0.152551756596
0.149490742407
0.145535479708
0.140562935903
0.139438486006
0.142644625278
0.142655042757
0.142677764384
0.142728053294
0.142788154334
0.142857664437
0.142941856471
0.143050084597
0.143172561431
0.143339715838
0.143523130022
0.143713109521
0.14390934061
0.144126051965
0.144371311615
0.144624165476
0.144880632976
0.145150545637
0.145433590267
0.145730388735
0.146042706325
0.146365418647
0.146712165703
0.147109811071
0.147573546542
0.148104834831
0.148683607311
0.149269512274
0.14985170107
0.150441089707
0.151065289623
0.151729139067
0.15243260444
0.153174961678
0.15396186718
0.154789842895
0.155648738334
0.156540679053
0.157468464838
0.15843497386
0.159442413364
0.160492964515
0.161592888746
0.162740570782
0.163911730536
0.165090887356
0.16629135362
0.16753795233
0.168860388975
0.170218947978
0.170623005376
0.170926269606
0.171223813952
0.171471323504
0.171645708603
0.171739641554
0.171748335384
0.171664408245
0.171479082741
0.171185670318
0.170780409796
0.170261279671
0.169626388059
0.168872493647
0.167994831837
0.166987885408
0.165845079301
0.164556962546
0.163109116884
0.161480537485
0.159643318595
0.157546474396
0.155048231823
0.152067998398
0.148496967886
0.143947840161
0.137576599365
0.127558673692
0.108713169468
0.0628338193544
0.142243048301
0.142253971192
0.142280092801
0.142336150249
0.142397360157
0.142466152394
0.142549331987
0.142659220596
0.142777593208
0.142944998438
0.143133573532
0.143328934539
0.14353103304
0.143753619512
0.144006331193
0.144270212985
0.144539932276
0.144820931663
0.145113338068
0.145420955657
0.145747098062
0.146079732593
0.146429125634
0.146827485667
0.147287867222
0.147811046083
0.148385933274
0.148974300108
0.149573666029
0.150181490366
0.15081116123
0.151477509811
0.152189747176
0.152944891162
0.153739566494
0.154582913557
0.155466262375
0.156384303598
0.157340075633
0.158335733177
0.159375695509
0.160469215686
0.161626759931
0.162831492038
0.164046107571
0.165265271352
0.166521989618
0.167867275394
0.16932352767
0.170032353357
0.170297599531
0.17056049491
0.170812723242
0.170998072757
0.171092280181
0.171088025819
0.170980551542
0.170764795088
0.170435508125
0.169988386528
0.169420475139
0.168729460163
0.167912529648
0.166965325282
0.165881413731
0.164652105999
0.163265769335
0.161706220184
0.15995051618
0.157966382702
0.155708400847
0.15311835632
0.150003191741
0.14608874169
0.141125437972
0.13453603488
0.125089256451
0.110360743575
0.0854531144078
0.0439113993381
0.141799399839
0.141810783319
0.141840288496
0.141902539093
0.141964866734
0.142036707497
0.142121049994
0.142231039154
0.142348988295
0.142517857137
0.142711787355
0.142912551301
0.143120458612
0.143348535465
0.143607055803
0.143879709904
0.144165024895
0.144459452201
0.144762003797
0.145080116752
0.145420401071
0.145768002589
0.146122067027
0.146520410262
0.146980345365
0.14749771261
0.148067127162
0.148653163374
0.149258533246
0.149888599895
0.150538502685
0.151211546142
0.151920047018
0.152683034199
0.153495190842
0.154353773283
0.155258611242
0.156203660371
0.157189293248
0.158218194269
0.159297722254
0.160446870711
0.161669081695
0.162928851189
0.164197745895
0.165491653088
0.166861583281
0.16822927441
0.169344165991
0.169714760164
0.169928281031
0.170141058119
0.170321350103
0.170416189843
0.170404957856
0.170280115086
0.170037327283
0.169673356641
0.169185331877
0.168570672295
0.167826999861
0.166951567164
0.165940379833
0.164787311246
0.163483380083
0.16201606487
0.160368225554
0.158516280439
0.15642751284
0.154056211817
0.151337675283
0.148177455256
0.144439342763
0.139747256939
0.133603843804
0.125447303301
0.114171457198
0.0978853989676
0.0732650900485
0.0392588477584
0.141304887696
0.14131870833
0.14134997593
0.141412715689
0.1414799901
0.141560923746
0.141651165714
0.141765001501
0.141890230866
0.142056649722
0.142255440987
0.142461816881
0.142675743717
0.142909239881
0.143172562551
0.143450247987
0.14374763677
0.144059418694
0.144375426425
0.144705927271
0.145059148313
0.145425647489
0.145792978472
0.146188891015
0.146648238337
0.147162654272
0.147727364236
0.148311361312
0.148916170411
0.149559057404
0.150231625151
0.150924178703
0.151638118228
0.152399575309
0.153218961132
0.154095721548
0.155023966159
0.155997437939
0.157013961716
0.158079465145
0.159211536202
0.160428301023
0.161714970932
0.163037357034
0.164394976703
0.165835117937
0.167312161764
0.168364430123
0.168886268815
0.16920421766
0.169445564702
0.169620300008
0.169713344282
0.169700180239
0.169565651155
0.169303314761
0.168910524554
0.168385999809
0.167728693086
0.166937223359
0.166009473603
0.164942028366
0.163729428538
0.162363354342
0.160831784207
0.159118017176
0.157199285507
0.155044653434
0.152611913644
0.149843022795
0.146657154286
0.142939573096
0.138525396848
0.13314703671
0.126232736659
0.1170517951
0.104758600634
0.0880018316468
0.0643487918153
0.0344020375954
0.140764906165
0.140782734013
0.14081465749
0.140871500213
0.140946977299
0.141037775847
0.141137207792
0.14125965756
0.141398886654
0.141562550388
0.141763374665
0.141974817124
0.142195122242
0.142434561006
0.1427033121
0.142986739715
0.143290652662
0.143618064407
0.143950985256
0.144297516309
0.144664045727
0.14504911841
0.145440511162
0.145845371198
0.146297433817
0.146807743933
0.147367863754
0.147950578032
0.148553097553
0.149199694173
0.14988605619
0.150603941289
0.151336184474
0.152099810508
0.15292025702
0.153806104175
0.154754980988
0.155759161829
0.156811017471
0.157923101431
0.159121582356
0.160411207562
0.16176415265
0.163163459128
0.164652188515
0.166248670995
0.167628759881
0.168013562364
0.168302285638
0.168648600437
0.168878131336
0.168983286226
0.168973468022
0.168837386853
0.168564669514
0.168151739784
0.167598355193
0.166905131752
0.166072398163
0.165099487248
0.163984180113
0.16272212977
0.161306182832
0.159725597477
0.15796513554
0.156003918112
0.153813837297
0.151357257928
0.14858369057
0.145424969266
0.141788170435
0.137545075583
0.132516593718
0.126451500535
0.118961688259
0.109331893402
0.0966459571389
0.0798708380547
0.0573382740055
0.0301456024625
0.140196179291
0.140214730132
0.140246017229
0.140295493358
0.140375877606
0.140471762542
0.140578122106
0.140706361476
0.140856866274
0.141026991089
0.141232127071
0.141449185246
0.141676537553
0.141922476739
0.142197389353
0.142488506463
0.142800165358
0.143140269304
0.143490368725
0.14385690482
0.144239954525
0.144640944031
0.145053874731
0.14548270367
0.145943555199
0.146447962065
0.146997004795
0.14757606386
0.148174713921
0.148819423477
0.149510733951
0.150243152598
0.151000349238
0.151779032533
0.152604996349
0.153493263311
0.154452564779
0.155483466066
0.156578429697
0.157751914946
0.159026888784
0.160391363446
0.161813681573
0.16329513256
0.164826192528
0.166104373908
0.167126357267
0.167592020514
0.167800802869
0.168045779359
0.168206324117
0.168221682368
0.168093722746
0.167820357884
0.167397485315
0.16682487959
0.166104591991
0.165238852429
0.164228939995
0.163074453189
0.161772717934
0.160318219158
0.158701967995
0.156910750045
0.154926194081
0.152723552388
0.150270021862
0.147522379797
0.144423646178
0.140898374729
0.136845995633
0.132131400715
0.126571774523
0.119918410646
0.111833318586
0.10185888964
0.0892344916469
0.0730471397954
0.0520206017526
0.0270370140309
0.139605622622
0.139622670872
0.13965212858
0.139699759617
0.13977624572
0.139871583624
0.139981035129
0.140111015605
0.140267833551
0.140446887887
0.140659464316
0.14088301621
0.141118009308
0.141370707202
0.141651850853
0.14195093622
0.142270909755
0.142622710731
0.142988425674
0.143374091925
0.143779471751
0.144198839442
0.144632769446
0.145077333853
0.145555649687
0.146075259335
0.146625567171
0.147194439674
0.147785492219
0.148425422228
0.149118460609
0.149854030623
0.150625919363
0.151422652147
0.152261044428
0.153158275634
0.154123733203
0.155173788196
0.15631613158
0.157563366544
0.158920985099
0.160361838407
0.161851907473
0.163349543908
0.164799952575
0.166081566185
0.166642025905
0.166921194541
0.16718800178
0.167373505273
0.167429414837
0.167329035341
0.167067696025
0.166645798824
0.1660646376
0.165327367148
0.16443804262
0.163400105831
0.16221535233
0.160883238071
0.159400324195
0.157759750385
0.155950651487
0.153957445101
0.151758914501
0.1493269844
0.146625047984
0.143605661838
0.140207376401
0.136350400144
0.131930701028
0.126812051128
0.120815469478
0.113705570263
0.105173533106
0.094817013986
0.082146128874
0.0664890572268
0.0468391839119
0.023967916351
0.13898630116
0.139005766369
0.13903184555
0.139083672151
0.139152937087
0.139244291699
0.139353587309
0.139483649562
0.139643438066
0.139826096128
0.140046146244
0.140276068679
0.140518012637
0.140777632198
0.141065358206
0.141371240854
0.141697796276
0.142060745358
0.142441132909
0.142841944332
0.143267729022
0.14370598303
0.144166417665
0.144635265412
0.14512425488
0.145658674038
0.146229880778
0.146802393459
0.147385278958
0.148017159952
0.14871256314
0.149453185817
0.150230567072
0.151038006397
0.151885372899
0.152790693871
0.153764238132
0.154831896681
0.15602277842
0.157350276129
0.15879213671
0.160296867453
0.1618249532
0.163354355977
0.164612208064
0.165618168031
0.166077564078
0.166310938647
0.166508090635
0.166598299015
0.166534067027
0.166299997416
0.165892539022
0.165314456737
0.164570964501
0.163668085912
0.16261151136
0.161405456966
0.160051805719
0.158549512558
0.156894132203
0.155077363185
0.153086526667
0.15090390725
0.148505880416
0.145861736294
0.1429320862
0.139666711096
0.136001681212
0.131855540486
0.127124315828
0.121675098612
0.115337997927
0.107896441484
0.0990761467526
0.0885340216991
0.0758478161499
0.0605176342456
0.0418437110501
0.0209416746586
0.13832654262
0.138347533719
0.138376502457
0.138430704921
0.138499408806
0.13858900148
0.138697296038
0.138826890799
0.138986869128
0.139168643221
0.139394096578
0.139630284926
0.139876842027
0.140143459085
0.140439255732
0.140752044329
0.141082993662
0.141453017569
0.141847476726
0.142260590922
0.142704053345
0.143163353966
0.143643084439
0.144145358759
0.144660258682
0.145209392279
0.145803477639
0.146395929254
0.146975085283
0.147596561834
0.148285950068
0.149032894149
0.149821900854
0.150640786247
0.151491501822
0.152398707423
0.153375454218
0.15445654806
0.1556953792
0.157105846142
0.158630813269
0.160170320909
0.161681176385
0.163150649404
0.164504912685
0.165093402854
0.165330477818
0.165582205709
0.165725701007
0.165705935156
0.165509742571
0.165130607534
0.164568908895
0.163830887448
0.162924925579
0.161859255173
0.160640716398
0.159273845413
0.157760217404
0.156097995536
0.154281571649
0.152301200399
0.150142552318
0.147786120218
0.145206412804
0.142370861638
0.139238354441
0.135757293285
0.131863061765
0.127474776478
0.122491202907
0.116785758589
0.110200638196
0.10254035132
0.0935653444481
0.08298770684
0.0704685603783
0.0556494011852
0.0379703327142
0.0187744151767
0.13762535014
0.137644019752
0.137681048746
0.137737101744
0.137809929725
0.137901639794
0.138010083773
0.13813976999
0.138299171773
0.138477455822
0.13870542702
0.138948846053
0.139198319522
0.139468846132
0.139774560791
0.140096275406
0.140432642065
0.140804146313
0.141207513102
0.141632500125
0.142088831718
0.142571457229
0.143076915032
0.143603093139
0.144149189556
0.144721261285
0.14534072005
0.145968856378
0.146561253743
0.147172686125
0.147847220362
0.148591493664
0.149389878292
0.150226833749
0.151088574677
0.151993596381
0.152965215594
0.154048686347
0.15532868176
0.15682138096
0.158411438006
0.159997754039
0.161569367612
0.162853391555
0.163799682454
0.164409371748
0.164632099138
0.164793393925
0.164833177864
0.164689798946
0.164352006764
0.163820263106
0.163100545342
0.162202761249
0.16113781
0.159915462846
0.158543173508
0.157025358028
0.155362948881
0.153553111877
0.151589015555
0.149459565345
0.14714903757
0.144636559037
0.14189537972
0.13889188222
0.135584265272
0.131920831298
0.12783780519
0.123256617623
0.118080614803
0.1121912259
0.105443759923
0.0976632826348
0.0886413592877
0.0781359151687
0.065872135088
0.0515850104982
0.0348114625306
0.0170191308526
0.13689064412
0.136908748766
0.136948728021
0.137006699327
0.137084061063
0.137179760488
0.137289446223
0.137420314532
0.137581210604
0.137756228439
0.137982920639
0.13823414839
0.138488345471
0.138758207814
0.139071120168
0.139402993853
0.139747046033
0.140119886826
0.140525856339
0.140958143701
0.141425417194
0.141918028903
0.142449422679
0.143004081465
0.143583573601
0.144184521545
0.144829693672
0.145503169029
0.146133689263
0.146750214004
0.147413201851
0.148141150389
0.148936872472
0.149788002577
0.150676135933
0.151589021911
0.152549203852
0.153614576591
0.154919902613
0.156482077018
0.158086792271
0.15966359697
0.161245102641
0.16287383604
0.163288287715
0.163480628793
0.163772448911
0.163898971416
0.163823131881
0.163544039891
0.163058422246
0.162371277106
0.161494050148
0.160440300839
0.159222960751
0.157852729617
0.156337151512
0.154680128336
0.152881693879
0.150937906339
0.148840750156
0.146577970728
0.144132789644
0.141483459637
0.138602621524
0.135456423779
0.132003360567
0.128192780616
0.123963019589
0.119239122572
0.113930159366
0.107926216792
0.101095296201
0.0932806298272
0.0842991931915
0.0739438100719
0.0619853408491
0.0482212033858
0.03224800365
0.015567247689
0.136125780097
0.13614359206
0.13618302923
0.136243943432
0.13632410558
0.136422831227
0.136533805117
0.136664953146
0.136831802231
0.137010915595
0.137229303372
0.137486355716
0.137748141733
0.138020356527
0.138331545321
0.138670556173
0.139022925964
0.139399736489
0.139808947537
0.140242188339
0.140719771543
0.14121996231
0.141756909697
0.142331653349
0.142938522383
0.143576711579
0.144254369008
0.144976433899
0.145675882398
0.14632226737
0.146987749083
0.14770589236
0.148490304268
0.149336707928
0.150241147257
0.151183999989
0.152150618022
0.153177808939
0.154464824197
0.156103422246
0.157752000713
0.159279371183
0.160564127092
0.161552672999
0.162537539224
0.162708414661
0.162860757983
0.162891180435
0.162693974991
0.162271046122
0.161632290871
0.160789555076
0.159758555005
0.158555576522
0.157194910515
0.155687576072
0.154040720506
0.152257405279
0.150336600737
0.148273247301
0.14605828163
0.143678564672
0.141116673103
0.138350527797
0.135352836092
0.132090321902
0.128522711966
0.12460143977
0.120268027815
0.115452119462
0.110069167828
0.104017867649
0.0971775565931
0.0894060987072
0.080538972041
0.0703921111247
0.0587638163014
0.0454871030198
0.0301901599257
0.014351587993
0.135331988175
0.135349916877
0.135389366607
0.135453772891
0.135533776605
0.135632282591
0.135744771806
0.13587414367
0.136043415945
0.136231937995
0.136441720277
0.136701726914
0.136970619391
0.137250164621
0.137556320548
0.13789720798
0.138255915729
0.138637583769
0.139054295216
0.139490057467
0.139967960388
0.140480197571
0.141019619031
0.14160093266
0.142222840457
0.142882831701
0.143590012215
0.144350408566
0.14513759535
0.145863279716
0.146550873298
0.147274464177
0.148054800388
0.148901997547
0.149806875622
0.150770925071
0.15177430127
0.152789811961
0.153977551043
0.155589885387
0.157363127136
0.15910688882
0.160362062036
0.161240597451
0.16157507944
0.161821121956
0.161903762836
0.16178901823
0.161446259058
0.160872041312
0.160078388591
0.159082864493
0.157904601168
0.156561529319
0.155068470289
0.153436164668
0.151670955457
0.14977483636
0.147745654321
0.145577322558
0.143259955821
0.140779879758
0.138119491335
0.135256958434
0.132165748266
0.12881396829
0.125163491139
0.121168821745
0.116775653706
0.111919064945
0.106521326525
0.100489369002
0.0937120766051
0.0860578777478
0.0773732896193
0.0674851949199
0.0562014631355
0.0433661288561
0.0286144739808
0.0133617719153
0.134510990125
0.134529234734
0.134574738526
0.134640475568
0.134716232504
0.134812224807
0.134926140606
0.135054944316
0.135217007776
0.135409676811
0.135615898916
0.135876490792
0.136150683427
0.136435067943
0.136739333695
0.1370808064
0.137441189696
0.137826428065
0.138250745106
0.138695228329
0.139170023803
0.139686626668
0.140231452678
0.140818226511
0.141444985135
0.142112672078
0.142832094677
0.143610049611
0.144449476067
0.145298625233
0.146069849944
0.146821606205
0.14761280573
0.148461093865
0.149379385787
0.15036208935
0.151405200608
0.152484996309
0.153598409123
0.154952233452
0.156636118236
0.15831392923
0.160103796832
0.16062856352
0.160647575828
0.160813537054
0.160820390415
0.160569488379
0.160075174993
0.159347374134
0.158401725337
0.15725983592
0.155943410665
0.154471255434
0.152858011372
0.151113628894
0.149243348654
0.147247985751
0.145124312217
0.142865398455
0.140460838557
0.137896828285
0.135156088421
0.13221763628
0.129056406218
0.125642706969
0.121941482063
0.117911312108
0.113503073851
0.108658155966
0.103306138468
0.0973618904257
0.0907221379403
0.0832618646812
0.0748310744671
0.0652549401913
0.0543319974956
0.0418905598889
0.0275456586726
0.012615707565
0.133663273425
0.133683033394
0.133734303515
0.133796334885
0.133868414674
0.13396306412
0.134078141117
0.134207875886
0.134362152265
0.134553216456
0.134755675235
0.135012085377
0.135291227806
0.13557586743
0.135879037692
0.136224139472
0.136584146959
0.136966797778
0.137395505405
0.137846357748
0.138322497796
0.138841316012
0.13938584777
0.139979240698
0.140610147929
0.141281948977
0.141998347781
0.142775198039
0.143617274843
0.144530852702
0.145448132314
0.146294564687
0.147132264077
0.148005484681
0.148938363379
0.149943527901
0.15102589879
0.152180440996
0.15336731246
0.154625074698
0.156031775273
0.157207667354
0.158385985282
0.15957700086
0.159677675451
0.159712519558
0.159604451625
0.159223374473
0.158580500976
0.157701306861
0.156609533122
0.155330217749
0.153886574284
0.152297532251
0.150576958854
0.148733611278
0.14677143943
0.144690077186
0.142485366176
0.140149794569
0.137672791868
0.135040864099
0.132237578392
0.129243414018
0.126035489921
0.122587155845
0.118867396897
0.114839957982
0.110462050185
0.105682467859
0.100438921788
0.094654407944
0.0882324679738
0.0810514890896
0.0729582373427
0.0637636546998
0.0532361342245
0.0411530746636
0.0270696570369
0.0121636788484
0.13278648003
0.132806665546
0.132848456695
0.132911002031
0.132986524243
0.133082507015
0.133198508053
0.133328059576
0.133479274782
0.133667991827
0.133870522555
0.134114094161
0.134399088684
0.134685162556
0.134984989047
0.135331975224
0.135697429734
0.136076918981
0.136499170773
0.136951925153
0.137426245847
0.137950075339
0.138495289241
0.139081001579
0.139712043458
0.140388091832
0.141102847764
0.141870649454
0.142700152262
0.143601445266
0.144577070549
0.145567618845
0.146518173959
0.147462165766
0.14843605619
0.1494699666
0.150583472256
0.15179451678
0.153102024066
0.154541470493
0.156004461198
0.156779952597
0.157682561122
0.158310659829
0.15855945216
0.158539135319
0.158283997684
0.157757745446
0.156966705309
0.155940720345
0.154710633025
0.153304345807
0.151745503383
0.150052331102
0.148237395322
0.146307970257
0.144266633713
0.14211192853
0.1398389842
0.137440018995
0.134904683241
0.132220243891
0.129371634656
0.126341403352
0.12310957381
0.119653402186
0.11594695196
0.11196034737
0.10765850316
0.102999069495
0.09792927181
0.0923812788432
0.0862656585001
0.0794627317191
0.0718113384083
0.0630979916389
0.0530412996789
0.0413243762524
0.027386259896
0.0121381932037
0.131883218475
0.131902548272
0.13193574733
0.131999293993
0.13207907144
0.132174662971
0.13228849189
0.132416118165
0.132563493479
0.132750156696
0.132958555872
0.133187867237
0.133475399641
0.133769606531
0.134070660593
0.134407750688
0.134778586295
0.135160754267
0.135571684863
0.136024979705
0.136495570808
0.13701076215
0.137561532451
0.138137229111
0.138761542878
0.139428053801
0.140141955001
0.140902062204
0.14171677036
0.142597956199
0.143546587706
0.144570516333
0.145625121323
0.146678361806
0.147732476159
0.148822112034
0.149971731981
0.151208493931
0.152564881919
0.154194462735
0.156419562385
0.156558012655
0.156930377095
0.157114746259
0.157351302714
0.157260676632
0.156857243288
0.156177319727
0.155238632789
0.154072645815
0.152714020309
0.151192370436
0.149530902474
0.147746432559
0.145849808626
0.143846652694
0.141738191787
0.139522042404
0.137192888275
0.134743013616
0.132162677082
0.129440341939
0.126562803191
0.123515257874
0.120281340937
0.116843092563
0.113180745391
0.109272139096
0.105091492614
0.100607187653
0.0957781038813
0.0905478970754
0.0848363121094
0.078526642699
0.0714474843734
0.0633520480947
0.0538876530065
0.0426007487468
0.0287831458732
0.0127719126713
0.13095968278
0.13097977349
0.131019757411
0.131078638646
0.13115414918
0.1312448083
0.131353472819
0.131478987828
0.131621794314
0.13180260449
0.132014797374
0.132234887338
0.132514953332
0.132820847091
0.133126635003
0.133451123313
0.133822918599
0.134206128574
0.134607470756
0.1350586195
0.135530647931
0.136031933709
0.136578983266
0.137146355516
0.137763707797
0.138417442995
0.13912358553
0.139873293975
0.140673405194
0.141535529531
0.142459113127
0.14344755731
0.144504302706
0.145609850285
0.146741468291
0.147895562394
0.149087706037
0.150330909184
0.151639939946
0.153045366291
0.154641204796
0.156053364676
0.156204148197
0.156051992417
0.156073455362
0.15585931881
0.155313302452
0.154482159844
0.153400617514
0.152103938062
0.150628322424
0.149003784579
0.147252432549
0.145389210517
0.143422996537
0.141357714924
0.139193351288
0.136926812788
0.134552624579
0.132063468503
0.129450574215
0.126703996274
0.123812835644
0.120765468046
0.117549802072
0.114153509775
0.110564074964
0.106768416312
0.102751773209
0.0984954634648
0.0939729728922
0.0891435488733
0.0839417852497
0.0782609955714
0.0719251572732
0.0646493839681
0.0559673464284
0.0451962622521
0.031387266513
0.0139086932993
0.130015855671
0.130035687111
0.130079733445
0.130135762767
0.130204486291
0.130292140766
0.130398023329
0.130522774628
0.130663425802
0.13083510714
0.131046720803
0.131269127692
0.131525970296
0.131838878277
0.132149203835
0.132467256071
0.132832939822
0.13321978367
0.133616338702
0.134054809566
0.134525322817
0.135015837956
0.135557339086
0.136120425372
0.136721933336
0.137367123121
0.138056133967
0.138794059252
0.13957891621
0.140419532026
0.141325763856
0.142291242456
0.143325198692
0.144425109138
0.145588252376
0.146795043526
0.148039691382
0.149314338042
0.150590123537
0.151793414471
0.152712245389
0.153339020911
0.154700133069
0.15475630642
0.154651587597
0.154316527273
0.153642554665
0.152672306427
0.151457802771
0.150041805391
0.148461795993
0.146747214813
0.144918532599
0.142988554351
0.140964099437
0.138847457347
0.136637546071
0.134330806846
0.131921888956
0.129404174683
0.126770179717
0.124011881895
0.121121059428
0.118089716553
0.114910612475
0.111577798446
0.108086957248
0.104435266685
0.100620480478
0.096638893427
0.092481734868
0.0881292323571
0.0835406699799
0.078637432949
0.0732702025356
0.0671609799954
0.0597546495427
0.0500466621299
0.0361602421072
0.0151643414016
0.129051807917
0.129068433703
0.129104657812
0.129155008801
0.129226999805
0.129317535628
0.129424610249
0.129549607053
0.129687703224
0.129849580266
0.130054293253
0.130285162617
0.130522454534
0.130824233295
0.131146999791
0.131465506554
0.131813551248
0.132204156272
0.132602011026
0.133022685493
0.133489973035
0.133972599568
0.134497282879
0.135059741369
0.135642040939
0.136278535543
0.13695131274
0.137674583561
0.138443758697
0.139265903952
0.140153738877
0.141105632941
0.142127674471
0.143224281803
0.144399695568
0.145651905601
0.146970710262
0.14834516568
0.149728870591
0.150998094895
0.151486837164
0.152185533858
0.15305205874
0.153318457311
0.153156358783
0.152675582829
0.151862302888
0.150757037259
0.149418267588
0.147894087823
0.14622217717
0.144430191129
0.142536273492
0.140550856608
0.138478710432
0.136320630817
0.134074681842
0.131737087053
0.129302878276
0.126766394918
0.124121689456
0.121362915919
0.118484809219
0.115483347551
0.112356589019
0.109105527649
0.105734700726
0.102252250945
0.0986692019906
0.0949977759476
0.0912485840903
0.0874264116967
0.0835236783564
0.0795101084193
0.0753119581921
0.0707751007142
0.0655385582661
0.058860660061
0.0480617318477
0.0247541704373
0.128073102566
0.128087207126
0.128115679336
0.12815479932
0.128234385407
0.128329440521
0.128437987579
0.128562378602
0.128697496341
0.128851129666
0.129044519993
0.129275878086
0.129516116103
0.129788633618
0.130117166709
0.13044455668
0.130777884348
0.131159737611
0.131561418975
0.131970001015
0.132424378047
0.132905810993
0.133408508182
0.133961814427
0.13453612168
0.135150321031
0.135811733134
0.136517929099
0.137271758955
0.138076482371
0.138944383991
0.139882525464
0.140894636869
0.141989527142
0.14317390879
0.144455899232
0.145845743322
0.147350638135
0.148991874831
0.15101867999
0.15127598401
0.15159256747
0.151642320772
0.151870655099
0.15160488571
0.150955444871
0.149985336299
0.148743568237
0.14728812147
0.145666966234
0.143915652081
0.142058697816
0.140111209988
0.138081056253
0.135971047323
0.133780692193
0.13150744362
0.129147549267
0.126696648045
0.124150238368
0.121504088634
0.118754695193
0.115899929726
0.11293997299
0.109878474604
0.106723689607
0.103489248052
0.100194257955
0.0968626072553
0.093521506037
0.090199451584
0.0869239082114
0.0837188012095
0.0806027464875
0.0775863017728
0.0746778457319
0.0718711444038
0.0692855036215
0.0667176409076
0.0673642587827
0.127084134541
0.127099538093
0.127132832091
0.127174459711
0.127244605823
0.127337779589
0.127445242413
0.127567108428
0.127700844273
0.127848383054
0.128025962583
0.128247293088
0.128497506932
0.128752873053
0.129059795343
0.129399875822
0.129732336202
0.130089058386
0.130494243685
0.130901455148
0.131331830049
0.131811320247
0.132303849363
0.132836286046
0.133405564144
0.133998801824
0.134640536416
0.135325734308
0.136059516187
0.136843747197
0.137689216326
0.138607392743
0.139602049244
0.140684199041
0.141866886701
0.143156261311
0.14456575977
0.146102638146
0.147794460801
0.149650225888
0.150672266847
0.150892532305
0.150538939789
0.15043809874
0.149966442984
0.149136900548
0.148006027045
0.146631293227
0.145069291958
0.143363950809
0.14154645153
0.139637095621
0.137647473081
0.135582833256
0.133444214171
0.131230107544
0.128937621904
0.12656326176
0.124103462139
0.121555027993
0.118915552037
0.116183955634
0.113361333614
0.110452189102
0.107465902385
0.104418050841
0.101331146894
0.0982345133969
0.0951632917096
0.0921568287204
0.0892568776663
0.0865062540556
0.0839484039725
0.0816298791782
0.0796046392113
0.0779535080513
0.0767899959523
0.0763849155022
0.076895185693
0.0803326004029
0.126086374148
0.126103424316
0.126141086262
0.126199984904
0.126257099072
0.126346493377
0.126452004882
0.1265711572
0.126704250684
0.126845312759
0.127006875903
0.12720863741
0.127451649997
0.127711839012
0.127989963472
0.12832561655
0.128673106706
0.129015689565
0.129403846002
0.129817298698
0.13023370218
0.130694866048
0.131185236201
0.131697724173
0.132249010131
0.132828326452
0.133443362302
0.134106062644
0.134810905758
0.135566216609
0.13638292032
0.137268492127
0.138232110659
0.139284368203
0.140442210277
0.141718017137
0.143123506067
0.144651051971
0.146307404381
0.147890137696
0.148060624566
0.149425178581
0.149179302323
0.148874136126
0.148186075609
0.147184407036
0.145906910892
0.144413508572
0.142760354378
0.140986365068
0.139117216033
0.137168476981
0.135148126929
0.133058961452
0.130900548315
0.128670691779
0.126366444661
0.123984792334
0.121523123332
0.118979648465
0.116353831172
0.113647029485
0.110863574751
0.1080123314
0.1051084303
0.102174615359
0.0992416899515
0.0963478349167
0.0935369608876
0.0908565006879
0.0883552372486
0.08608181897
0.0840842167854
0.0824122163911
0.0811201851683
0.0802840943467
0.0799908810204
0.0804482710847
0.0817798519215
0.0847235811434
0.125088839376
0.125104922005
0.12513719012
0.125208215586
0.125271596118
0.125358059135
0.125461414731
0.125577397448
0.125707686471
0.125844136079
0.125995044231
0.1261731618
0.126397255268
0.126657664026
0.126928809203
0.127230971978
0.12758582973
0.127941047925
0.12830431748
0.128713749882
0.129133455459
0.129570160293
0.130047726204
0.130545723613
0.131074419686
0.131635531394
0.132226907361
0.132858809668
0.133533062596
0.134253033212
0.135025891211
0.135863880605
0.13677627522
0.137776879063
0.138884132445
0.140119850255
0.141508446386
0.143080463497
0.144932799416
0.147221863962
0.147320301098
0.147624856036
0.14750419271
0.147136219478
0.14624062991
0.14507340673
0.143670567196
0.14208161525
0.140358461377
0.138534545712
0.13662985152
0.13465534212
0.132615730796
0.13051178316
0.128342027141
0.126103965301
0.123794899287
0.121412510722
0.11895527215
0.116422860817
0.113816607997
0.111140269241
0.108401383919
0.105613180042
0.102796493513
0.0999809349831
0.0972047467073
0.0945132423515
0.091956207268
0.0895848100571
0.0874487343553
0.0855940297848
0.0840614783672
0.0828876511319
0.0821021757024
0.0817349198104
0.0817843103224
0.0823529269461
0.0832773833121
0.0844409057858
0.12410064794
0.124115827988
0.12414668227
0.124215931912
0.124298271262
0.124376803129
0.124474098878
0.124584354248
0.124708586776
0.124843976291
0.124988469749
0.125152216293
0.125350707205
0.125595180532
0.125871683744
0.126154395216
0.126483712403
0.126848074174
0.127207717403
0.127594029725
0.128013785164
0.128441141605
0.128895780798
0.129379943216
0.12988769363
0.130422569684
0.130989076369
0.131587541125
0.132227104548
0.13290435854
0.133623591512
0.134399324339
0.1352374464
0.136155226906
0.137169419806
0.138310523531
0.139612430115
0.141105750687
0.142914338228
0.145171754157
0.146592408989
0.146215459769
0.145603740796
0.145118092629
0.144069739128
0.142771605934
0.141278182783
0.139626765976
0.137861114866
0.136009331675
0.134086684681
0.132100482418
0.130053022357
0.127943743241
0.125770691245
0.123531498185
0.121224024737
0.118846851648
0.116399641767
0.113883569557
0.111301796037
0.108660407886
0.105970119952
0.103248539531
0.100522156548
0.0978270820071
0.0952080127549
0.0927155306378
0.0904023882513
0.0883194535713
0.0865121846492
0.0850178526314
0.0838634102725
0.0830670922421
0.0826315506457
0.0825479567687
0.0827646671167
0.0833298727142
0.0836397063086
0.0835952198253
0.12311394481
0.123127283175
0.123160053487
0.123212503609
0.123301033627
0.12338648385
0.123483899425
0.123589179428
0.123706828855
0.123840812472
0.123980977235
0.124138868114
0.124316165355
0.124536148044
0.124802279455
0.125093173405
0.125397514978
0.125747643425
0.126115076878
0.126486522413
0.126882352799
0.127307318731
0.12774576185
0.128207233069
0.128694003894
0.12920510383
0.129739093012
0.13030264443
0.130894044915
0.131516152322
0.132168687983
0.132865050642
0.133609898256
0.134412883722
0.13529023369
0.136270291594
0.13739178872
0.138658995072
0.140139411563
0.142012592516
0.143711025028
0.144076173692
0.143204645503
0.142680487011
0.141596834341
0.140246754837
0.138717462349
0.137045946798
0.135269973576
0.133414403371
0.131491954503
0.129507976859
0.127463616133
0.125357896788
0.123189023532
0.120955202518
0.118655148638
0.116288521822
0.113856255551
0.111361028876
0.108807771642
0.106204831769
0.10356610113
0.100913641824
0.098279589774
0.0957061827761
0.0932435581225
0.090945749195
0.0888658595374
0.0870511443121
0.0855390375913
0.0843537195417
0.0835039582814
0.082986017174
0.0827744322562
0.0828537378211
0.0832178710004
0.0839044949042
0.0839225639542
0.0855916993645
0.122116271364
0.12212369704
0.122149611753
0.122183244405
0.122261641977
0.122369016835
0.122480331593
0.122586016505
0.12269987259
0.122829913428
0.122971848443
0.123122600423
0.123295549239
0.123491415481
0.123733993934
0.124022189227
0.124327314468
0.124653461524
0.125015691354
0.125391028746
0.125769967915
0.126170015309
0.126598911389
0.127039891772
0.127501119433
0.127984109833
0.128483460837
0.129000482291
0.129535413703
0.130089810842
0.130665943693
0.131269107269
0.131905412561
0.132573103373
0.133283244126
0.134058174697
0.134919582604
0.135882113491
0.137021207744
0.13844497369
0.140099722545
0.141155132332
0.140255253679
0.139796942863
0.138807611151
0.137500531805
0.135997148914
0.1343493111
0.132594785643
0.130758445142
0.128853062213
0.126883964121
0.12485251447
0.122758266774
0.120600209032
0.118377528123
0.116090042976
0.113738634827
0.111325556275
0.108854978769
0.10633352617
0.103771756449
0.101186807513
0.0986053650815
0.0960652659367
0.0936145100016
0.0913076676147
0.0892005504483
0.0873444784007
0.0857808612883
0.0845373371902
0.0836237931129
0.083030177538
0.0827248278154
0.0826356978093
0.0827263183009
0.0829439481816
0.0833414800143
0.084501734927
0.0844317629506
0.121115101375
0.121112866547
0.121123813979
0.121150568322
0.121211570805
0.121319688904
0.121446141521
0.121564116603
0.121683472972
0.121813388427
0.121959896545
0.122112643679
0.122286122026
0.122475576927
0.122695761154
0.122957951402
0.123264686969
0.123584019487
0.123925133191
0.124294484205
0.124674842923
0.125057394676
0.125458515953
0.125882864345
0.126318616145
0.126764944636
0.127223167346
0.12768873421
0.128167118218
0.12865288893
0.129152597476
0.129657485611
0.130171814545
0.130693736685
0.131227071726
0.131767249168
0.132319037835
0.132927918505
0.133622577592
0.134508055686
0.135648935489
0.137531976802
0.136912715314
0.136571139891
0.135763176511
0.134577708382
0.133151621946
0.131562432209
0.129854556434
0.128055773208
0.126180927679
0.124236861207
0.122226255836
0.120149953389
0.118008219142
0.11580152922
0.1135309801
0.11119876318
0.108808460385
0.106365705986
0.103878735939
0.101360305679
0.0988309648767
0.0963223008918
0.0938779569673
0.0915512960164
0.0894002559178
0.0874807931234
0.0858406184889
0.0845139006356
0.0835186231521
0.0828533038235
0.0824979021125
0.0824063367182
0.082482830648
0.0826388638206
0.0825184913942
0.0827132193945
0.0832859033289
0.0833561794216
0.120130759448
0.120119265646
0.120119198295
0.120140839447
0.120183959459
0.120264712465
0.120385992559
0.120527439959
0.120661131899
0.120798572646
0.120948079068
0.121110984958
0.121280114301
0.121476599063
0.121688956043
0.121933461631
0.122214087449
0.122533324078
0.122864974759
0.123214028439
0.123585467902
0.12396587325
0.124348401438
0.124743429259
0.125152354603
0.125564285833
0.125977369175
0.126397049297
0.1268165966
0.127237291901
0.127648616974
0.128051577791
0.128444081946
0.128826724234
0.129191163014
0.129517811371
0.12979956892
0.130028740698
0.130099185427
0.130341194338
0.129280913579
0.13307261994
0.133422829883
0.133236449176
0.132597947385
0.131558533334
0.13023438564
0.128722197483
0.127075182602
0.125325004743
0.123489239132
0.121576929034
0.119592653471
0.117538971877
0.115417707773
0.113230795886
0.110980686138
0.108670907095
0.106306337295
0.103894030662
0.101443750274
0.0989704963788
0.0964985184704
0.0940647010224
0.0917186238732
0.0895185241618
0.087524479496
0.085790761571
0.0843593951901
0.083255568538
0.0824871749156
0.0820428104777
0.0819003593571
0.0820278117571
0.082418568847
0.0830030368236
0.0825052903618
0.0826740310994
0.0826269945024
0.0825866335428
0.119172669839
0.119157431404
0.119153237996
0.11916504491
0.119195735311
0.119250219453
0.119348838186
0.119498631132
0.119646344957
0.119792695114
0.119946337075
0.120114797436
0.120291088882
0.120483116201
0.120701284625
0.120933985134
0.121196447237
0.121493540202
0.121824874364
0.122164857033
0.122520833706
0.122885223502
0.123262186913
0.123634002811
0.12400928766
0.12438772281
0.124763161645
0.125132901868
0.125493920167
0.125836790889
0.126159190007
0.126468311132
0.126752312051
0.127003612633
0.127205027358
0.127339759466
0.127375265758
0.127256672622
0.126517050895
0.127696763177
0.128532066318
0.128837240724
0.129912867273
0.129983190724
0.129455655557
0.128529890138
0.127301884484
0.125867865305
0.124284645478
0.122586426531
0.120792957081
0.118915379825
0.116960233384
0.114931881065
0.112833756232
0.110669272424
0.10844220667
0.106157390086
0.103820922305
0.101441225236
0.0990295037254
0.0966031302906
0.0941904863527
0.0918342648581
0.0895901220992
0.0875206009896
0.0856865947158
0.0841387276804
0.082910874612
0.0820163545614
0.0814494061354
0.0811834175892
0.0811906358046
0.0814368061899
0.0819218385393
0.0825188743861
0.0837326413953
0.0824128740454
0.0820389191198
0.0819020013879
0.11823560079
0.118227994252
0.118222539628
0.118227512539
0.118245878295
0.118283021072
0.11835287672
0.118486495172
0.118646710435
0.118801897785
0.118961657161
0.119132208953
0.119319597277
0.119514414207
0.119732148965
0.119960561318
0.120210447024
0.120496533825
0.120806709393
0.121139633231
0.121490477173
0.121841951134
0.122194688431
0.1225497555
0.122895543391
0.123237242634
0.12357354501
0.123891202741
0.124187137097
0.124456957303
0.124710426311
0.124929314215
0.125103989074
0.125220177035
0.12526055559
0.125208629187
0.125026281278
0.124758135163
0.12316828492
0.12487775263
0.126776739844
0.126202877339
0.126765601954
0.126878328801
0.12640617152
0.125552348065
0.124399785517
0.123033905283
0.121508927663
0.119859554284
0.118106783902
0.116263376594
0.114337554871
0.112335306488
0.110261528961
0.108121002298
0.105918710529
0.103660700588
0.101354178066
0.0990088811945
0.0966373691016
0.0942596129226
0.0919087047076
0.0896337362072
0.0874965357273
0.0855633206851
0.0838946112426
0.0825359592551
0.0815116341463
0.0808209949722
0.0804390805923
0.0803134268604
0.0804080125815
0.0806818783798
0.0811506557934
0.0817575652099
0.0818488940377
0.0814560424762
0.0812565232903
0.0811674374633
0.117328622854
0.117332605376
0.117328039294
0.117329092196
0.117338245577
0.1173610137
0.11741139383
0.117503410083
0.117659328251
0.117827349306
0.1179960645
0.118172502947
0.118362097409
0.118567784268
0.118779596195
0.119020443341
0.119269095815
0.119545987094
0.119842638717
0.12015830005
0.120490472492
0.120836790095
0.12116751728
0.121494489833
0.121811664996
0.122119774928
0.12240988354
0.1226766256
0.12291388637
0.123130835689
0.123310346336
0.123436466985
0.123500118201
0.123485106958
0.123373934296
0.123156593443
0.122835311039
0.122693380725
0.120882868504
0.121532606858
0.123395743683
0.123483593219
0.123796220732
0.123898137584
0.123465334545
0.122660757555
0.121562324727
0.120248691381
0.118770383635
0.117161646428
0.115443973802
0.113631130777
0.111732539608
0.109755441433
0.107705898522
0.105589840506
0.103413261745
0.101183301625
0.0989081238031
0.0965987423831
0.0942689781656
0.0919417456018
0.0896555562316
0.0874664780629
0.0854423960707
0.0836522891969
0.0821550569732
0.0809904226651
0.080173991973
0.0796944094753
0.079511730509
0.0795505081104
0.0797426521562
0.0799400434557
0.080398998196
0.0806295503229
0.0806736380758
0.0805376790537
0.0804461750047
0.0804020220888
0.116469860364
0.116472722173
0.116469365363
0.116466015231
0.116469221452
0.11648091949
0.116513959355
0.116578370849
0.116694037249
0.116868654311
0.117051589154
0.117236984497
0.117431801579
0.117642231609
0.117863404734
0.118103046542
0.118367351595
0.118633285368
0.118924244273
0.119226891175
0.119541254419
0.119864829594
0.120179398282
0.12047861407
0.120765304632
0.121037223919
0.121287314895
0.121505746239
0.121699465972
0.12185529772
0.121956663082
0.121995837057
0.121959566417
0.121828665032
0.121581483366
0.121205531251
0.120698233027
0.120238855293
0.118724457623
0.118326765247
0.119471626305
0.120487074145
0.120933868024
0.121077866618
0.120672167943
0.119890698921
0.118819130222
0.117535505296
0.116087033367
0.114506639844
0.112815352848
0.111027110957
0.1091518617
0.107197581949
0.105171087608
0.103079171856
0.100928588604
0.0987274314972
0.0964846497354
0.0942125202971
0.0919260234455
0.0896515120931
0.087433740748
0.0853362347809
0.0834324499974
0.0817926113641
0.0804718944874
0.0795022051145
0.0788901397844
0.0786181107505
0.0786510555244
0.0789412407944
0.0793969613168
0.0793954127083
0.0796792150785
0.079681265733
0.0796871311986
0.0796469994648
0.0796140540605
0.0795963269748
0.115659315233
0.115648971917
0.115644491862
0.115638086323
0.115636953673
0.11564156505
0.115655193576
0.115699437903
0.115787030417
0.115928831396
0.116126502108
0.116326502084
0.116531527961
0.116750984775
0.116987752365
0.117233416583
0.117493707435
0.117767770932
0.118049374798
0.11834375475
0.118639954251
0.118940454571
0.119232238058
0.119506387416
0.119763453808
0.119997916247
0.120207204737
0.12038668764
0.120528434954
0.120619157262
0.120653325031
0.120620528979
0.120505415561
0.12028819411
0.119942937687
0.119438236565
0.11869662635
0.117671915043
0.116952348124
0.116327362465
0.116470236747
0.117909684183
0.118443069552
0.118544136268
0.118088259414
0.117275947409
0.116192176548
0.114910140519
0.113470858678
0.111903923422
0.110228421304
0.108457377856
0.106600449178
0.104665746493
0.1026603711
0.100591668705
0.0984668765205
0.0962949160712
0.0940853344897
0.0918517051222
0.0896100476006
0.0873908381289
0.0852459916787
0.0832468346324
0.0814715935205
0.0799898835537
0.0788504834549
0.078073491735
0.0776506479708
0.0775511668971
0.0777384674204
0.078155927748
0.0787080112686
0.0796493353003
0.0789459954955
0.0787942342276
0.07875668788
0.0787466098349
0.0787427055002
0.0787362457046
0.114885924018
0.114863285568
0.114854446062
0.114851158995
0.114850653484
0.114853221325
0.114858823099
0.114875390977
0.11494167178
0.115042085652
0.115211542588
0.115432686129
0.115656434151
0.115894481371
0.11614517399
0.116408739534
0.116673812312
0.116947668989
0.11722888308
0.117510295472
0.117788910852
0.118064003375
0.118332166594
0.118581758138
0.118805407156
0.119002555598
0.119170004917
0.119303521243
0.119390570196
0.119427225025
0.119407019244
0.119320024515
0.119154069834
0.118893307526
0.118510942376
0.117957611082
0.117128842421
0.116195679987
0.116014621233
0.115885414944
0.115392477813
0.116246900323
0.116456144031
0.116340041011
0.115731657927
0.114825054698
0.113687068674
0.112377314171
0.110926142141
0.109357434246
0.107686779482
0.10592517946
0.104081179395
0.102162435639
0.100175876697
0.0981291165578
0.0960296052968
0.0938870093245
0.0917112797267
0.0895173906081
0.0873222477525
0.085161364142
0.0830947449023
0.0812015838392
0.0795637254066
0.0782484171134
0.0772964782879
0.0767148107796
0.076478401301
0.0765341477006
0.0768097366767
0.0772097157467
0.0778948690376
0.0780069362461
0.0778450147467
0.0777895698377
0.0777881802434
0.0778046924458
0.0778190367929
0.0778224141138
0.114139317503
0.114112207498
0.114103104225
0.114114912719
0.114127043143
0.114134444102
0.114136066595
0.114135093428
0.114155478678
0.114232323474
0.114346226801
0.114551227159
0.114792748228
0.115062702205
0.11533969943
0.11562032755
0.115904700043
0.116180075481
0.116454801613
0.116724341875
0.116985405368
0.117239004899
0.117480494196
0.117699682112
0.117888441093
0.118045219658
0.118168451047
0.118252725787
0.11829116895
0.118280437801
0.11821559993
0.118091430633
0.117901622619
0.117636352766
0.117268032511
0.116754679207
0.116042833031
0.115326542015
0.115217723977
0.115844208932
0.11482161008
0.115046631523
0.114782439206
0.114375983096
0.113562644051
0.112518530425
0.111292935713
0.109930820398
0.108449552284
0.106865677014
0.10519010607
0.103430906895
0.101594822527
0.0996885656938
0.0977185080046
0.0956923242667
0.0936174430885
0.0915042694362
0.0893629656483
0.0872101141887
0.0850633092972
0.0829643096827
0.08098205264
0.0792031698534
0.077711156213
0.0765681355832
0.0758048946699
0.0754178225907
0.0753792876592
0.0756278297871
0.076039576978
0.0763801399356
0.0767025618914
0.0767595829076
0.0767361557577
0.0767425842071
0.0767760167458
0.0768147550944
0.0768415989185
0.0768578023887
0.113439651733
0.113399294407
0.113412840762
0.113454580301
0.113490974973
0.113508317658
0.113504842031
0.11348560719
0.113459943765
0.113493630039
0.113568281345
0.113716332901
0.113924703187
0.11425316772
0.114567782814
0.114878046473
0.115175713658
0.115461798065
0.115729876354
0.115986191288
0.116229317003
0.116458100548
0.116671413349
0.116856154572
0.117007273324
0.117123394573
0.117201051972
0.117237445256
0.117228927564
0.117173767997
0.117071467848
0.116921799678
0.116726416197
0.116479282629
0.116161153796
0.115762252552
0.115241635568
0.114539182206
0.114530181799
0.11283993311
0.113453628918
0.113871340613
0.113271944001
0.112571792096
0.111532982556
0.110325760463
0.108988830538
0.107556176576
0.106031385719
0.104422414199
0.102734591801
0.100972380909
0.0991402282927
0.097243580458
0.095287995803
0.0932811246322
0.091230200786
0.0891464713519
0.0870401193853
0.0849296848
0.0828331956811
0.0808002762677
0.078909539091
0.0772542569983
0.0759169658673
0.0749502209786
0.0743684820176
0.0741527083729
0.0742729820647
0.0746605620896
0.0752016187244
0.0759886363626
0.0756388817241
0.0756037943439
0.0756086328611
0.0756444595378
0.0756976508216
0.0757533591052
0.0757854442218
0.0758083458571
0.112851879174
0.112819686559
0.112845511024
0.112911495151
0.112969463918
0.112993491004
0.112980333329
0.112935062767
0.112868834743
0.112804348175
0.112849605022
0.112999236837
0.113206549213
0.113483013462
0.113833092051
0.114177566412
0.11449755556
0.114786845812
0.115056705772
0.115297845667
0.115519835129
0.115723023232
0.115903119543
0.116051853367
0.11616376866
0.116236434819
0.116268056021
0.116255700752
0.11619885913
0.116098906182
0.115959496162
0.115785397076
0.115585827555
0.115361430284
0.115128695738
0.114889266145
0.11459312223
0.113922471777
0.114750191872
0.113000619045
0.112587646405
0.112958159654
0.111974567496
0.110902742168
0.109598875246
0.108208288453
0.10674527614
0.105231896083
0.103656671607
0.102017595499
0.100313686183
0.0985454213726
0.0967147392499
0.0948257332699
0.092883073569
0.0908944630511
0.0888668474327
0.0868125586296
0.0847416008144
0.0826749951101
0.0806308474432
0.0786687711138
0.0768776112893
0.0753563232799
0.0741841962372
0.0734016643622
0.0730053862777
0.0729509872863
0.0731497813418
0.0735118308441
0.0743400283846
0.0744180178283
0.0743741815888
0.0743863341748
0.0744217187594
0.0744711462835
0.0745239855305
0.0745794687799
0.0746134216533
0.0746280651922
0.112387380983
0.11238292669
0.112407413779
0.112494889471
0.112565308004
0.11258824102
0.112559884322
0.112485820268
0.112375577984
0.11224438703
0.112158438968
0.112329564987
0.112611341327
0.11286912438
0.113190701059
0.113530473078
0.113867027766
0.114166601245
0.11443020472
0.114659533912
0.11485927089
0.115032924554
0.115177522743
0.115287408234
0.1153578123
0.115385570768
0.115368383094
0.115304502936
0.115195706565
0.11504608238
0.11486090614
0.114647806034
0.114425087462
0.114221721049
0.114091302165
0.114066641728
0.11417877462
0.114198659429
0.115515553786
0.113996851159
0.112466852489
0.112314175677
0.110812992911
0.109290803073
0.107688208211
0.106109802895
0.104522031421
0.102930059554
0.101306511145
0.099638714729
0.097919236913
0.09614472395
0.0943148276845
0.0924325266502
0.0905017623005
0.0885305626522
0.0865255807875
0.084500639619
0.0824653284063
0.0804438753877
0.0784539203443
0.0765677484266
0.0748844786888
0.0735070561136
0.0725084594611
0.0719166449414
0.0717210288085
0.0718698803766
0.0722188836132
0.072498075447
0.0729646345843
0.0730719136278
0.0730987886447
0.0731336072228
0.0731772075859
0.0732233602039
0.0732643079982
0.0733005224779
0.0733315082738
0.0733344028364
0.111997849777
0.11202158211
0.112056410962
0.112174253407
0.112253087199
0.112270271613
0.112226330821
0.112128694251
0.111988691142
0.111833550154
0.11173210235
0.111745239844
0.112006388488
0.112352284479
0.112670178993
0.112983743612
0.1132985747
0.113592714717
0.113847735071
0.114065548225
0.114244996584
0.114384821416
0.114492403071
0.114563222621
0.114591018261
0.114571903858
0.114503507006
0.114384211597
0.114217271785
0.114007173772
0.113752861382
0.113466310621
0.113187995634
0.112979198308
0.112920446715
0.113131890586
0.113759530225
0.115010425725
0.116411487421
0.11520459803
0.112756850354
0.111628780126
0.109543748888
0.107575986358
0.10569077079
0.103955332084
0.10227035542
0.100619392734
0.0989609314652
0.0972730908499
0.0955431892357
0.093765074159
0.0919369365974
0.0900612755261
0.0881417321867
0.0861871387103
0.0842039345858
0.0822080207147
0.0802082580355
0.0782330394226
0.0762986999407
0.0744935474502
0.0729261719076
0.0717007225118
0.0708797803451
0.07047706279
0.0704632528091
0.0707271104729
0.0711673388561
0.0721595036821
0.0718279137255
0.0718050249212
0.0718125740407
0.0718436910762
0.0718833064853
0.0719224413953
0.0719552204034
0.0719784133702
0.0720003011295
0.0720077653633
0.111650454441
0.111734449419
0.111845004187
0.11192658395
0.11200831803
0.112016354402
0.111961337973
0.111852673582
0.111703182654
0.111568156211
0.111515151819
0.111500061652
0.111568945193
0.111842657852
0.112206011736
0.112522791788
0.112816483388
0.113081926674
0.113313541717
0.113511609458
0.11366753956
0.113780193656
0.113851038372
0.113881930356
0.113866606243
0.113798680804
0.113675182093
0.113494868274
0.113260599824
0.112964301853
0.112599244998
0.112205123068
0.111822406467
0.111522787971
0.111433100704
0.111769347768
0.11284115375
0.115791778937
0.117224230681
0.116127176756
0.11282688739
0.110320689036
0.107756175139
0.105526262084
0.103474889085
0.101665991013
0.0999436403106
0.0982726422721
0.0966039119986
0.0949112220279
0.0931797953194
0.0914027944152
0.0895784212898
0.087709710541
0.0858006775678
0.0838616149919
0.0818988844382
0.0799312427935
0.0779663797355
0.07603809254
0.074160181015
0.0724411322304
0.0709968091352
0.0699289507011
0.0692883725127
0.069076781629
0.0692270994176
0.0695693733066
0.0701117388221
0.0704610635727
0.0704500610758
0.0704582017386
0.07047665314
0.0705084054211
0.0705453401117
0.070581008119
0.0706110512464
0.0706316840255
0.0706485880612
0.0706614433811
0.11160014969
0.111611026537
0.111695074431
0.111762837072
0.111817753437
0.111812292665
0.111753908249
0.111647690051
0.111506995075
0.111418637102
0.111400546879
0.111391284784
0.111395963435
0.111514769286
0.11178387044
0.112115060918
0.112400202834
0.112644913044
0.112848032072
0.113012110063
0.11313564431
0.113218737516
0.113255429024
0.113246032201
0.113185818231
0.113067619843
0.112884794962
0.11263658417
0.11231362143
0.111894500782
0.111398206914
0.110853879006
0.110287345294
0.109762557012
0.109412591775
0.109437588668
0.110214892225
0.112698362465
0.117397527525
0.112072653518
0.110965388788
0.107780197084
0.105069780384
0.102930563642
0.100939709495
0.0991916385122
0.0975166871377
0.0958776099965
0.0942297550076
0.0925505179031
0.0908278357405
0.0890570897752
0.0872383762761
0.085376484379
0.0834766193246
0.0815512858663
0.0796069126011
0.0776660789235
0.0757346603498
0.0738534664354
0.0720321098382
0.0704044308345
0.0690891813653
0.0681815557151
0.0677215126603
0.0676901941413
0.0679539745842
0.068409198027
0.0693019695942
0.0691303606556
0.069083784701
0.0690807913168
0.069098854407
0.0691303998857
0.0691665445162
0.0692017024391
0.0692318905904
0.0692518172647
0.0692694054454
0.0692846679009
0.111581480157
0.111566375786
0.111579850323
0.11164469588
0.111672226008
0.111655767529
0.111597478859
0.111502659938
0.11138173282
0.111335128701
0.111335753256
0.111334746177
0.111324630325
0.111354524877
0.111551101703
0.111785263185
0.112047366173
0.112267218128
0.112440160944
0.112570686598
0.11265853886
0.112705810237
0.112707642432
0.112657522566
0.112552057793
0.112378823948
0.112132120111
0.111803471464
0.111367754963
0.110821926921
0.110178409366
0.109435416904
0.108594765306
0.107687175595
0.106786473995
0.106014203103
0.1055595303
0.105618433925
0.107279599079
0.102698389167
0.105863009489
0.103710658568
0.101397271926
0.0997490274974
0.0980882851076
0.0965484207796
0.0950049623865
0.0934466924101
0.09184783318
0.0901977511433
0.0884919431925
0.0867307965742
0.0849180740277
0.0830614292181
0.0811680489703
0.0792533782387
0.0773240141889
0.0754074994423
0.0735069476654
0.0716722471469
0.0699066496159
0.0683757015556
0.0671946389628
0.0664507475431
0.0661713045737
0.0662829403483
0.0666186583463
0.0672915800242
0.0675415333996
0.0675863378019
0.0676147342687
0.0676446233331
0.0676776016496
0.0677160223074
0.0677554260472
0.0677926715405
0.067825696959
0.0678485726312
0.0678681724951
0.0678837059414
0.111564505755
0.111547073325
0.111519847909
0.111567410108
0.111574113065
0.111545247735
0.111485894715
0.111404564738
0.111305725968
0.111290216688
0.111294166736
0.111298152181
0.111290056544
0.111307007844
0.111376532699
0.111580700858
0.111779113948
0.111947178606
0.112080394836
0.1121783772
0.112232433402
0.112243407307
0.112206661031
0.112117341174
0.111963598405
0.11173234426
0.111418593681
0.110999872517
0.110457748707
0.109785695999
0.108975667411
0.107995077419
0.106807217781
0.105415286131
0.103860861529
0.102132681388
0.100104003857
0.0975541483063
0.0929968708758
0.0948761807068
0.0965910969599
0.097877684817
0.0970677095035
0.0962415871236
0.0950779683588
0.0938329910464
0.0924680844686
0.0910172652766
0.0894821737843
0.0878685946394
0.0861822692575
0.0844301749531
0.0826208416726
0.0807654758488
0.0788738645233
0.0769649820417
0.0750456337966
0.0731496338148
0.071275993851
0.0694863621394
0.0677744939248
0.066344402933
0.0652995258473
0.0647250747655
0.0646262128563
0.0648306811307
0.0652766519887
0.066216924092
0.0660713584336
0.0660972304674
0.0661431162982
0.0661925922179
0.0662414781445
0.0662905327286
0.0663372064729
0.0663792779707
0.0664153475643
0.0664454502255
0.0664697090912
0.0664865259689
0.111551273021
0.111538911711
0.111521114857
0.111532010293
0.11151282664
0.111469315451
0.111407642795
0.111335604594
0.111261421961
0.111249909483
0.111257909271
0.111263749084
0.111255136273
0.111271026123
0.111328418459
0.111434259273
0.111564612916
0.111684018188
0.111773367783
0.111831862378
0.111849002643
0.111826643313
0.111755552805
0.111624667648
0.111419700489
0.111136609815
0.110756054258
0.110252609533
0.109610264155
0.10881405703
0.107827452857
0.106585736809
0.105047201075
0.103234510548
0.101133563152
0.0985799929102
0.0953043972084
0.0900897261815
0.0881099953306
0.0885872837314
0.0892918699882
0.092383046685
0.0929648915116
0.0928751368878
0.0921572221169
0.0911847598251
0.0899886479656
0.0886402779325
0.0871652676984
0.0855841997963
0.083912566802
0.0821638216161
0.0803514306783
0.0784902667251
0.076593103118
0.0746828209973
0.0727664590468
0.0708855991488
0.0690334527568
0.0672871993202
0.0656267156482
0.0643013538021
0.0633913098731
0.0629812368607
0.0630281224639
0.0633198498404
0.0640047701591
0.0644308035696
0.0645107997524
0.0645923094324
0.0646706710852
0.0647464599914
0.0648163966251
0.064882751211
0.064943921523
0.0649978773383
0.0650426275492
0.0650804697461
0.0651068704679
0.0651207788098
0.111544503144
0.111536050156
0.111524648407
0.111532186425
0.111475350383
0.111415654088
0.111350433136
0.111284777152
0.111228550627
0.111220790211
0.111230933219
0.111234963409
0.111225812372
0.111226753626
0.111272330326
0.111331832181
0.111396100277
0.111461560647
0.111510689873
0.111526178426
0.11150943996
0.111455667656
0.111348606962
0.111173502104
0.110930259762
0.110599797049
0.110152758431
0.109575718422
0.108847382583
0.107928130558
0.106763257491
0.105289546137
0.103477405454
0.101364151411
0.0988803600528
0.0958507751863
0.0920439028932
0.0863027502427
0.0853437127999
0.084964562414
0.0858913796628
0.0886896935506
0.0897145248929
0.0899806489481
0.0895192554921
0.0887215654987
0.0876414843713
0.0863646704996
0.0849298020205
0.0833666386095
0.0816976113278
0.0799411880028
0.0781151481134
0.076237617793
0.074324553324
0.0724028719579
0.0704799633381
0.0686068811943
0.0667691472597
0.0650648947391
0.0634543722263
0.0622436143627
0.0614833814305
0.0612364910469
0.0613151270867
0.0616580614961
0.0628722342155
0.0628666770804
0.0629786982326
0.063095752032
0.0632084807552
0.0633167430633
0.0634166258156
0.063508535157
0.0635915815946
0.0636639335451
0.0637240778267
0.0637698998559
0.0637970202106
0.0638049463443
0.11152197452
0.11153507422
0.111521984368
0.11152761838
0.111445033001
0.111373207845
0.11130608808
0.111247296293
0.111205743676
0.111209657874
0.111215637595
0.111214704891
0.111206140108
0.111204121954
0.111227574563
0.11125020601
0.111267158835
0.111277746413
0.111279073369
0.111258393528
0.111211387807
0.111122247683
0.110977695
0.110775447847
0.110501417449
0.110120443664
0.109620767972
0.108987846285
0.108178061314
0.107148225737
0.105844178842
0.104189601848
0.102184894193
0.0998774200721
0.0971868064135
0.0939835694205
0.0901514157766
0.0848668386209
0.0848570722167
0.0847258256689
0.0847582663119
0.0865782388201
0.0873644501356
0.0876417654997
0.0872451521084
0.0865090300549
0.0854763351407
0.0842272163362
0.0828026113537
0.0812352642976
0.0795510075108
0.0777712711336
0.0759170821693
0.074009053595
0.0720664293114
0.0701199996447
0.0681778094691
0.0663022069068
0.0644691804397
0.0628050982457
0.0612419276629
0.0601605525032
0.0595852416167
0.0595526302204
0.0597403715956
0.0600378800798
0.0609259678403
0.0611859473651
0.0614028756864
0.0615865044401
0.0617514886684
0.0619030917063
0.0620443106894
0.0621701351741
0.0622807348876
0.0623748058499
0.0624514413197
0.0625069586047
0.0625415892346
0.0625540736537
0.111495587776
0.111520924483
0.111500005877
0.111504977765
0.11141362214
0.111334399775
0.111267404489
0.111214387219
0.111206920019
0.111209509505
0.111208279538
0.111202985761
0.111194889029
0.111190470333
0.111188794294
0.111177827283
0.111157043364
0.11112510422
0.111081014835
0.111022388373
0.110942364199
0.110824357429
0.110658338843
0.110436697618
0.110127630835
0.109708587842
0.109174118109
0.108496133607
0.107625045003
0.106511266205
0.105096793683
0.103314604506
0.101194038964
0.0987804137646
0.0960079978786
0.0927992806169
0.0891303794068
0.0844358448159
0.084793810365
0.0838385413864
0.0841341867935
0.0853477742682
0.0856979440783
0.0857985574764
0.0853343890872
0.084566624121
0.0835167694994
0.0822498919665
0.0808022525679
0.0792048874655
0.0774839478571
0.0756618383536
0.0737616642171
0.0718056059869
0.0698163192239
0.067827954274
0.0658497539608
0.0639568986665
0.0621138583182
0.0604841018426
0.0589610553296
0.0580287128222
0.0576441346527
0.0577000820544
0.0580047504327
0.0595150370131
0.059400055452
0.0595894243187
0.0598296732492
0.0600699421093
0.0602990117271
0.0605073781857
0.0606982506774
0.0608652536957
0.0610087839514
0.061128755812
0.0612247645306
0.0612916999969
0.0613374582928
0.0613608687236
0.111475921456
0.111474070973
0.111469037793
0.111474924128
0.111379374171
0.111296403874
0.111235458723
0.111195378852
0.111197842936
0.111200158418
0.11119757024
0.111191447494
0.111183483932
0.111178566678
0.111152784488
0.111110139443
0.111053512167
0.110985704427
0.110906989497
0.11081819243
0.110711196868
0.110571961534
0.110391540095
0.110149824008
0.109815973992
0.109376373443
0.108819488159
0.108109658176
0.107192151777
0.106022270079
0.104544455714
0.102686946364
0.100502288318
0.0980437477363
0.0952605220562
0.0921103916066
0.0886155054564
0.0842857419263
0.0848997782626
0.083913740347
0.0837293747874
0.0845800571597
0.0845145132553
0.0843591847068
0.083750264492
0.0828856910254
0.0817669919754
0.0804420799028
0.0789394384925
0.0772856385998
0.0755049847413
0.0736192854738
0.0716526532155
0.0696279310257
0.0675714279485
0.0655198086587
0.0634845813469
0.0615546669794
0.0596799134044
0.0580677732109
0.0565603040456
0.0557973766518
0.0556316748126
0.0557998352101
0.0563088804445
0.0570943068539
0.0574255023363
0.0578140776871
0.0581806857027
0.0585233066948
0.0588391040934
0.0591244752824
0.0593751322005
0.0595904259463
0.0597716801313
0.0599205920199
0.0600372516593
0.0601210347792
0.0601796802606
0.0602131797092
0.111460700081
0.111445205675
0.111445586119
0.111445105297
0.111338223062
0.111253139264
0.111198686356
0.111191323954
0.111189105775
0.11118914657
0.111187821955
0.11118020719
0.111171649119
0.1111686658
0.11112176197
0.111042966398
0.110949298942
0.110849226956
0.110746392239
0.110638094217
0.110513112268
0.110363712791
0.110174008583
0.109917815972
0.109570420657
0.109119256839
0.108551443214
0.107830245744
0.106899343473
0.105707726596
0.104186541397
0.102291679696
0.100091738133
0.0976305292438
0.0948734866759
0.0918014223202
0.0884625220268
0.084431023489
0.0851186612334
0.0841960873266
0.0836277368842
0.0841177459563
0.0836751413363
0.0832386204927
0.0824459315863
0.0814443133923
0.0802197596022
0.07880458106
0.0772190023776
0.0754839457568
0.0736205835291
0.071649040829
0.0695935038479
0.0674766807891
0.065328897634
0.0631882026077
0.0610706532853
0.059079925486
0.0571486916383
0.0555326812346
0.0539970271034
0.0533659922889
0.0532912763181
0.0535693376689
0.0548138159788
0.055162242051
0.055510152238
0.0559974372211
0.0564871217017
0.0569554926595
0.0573767530227
0.0577532105885
0.058076666964
0.0583486907517
0.058572691182
0.0587531502533
0.0588913695159
0.0589955586749
0.0590665370871
0.0591082926024
0.111452968029
0.11142389224
0.111429046604
0.111420049141
0.111306269332
0.111225772472
0.111198986327
0.111191687256
0.111189180649
0.111188224401
0.111184836441
0.111173610542
0.111163548975
0.111158138193
0.111083582299
0.110977339557
0.110852984924
0.110723296955
0.110594825058
0.110467175496
0.110336122871
0.110187023001
0.109994207404
0.109733632603
0.109386043963
0.108941584758
0.108384351277
0.107668321985
0.106738937719
0.105542786398
0.104017051382
0.102131080091
0.0999478730517
0.0975108439345
0.0947943382973
0.0917915409651
0.0885654637439
0.0847491192207
0.0853966457724
0.0845940649901
0.0837221533362
0.0838488489682
0.08307877425
0.0823667314963
0.0813767588129
0.0802171035922
0.0788628627556
0.0773336055269
0.0756422970816
0.0738040314515
0.0718361609901
0.0697563882335
0.0675880806869
0.06535313077
0.0630861881885
0.0608251424113
0.0585943793106
0.0565134060537
0.0544999477319
0.0528759030196
0.0513215175316
0.0508362313856
0.0506389774703
0.0509276496754
0.0525598058581
0.052855039899
0.0534024817479
0.0540625386653
0.054738280339
0.0553619847856
0.0559208216556
0.0564047966202
0.0568154826013
0.0571551324313
0.0574284859545
0.0576439791791
0.0578076388338
0.0579301638363
0.0580116058142
0.0580569910866
0.111439922294
0.111413689142
0.111419065036
0.111413624321
0.111298531021
0.111222917112
0.111198127815
0.111190054802
0.111187152821
0.111184547385
0.111179453402
0.111164597488
0.111151037604
0.111134772709
0.111056116013
0.110918706986
0.110757664892
0.110591230474
0.110433852291
0.110296559512
0.110174433751
0.110037641822
0.109852805025
0.109598993819
0.109263517326
0.108837991053
0.108299159552
0.107601968547
0.106694682841
0.10552438751
0.10404280862
0.102205339221
0.100062202822
0.0976678412086
0.0949938570573
0.0920336760481
0.0888543547041
0.0851341480252
0.0856669823505
0.0850234195846
0.0839336716874
0.0836972299626
0.0826559099713
0.0816921785081
0.0805064938984
0.0791806750692
0.0776833008256
0.076023801299
0.0742093608453
0.0722495312253
0.0701574251619
0.0679476989981
0.065641860338
0.0632603188882
0.0608419263296
0.0584224156384
0.0560396171324
0.0538265148378
0.0516878316642
0.0500423983913
0.0485291760366
0.0484244034152
0.0483940549042
0.048351945829
0.0498036033255
0.0504349461314
0.0511798443983
0.0520325240372
0.0529425194715
0.0537655797803
0.0544864250636
0.0550999172803
0.055612309583
0.0560304590288
0.0563599546177
0.0566152120605
0.0568083213621
0.0569491100333
0.0570420275754
0.0570893438981
0.111403974889
0.111408138712
0.111408603519
0.111398878939
0.111299482111
0.111234769563
0.111202382924
0.111188742442
0.111183509672
0.111175884883
0.111169848803
0.111151928217
0.111132166173
0.111073326767
0.111033294571
0.110869876833
0.110661171779
0.110448144738
0.110261966944
0.110126111387
0.110028977879
0.109919075649
0.109750575639
0.10951181166
0.109195838838
0.108794431487
0.108282894628
0.107616358237
0.106753265758
0.105648181379
0.104253030603
0.102503653222
0.100432053386
0.0981012150794
0.0954712464395
0.0925198012473
0.0893000799298
0.0855031120301
0.0858789084741
0.08540734816
0.0842093046986
0.0836243975206
0.0823624143755
0.0811780626062
0.0798064867559
0.0783148725041
0.0766692327983
0.0748702830603
0.0729207381269
0.0708251074069
0.0685919376544
0.0662321332774
0.0637639528105
0.061205380721
0.058598138311
0.0559734459639
0.0533897443935
0.0509872024846
0.0486582272965
0.0469290914431
0.0453375999723
0.0454019610839
0.0457170736223
0.0481395848791
0.047510593872
0.0480134489614
0.048863857332
0.0499169895164
0.0510769422148
0.0521684366219
0.0530924078027
0.0538599206144
0.0544880043034
0.0549948735789
0.0553917493276
0.055693447622
0.0559163663712
0.0560738326121
0.0561792375475
0.0562281567983
0.111390744395
0.111400041852
0.111388729998
0.111369271318
0.111323820631
0.111263499593
0.111218704857
0.111193646407
0.111173224023
0.11116269313
0.111159291142
0.111140240291
0.111113819132
0.111084670796
0.111084720374
0.110852756858
0.110568583722
0.110300659715
0.110098221133
0.109984360609
0.109916964152
0.109839294367
0.109685067516
0.109459935992
0.109169006317
0.10880169685
0.108328807365
0.107710229454
0.106907420357
0.10588570015
0.104611403105
0.103012615093
0.101068326416
0.0988312555129
0.0962613096289
0.0932953075338
0.0899380693242
0.0858003326593
0.0860118275936
0.0856952050853
0.0845250256743
0.0836024687829
0.0821516124011
0.0807866469869
0.0792514070652
0.0776034620654
0.0758119606814
0.0738706476723
0.0717792115645
0.0695379484168
0.0671505938346
0.0646233997515
0.0619695937745
0.0592032367781
0.0563653329445
0.0534791545063
0.0506303634112
0.0479559946764
0.0453629508683
0.0435293584736
0.0417620087373
0.0417040650511
0.0421293173434
0.0439783895082
0.044274531056
0.0451540326845
0.0463298066918
0.0476917061876
0.0491447650169
0.0505573673927
0.0517447892365
0.052701729057
0.0534632882506
0.054065404294
0.0545336577905
0.0548867817868
0.055143427554
0.0553166352108
0.055433393777
0.0554871913707
0.111367746687
0.111361545246
0.111372341151
0.111365932149
0.111354912205
0.111285440253
0.111231786047
0.111192836236
0.111153726433
0.111163230432
0.111156543314
0.111136134179
0.111114610776
0.111105336428
0.111091826565
0.110848553801
0.110474401612
0.110134122429
0.109919337204
0.109846633641
0.109804633763
0.109789087884
0.109651498315
0.109438555677
0.109174760942
0.108848018305
0.10842463978
0.107865007882
0.107134289159
0.106217354029
0.105099355064
0.103703795588
0.10196946564
0.0998941029274
0.0974391796462
0.0944819187362
0.0909167035744
0.0859752939139
0.0860589230195
0.0858168958045
0.0847258679566
0.0835324817292
0.0819581817037
0.0804840103176
0.0788280061765
0.0770413656429
0.0751102442168
0.0730271837937
0.070790920066
0.0683984242476
0.0658481455196
0.0631403216348
0.0602809804529
0.0572782547364
0.0541670381142
0.0509592466689
0.0477659071611
0.0446869464464
0.0416854965471
0.0397039243758
0.0379004245828
0.0382547085048
0.0386482093923
0.0398483462206
0.0406785614776
0.0419940972492
0.0436083043322
0.0453765097921
0.0471889417855
0.0489546264544
0.0504566659452
0.05163935309
0.0525557738724
0.0532628186401
0.053801284964
0.0542016602849
0.0544921959374
0.0546860703847
0.0548116353242
0.0548771986564
0.111358619379
0.111357378201
0.111371127391
0.111369285425
0.11136897389
0.111294559271
0.111240086515
0.111199771414
0.111169783851
0.111165150325
0.11115604746
0.111128615122
0.111106374292
0.111100431206
0.111076000616
0.110848993749
0.110348572783
0.109954306869
0.109871806174
0.109834827485
0.109825166381
0.109843933836
0.109662627595
0.109428228906
0.109192473639
0.108917325675
0.108554317501
0.108065669756
0.107410866609
0.106595291218
0.105651642678
0.104512266184
0.10312042965
0.101351432508
0.0991202407368
0.0963274257721
0.0927106782716
0.086928880432
0.0861198684165
0.0845228497995
0.0842526273186
0.0833422511004
0.0818198622381
0.0803068626915
0.0785629903809
0.0766445813378
0.074572493761
0.0723461258935
0.0699639162026
0.0674187815031
0.0647022241715
0.0618060184196
0.0587258565511
0.0554606194084
0.0520331634167
0.0484462670753
0.0448298422426
0.0411942703909
0.0375708323464
0.035056148595
0.0325388385082
0.0336151313199
0.0373024347294
0.0357368258305
0.036723453036
0.0385413233097
0.0407291247127
0.0430127414141
0.0452531870611
0.0473943107235
0.0492478177343
0.050684457919
0.0517725216974
0.0525926011713
0.0532074551809
0.0536551642645
0.0539728397024
0.0541861839383
0.0543212360059
0.0543967302718
0.111350736842
0.11135632061
0.111369455612
0.111369832346
0.111366577821
0.111288696653
0.111236380965
0.111196417213
0.111166416586
0.111146964509
0.11113968673
0.111104690401
0.111084591745
0.111075437567
0.110991611698
0.110745857127
0.110236720255
0.10996765657
0.109864267516
0.109811404869
0.109789699247
0.109742917505
0.109610791045
0.109402137258
0.109206625286
0.108993845457
0.10869770661
0.108296455589
0.10771074975
0.106953976083
0.10618361349
0.105332040977
0.104367867253
0.103156838391
0.101400736316
0.099106890467
0.0961696094267
0.0920750011496
0.086947413076
0.0813816118613
0.0832268302826
0.0833894928002
0.0820371256668
0.0804135958179
0.0785240345444
0.0764383709935
0.0742061041165
0.0718305119194
0.0693040315239
0.0666112510732
0.0637334087845
0.0606502214693
0.0573422721512
0.0537918990159
0.0499991139729
0.045957106286
0.0418033535747
0.0374751588773
0.0332499544254
0.0301158764362
0.0258820159085
0.0265236255127
0.0296869184034
0.0295399580728
0.0317803652583
0.0346789559255
0.037731514345
0.040679556675
0.0434241612307
0.0459496115752
0.0481501113643
0.0498545409056
0.0511193333843
0.0520520466133
0.0527417310625
0.0532416661026
0.0535890982078
0.0538170558198
0.0539553286733
0.0540200510296
0.111347366853
0.111349047193
0.111359697005
0.111348489915
0.111323223655
0.111262458548
0.111218452539
0.111183001559
0.111153366441
0.111123683953
0.11106872254
0.111087023005
0.111058368905
0.111022567604
0.110941510373
0.110791321984
0.110367941378
0.11013142084
0.109912798899
0.1096875951
0.109663317083
0.109652073562
0.109561161185
0.109250308949
0.109125946631
0.109055408535
0.108817493496
0.108573114956
0.10804878496
0.107210341141
0.106585058811
0.106007482747
0.105485001135
0.104847915133
0.104028059354
0.102578934252
0.100703131575
0.0978957740577
0.093816410319
0.0843025793285
0.0844066375561
0.0845668499334
0.082980983647
0.0809353280515
0.0787296639316
0.0764086515808
0.0739953295299
0.0714725302737
0.0688145492004
0.0659918121675
0.0629724258274
0.0597215394353
0.056200496559
0.0523653542551
0.0481737005168
0.0435760953724
0.0386381519196
0.0332669964341
0.0283801355646
0.0250318388675
0.0197480189095
0.0187240587709
0.018508621693
0.0214766692136
0.0260520011945
0.0306192408033
0.0348125197308
0.0385365955055
0.0418177644663
0.0447222960752
0.0472321051787
0.0491804814558
0.0506050817446
0.0516433216379
0.0523965189242
0.0529381723756
0.0533137608086
0.0535560359282
0.0536957914586
0.0537482984571
0.11134295633
0.111341887515
0.11133588789
0.111305476051
0.111281684514
0.111210371636
0.111182390721
0.111158317165
0.111139200101
0.111120555848
0.111097963955
0.111071432283
0.11105723499
0.111023116119
0.110916232706
0.110747087513
0.110627391536
0.110439402602
0.109919982632
0.109593759537
0.109628863974
0.109600077786
0.109435412035
0.109265472796
0.109192384324
0.109166498425
0.108889785639
0.108643872794
0.108498708127
0.107232477374
0.106687405393
0.10643837895
0.10632242644
0.106305701096
0.106300151761
0.106303436312
0.106263809541
0.106182206276
0.105727288684
0.0925360071715
0.0894588553764
0.0871969021436
0.0844507265355
0.081658057398
0.0790290630902
0.0764656516364
0.0738957540771
0.0712586314974
0.0685047291387
0.0655898475656
0.0624704773122
0.0590993595398
0.0554206750537
0.0513633879362
0.0468341203533
0.0416982294803
0.0358104668339
0.0288600588955
0.0217120245712
0.0140160806635
0.00442613944862
0.0089039163955
0.0020774533383
0.0117527201074
0.0201501618192
0.0268791122289
0.0323401730064
0.0368289892476
0.0405934904124
0.0438180900266
0.0465668268564
0.0486957856408
0.0502402342921
0.0513625032366
0.0521677094509
0.0527400249324
0.0531360279606
0.0533920801695
0.0535406132424
0.0535981571859
0.111340327962
0.111336834009
0.111286770855
0.111287873067
0.111260481744
0.111221374232
0.11118787392
0.111160011089
0.111140826543
0.111122614724
0.111103598624
0.111086370728
0.111082318874
0.111049858846
0.110949963982
0.110778640486
0.110573863531
0.110283231246
0.109971895904
0.1097763862
0.109721635115
0.109659828735
0.109490654344
0.109322010713
0.109191388637
0.109051214266
0.108788102659
0.108512714634
0.107999295793
0.107314685388
0.106879385025
0.106669734343
0.106554954761
0.106492580238
0.106460272987
0.106462109779
0.106495843301
0.106583981843
0.106819892456
0.10660235921
0.0971383198922
0.0897256625535
0.0853780112853
0.0820500792516
0.0791839633428
0.076502304178
0.0738621017927
0.0711759253324
0.0683818747188
0.0654288613452
0.0622681991247
0.0588471750915
0.0551022671852
0.0509495827921
0.0462694863744
0.040874252546
0.0344539693611
0.0263573013132
0.0155151127201
-0.00388139271633
-0.0222652000124
-0.00339422156653
0.000193044668796
0.00116184753883
0.0157442665309
0.0243848494684
0.030841434872
0.0358533028864
0.0399217310108
0.0433398995259
0.0462257718722
0.0484471363314
0.0500512185449
0.0512198171137
0.0520566554162
0.0526463545428
0.053051651688
0.0533156512054
0.0534754629142
0.0535397912462
)
;

boundaryField
{
    frontAndBack
    {
        type            empty;
    }
    upperWall
    {
        type            zeroGradient;
    }
    lowerWall
    {
        type            zeroGradient;
    }
    inlet
    {
        type            zeroGradient;
    }
    outlet
    {
        type            fixedValue;
        value           uniform 0;
    }
}


// ************************************************************************* //
