/*--------------------------------*- C++ -*----------------------------------*\
| =========                 |                                                 |
| \\      /  F ield         | OpenFOAM: The Open Source CFD Toolbox           |
|  \\    /   O peration     | Version:  v1806                                 |
|   \\  /    A nd           | Web:      www.OpenFOAM.com                      |
|    \\/     M anipulation  |                                                 |
\*---------------------------------------------------------------------------*/
FoamFile
{
    version     2.0;
    format      ascii;
    class       volScalarField;
    location    "462";
    object      alpha;
}
// * * * * * * * * * * * * * * * * * * * * * * * * * * * * * * * * * * * * * //

dimensions      [0 0 -1 0 0 0 0];


internalField   nonuniform List<scalar> 
6400
(
0.864714165128
1.34835133039
2.10971061153
2.551487031
2.97872931637
3.42281882547
4.0449630306
4.75372675427
5.05803904611
5.58265415843
6.76047918255
7.47521177215
8.04983220122
8.73104799878
9.6285294862
10.5628237699
11.3477428859
12.0869485055
12.7131905743
13.03025521
13.0881708391
13.2335322759
13.6930533747
14.4784337234
15.3611438891
16.1330919656
16.7236165253
17.2585432252
17.8527908659
18.5203146161
19.20641241
19.6895885
19.8954912472
19.9670286763
19.9322045853
19.7479574308
19.7453965846
20.0455067405
19.9642619631
19.615903259
19.6884264174
20.3336489362
21.0036718634
21.3378920231
21.4055726894
21.2919530483
21.0682144384
20.7886657429
20.4651795866
20.1167911047
19.6287798232
18.7164236247
17.5695985699
16.2146264798
15.1728535191
14.5773153279
13.5292739185
11.5854738131
9.4811179631
8.10963460485
6.61350504373
5.06209772971
3.3959310258
4.69595341359
8.77488589842
13.7483192762
16.7699302715
16.508470668
14.5498556492
12.9531351186
12.0962720192
12.2909057165
12.8174569542
12.6913644509
14.7055919958
14.1381670569
15.9882350862
9.8922482662
12.8732430503
4.81403497521
3.12170867611
2.46565885134
3.04795538591
4.27667412693
4.09245511651
3.88177812634
4.02362937441
4.40393361509
4.96221331597
5.68329767797
6.57140429885
7.45634084724
8.2252696175
8.9592576738
9.70156208221
10.5588293363
11.4571628705
12.328575483
13.3342809658
13.460759848
13.2918218661
13.3818368722
13.7786356516
14.5338333855
15.5933794584
16.2829304629
16.8315404127
17.4182449103
18.0355914766
18.6688013742
19.3137277527
19.9255009748
20.1293973899
20.2033989914
20.220095537
19.8981475097
19.9725347773
20.2934891252
20.1269580453
19.5719208805
19.5998407318
21.1442738581
22.2944436696
22.501780787
22.4867687816
22.2336477653
21.8265361791
21.4172533476
20.8272583077
20.2305713284
19.8548645593
19.7641250491
18.9619243802
16.4405684545
15.5863906205
14.6309165698
12.6671491606
10.7897156628
9.05533734179
7.35700933035
5.8540591195
5.48141708427
3.79146496095
5.03673086348
8.87279740808
14.7550067423
18.5301569247
17.3129438944
15.1792308114
13.2829397001
12.5892045806
12.9982953076
14.0764443556
13.4993737524
13.3378988764
12.8030407177
11.5935667331
9.74605543778
8.18552732959
4.27179531853
3.16097097622
2.74209964135
3.24656009241
3.45636503481
3.89236093596
4.27721698049
4.23599983217
4.32305861911
4.87466111812
5.66352849461
6.55355807885
7.45813431778
8.27704310936
9.01936936554
9.61765662262
10.3869738073
13.1736129525
15.2126880211
15.5405423162
14.7696923532
13.1075838436
12.9771068527
13.9316097413
14.7447764847
15.4770216499
16.2617794086
16.9484631105
17.5387413282
18.1343141697
18.772775273
19.3707574565
20.1052493087
20.3240623864
20.0815576451
20.5671457515
20.2590344625
19.852736312
20.4743664812
20.3258075322
19.8054782932
19.8412413806
20.4932726569
21.1649164772
21.5096352553
21.6019127393
21.5323138362
21.3405792916
21.047912522
20.6566062034
20.1919580763
19.658429686
18.9473701347
17.9358961669
16.9557368253
16.0583682121
14.4207404499
12.5793956138
10.8232781644
9.14709358165
7.58810991294
6.2945377611
5.09498979908
4.29504397755
6.21085686431
11.1376774352
15.7124425577
17.9720936139
18.1195826851
16.5623923815
14.9140036501
14.2357290469
14.1447508027
13.4928075329
12.9003500556
12.8595594826
12.4968470187
11.4975795017
9.86633365543
7.43452872755
7.60723564314
3.08520132001
5.43004848581
3.4879527829
3.55351255413
4.21768371824
11.8016984094
10.1577754163
4.96939777769
4.86427204329
5.67303841568
6.57877266834
7.49833087913
8.29302411847
9.07900558627
10.8609477547
13.0282915109
14.6805878849
14.9762505768
13.6548637045
12.574518459
12.7811152113
13.2384144667
13.8631595242
14.6911452963
15.5701676268
16.4010441254
17.1247693078
17.6842892136
18.3178991504
18.855538463
19.6505758774
20.0815910958
20.7102015649
20.5126729716
19.9687917825
20.3901982672
20.0883184338
19.7945483751
19.875345722
19.9636285232
20.1805147643
20.6631441721
21.1891038528
21.528506493
21.6603350161
21.6274499038
21.4640474215
21.1922691578
20.8220687083
20.3631334087
19.804678536
19.0969170857
18.2092446882
17.2056054997
16.0084448785
14.4626056515
12.7081977654
10.9802978153
9.3821878137
7.9860452234
6.87248376512
6.08144612544
5.96096846581
7.28136082032
10.4827198801
16.0922517492
19.6443540959
19.8542543033
18.2151159685
15.8868279133
14.3025956399
13.5255394411
13.6887870731
15.0584288096
14.9728021149
13.6330911061
13.4670738127
16.7262971934
13.1422986739
11.17131169
5.51593756129
7.46473276882
4.14422990733
4.46158115834
6.41444571837
11.6882835604
8.01581671678
5.32600096285
5.37718536116
5.89765192178
6.72834444036
7.66674231004
9.08736559188
11.4937944357
12.4947730701
12.7967516658
12.6532311902
12.2312332553
12.1415848882
12.63135261
12.9207109177
13.2634616161
13.9498645438
14.8001561069
15.7054905859
16.5790024299
17.2563322779
17.9900050442
18.4388076874
19.2608863765
19.6778567042
20.916256531
20.6143919931
20.0390444992
20.1793927583
19.719195196
19.671969798
19.8091162158
19.9936869427
20.1821726347
20.4407741687
20.8380337087
21.2714467329
21.5927683063
21.74855694
21.7466130065
21.6106585018
21.3626783094
21.0161120161
20.5747045915
20.0248521049
19.3382344944
18.4962251874
17.4860843539
16.2243227155
14.6624622147
12.9539501822
11.3131506154
9.87214764487
8.71447307771
7.90474561244
7.5194292501
7.78916895525
8.35216475821
10.5981947927
15.5818251456
19.7226545472
21.1518899335
20.0042678091
17.2646930692
14.8153317507
14.4933967794
16.7044228805
17.5465843267
16.4876824174
15.5494383471
18.1650410239
21.1546836677
16.4897057445
15.608180988
9.82976847425
8.97478719128
5.15285821051
5.78976356474
11.9614035517
11.4101390177
6.21501100289
5.87390706349
5.97567613652
6.24155885647
6.99950644915
9.73138611605
13.0482353719
13.4308496005
12.9900040531
11.8840074965
11.2976549283
11.4809880827
12.3735410768
12.6203117059
12.7771961029
13.32665179
14.1010949909
14.9979819417
15.8215943986
16.7120665757
17.7262510124
18.0883686775
19.1154732123
19.2858390181
20.8345680941
20.6262466111
21.4861111753
20.3796878711
19.4273191306
19.3553032204
19.6167114774
19.9075502961
20.1649069227
20.4031641603
20.6820855817
21.0371217123
21.4124762151
21.712845037
21.8797183494
21.9015518388
21.791152962
21.5697472312
21.2531864105
20.8430324947
20.3245325921
19.672521034
18.8568135579
17.8323874457
16.541521772
15.0097114561
13.4061854112
11.926021975
10.6911739746
9.78241155612
9.24082672507
9.21342591354
10.0195677537
9.22434531521
12.2785322686
17.4101401995
20.9952396203
22.4104621614
21.5121393349
18.18097406
16.0228799526
17.7903017212
19.9581571893
19.4147519704
18.3936302536
18.4447678174
22.955781815
24.5182154025
19.5393082961
19.3388908219
11.9249088123
8.72089281545
6.26887470609
5.88939676414
11.8702915112
8.11867844109
6.32895167027
6.42753791274
6.5272704291
7.20519701568
7.62980961388
12.8769055005
13.4842266049
13.4635399944
11.9502027726
10.7075469281
10.822576992
12.1490317728
12.3723516326
12.2821221358
12.7920814527
13.4440331729
14.2193887282
15.1141763469
16.1764037535
17.2104862983
17.7394845784
19.1313174042
19.1494806617
20.8561030413
20.4768367306
21.5596633769
20.7886296914
20.0976326955
19.1705022898
19.2547760727
19.6710277293
20.0529948668
20.3524280731
20.6228041101
20.9195304476
21.2567477702
21.5989433353
21.8823026241
22.0542643659
22.0941048573
22.0086331442
21.8190082358
21.5420502388
21.177086071
20.705552399
20.0960793471
19.3057679369
18.2854700826
17.0153038854
15.5723753801
14.1311826411
12.8551321271
11.8197423411
11.0457596947
10.6269331425
10.6265668746
10.5797393288
10.7352525922
13.644713218
19.9495054489
22.369261017
22.7612085607
21.7309858147
19.4996172846
19.254385745
21.7726948142
22.1872813536
21.3242529581
20.7102508885
22.6312642701
25.3290641847
26.7590259188
22.1948187284
21.0593674546
11.5848511898
8.24806562352
7.36882380867
11.9666562793
11.9163949614
6.94536948306
6.93875145479
7.05836374067
7.18078172128
7.72217373111
12.664644213
13.5733509024
13.5826201368
13.0077167756
10.6353494925
10.2091685797
11.8083793198
12.326057724
11.9511880828
12.1472744541
12.8425278003
13.6465425504
14.441810922
15.4023513461
16.2712792537
17.6283534401
17.8553185937
19.1269863461
20.6754474415
20.9685140674
20.1019851335
20.9275484145
20.9280472772
19.3472800247
19.1210152147
19.3860861837
19.801882528
20.2092115443
20.5465975232
20.8478252202
21.1623960622
21.4978721178
21.8244756032
22.0962918275
22.2706112676
22.3256444659
22.266845472
22.1159471147
21.8892985504
21.5828074988
21.1721503878
20.6172818692
19.8682361337
18.8879422187
17.6967346279
16.4039086852
15.1626878663
14.062369292
13.0935367697
12.2920158455
11.8512243573
11.8082597126
11.9951473993
12.5169641451
12.8739560543
19.9980494364
24.1105589924
24.1960853781
23.6468119013
22.7428621808
23.58515156
24.9186239024
24.2128948102
23.4965507558
23.6641339614
25.9221491258
26.547864584
27.093131752
24.2182088017
22.0866851127
10.7808693532
8.05691989693
8.0191939284
12.9115110514
10.7608211345
7.45519973791
7.59755520263
7.84122884971
9.16938151184
7.77497625419
13.438469311
14.0587330151
13.5985176862
11.6449605032
10.1539840516
10.3450968225
11.9087565489
11.992028497
11.8152706238
12.1774851021
12.8441648205
13.7484280564
14.6623201656
16.0824809371
17.2917907364
17.558703969
19.5826201202
18.9485514709
20.9275113388
20.1922469222
21.5398835098
20.0966484377
19.5131408062
19.2224205094
19.2774628941
19.5730589504
19.9660398519
20.3766069627
20.7475457668
21.0844021488
21.4200615346
21.7613913944
22.0842602602
22.3511748354
22.5274419267
22.5973189991
22.5693901934
22.4654229199
22.2997109517
22.0647559176
21.7303974325
21.2490967846
20.5706824115
19.6788181887
18.6282668577
17.5336515799
16.4820247757
15.4377128417
14.3326158478
13.3885840334
13.0404808101
13.3696082061
13.9452415422
14.3899969212
14.5165354721
16.6447959131
24.2572226713
25.9900786784
26.0641812247
26.7505107547
27.8142410921
27.4502997782
26.4054828165
26.151074759
27.0628016122
28.1697316106
27.9555966872
27.3043116782
26.2696322962
24.8941870277
10.1314997288
8.40020819074
9.18248707789
12.9461371961
8.5764822872
8.46265386609
8.26124853949
8.51511551179
11.8211893003
10.4640243456
14.270226747
14.2979848215
13.6285939921
10.8356330336
10.1388198793
11.8210605767
12.1588914423
11.7114170254
11.7773709779
12.3466215323
12.9783008406
13.826190652
14.5977183876
16.2582185894
18.4640723067
17.474581173
19.5210007586
20.7168629643
21.1820220622
21.6432679456
20.5675159753
20.4581458819
19.1449518017
19.1083098989
19.4337935848
19.7778423962
20.1535680155
20.557648996
20.9538852621
21.3304848083
21.6962919772
22.051034818
22.3767155677
22.6440320206
22.8251485329
22.9112880355
22.9183890799
22.869943946
22.7762651561
22.6260416825
22.3856090878
22.0036486451
21.4357807233
20.6895463764
19.8403336246
18.9659444024
18.0114067053
16.7787739322
15.3791615207
14.4895050546
14.641518426
15.5583071069
16.4036609497
16.8525668994
16.894039821
16.0170535644
16.4903231906
27.7455565196
30.6196647255
31.6784760391
31.5469888831
30.1067751656
29.1333748942
29.3206088934
30.3458174357
30.562396462
30.225921481
29.8787167099
30.1863620202
30.3550369527
9.98133489069
9.16334839059
12.695783698
13.0208863313
8.54397391171
9.18798128292
8.9125564445
9.46950809543
11.2066701151
14.0579489837
15.0467278567
14.5172427596
13.8088136934
10.7468100527
10.2695048118
12.369710627
12.2294045541
11.6604312122
11.8028184993
12.4933074867
13.3777565517
14.1850943735
14.792475048
15.8679072898
18.6346599111
19.7840681808
19.030932611
20.8635251501
19.7927954686
21.6828149224
21.8487511809
20.3662873393
19.0798328353
19.2119857377
19.622778297
19.9934458144
20.3642156941
20.7610456251
21.1690041036
21.5830580543
21.9897073306
22.3676491071
22.7021095053
22.9739220304
23.1631986537
23.2697840464
23.3172517853
23.3308456699
23.318044549
23.265217961
23.1379736275
22.8863029487
22.4782331218
21.9438098161
21.3502468895
20.6560965639
19.5419039972
17.859223874
16.4550659817
16.1490398838
17.1873604619
18.7286131625
19.7552801876
20.1597262427
19.890467612
18.7700100654
17.0779625489
18.3903882886
32.1563045371
37.3918127449
36.0862340367
33.6587954998
32.7448348879
33.0748803649
33.6704834449
33.8182329696
33.9861003197
34.4342126935
35.002162599
35.6524385276
10.219717828
9.97617433666
14.3035218547
13.628758624
11.6004906608
10.3702761094
9.776257846
10.9495226104
10.5549865176
15.0062830557
15.6383891795
14.8024305253
13.8078515074
11.2812498596
11.0318293102
12.8499870713
12.2136902713
11.719191826
11.9204511687
12.539931537
13.5437677038
14.6449973499
16.3927009331
16.0177985211
18.1016484576
20.1766020155
18.8557668039
21.1572441307
21.8379392681
20.6812994494
20.7559035321
19.4859237501
19.3835284924
19.5427842903
19.868001848
20.2346848598
20.6056096697
20.998194846
21.4017456268
21.8353337597
22.2913130359
22.7132564921
23.0640205286
23.341011108
23.5419629992
23.6749117084
23.768195289
23.8478927526
23.9206309242
23.9737854728
23.9760793452
23.888824752
23.7023203432
23.4527786377
23.1317698828
22.4189414815
20.7765103381
18.8640158411
18.0983948401
18.8805098968
21.0576524201
23.0965005229
24.2337267761
24.7290892444
24.3344001155
22.8674629736
20.6165827228
17.8349108102
27.7751712537
38.2985426935
41.1840399026
38.4302332644
37.5571949333
37.7658590741
38.1008415327
38.163977151
38.9022910016
39.6444945418
39.5779038329
39.7755047663
10.7442773124
10.5830736051
13.9864221106
14.0431569485
14.0262677057
11.4272683425
10.7732947335
13.8925703738
10.823548237
15.8557931156
16.0871610926
15.099687598
13.8152432135
11.8260676539
13.836328685
13.9227011535
12.3517524698
11.9137701081
12.1699032208
12.6914048304
13.5096945207
14.6221299105
17.7713300436
18.7124342415
17.5161578016
20.264466335
21.1153897662
20.6800238809
21.8101097583
22.0018938324
21.1701331879
19.4916675638
19.5830396068
19.873941421
20.1672020149
20.5050421658
20.8598141543
21.2659399787
21.6877465976
22.1158349035
22.5928571229
23.0682747648
23.459684339
23.7501239989
23.9639244044
24.1282704406
24.2726256949
24.4190474819
24.5743447662
24.731338338
24.8713578057
24.984839632
25.0911929413
25.1870840706
25.0554784235
23.9581834901
21.7535545801
20.3387860563
21.228855946
23.849407071
27.1504774011
29.4491155525
30.3038919779
30.7328971401
29.5839650206
27.3576457697
24.4465172006
20.0995091467
22.5295292329
34.7294998182
41.8573808166
43.148075042
41.6749587859
42.2691436476
42.707536621
43.309658142
44.3977499591
45.0793127533
45.0577818596
45.2383958689
11.3287825627
11.2305835078
10.8986956943
14.3219782736
14.4990328252
12.1127044949
11.6771538583
14.817432878
11.3950470962
16.7194942659
16.4834285097
15.4090676786
13.9407955204
12.08551595
15.009365787
14.4123922046
12.7162851351
12.2762075584
12.5080052107
13.0135169661
13.601583418
14.5256599925
18.3246297381
19.7731998765
17.8426406435
20.3401345116
21.6520115888
20.0233808277
21.4400078471
21.4691430559
19.8365306189
19.8478812163
20.0336944805
20.2520232851
20.4953711855
20.8311933187
21.1739208314
21.5351116673
21.9798168359
22.4488618689
22.9339057236
23.4350246943
23.8718914208
24.1950861276
24.4323307037
24.6336623042
24.8310336665
25.0366369496
25.2612115125
25.506609169
25.7720751482
26.1187349541
26.5915586423
27.0613112923
26.8480054268
25.0209319402
23.3410142567
23.1867379491
23.9334482556
25.631301502
26.9544912564
25.4111416958
20.6207554547
15.9791168658
11.1857160698
10.4530318874
14.4901909073
18.2176707192
20.1944974747
19.7262019253
43.3326057625
47.2517147785
46.7967498711
43.0581589995
41.6638443492
46.0559147844
49.2976687807
50.6924892992
51.7987299123
52.3070628432
12.0902416857
12.1712108939
14.9352063164
14.9052410536
14.8786114864
12.6880501233
12.678690073
15.5866908557
12.3500025829
17.4534637995
16.8525839467
15.7356599776
14.1415954703
12.4357731355
15.250413844
14.5199811239
13.081772167
12.6900096936
12.8692049911
13.31517858
13.8547342552
14.5747787285
17.6484190021
20.5850570385
20.686537721
19.6204694168
21.867427148
22.5523305072
20.0137837103
19.6375143182
19.7521868244
20.0722506541
20.3681603381
20.6189161317
20.8850571528
21.1756327102
21.5127439599
21.8872378586
22.2911946919
22.7873305137
23.3175520694
23.8408968972
24.3051947841
24.6643825026
24.9431881863
25.1909759072
25.4401267002
25.7014956163
25.9687195398
26.2427261567
26.5975753536
27.1944450952
28.0746007079
28.8018483112
27.9621274627
25.8652807226
21.4664391585
13.2837771912
0.103190556015
0.0019344540339
3.27903215287e-05
9.48705358644e-08
2.69601353861e-10
4.66674840686e-15
3.65034444977e-15
8.86219691254e-15
5.97382139215e-14
2.79810458782e-13
1.03362123147e-12
6.5685013966e-12
5.14298996466e-12
4.46182341352e-10
2.53952304703e-07
2.55276255128e-05
0.00193711554947
0.446070902515
43.8905070077
55.0729173405
58.9626290809
59.58453859
12.7963863404
12.9840954244
16.5169637669
15.4907024139
14.8757809324
13.2781389025
13.659168502
16.2089601576
16.1867630131
18.3528621249
17.2704109907
16.1457392897
14.4131868996
12.9340286023
15.5047257945
14.5747576572
13.4435680531
13.1142155024
13.2277770263
13.5980305961
14.1151706907
14.8416055703
17.059714489
20.8438018493
22.0829449821
19.2097536898
21.4114656576
22.5640730691
22.0815134219
20.1579100694
19.8621047977
20.296120694
20.72139388
21.0478443636
21.2463783877
21.5456394596
21.8644493852
22.2514883784
22.6660972382
23.1549483404
23.7234454588
24.2901483106
24.7696924615
25.1426912688
25.4724565793
25.8233844104
26.1647356452
26.445407767
26.6317033187
26.8578442662
27.2930235379
28.0706634523
29.3017135845
29.8949817575
26.6578768884
14.9943196349
5.18807227e-05
2.10091890097e-07
6.07551736871e-09
8.84483959761e-11
7.18624526382e-14
1.19909388917e-16
8.45246785511e-18
0
0
0
0
0
0
0
0
1.1755941344e-21
3.96503563941e-19
5.93084817475e-17
3.44088818084e-14
4.80607633658e-11
2.60261317025e-06
0.039523822857
45.6302309496
62.6832720348
13.3678892765
13.5783657263
18.7088815783
15.9234996186
14.5970539101
13.8051819972
14.351498988
16.1606360333
17.7670216535
19.3934476377
17.8401194591
16.6826825763
14.9278996732
13.7364101045
15.9671776108
14.7895659589
13.8917127817
13.5926527618
13.6260990684
13.916127137
14.3668193548
15.0438586156
16.81321514
20.7134682655
23.0751197759
22.1854747727
20.8392957152
21.9138429824
21.72365035
19.9836254853
20.3243258928
20.7993036709
21.2804103859
21.5320586713
21.7441006233
21.9441491793
22.278938872
22.6383273893
23.0732987477
23.571995007
24.1452743063
24.7566145626
25.3125748053
25.7030274488
26.0693921473
26.5239822895
26.9670442914
27.2238771452
27.2840928055
27.4232771693
27.8521579616
28.5938677559
29.5568682816
27.7732165531
0.343559898672
7.51113935555e-08
2.46332666732e-11
9.96067567783e-13
1.35810814374e-14
3.72430162474e-17
0
0
0
0
0
0
0
0
0
0
0
0
0
1.5147529079e-20
1.50523643715e-19
3.29980440806e-18
1.60002952768e-16
8.8853311149e-13
0.000739582625937
1.42566488986e-08
13.8102751529
14.0084763125
20.8027757818
16.2421662008
14.6046590229
14.3009892098
15.1460564546
15.3596362865
18.7166495192
20.1328006351
18.397698187
17.2363216039
15.6511841548
15.6979332776
16.614736951
15.2512963981
14.5412323716
14.276247336
14.1329465348
14.322420092
14.6717266405
15.276470041
16.7713512903
20.5799319573
23.4822892518
23.8534474718
20.3819588741
20.6350265773
20.1858316577
20.1007764363
20.6096144262
21.3129184737
21.782666795
22.0483656923
22.2690449166
22.5738831764
22.7527601724
23.094347128
23.5156963673
24.0016184869
24.6426599663
25.3102081366
25.895542704
26.2357119971
26.6064174972
27.8701409954
29.6633712455
30.1321273373
28.8049615459
28.5242927649
28.7686171079
29.2473548789
27.6893649682
0.0397476060763
5.99048490888e-07
2.68742571748e-18
2.71567697995e-15
4.43123643772e-17
0
0
0
0
0
0
0
0
0
0
0
0
0
0
0
0
0
0
2.34024575295e-19
1.58477577014e-18
2.9224579124e-16
94.39209159
14.2095402724
14.374743233
20.5805260938
15.5272633327
14.7286842316
14.726863256
16.0519755969
15.2504087127
19.5099691397
20.8304880008
18.936811629
17.756530553
16.2025591319
18.0108963583
17.5371567775
15.9202878204
15.2941083163
15.3587307674
14.8651778311
14.8996266695
15.0772387742
15.5414315385
16.8772469931
20.4305179056
23.345231227
24.9708077545
23.3811009731
22.1867009517
21.403000438
20.392891923
20.9280531024
22.0156420202
22.196001408
22.5525751815
23.1087058007
23.1493757893
23.3280572452
23.6629335426
24.088739668
24.5638168149
25.1167412903
25.8285335473
26.5628683322
27.430928243
28.5856754595
30.298647225
31.5854788862
31.28249543
30.938195605
31.3461066793
31.9677010348
33.1840005005
0.18075660325
1.64994682911e-06
2.16856219251e-10
2.94532310984e-12
0
0
0
0
0
0
0
0
0
0
0
0
0
0
0
0
0
0
0
0
0
0
7.20089845519e-19
5.24120002232e-08
14.6917043155
14.8372642632
20.151597333
15.0808119456
14.979103478
15.069280871
16.8212620844
15.6568688102
20.1797141985
21.5154051464
19.4796747705
18.2907725546
16.6712385221
18.713296645
18.3893552005
16.6654824834
16.0330857852
16.2239014959
15.7499477938
15.7028122224
15.6933615288
15.840556669
17.1465738753
20.4067535397
23.0625107676
25.316139207
24.6086698895
22.6078502558
20.537109137
20.9255903436
21.5041976068
22.5465958926
23.1760144724
23.634559893
23.948237932
23.82013313
23.9804720225
24.3319917743
24.7594275523
25.255991444
25.7996958727
26.5857060568
27.7195547525
29.3909505078
30.4684180335
30.6429662632
31.1785866343
31.5016559967
33.4376250793
35.4888661435
39.770616018
1.64704416621
2.1869602172e-06
3.77130076954e-10
7.73513209051e-13
1.87282427263e-14
6.28643537338e-17
0
0
0
0
0
0
0
0
0
0
0
0
0
0
0
0
0
0
0
0
0
1.21013520409e-19
1.60111940624e-19
15.4278783213
15.5751738208
19.7266708187
15.2972703157
15.5187700269
15.5177787121
16.7276744557
16.3686925654
20.6362094654
22.1631280134
20.0623017454
18.882158518
17.2740158237
19.3626405598
19.167332587
17.5207818674
16.8448656126
17.0734139997
16.6074545579
16.6559360064
16.6043335455
16.3069698901
17.6154329386
20.563109826
22.9302297075
25.4175514765
25.1309179562
23.2159046925
20.9532417891
21.1345205883
22.2025284358
22.6032715112
23.0689852644
23.7765935468
24.9023539117
24.8570227012
24.9235307475
25.0952521326
25.4738425308
26.0540363171
26.7142810733
27.6275559548
29.703137467
31.6235579208
31.6497022642
31.6334609436
32.6858996333
36.1566007635
40.4310349572
43.625252152
0.470565647809
7.81692161192e-08
3.23482495889e-12
1.06059294116e-15
6.65465192477e-18
1.34884401567e-17
2.07132108448e-18
0
0
0
0
0
0
0
0
0
0
0
0
0
0
0
0
0
0
0
0
0
8.94446444586e-21
4.06141848204e-20
16.5541206049
16.6535237221
19.9204532533
16.2105324916
16.690210941
16.3479124866
16.943306199
17.7318191212
20.5841602748
22.6265165688
20.715475377
19.5527429759
17.9930636696
20.1031468041
19.9762713085
18.5519891833
17.8592062397
18.085272923
17.4709961873
17.7140274584
17.8541833688
17.0230959092
18.1379519487
20.8967934148
22.9825333634
25.2553771709
25.3595983556
23.7781935738
23.1657486587
22.0268954778
22.6465948482
23.5744253539
24.7153608151
24.3456876571
25.0123103865
25.9315641773
25.9535921687
26.2358185793
26.4793928924
26.9311323223
27.7371191447
29.7380625022
32.7323377741
33.5541300016
33.1046316912
34.2671391468
39.2038875455
46.3561089808
48.9111276944
0.0169263266796
1.18430581983e-09
1.10571096583e-14
7.56563892787e-17
0
0
0
0
0
0
0
0
0
0
0
0
0
0
0
0
0
0
0
0
0
0
0
0
0
0
0
18.1476930098
17.9863043681
20.6462093483
18.1426696519
18.7011548207
17.5998312113
17.8400887597
19.7310530235
20.7184449052
23.2037756362
21.4970800137
20.3144125012
18.8061174978
20.8810265459
20.7802361298
19.6964337206
19.3925277753
19.4270132689
18.4252878123
18.8810012548
19.4276997935
18.0860889023
18.5226236141
21.3082801154
23.2241133743
25.0937691994
25.5376767237
23.8726996116
24.362360244
23.6700106581
23.7858460883
23.1413996446
24.2296389715
25.7104846339
25.9744937005
26.5758315469
26.9879624178
27.2749028917
27.7110899196
28.1740922331
29.628292061
33.20692043
35.6055562683
35.7796479831
36.4130810833
40.648719099
48.9990594547
50.7789675399
0.000240096271258
1.05689503129e-11
1.8476755897e-14
8.46027094053e-17
0
0
0
0
0
0
0
0
0
0
0
0
0
0
0
0
0
0
0
0
0
0
0
0
0
0
0
0
19.8493324551
19.2391024434
21.4553737218
20.7474033534
20.4292296962
19.0741595485
18.8430554726
20.8664719319
19.7754673247
23.6404498612
22.390396854
21.1598581459
19.7051788849
21.6752567751
21.5273994891
20.6466757895
21.5861616094
21.0581675547
19.5111302479
20.1950091406
20.7999588869
19.4763082605
18.6008021234
21.2763342614
23.3927775686
24.968710356
25.5960669603
23.9389031942
24.7143122766
24.9801611851
25.1112083574
23.9073476796
24.5429441919
25.5175197035
26.9254134025
27.8207856812
28.2689359489
28.5017350453
28.8932389991
29.9440228145
33.2463742832
37.0224447542
38.6929956259
39.4569114963
42.1662114522
48.4459381358
47.3021186956
1.11315762786e-05
2.84578142454e-11
4.11986901762e-14
1.44285760917e-16
0
0
0
0
0
0
0
0
0
0
0
0
0
0
0
0
0
0
0
0
0
0
0
0
0
0
0
0
0
20.6776187424
20.1277132562
21.970572411
21.7913307516
21.4930194952
20.4871099077
20.0394639772
22.262265841
20.8066703123
24.2125681515
23.2937074527
22.0552287334
20.6848755664
22.5053041079
22.2953851133
21.4484329798
22.5484984348
22.1552478538
20.5843660619
21.5110999302
21.5237053691
20.2621998898
19.6850843753
19.8826048545
22.8978582603
24.4758449873
25.3873346651
23.9195455917
24.778379678
25.5117730273
26.1808365616
25.8501897914
24.7596194295
25.5404699672
27.1515577652
28.7034743105
29.6688138636
30.190778011
30.5975554775
33.2952718346
37.6501984305
40.8061559297
42.1300926241
43.6889475024
47.5135625609
42.9460047542
3.95136088331e-05
1.50338494137e-10
1.35424959573e-13
3.85697295942e-16
0
0
0
0
0
0
0
0
0
0
0
0
0
0
0
0
0
0
0
0
0
0
0
0
0
0
0
0
0
0
20.7614886011
20.7114057919
22.3051454516
22.0084486782
22.18778473
21.5995482624
21.0952647545
23.6356096318
22.5321158937
24.964177234
24.2592105798
22.986958595
21.7396608783
23.3860646346
23.1398133595
22.3945953147
23.3471647191
23.1192279489
21.7290092534
22.5407272943
21.1763199563
21.0088969123
20.7386812997
21.0247715241
21.8858371133
22.8272802744
24.5590631203
23.7698856996
24.2965255301
25.5437662224
26.6415372627
27.2357542668
26.3506783158
26.3334994572
27.2861147473
28.7922505775
30.5270831065
31.9568328501
33.3985728223
37.5698557742
41.8045122282
44.2398903835
45.0187134908
46.0811266145
40.4883194463
2.00362078867
1.01966209102e-09
4.7040614201e-13
1.0537537626e-15
0
0
0
0
0
0
0
0
0
0
0
0
0
0
0
0
0
0
0
0
0
0
0
0
0
0
0
0
0
0
0
21.0368268324
21.1446472724
22.6190711781
21.061013648
22.4982474277
22.2263223699
21.821992983
24.2534231641
23.3954345922
25.752528168
25.2757328869
23.9294450421
22.8787259956
24.3051332312
24.0328314609
23.4804695189
24.2246441158
24.1944986208
22.9950555496
23.9537069511
22.537956191
22.7054892821
22.0037500528
22.3132341228
23.7767551042
24.382721395
24.2149370355
23.5598444486
23.8070889922
25.5148310267
26.6730700768
27.4977026109
27.817370372
27.452814963
28.7754587087
29.5648719968
31.2469983046
33.6431720598
36.9535882987
41.863941473
45.4886259999
46.8521435597
45.3729161837
39.6584808568
32.9172498673
3.85861351127e-08
3.94730124261e-12
8.98622443124e-15
0
0
0
0
0
0
0
0
0
0
0
0
0
0
0
0
0
0
0
0
0
0
0
0
0
0
0
0
0
0
0
0
21.7855385985
21.8602855685
22.9496800193
21.5083345728
22.7746174294
22.5848954345
22.3516946964
24.4673289957
24.01923805
26.3471461954
26.2854509978
24.826562335
24.0917876236
25.2203631152
24.8974869286
24.5392565228
25.0700311291
25.3596377704
24.3082776782
25.3679640851
24.3327582573
24.8293040778
24.535891819
23.248412858
24.4693316581
25.4772017724
25.5586700929
23.4483376652
23.2438740063
25.449088576
26.8546387939
27.1077766188
27.5736493932
27.8142659741
29.0762045286
30.1881293008
32.1114324841
35.4064506433
40.6718746395
46.1016881666
48.8217924968
48.1995745965
43.1690416652
35.7157627554
0.0398145370579
4.48811014484e-11
6.26195445718e-14
2.5392364544e-16
0
0
0
0
0
0
0
0
0
0
0
0
0
0
0
0
0
0
0
0
0
0
0
0
0
0
0
0
0
0
0
0
22.7277357559
23.8143310621
23.4329146533
22.5344016588
23.345028183
23.0070635976
22.868198576
24.6593658326
24.5975985144
26.5939526532
27.276291632
25.6423042276
25.1758948887
25.9726776296
25.7283733945
25.3447650806
25.3427692522
26.428468348
25.7008002961
26.6043313417
26.3368393724
26.156795953
25.952843311
25.5254785419
24.7387608373
25.5434853284
26.5484598323
22.9258691113
22.7915068772
24.7641328253
26.9311512874
27.7564124749
28.4552545188
27.8950142618
28.9723173155
30.48779915
32.6387647128
37.0540120493
44.2986637823
50.0528690154
51.4427917135
45.6836862989
40.6291786365
37.0098920554
3.38531047722e-09
4.24440953439e-13
1.08327540251e-15
0
0
0
0
0
0
0
0
0
0
0
0
0
0
0
0
0
0
0
0
0
0
0
0
0
0
0
0
0
0
0
0
0
23.4538454734
24.5736681971
24.1785600831
23.4681002087
24.0862417789
23.6173006253
23.4577480482
24.9398902462
25.166066254
26.5779866085
28.1692501141
26.4412421479
25.842478329
26.6044806705
26.6444590495
26.0855409902
25.5728459907
27.195118078
27.1479802635
27.6862783646
27.6862956883
27.7901893485
26.4552104478
26.4159925795
25.9199140081
27.2316327382
27.9320296174
24.9614541007
22.4413025686
23.7976392306
26.3162243292
28.0281607324
28.7101148358
28.5569782079
28.699767303
30.427403238
32.6661796573
38.3534099993
47.7033624906
54.0115756678
51.9506924282
44.1876546841
36.6701814998
11.3173932192
1.45523536949e-11
1.25148162785e-14
4.20568899702e-17
0
0
0
0
0
0
0
0
0
0
0
0
0
0
0
0
0
0
0
0
0
0
0
0
0
0
0
0
0
0
0
0
0
24.0047983031
25.000503366
24.8382045056
24.1386523312
24.8171231919
24.3679342663
24.1279749091
25.3872277101
25.7868272289
26.2016813809
28.7965363288
27.3040194123
26.3347303604
26.6203366805
27.584798587
26.9724978196
26.18230554
27.8394110109
27.952767854
28.5781828835
28.6881743171
29.0617748468
29.134020642
29.0612438498
28.6362583037
28.1837997549
29.3112815132
26.9411414809
22.6195260088
23.0289456828
24.5345795902
26.9016198521
28.6048655517
29.9237268848
29.3902626712
29.8296065624
31.9142035454
38.5944790592
50.7778383717
56.8082791014
51.0161083691
48.1147849556
40.868422685
3.24828528163e-09
1.79311145262e-13
4.90271503677e-16
0
0
0
0
0
0
0
0
0
0
0
0
0
0
0
0
0
0
0
0
0
0
0
0
0
0
0
0
0
0
0
0
0
0
24.5329836572
25.3959035971
25.3874987947
24.6298864561
25.4613155933
25.2105629894
24.8060801069
25.9488653457
26.6114523005
25.7245960934
29.1909096799
28.2623150587
27.0286940764
26.2596258649
28.398943629
27.9271104149
27.1231211811
28.6559700555
28.5611339175
29.0190511625
29.7476132661
28.9937857336
30.5076221528
30.9404198583
30.8571050438
30.8331617142
31.1353995223
30.0464378398
24.9248427925
22.8261159952
23.6804957657
25.0080013944
27.1250623225
28.573756467
30.5075182597
30.2109224131
31.0156172557
35.9835989085
54.6603486263
58.4441187437
46.411572368
40.7714922952
35.8873851777
1.73010463768e-11
6.08370393328e-15
0
0
0
0
0
0
0
0
0
0
0
0
0
0
0
0
0
0
0
0
0
0
0
0
0
0
0
0
0
0
0
0
0
0
0
25.03629336
25.7622012885
25.4873554041
25.0013721295
25.996900072
25.9887708249
25.3876417089
26.0550932414
27.6656316453
26.7467606695
29.481467161
29.2868306706
27.9857216149
27.0365420175
29.1901369229
28.8768803024
28.3630277176
29.7151289415
29.4912103932
28.9920488179
30.8808045282
30.4210951102
31.5770816826
32.0240693291
32.3903166272
32.9120044384
33.4404100151
33.4268165588
30.7397117517
24.3244281426
23.7560276409
24.6070306931
26.7844411016
27.6178298374
29.2228546575
30.7543390064
31.4054778254
32.0684537433
52.1580463493
57.8709480814
51.0703592516
33.9801994384
0.417006225594
3.04359517867e-13
5.00850644655e-16
0
0
0
0
0
0
0
0
0
0
0
0
0
0
0
0
0
0
0
0
0
0
0
0
0
0
0
0
0
0
0
0
0
0
0
25.4837608605
26.0724649762
25.4868793273
25.5252717911
26.5313608776
26.5028620657
25.932800681
26.0297271013
28.2118592416
27.8213270627
29.4364197736
30.3187616106
28.9914426778
28.3600752537
30.0023467221
29.77974599
29.7317895102
30.7115746502
30.7624894867
30.2228362342
31.9115591259
31.9904064502
32.7669174594
32.8303182373
33.9794144016
34.456595193
35.540703327
36.5299589119
36.9313727854
32.2066055561
25.76223317
26.0466735954
25.8364924395
27.9918253073
29.2820392673
30.3449283115
31.2727386519
31.5327316752
32.4163144764
51.383216649
55.6037661525
45.7346447204
6.50513699167e-11
1.24559971408e-14
1.52567528926e-17
0
0
0
0
0
0
0
0
0
0
0
0
0
0
0
0
0
0
0
0
0
0
0
0
0
0
0
0
0
0
0
0
0
0
0
25.9471179405
26.0869190036
26.2730481152
26.7760569307
27.1732715698
27.0395712879
26.5841176449
26.5166769992
28.2491777973
28.5475864017
29.2629238395
31.1969415643
29.9105014653
29.4511596392
30.5789997488
30.6687766803
30.3981941999
31.2928520403
31.9788020593
31.8076473476
32.9126483424
33.1421340064
33.7372393067
34.5918610408
35.3476996801
35.1323131783
36.8558878227
38.21173407
39.6955438761
40.7560440322
35.3938708406
28.4680035865
27.6280122919
27.426439998
28.0575131872
28.9014733263
29.5700879463
29.8302108355
28.6287956058
31.8156178665
39.8800791187
39.9085570023
1.16291046495e-12
9.30885288397e-16
0
0
0
0
0
0
0
0
0
0
0
0
0
0
0
0
0
0
0
0
0
0
0
0
0
0
0
0
0
0
0
0
0
0
0
0
26.4275961201
26.5144050213
27.9411851473
27.8644076579
27.7220081298
27.5512517798
27.3194727144
27.2086547907
28.5202157375
29.3415564983
28.7683999518
31.5770125855
30.8442934831
29.9487090582
30.4092616998
31.5910493813
30.9675369144
30.790624541
32.81606214
32.671386568
33.5852024945
34.4107814068
33.8018279626
35.9907019907
36.6304309679
37.5235210959
38.4280047302
39.5397574256
41.2036364793
43.0249083265
44.1360402842
39.7118687877
34.2606493618
30.4522027013
29.3840905621
29.396745939
30.5006616047
31.4222189982
31.6922176469
34.1914664672
25.7230133789
16.1464747504
4.52876959358e-14
1.17684994833e-16
0
0
0
0
0
0
0
0
0
0
0
0
0
0
0
0
0
0
0
0
0
0
0
0
0
0
0
0
0
0
0
0
0
0
0
3.5700227353e-21
26.7993792834
26.9947984643
27.2105151765
28.0111225645
27.9859852315
27.952676442
28.0123389773
27.77892925
28.8697093807
30.0372111616
29.3513533117
31.3988006095
31.9654525114
30.6557293663
30.022840639
32.3081506668
31.8852471381
31.4915703244
33.4089512373
33.4664832803
33.3233895712
35.7073409457
35.4317796934
36.8095426288
37.4149934499
39.1071628086
39.8133352198
40.8969944048
42.4971662962
44.2402377242
45.8233038004
47.9424252274
46.1863941268
43.0607533011
41.1638063024
40.788901333
41.1722224943
41.9877405938
44.3556614131
52.9726233215
28.163537889
1.19325499218e-11
3.79165418626e-15
0
0
0
0
0
0
0
0
0
0
0
0
0
0
0
0
0
0
0
0
0
0
0
0
0
0
0
0
0
0
0
0
0
0
0
0
8.94446444586e-21
27.098256969
27.3299066679
27.1966136376
28.0692983725
28.4026575274
28.3718799355
28.482542539
28.1527979023
28.7010445317
30.3468219015
30.0655207395
30.8542352591
33.0095660642
31.7237673331
31.1359241569
32.7302470033
32.9541272053
32.5991059901
33.829862757
34.6423151919
34.5305925363
36.4006162536
36.7284688162
37.564752207
38.8991031906
39.9150066602
41.1197340275
42.4725736445
43.7225320981
45.6338775552
46.8066241785
49.570063047
51.288278857
53.1799105248
52.3949993728
52.3878539045
52.5028262276
54.7148541021
59.0678430791
63.7822898927
63.4257724221
3.26451339186e-13
5.12367376821e-16
0
0
0
0
0
0
0
0
0
0
0
0
0
0
0
0
0
0
0
0
0
0
0
0
0
0
0
0
0
0
0
0
0
0
0
8.94446444586e-21
8.94446444586e-21
27.4389140063
27.7031343456
28.1456281393
29.0088227083
29.1253427528
28.8449898806
28.7943512062
28.4582590607
28.6347362087
30.2230387172
30.8041218926
29.9984841954
32.870010801
32.9446743316
31.895420091
32.3270468105
33.9561652073
33.3818587732
33.3750301044
35.4417813587
35.5029014264
36.8537161782
37.9922616178
37.5954425106
39.8320113455
40.1006389978
42.5369392366
43.3239060457
44.4524927167
46.6183821872
48.2728318415
49.9788153445
51.6745217319
53.6984001377
54.8901322819
55.2490286162
56.0967934798
58.0167862727
60.1852746361
60.5241643859
63.1623569448
1.07777536842e-14
7.13131096285e-17
0
0
0
0
0
0
0
0
0
0
0
0
0
0
0
0
0
0
0
0
0
0
0
0
0
0
0
0
0
0
0
0
0
0
4.36545641074e-21
8.94446444586e-21
8.94446444586e-21
27.7707519773
28.0032088619
29.0534177125
30.0765831193
29.5203295456
29.1843208288
29.0552840756
28.7943647745
28.8096719958
30.1271928817
31.2712349041
30.8927138287
31.9588746243
34.2199157143
32.843886964
32.3284235536
34.5082543144
34.4264344977
34.1260927791
35.9382453986
36.4787071363
36.6664277024
38.937215044
39.0168980887
40.4864463991
41.6869258623
42.9457312499
43.8804274067
45.4196196019
46.7913140789
48.4533243943
49.9359255218
51.4420810135
53.2350675436
54.7058444216
55.6203708335
55.9266045565
55.6972282841
54.0545422119
48.9533839108
46.1322319491
1.83963889402e-15
0
0
0
0
0
0
0
0
0
0
0
0
0
0
0
0
0
0
0
0
0
0
0
0
0
0
0
0
0
0
0
0
0
0
5.43472996166e-21
8.94446444586e-21
1.43403931567e-19
1.5131775789e-19
28.0683210467
28.2141390808
28.8656280523
29.5567647213
29.5651747733
29.3453488963
29.2337040816
29.1418045193
28.9499739184
29.6630143834
31.1393943708
31.6679692865
30.9402593087
33.7759265223
34.1419451944
33.0461779812
33.8198668621
35.4176013706
34.9595818531
35.4511844231
37.4546386927
37.4372673889
39.2422510116
40.3399075133
39.9710336926
42.2756393843
43.3882312168
44.927793692
45.8136351785
46.9327464981
49.0647598885
50.323532061
51.8122434914
53.3740411425
54.2549487779
55.6107244634
55.8419087322
55.3527606562
54.3702019104
39.5475465059
31.5493544274
5.65305277157e-16
0
0
0
0
0
0
0
0
0
0
0
0
0
0
0
0
0
0
0
0
0
0
0
0
0
0
0
0
0
0
0
0
0
0
0
1.11313181412e-19
3.75732044402e-19
5.59999752503e-19
28.3800077301
28.4564952357
28.9373620245
28.0589183622
29.2325840214
29.3855948586
29.3151802049
29.3396859849
28.9489882945
29.2815530273
30.7582840841
32.072779165
31.9770044631
32.6532675043
35.0678642383
34.2558935059
33.77341471
35.9722530039
36.2803087099
35.7979811205
38.0054455304
38.6300759559
38.7320337709
40.6034758428
41.2119502765
42.4611911052
44.169681018
45.2102718858
46.5912130351
47.9885752523
49.446055918
50.7465707831
52.4456834706
54.0595053045
55.3801073207
56.2157365428
57.4039050361
58.0189776985
58.7050536756
30.2724343504
6.77137719994
1.67666117116e-16
0
0
0
0
0
0
0
0
0
0
0
0
0
0
0
0
0
0
0
0
0
0
0
0
0
0
0
0
0
0
0
0
0
0
5.06787701285e-20
1.81554771278e-19
2.55248536762e-18
1.7308461805e-14
28.5437836359
28.6294758397
29.5349069194
28.6709554574
29.0820986907
29.3382641017
29.3251857136
29.3334696454
29.0144933049
29.0929745277
30.0182314964
31.6657262438
32.8424813662
32.6801356203
34.1786054456
35.8107197769
34.7034759639
34.4915663387
37.0969176772
36.5598325172
36.7005186396
39.1111341397
39.2872409038
40.7493926464
41.9060502003
42.4958164789
44.2682677901
45.5200191906
47.1462474741
48.0752494724
49.6932202756
51.8668978106
53.8218008872
55.3825606448
57.0115051367
58.8425047202
60.0663397679
60.1595270984
63.6671040766
22.4625765571
1.89399840634e-16
4.46995340969e-18
0
0
0
0
0
0
0
0
0
0
0
0
0
0
0
0
0
0
0
0
0
0
0
0
0
0
0
0
0
0
0
0
0
3.19781169446e-20
1.06299022143e-19
1.01985870459e-17
2.95627018413e-15
1.42750523494e-05
28.4155719068
28.5030719197
29.3542491151
29.5248544241
28.561742756
29.2097845891
29.3304285279
29.3837608214
29.3362256067
29.0740987935
29.4435375826
30.9573417963
32.5362031778
33.359520917
33.0841122937
35.71430559
36.3398032334
35.1677772256
36.9653598643
37.7163875228
37.280574056
39.1775680466
40.1630284546
41.0064804981
42.2773490516
43.5667427715
44.4871740237
46.4737472075
47.2419177831
48.1539281219
50.8813940221
52.8879902307
54.8813365737
56.5429061098
59.1708537398
61.2446506235
63.3783868195
64.4115735826
70.0936624749
22.2614598776
3.49332736373e-16
3.07125433696e-19
0
0
0
0
0
0
0
0
0
0
0
0
0
0
0
0
0
0
0
0
0
0
0
0
0
0
0
0
0
0
0
0
0
1.02769995081e-19
1.27263739865e-17
2.92661229008e-15
1.09903826827e-10
2.2283734576
28.3330846957
28.4025685229
28.4640643177
29.808189286
28.6597249771
29.1810384631
29.4477708505
29.5387873572
29.6751679534
29.2759962764
29.4385293902
29.8926248636
31.8072429118
33.4656540454
33.5948878429
33.8225250622
36.3435127534
36.3666697335
36.1197744025
37.9932980415
38.480073389
38.8865073292
40.5142149545
41.5482633895
42.6364193913
43.7805703744
45.1944300739
46.4495786117
47.6213917765
49.46777885
51.3944178517
53.4093981184
55.7311302628
58.4790432947
61.8810921902
65.7026625301
68.4900113643
72.9478204667
81.2807646584
0.243706210084
1.79265185162e-16
7.47083157505e-19
0
0
0
0
0
0
0
0
0
0
0
0
0
0
0
0
0
0
0
0
0
0
0
0
0
0
0
0
0
0
0
0
3.19781169446e-20
7.58620966535e-18
1.7085236165e-15
2.52913513848e-11
0.0633115250366
73.3421363689
28.6706508379
28.7501108761
28.7684212179
30.4503159155
30.7537974387
29.9616172573
29.8524315936
29.8336287574
29.9128256711
29.761571226
29.5819108015
29.9966106168
30.9609062495
32.780762535
34.2278130268
33.9732992217
35.2725063722
36.9146951375
36.8966030301
36.9192815233
38.895510899
39.7093693097
40.2267025907
41.8163965405
42.9455200224
43.9027973594
45.2921655424
46.6108978269
48.8411220246
50.6290194232
53.1440436924
56.0424015345
58.3262198768
61.3406570823
65.1726593003
68.9440632226
75.1196035164
85.5757412146
99.9920457448
92.7278043374
8.05678362996e-17
7.47083157505e-19
0
0
0
0
0
0
0
0
0
0
0
0
0
0
0
0
0
0
0
0
0
0
0
0
0
0
0
0
0
0
0
0
1.59372711455e-18
5.22040613464e-16
2.4963160811e-12
6.02079406165e-05
77.1038028419
77.311126468
29.1944146039
29.2619463827
29.6745065231
30.6309857753
31.504429325
31.1133368459
30.8518982795
30.450309241
30.2909904407
30.346739616
29.8852032786
30.169992739
30.3324417218
31.7731970348
33.4503172819
34.7220680331
34.8083872177
36.5592735304
37.5285181274
37.6478372889
37.7199665463
39.8244400729
40.8256112497
41.7146311596
42.9491523241
44.5427147254
45.7442033949
48.1309170319
49.8588979824
52.6478072184
54.5894602954
56.9938620332
59.5393009773
62.8268059086
66.0925603263
70.9744246162
80.2652541872
92.2681484215
99.9999696277
99.2335964022
3.88563035273e-18
2.00568661065e-21
0
0
0
0
0
0
0
0
0
0
0
0
0
0
0
0
0
0
0
0
0
0
0
0
0
0
0
0
0
0
0
8.01122244458e-20
7.42879302724e-17
1.94387240369e-13
5.18151512519e-08
68.6175051499
68.4326183604
70.3947453263
29.4428115776
29.3934674872
29.9548685967
30.065050795
31.182858406
32.3094816089
32.6097403456
31.4783521306
30.8264868071
30.6444914201
30.476201159
30.0528119684
30.5695714472
30.6151958052
31.9880465263
34.0154482351
35.2564067777
35.5247754549
37.199485533
38.1744311042
38.5140994889
38.7224361022
40.8166068095
41.8670915906
43.0279804536
44.8344587893
46.7881181955
48.5395696155
50.7098259765
52.4288807626
54.1971279096
57.0118697838
60.5892970233
63.4516778815
66.2201141093
72.3276477943
78.2159512778
86.1283585619
96.0574386132
5.42022143087e-15
0
0
0
0
0
0
0
0
0
0
0
0
0
0
0
0
0
0
0
0
0
0
0
0
0
0
0
0
0
0
0
0
0
1.54684269746e-18
8.16540785843e-15
3.76160890725e-10
1.98671186304
60.4137669876
60.8516494405
60.1493726872
29.465109342
29.1062283299
29.2277432864
29.4524518872
30.0129739738
31.7465562201
33.2620193141
32.151026524
31.3075247905
30.8809839716
30.7933093912
30.3455707972
30.6982304546
30.8658915396
31.3989178609
32.41188971
34.8433213848
36.0157890292
36.3186702363
37.8666016078
38.8489360792
39.4511281331
39.809094756
41.7955954905
43.4400070097
44.9502671569
46.5827882819
48.2600841823
50.3952569715
52.2082178801
55.8056588941
58.4410240317
60.8254132379
62.940890458
66.4757559958
70.0124032522
72.5872036364
72.3307957437
59.070828966
3.96943405756e-08
0
0
0
0
0
0
0
0
0
0
0
0
0
0
0
0
0
0
0
0
0
0
0
0
0
0
0
0
0
0
0
0
0
1.1376868687e-16
3.19286600543e-12
3.82137518411e-05
52.1114258692
54.1100606318
50.8734298843
49.6505653723
29.6079501505
28.7207874969
28.6441311127
28.8461176995
29.2535107779
30.3761362076
32.0275276514
32.4448032818
31.5840997698
31.0770129947
30.8518096319
30.8458498931
30.326829135
30.9654559303
31.0551454721
32.4645452378
33.6157009019
35.6210701485
36.8036285458
37.2661258087
38.492698088
39.6841688677
40.6576157909
41.4892021244
43.551397333
45.3828261758
46.4306895943
48.8888479039
50.8689911584
54.3974013261
56.1374029927
57.9503306009
60.0255131236
62.7691500226
66.411269844
70.4403233477
74.0117591869
76.1239144687
68.7279483744
74.2134301488
0
0
0
0
0
0
0
0
0
0
0
0
0
0
0
0
0
0
0
0
0
0
0
0
0
0
0
0
0
0
0
0
8.56130657574e-20
1.24775970185e-14
1.24086418007e-08
46.3436152375
50.0104631028
46.3080545602
41.0736027714
40.5910361333
29.8400755944
28.4433679527
28.2379180353
28.2798181085
28.5892592791
29.2794995623
30.7356593102
32.3823658415
31.8864854417
31.255763247
30.9143498186
30.8201092279
30.7932644035
30.4766745659
31.4576080809
31.4961409661
33.0831195289
34.1006129892
36.1023463753
37.3962312699
38.4720158784
38.7684106808
40.8735043748
42.1619188272
43.6845208535
45.5042753882
47.4630397687
49.569424318
52.8394411134
54.2472621296
55.2962741278
58.3878049464
61.1671954334
64.2963175399
67.8886297095
71.3457616385
75.4307278364
84.7349196703
44.5235155744
0.0138509132614
0
0
0
0
0
0
0
0
0
0
0
0
0
0
0
0
0
0
0
0
0
0
0
0
0
0
0
0
0
0
0
0
1.03564251718e-18
2.77774555268e-12
8.06019286377
51.4977328234
44.0686553953
39.1291026128
34.5057752127
32.9748762986
29.3774230659
28.272018255
27.9285349187
27.9292865525
28.0560041576
28.5163986779
29.0814462235
31.2155127018
32.1792187453
31.5272655078
31.0257834561
30.7958851846
30.8190662881
30.7881695093
31.396535732
31.7278363335
31.7941717541
33.7050437742
34.8249054743
35.9386280615
38.3626801595
39.3945235735
40.4580501718
42.2924607896
43.9962933059
45.692623487
48.0147217249
50.7209206411
52.2300539627
53.0932869421
56.5970822344
59.1570160886
61.7840005828
64.558645459
67.1249807575
69.3009868853
71.6341689543
60.9258028567
0.000498109211247
0.00276567328738
0
0
0
0
0
0
0
0
0
0
0
0
0
0
0
0
0
0
0
0
0
0
0
0
0
0
0
0
0
0
0
0
1.22215542704e-15
7.20646492525e-07
53.7280471435
50.5904193408
40.8155379609
33.6116727435
30.1600234136
29.6818448789
28.599814981
28.1727320362
27.7495423913
27.7233698642
27.770530485
27.944763172
28.6984270313
29.4923190875
31.4396008445
31.7776935784
31.2143547979
30.8438146576
30.7257493545
30.8797183995
30.7445535642
31.5839184972
31.9380948613
33.1196106642
34.3056302466
35.7347468439
37.2292165086
39.4169321188
40.7191641323
42.322414637
43.8448145411
46.3785608471
48.3546527864
50.3784825264
51.4765900974
54.8200656007
57.3004086878
60.1249977087
62.7444604608
65.0788536786
66.6717281112
65.0576588072
63.1787375938
47.8022522216
0.00698997066615
62.7080975272
0
0
0
0
0
0
0
0
0
0
0
0
0
0
0
0
0
0
0
0
0
0
0
0
0
0
0
0
0
0
0
2.3211060542e-20
9.11072503552e-13
51.6600680665
57.2664334972
47.8079176872
38.9948408642
32.1152484356
28.273076436
28.0190342275
28.1623093962
27.9284444397
27.647283234
27.4961219829
27.4993868507
27.5313811657
27.8235508809
28.8683967092
29.6197604831
31.4487871854
31.5952712003
31.0640197783
30.7640686099
30.7138447353
30.8133582687
30.8262868793
32.0303670749
32.4455081335
33.7991681322
34.6634995824
37.0617868886
39.1757253554
40.7296202437
42.1006166364
43.9207760486
46.190573857
49.0219685626
50.3417885067
53.3904478999
55.7266085808
58.7353496031
60.9005046362
62.9950048447
64.5719115162
64.5885282144
62.698482049
60.7386844705
57.1722385715
0.00926029952174
91.2246276549
0
0
0
0
0
0
0
0
0
0
0
0
0
0
0
0
0
0
0
0
0
0
0
0
0
0
0
0
0
0
0
7.23914749398e-19
1.10160494918
60.7643345185
53.6655279239
45.2369500365
37.927776993
32.3177739853
29.204122463
29.5678468807
28.1934913065
27.5952193685
27.4610119407
27.1578613704
27.0358271741
26.9694724254
26.9912009735
27.5590543038
28.7006831509
29.6753059566
31.6430730583
31.5571117677
31.0729450896
30.8321692995
30.8346566309
31.0599466019
31.1991372379
32.4423149152
33.0406538313
34.8771887536
36.4263267589
38.8559872495
40.5685623637
42.0538804897
44.09950865
46.8313205971
49.0402124426
52.0557237987
54.2830386001
57.096986358
59.3233102477
61.9206968451
63.9082092988
65.1997209539
65.0300321992
64.6003890372
63.502347296
62.9961877763
0.0338424938017
99.9993440281
0
0
0
0
0
0
0
0
0
0
0
0
0
0
0
0
0
0
0
0
0
0
0
0
0
0
0
0
0
0
0
3.07402028822e-14
53.6901474404
58.1902408389
50.1686006575
43.4300677167
37.676526601
33.4142074834
30.9670922336
29.377410836
28.3100176298
27.2535681973
26.9366885642
26.5423175927
26.2501816186
26.1278589794
26.1213420274
26.3128274636
27.5301637855
28.2913784587
29.7924983873
31.4717605179
31.6465177866
31.290783764
31.0595635785
31.149400217
31.5261659969
31.8357219773
33.3155446485
34.3529267648
36.4827518633
38.4302771376
40.4051285626
42.5398761981
44.5460575296
47.0595332625
50.278903329
52.723861692
55.5665271208
57.8805054245
60.9587253856
62.8569902898
64.4527779847
65.9718021912
67.314012077
68.0146681757
65.0038223923
62.6263687189
0.574064576554
99.9999999687
0
0
0
0
0
0
0
0
0
0
0
0
0
0
0
0
0
0
0
0
0
0
0
0
0
0
0
0
0
0
5.11373067318e-20
44.7395667168
59.6421585326
55.1219300472
48.2138708227
42.9088900794
38.6295535444
35.362071662
33.5409547355
32.6238965041
27.2976965872
26.1357994982
25.5455075034
25.2960800402
25.0633109261
24.9803398055
25.054042855
25.2532625512
25.9509522943
27.3321532856
28.111499231
29.8183536341
31.1627000966
31.6356392722
31.5380148927
31.44652633
31.7335609845
32.2842145655
32.8837660693
34.6345930257
36.1873892094
38.5799938069
40.8285157204
42.9446995681
45.1663723026
48.0194454998
50.491894796
53.8623030733
56.2140213817
59.2300245305
61.44055081
64.0671561071
65.9175972543
68.6834881419
70.6833899123
69.6535110993
69.9734454084
71.19324432
8.55478637937
99.9999999997
0
0
0
0
0
0
0
0
0
0
0
0
0
0
0
0
0
0
0
0
0
0
0
0
0
0
0
0
0
0
32.0029519606
61.6719263511
59.0180255561
53.4407163648
47.9659216996
43.8683354173
41.943111655
40.2464831962
38.2768681644
37.9573897643
25.3157638357
23.5620299713
23.5497955154
23.6239046594
23.6380380599
23.7172658739
23.9065151184
24.2132972465
24.6325263693
26.2245373832
27.3995642211
28.1638914498
28.1447182679
30.9319830295
31.5909721631
32.0307196575
32.155313081
32.5236734035
33.3339501879
34.331160761
36.371803668
38.3326058601
40.9851109282
43.3963095014
45.5184826137
48.3179300154
51.6322908476
54.294768477
57.3780976861
59.8458068074
63.1911993811
65.3851748285
68.2572774886
72.6649467058
73.9163044768
75.8532602425
77.9116809618
79.5339575246
18.5264332038
100
0
0
0
0
0
0
0
0
0
0
0
0
0
0
0
0
0
0
0
0
0
0
0
0
0
0
0
0
0
3.49524436469e-19
58.0477266993
59.527643679
57.0108110261
52.8216258974
49.1191026367
46.7510422996
46.3628555697
48.0836940208
44.7527770423
47.1143601137
23.8622809521
22.3324308429
22.2118537878
22.2785008911
22.45326179
22.6545965362
22.9359132842
23.2971858556
23.739897295
24.3627691473
26.1374635561
27.8213575574
28.1751648884
28.7189284933
30.1349386934
31.8504631667
32.758039041
32.9249382888
33.8302779276
34.8310861836
36.176921619
38.7177713336
41.4588585067
43.7900528444
46.1541797681
49.1272646266
51.7707276839
55.2718763825
57.7462503776
60.8927261831
63.7519415341
67.6314990456
72.0344342319
75.0892939198
77.6768140066
80.6739447752
80.7027950729
82.1611777024
31.762682313
100
0
0
0
0
0
0
0
0
0
0
0
0
0
0
0
0
0
0
0
0
0
0
0
0
0
0
0
0
0
54.7503882047
56.3258698608
57.8102422527
56.1544620327
53.3025725407
50.9755822341
49.5927162358
49.050115449
51.8657755609
50.1171098079
49.1915452494
23.158559176
22.0508095757
21.5894706174
21.6188511999
21.8407281861
22.0508175617
22.3004169201
22.6322042032
23.0359602089
23.496072527
24.3473285
26.3267137344
28.7032035355
29.1335492304
29.6759612092
30.8278980416
32.421702979
33.6063765187
34.8910931196
35.3595570213
36.8680044457
38.9911477811
41.729601293
44.1635158519
46.3423159455
49.2207720955
52.6132885463
55.2152958335
58.4039829667
61.347745734
66.4840693634
70.4593628888
74.8124179188
78.1972133876
81.4813437248
82.4311291179
84.5749695583
84.7217805748
33.0191853148
100
0
0
0
0
0
0
0
0
0
0
0
0
0
0
0
0
0
0
0
0
0
0
0
0
0
0
0
0
2.20670746157e-13
64.9147152442
60.0537980442
58.3523877801
56.6668262298
54.5298487621
52.8737285197
51.7638866727
51.0206810224
52.3750090274
51.8615137747
49.9278523393
21.5491364244
21.5635099549
21.1821157847
21.5347617076
21.8151796355
21.9238373078
22.027848956
22.2164540301
22.5312070854
22.9465015519
23.498608264
24.544896963
26.7211903564
29.7411604129
30.6888572486
30.9456061676
31.9240747212
33.2527936693
34.701605474
36.2563497612
38.0619087504
39.3478014995
41.9152114515
44.3939647679
46.7757852375
49.7142228076
52.4999935397
56.0191296332
58.6852744713
64.178651017
69.8177509536
73.425615169
77.1547337169
81.763277334
83.9996068498
86.397467061
88.5998836731
86.4674823358
25.7101341817
100
0
0
0
0
0
0
0
0
0
0
0
0
0
0
0
0
0
0
0
0
0
0
0
0
0
0
0
0
58.2732150872
57.5815415592
60.0137714466
58.7856000379
57.6779361553
56.0996467852
54.8158261434
53.841070023
53.1206322289
54.1364829932
53.2956453439
51.5953247777
19.5318700393
20.4159222268
20.9053039652
21.8102981589
22.0061236748
22.0141407717
21.9586549921
21.9953523836
22.1521628563
22.4839441533
22.9457711009
23.5804162571
24.8883012986
27.1010313148
30.0392704386
31.2254989126
32.4265121668
33.0915739216
34.4104771544
35.9486291117
38.0451291005
39.9946593286
42.0235207016
44.5337683988
46.9956643976
49.8637408015
53.3425088492
56.012412711
61.5937552117
67.7283466457
70.9920487668
75.5322956759
79.9250488867
83.3907833332
86.3994612574
90.2935265823
89.5883005673
87.7096863545
24.1110395315
100
0
0
0
0
0
0
0
0
0
0
0
0
0
0
0
0
0
0
0
0
0
0
0
0
0
0
0
29.6602607746
74.3494167563
66.3497890184
62.8626432732
60.547109991
59.161572903
57.7882374826
56.6948297126
55.8451279593
55.2423157376
55.7673644494
54.6996382622
54.1337929265
18.7769898987
19.4268320112
20.7249766057
21.3584033092
21.5088758262
21.6474257827
21.8185816593
21.8355422811
21.8934037004
22.0863813342
22.4645868607
22.9925135719
23.7267104572
25.4583137996
27.2969954911
30.6119519282
32.3669324563
33.3471245345
34.7816228339
36.1433843815
38.0745910179
39.9712032764
42.2492555153
44.6746807599
47.3053317735
50.8324851456
53.73998156
58.641746611
64.1388450316
68.035757261
72.2792565417
76.6064248696
81.7587152479
85.9801239303
90.4378491668
92.2247874076
92.4171892889
92.0389478376
23.3321776738
100
0
0
0
0
0
0
0
0
0
0
0
0
0
0
0
0
0
0
0
0
0
0
0
0
0
0
0
78.020553108
71.7490803349
67.6945569039
63.9114987207
61.6898021921
60.1019176735
58.8483384006
57.8607819816
57.1582751047
56.7448870362
56.4554435785
55.4988314874
55.5750650947
18.4145867205
18.7057968492
19.7527279785
20.5358928078
20.7684364864
20.9881625164
21.2320724179
21.4934863956
21.6844243824
21.8105464293
22.0790525406
22.5364991084
23.2195241183
24.1949317394
26.7661773184
29.8136374832
31.1521592823
33.3247723184
35.1648744241
36.307583592
37.9027367842
39.9638724744
42.588596682
44.8450355699
48.2459771411
51.4392057465
55.2419517597
59.8262339667
64.4858810129
68.7607264725
72.672461795
78.9854327801
84.1798547084
90.4232202586
93.2623093494
93.6459216374
96.8538193025
95.6667453925
36.9131020315
100
0
0
0
0
0
0
0
0
0
0
0
0
0
0
0
0
0
0
0
0
0
0
0
0
0
0
1.84937903171e-05
60.3277289772
67.2450703262
65.5975175979
63.5899964383
61.854553637
59.9277811858
58.6119136078
57.5043489594
56.6946231065
56.7194390629
56.0290318659
54.8297035705
55.56643729
17.8293556665
17.89084519
18.3984196958
19.7201523757
20.0485199061
20.3114306879
20.5870852732
20.8961384916
21.2328691591
21.5987089865
21.8081786163
22.1961644828
22.8254706723
23.7605023461
25.1066110812
27.4999446756
31.0601493307
33.0528426634
34.1156676099
36.5643673001
38.7151349118
40.3097404382
42.2746953294
45.6899403371
49.2451029277
51.7841769454
55.9161532914
60.9523889758
65.2359082018
68.7897101092
75.0750382999
81.7255961139
87.5080385398
92.5127271526
93.7048041884
97.6958224387
99.9967606444
99.9878501559
40.1569304064
59.793176855
0
0
0
0
0
0
0
0
0
0
0
0
0
0
0
0
0
0
0
0
0
0
0
0
0
0
80.44189763
68.7912939536
67.1318924072
64.540109085
63.2112722979
61.0347565641
58.8925666664
57.2904478735
55.8927452042
54.70871936
53.754951376
53.3704210141
52.9700850711
54.6135463601
17.0241629649
17.0040633391
17.2369115248
19.0159202951
19.3999618092
19.6830687676
19.970176301
20.2815267428
20.6333762549
21.0298758365
21.4976007802
21.9430103278
22.4890516428
23.2937048315
24.3768564799
25.9716702203
29.1068665001
32.2396582813
34.2532631105
36.8011121786
37.7144465954
40.3851497576
43.9148155271
46.9799105823
48.7952146182
53.0302140433
57.6787276913
61.0762798801
65.495475043
71.2871674395
77.8498891309
82.8644514136
89.0737548721
92.8057398757
97.6305589515
99.9992662249
99.9999959197
99.9629705556
0.0176856772135
72.9330307166
0
0
0
0
0
0
0
0
0
0
0
0
0
0
0
0
0
0
0
0
0
0
0
0
0
8.0404148843e-18
71.5598813003
69.8405202246
67.1567879391
64.6665199567
62.6220879168
60.6676792964
57.6846991601
55.7854749771
54.2596924775
53.071382651
52.21716898
52.0802035255
51.2980742876
52.5118958319
16.2236887412
16.1957651744
16.344100343
18.3449397936
18.7684240703
19.082510901
19.376679863
19.6812777246
20.0156790779
20.4068676592
20.8898333216
21.486289846
22.2406811577
22.9995733309
23.9757282316
25.3922033131
27.2352964491
30.4226163651
33.988159449
36.0100569951
38.2909411762
41.553566128
44.772309603
46.0293387097
49.9750178239
54.3697507274
57.5389860794
61.8055496072
67.2622638695
71.9912202404
78.2044781273
84.6183205906
90.4121396399
95.4672293428
99.9820691195
99.9999981675
99.9999995577
95.6362246438
4.16120855019e-07
100
0
0
0
0
0
0
0
0
0
0
0
0
0
0
0
0
0
0
0
0
0
0
0
0
0
86.2949283931
66.0785373589
70.336934483
67.7846852215
65.2385078497
62.6911289342
59.9755203849
56.7696952895
54.6120988267
52.9909699737
51.7863977961
51.1433933637
51.1914257212
50.1300351685
49.2915121276
15.3420750975
15.612780501
15.5359799663
17.276003387
18.116450894
18.4928241151
18.8018832531
19.0885937801
19.3911642203
19.757812012
20.2294923673
20.845056664
21.611049412
22.5739231253
23.8474028617
25.3437187849
26.8756713563
28.8163692747
31.9751983156
35.4714281042
38.3139409683
41.3241263134
43.4164704125
46.3354350092
51.2566758247
54.8150603443
57.3044332291
61.7722896455
67.1406491052
73.8285930178
79.9370067953
85.1037953636
91.5145256494
97.7346414744
99.9999725742
99.9999999954
99.999999939
94.7165311909
1.1040614837e-06
100
0
0
0
0
0
0
0
0
0
0
0
0
0
0
0
0
0
0
0
0
0
0
0
0
0
97.6157006909
82.8847407369
75.3573721723
70.5408712804
67.1074594448
63.1078535508
59.4356447925
56.3678039308
54.0457789599
52.3240395296
51.0266171444
50.4800439967
50.213956528
49.1489933491
48.4706024539
14.2108245058
15.0608891293
14.4727137267
16.0239883981
17.4515385869
17.7391159788
17.9176859311
18.05924096
18.2550369284
18.5730966463
19.0535295318
19.7291459845
20.6283836068
21.8151020823
23.3605229294
25.178799102
27.0754347824
29.0431796204
30.9428491015
33.0728061954
36.5261891147
39.9043860332
42.6236877707
46.5468849511
51.0458371218
54.2635817033
57.5899903873
62.8078282598
68.7749302155
73.1733846468
79.5084675177
87.1523469364
93.9922157503
98.8856485169
99.9999999854
100
99.9999999959
97.4171728982
1.43159446363
100
0
0
0
0
0
0
0
0
0
0
0
0
0
0
0
0
0
0
0
0
0
0
0
0
65.8405156609
69.9544166869
81.9339800873
77.5415956554
73.2508184671
68.0626464111
64.4766817498
59.7155547017
56.6223333754
54.1225305296
52.3049155573
51.1405526477
51.1040632134
49.6629792622
48.5430020519
48.0283956563
12.5792604769
13.9576092863
13.0174575385
15.0849722105
15.9361200248
15.593676507
15.1463836614
14.9021178949
14.9723738192
15.3904141958
16.1538903467
17.2615148515
18.7090055276
20.5662941192
22.9418247418
25.349356221
27.1032852541
28.7938837587
30.6522361075
32.909632125
35.2566195666
37.737821287
41.1966530321
46.2478561335
50.8679299932
54.750731078
57.0135603805
61.5512217044
67.0253468672
74.0507851928
82.2041580221
89.2971883996
93.6973429412
99.9979878713
100
100
100
99.9999996716
13.1705510678
100
0
0
0
0
0
0
0
0
0
0
0
0
0
0
0
0
0
0
0
0
0
0
0
0
99.9999999965
98.6504584472
88.2723013337
81.5823556609
76.0567800815
70.2971405652
64.9138425277
60.7097096896
57.1837015875
54.3522318882
52.3493091579
51.169728659
50.6199349297
48.9958739689
48.1628819132
48.8473687563
10.9602658021
11.8441885719
11.3868119106
13.5952789125
13.1910477541
12.8995354863
12.3782225222
12.3883401247
12.9362674348
13.9008217209
15.2108425427
16.8196712586
18.6718819127
20.7304499758
22.8638752122
24.753451766
26.4093639931
28.1844807819
30.4696936369
33.3217398676
35.6360956126
38.0837997441
41.1011703488
44.9881691707
48.8077263935
51.6315481909
54.9787583344
61.1134516108
67.796179794
76.2110215275
83.8257708318
88.1157007542
95.208289469
100
100
100
100
100
30.0784628365
100
0
0
0
0
0
0
0
0
0
0
0
0
0
0
0
0
0
0
0
0
0
0
0
1.62900403822e-18
78.8141855613
95.0645901341
90.9950258804
84.391563297
77.0359347491
72.0058400138
65.8401164574
61.3026905389
57.4438560269
54.1836522167
51.8080959882
50.5007513001
49.1032009935
47.7898390757
46.7727819521
48.3746789248
10.4166514408
9.88665864223
10.1835669077
13.7772012932
12.8132841335
11.3203236804
10.6828209077
11.1843033509
12.2937196777
13.7630206021
15.4895927496
17.4361270841
19.4892287561
21.627030676
23.7765519151
25.4051184316
27.0134102062
28.8952813014
31.0677598279
33.2265311601
35.4349069859
38.0850408089
41.1142331253
44.5187700674
47.259411389
49.9197871573
54.0879977468
60.3341355545
68.3142290722
76.3574918003
82.8411996689
88.3013883212
97.0991595751
100
100
100
100
100
42.031261764
100
0
0
0
0
0
0
0
0
0
0
0
0
0
0
0
0
0
0
0
0
0
0
0
99.9999983554
86.9248611863
95.9406695494
93.8667035732
88.0624466331
79.7795017765
72.18696678
66.3549722721
61.3187901006
57.1634214177
53.7255762275
50.9692593272
48.976480938
46.8693376972
45.4434810764
44.3225434085
46.3337273916
11.5347895227
9.37841971101
9.52526842212
13.9132867996
12.5813802272
9.31494152991
9.61833926368
10.9678328806
12.7867096654
14.8781510965
17.1868511523
19.3813923446
20.9403164886
22.5193064861
24.1076996984
25.7069371091
27.452291347
29.3915046931
31.450634581
33.5039633066
35.6159018544
37.9594389996
40.7658917938
43.8780625608
47.1509616111
49.7900111724
54.4244984829
60.1965290819
66.7817504448
74.5465349358
81.9686625099
89.3249986101
97.5188540462
100
100
100
100
100
63.186040822
100
0
0
0
0
0
0
0
0
0
0
0
0
0
0
0
0
0
0
0
0
0
0
0
100
99.9999999998
99.999985554
99.5783722706
92.144902782
83.5667350052
74.4927319655
66.9707730235
61.0245238768
56.5988513729
53.004467528
48.8049547896
45.9013563846
43.7389274077
42.509032824
41.5695786939
43.3437107497
11.9554789203
9.18919479182
8.58940776765
9.01202646619
8.16127007048
8.65175689216
10.395542657
12.7588766301
15.5279490897
17.0794282486
18.4411624986
19.8151993477
21.2510871869
22.8207700271
24.4947699132
26.2870074252
28.2129988567
30.2232435743
32.2145382252
34.1295868346
36.1334387897
38.4581525927
41.1795526023
43.7808028502
46.3071949024
49.3694702958
53.8085537323
59.5517385991
66.4643495398
73.6554431803
79.3917181508
86.7813284064
95.6810579416
98.3914465164
100
100
100
100
69.9999161315
100
0
0
0
0
0
0
0
0
0
0
0
0
0
0
0
0
0
0
0
0
0
0
8.11244349876e-18
98.5988276677
99.9999999995
99.9999999476
99.999378285
95.9311960604
86.8142548809
77.4058552087
68.4084485761
60.9327484647
55.3139818256
51.1641123701
47.542760085
44.4721233818
41.2734921049
39.0002346894
38.9639673459
39.5121146757
9.76663452664
8.48788187517
7.50065332348
7.46572096107
8.82716832102
11.414345119
13.9511250567
15.124164859
16.2835471769
17.4864518442
18.8136184193
20.252242598
21.8215108521
23.5407041109
25.425691982
27.4603960991
29.5463004059
31.5046673285
33.0616021549
34.6810207557
36.4664621518
38.4612661574
40.6361187638
42.9789370618
45.5346301739
48.6808911351
53.0242919564
58.672708769
64.9710367891
70.6843155377
76.9276935357
85.8954228929
90.8868329088
93.8225306687
99.1179313683
100
100
100
86.2352555854
100
0
0
0
0
0
0
0
0
0
0
0
0
0
0
0
0
0
0
0
0
0
0
100
100
100
99.9999999997
99.9999995636
99.9850802148
91.1517681787
80.2095925998
70.1249472402
61.0458564277
53.9598213976
48.8987971727
44.5965304504
41.4008170076
38.7817235109
34.9053905761
35.6851476087
35.2052056265
7.56767783548
8.14324265036
6.84456966519
6.91830350311
11.1476958504
13.5757649893
14.5682621331
15.635314282
16.8296734656
18.1444007119
19.5780463379
21.1357208615
22.8333403708
24.7084957573
26.7960231344
28.6606868471
30.0037287244
31.4254823978
32.9549656281
34.5708038859
36.2802334675
38.0916089267
40.0297705575
42.1942566824
44.6502853751
47.608474661
51.5704540793
56.8661142159
62.191230922
67.2013819436
73.1146810603
81.2768197437
83.6321607592
86.0355505751
92.33283629
99.999865739
100
100
99.9999708906
100
0
0
0
0
0
0
0
0
0
0
0
0
0
0
0
0
0
0
0
0
0
0
100
100
100
100
99.9999999994
99.999991984
96.9981890053
83.6780165547
72.131732271
62.0152372719
53.296271199
47.2702214209
41.9766639684
37.764893908
35.010434076
31.034743677
31.0034454068
32.3592107791
6.45411944302
8.82340605509
6.39917505595
6.55714655491
13.0489444949
14.3391516442
15.3980535741
16.6131977161
17.9131077627
19.3012604106
20.7801799754
22.3492541837
24.0142885307
25.8311698083
27.4431433629
28.5962009868
29.8521462454
31.3652450446
32.9909206717
34.6124548885
36.1833239088
37.7546381422
39.4052379117
41.3538240789
43.6239830748
46.1622104998
49.6171597924
54.3992067956
58.8648404028
62.7344856078
67.3466992287
74.7889554927
72.3213088835
73.3519397306
78.0174281577
93.7740517952
99.9999999868
100
99.9999999763
100
0
0
0
0
0
0
0
0
0
0
0
0
0
0
0
0
0
0
0
0
0
1.88159710644e-18
100
100
100
100
100
99.9999999727
99.989907405
88.0115769983
74.5432105654
63.329276754
53.0895282828
45.532249662
40.4279581523
35.1718550961
30.5430082731
26.4437029358
27.5412334386
32.9833048505
3.70747641282
4.50735741937
5.69267328017
8.42034765768
14.5641411618
15.8750882657
17.1243157106
18.4670003984
19.8779661262
21.2909578787
22.6766460378
24.0162865658
25.3848863503
26.4942350492
27.5583956779
28.5683742704
29.8148890677
31.4173968097
33.1327382956
34.6715247741
36.1139684262
37.4048869634
38.5875913575
40.1225514977
42.1292731202
44.0998213881
46.2162838754
50.2518464874
55.9903632692
57.2058582671
59.3665282331
63.6832927368
56.6256082195
47.3945584685
63.7112482278
71.327053345
98.0355693298
99.9999995924
100
100
0
0
0
0
0
0
0
0
0
0
0
0
0
0
0
0
0
0
0
0
0
100
100
100
100
100
100
99.9999999996
99.9999275046
91.2986756125
76.5188563355
63.9314783617
53.0806723485
44.533833162
38.3911305375
33.7563864458
29.8571217871
26.8623253778
28.1519299303
27.0681468075
2.61123603303
3.5493384743
7.03505440436
6.82444261289
15.6150264598
17.7919133148
19.5588661592
20.9253099197
22.284933663
23.0800593014
24.0054909312
25.0488223951
26.1366092646
27.2419243318
28.2529183233
28.986849447
30.2880786858
31.9030669619
33.1233037489
34.3890472734
35.6010214894
35.5143599123
34.5043984273
36.6432996413
40.140217304
42.010494108
42.8455864044
44.5374352238
47.9771329295
50.6471819147
47.8079314977
50.4304703573
7.86272904847
44.1628801759
0.020578916505
55.3597787733
22.2942084209
90.243206715
99.9999991651
100
0
0
0
0
0
0
0
0
0
0
0
0
0
0
0
0
0
0
0
0
3.04633640367e-20
100
100
100
100
100
100
100
99.9999977769
94.3992283387
76.7863153575
64.0865578363
54.1312980503
45.4226688754
38.6121033565
33.8693731515
29.863438174
26.0855205503
24.0378257434
17.5454465343
1.6174928961
7.19292853467
7.11120071506
6.31791397968
6.90874780465
9.53606286475
14.5807174133
16.4344926994
18.0540334332
19.9624405725
22.116090397
24.2613720638
25.8379762954
26.4638433777
25.8574165
24.4952360338
25.2107573785
27.9956024546
30.1627445486
31.6779726545
33.0854563382
33.6881926613
33.883977693
35.4933743346
39.1101818091
41.4886809008
41.8613456471
42.3483386646
44.1611006725
42.8633536976
36.4515349663
5.10769940858
30.3259540225
0.00932286625194
34.0769728274
6.62598842067e-06
58.7067207135
1.44146037735e-11
9.1125969269e-11
100
0
0
0
0
0
0
0
0
0
0
0
0
0
0
0
0
0
0
0
0
5.06787701285e-20
100
0.534616687825
100
100
100
100
100
99.9999998611
95.9781915086
75.3653722253
61.8717883768
52.7151549965
44.4895754461
37.1538537454
31.3817985952
26.9001202116
23.4648238354
21.5666641511
12.3874725794
)
;

boundaryField
{
    frontAndBack
    {
        type            empty;
    }
    upperWall
    {
        type            calculated;
        value           uniform 0;
    }
    lowerWall
    {
        type            calculated;
        value           uniform 0;
    }
    inlet
    {
        type            calculated;
        value           uniform 1.81125405029e-17;
    }
    outlet
    {
        type            calculated;
        value           nonuniform List<scalar> 
20
(
1.04305511351e-19
0
0
0
0
0
0
0
0
0
0
0
0
0
0
0
0
0
8.94446444586e-21
2.02741694993e-19
)
;
    }
}


// ************************************************************************* //
