/*--------------------------------*- C++ -*----------------------------------*\
| =========                 |                                                 |
| \\      /  F ield         | OpenFOAM: The Open Source CFD Toolbox           |
|  \\    /   O peration     | Version:  v1806                                 |
|   \\  /    A nd           | Web:      www.OpenFOAM.com                      |
|    \\/     M anipulation  |                                                 |
\*---------------------------------------------------------------------------*/
FoamFile
{
    version     2.0;
    format      ascii;
    class       volScalarField;
    location    "332";
    object      p;
}
// * * * * * * * * * * * * * * * * * * * * * * * * * * * * * * * * * * * * * //

dimensions      [0 2 -2 0 0 0 0];


internalField   nonuniform List<scalar> 
6400
(
0.154107326981
0.154109558288
0.15411586197
0.15412794467
0.15414533047
0.154167793696
0.154195407104
0.15422924228
0.154269468477
0.154316365332
0.154375170082
0.15444857536
0.154533388275
0.154629684284
0.154739296024
0.154864316632
0.155005481152
0.155162206558
0.155332966663
0.155513126817
0.155696633159
0.155883524753
0.15607940815
0.156290778256
0.156522122282
0.156773283591
0.157040830314
0.157322371383
0.157617793081
0.157927945041
0.158253544629
0.158593112576
0.158940926709
0.159291346315
0.159642417459
0.159990634781
0.160335233098
0.160683804017
0.161035543761
0.161379882535
0.161718247148
0.162065722385
0.162430479597
0.16280474151
0.163179558262
0.163549685025
0.163911157193
0.164261668417
0.164599285493
0.16492248115
0.165230525162
0.16551940923
0.165783361545
0.166014130956
0.166212057137
0.166385661709
0.166532819787
0.166645460287
0.166723156742
0.166773710896
0.166802334042
0.16681211715
0.166809153291
0.166791655579
0.166749040633
0.166662356251
0.166529033812
0.166374139484
0.16622436622
0.166087938194
0.165962394575
0.165841810697
0.16572225603
0.165609809533
0.165503897552
0.16540811532
0.165325304949
0.165269443723
0.165232741886
0.165217157058
0.154103968171
0.154106305154
0.154111904055
0.154123724791
0.154142551396
0.154166439339
0.154194550058
0.15422687334
0.154265347025
0.154312254721
0.15437075737
0.154442974685
0.154528048851
0.15462535903
0.154735324112
0.154859096264
0.154999645224
0.155157141717
0.155329585111
0.155510979642
0.155692749323
0.155877365401
0.156072348801
0.156283255958
0.156514884736
0.156766923169
0.157034668577
0.15731676114
0.157613234411
0.157924249534
0.158249787425
0.158589715614
0.15893877945
0.159289313706
0.159640739915
0.159989275434
0.160333407444
0.160682364119
0.161035064793
0.161379184746
0.161714253498
0.162060795692
0.162430372563
0.162808001076
0.163184240833
0.163555889194
0.163918714048
0.164270895734
0.164609859424
0.164932312939
0.165237758931
0.165527611624
0.16579907235
0.166032044371
0.166231171166
0.166408436277
0.166553416654
0.16666213798
0.166738927713
0.166788600139
0.166815592858
0.166825376945
0.166821376213
0.166803262054
0.166760662153
0.166674639315
0.16653885468
0.166380994901
0.166228618823
0.166089412794
0.165961234682
0.165837634894
0.165713903759
0.165595979285
0.16548806607
0.165392270628
0.165313275408
0.165257268514
0.165220667444
0.165208193548
0.154094698813
0.154098651831
0.154103536212
0.154114349057
0.154132606881
0.154159625033
0.154190632047
0.154222035072
0.154258331711
0.154304034209
0.154361861635
0.154433468129
0.154518704499
0.15461672861
0.1547269001
0.154847423617
0.154986034778
0.155149783303
0.155325973139
0.155506412568
0.15568398605
0.155862480188
0.156055702527
0.156269113694
0.156501437553
0.156752907571
0.157021961721
0.157306067802
0.157604224859
0.157916684882
0.158243090627
0.158584051284
0.158935815027
0.159285789925
0.159635586208
0.159986817902
0.160330469433
0.160677242188
0.161030616166
0.161377185563
0.161718946731
0.162069970109
0.162436979581
0.162812813979
0.163189501584
0.163562329434
0.163927608747
0.164282655678
0.164624857521
0.164951817455
0.165262131608
0.165553836688
0.165821331646
0.166057791261
0.166266404203
0.166445223033
0.16658754918
0.166694646894
0.166770115333
0.166818173889
0.166843873214
0.166852532595
0.166846663981
0.166828832019
0.166785251425
0.166695469641
0.166559974943
0.166400272342
0.166240499153
0.166093143253
0.165956947465
0.165825452043
0.165697255996
0.165576546105
0.165465162332
0.165367695975
0.165289923735
0.165233754931
0.165198059757
0.165184827996
0.154082029464
0.154085967667
0.154089738603
0.154099642222
0.154115684935
0.154142569837
0.154183131986
0.154214478172
0.154247910406
0.154291479446
0.15434825708
0.154419531514
0.154505181361
0.154602940673
0.154713461902
0.154839956826
0.154984229549
0.155145790496
0.155314514195
0.155483070578
0.155655399738
0.155837234892
0.156032706057
0.156246251038
0.15647958449
0.156732618106
0.157003765563
0.157290247905
0.157590891949
0.157905225598
0.158234105777
0.158576793153
0.158930118663
0.15928498082
0.15963149788
0.159978060308
0.160326130508
0.160671789371
0.161019730953
0.161368891948
0.161718865569
0.162076011677
0.162444527495
0.16282084064
0.163199010279
0.163574284795
0.163942889929
0.164301829842
0.16464843034
0.164980257047
0.165295128163
0.165590198985
0.165861132308
0.166103880469
0.166317046999
0.166496702103
0.166639245193
0.166745808635
0.166820052467
0.166866511923
0.166890244785
0.166895928634
0.166887722404
0.166869472483
0.166826200011
0.166737447466
0.166597128145
0.166428323965
0.166256446347
0.166096756471
0.16595115168
0.165813998793
0.165681018533
0.165550052986
0.165427682497
0.165327114266
0.1652508766
0.1651895409
0.16514663518
0.165128825988
0.154062384106
0.154062756188
0.154067437809
0.154077585663
0.154095448722
0.154120709581
0.154157227826
0.154192416757
0.154228415182
0.154272776333
0.154328867482
0.154400085147
0.154486730821
0.154590398396
0.15470929691
0.154837572891
0.154976469248
0.155125777155
0.155283203556
0.15544860621
0.155622259845
0.155805035619
0.156001569811
0.156216455389
0.156451246442
0.156706276269
0.156979584762
0.157269130444
0.157572821284
0.157890632764
0.158221811825
0.15856909996
0.158928113583
0.159279239175
0.159624794538
0.159968844431
0.160311424378
0.160657433785
0.161007747863
0.161361284201
0.161718050588
0.162081193681
0.1624530406
0.16283160475
0.16321249811
0.163591319156
0.163964264262
0.164328176624
0.164680319084
0.165018165748
0.16533913264
0.165640072269
0.165917125177
0.16616651361
0.16638472786
0.166567245281
0.166711325105
0.166818404828
0.166892383338
0.16693797196
0.166960107899
0.166963409707
0.166952079803
0.166930888793
0.166883258262
0.166792709528
0.166648989034
0.166469991474
0.166281915003
0.166105847655
0.165948613174
0.165801918233
0.16565290777
0.165502155903
0.165368621168
0.165262587066
0.165176716818
0.165097833023
0.165047301244
0.165028776818
0.154025650369
0.154025150873
0.154033673681
0.154044027417
0.154063708373
0.15409101716
0.154124521313
0.154160568962
0.154200204361
0.15424651611
0.154301417512
0.154373590664
0.154469388664
0.154581569608
0.154700524753
0.154823715253
0.154953408091
0.155093944904
0.155247295408
0.155411158303
0.15558257285
0.15576491991
0.155962827243
0.15617971426
0.156416609843
0.156673166659
0.156949801858
0.157242470114
0.157550640528
0.157872267621
0.158209098995
0.15855929972
0.158917656594
0.159274333998
0.159614391713
0.159950474867
0.160291907589
0.160640264462
0.160994449972
0.161353200634
0.161716436729
0.162085771935
0.162462355205
0.162844810858
0.163229769322
0.163613284438
0.163991642838
0.164361651528
0.164720576989
0.165065864868
0.165394764707
0.165703986772
0.165989621432
0.166247315621
0.16647225126
0.166659672559
0.166807426328
0.166917165412
0.166992779485
0.167038893748
0.167060175929
0.16706154538
0.167047030046
0.167017794366
0.166964965851
0.166865872521
0.166713036584
0.16652267377
0.166317327388
0.16612292329
0.165949394698
0.165780905671
0.165603173702
0.165431067084
0.165283500875
0.165162943982
0.165054326821
0.164957823674
0.164900144747
0.164875180949
0.153969321626
0.153973335677
0.153988323383
0.154004016658
0.154020516288
0.154047842976
0.154083391669
0.154120733319
0.154163191291
0.154211811109
0.154270618628
0.15434609218
0.15444978813
0.154562263755
0.154677462145
0.154793015319
0.154916458326
0.1550553966
0.15520794741
0.155366814912
0.155535201777
0.155718003359
0.155917136189
0.156135291618
0.156374426217
0.156635781683
0.15691350144
0.15721057328
0.157523736293
0.157853787469
0.158195736978
0.158546349464
0.158906019023
0.159255744502
0.159592866995
0.159926745843
0.16026928848
0.160621060525
0.160979924194
0.161344324201
0.161714081369
0.162089995184
0.162472449782
0.162860239244
0.163250597868
0.163639993721
0.164024893325
0.164402204165
0.164769305167
0.165123716993
0.165462652398
0.165782669803
0.166079489948
0.166347966255
0.16658242685
0.166778030191
0.16693288967
0.167048507464
0.167128207782
0.167175857144
0.167195799459
0.167193557947
0.167173377174
0.167133122081
0.1670771518
0.166968011563
0.166797304173
0.166589883653
0.166366098235
0.166149477846
0.165947074975
0.165742149793
0.165531058577
0.165335303534
0.165165159111
0.165016462018
0.164877151114
0.164765509705
0.164701316956
0.164669794559
0.153903259493
0.153911494015
0.153929143507
0.153952692164
0.153970952171
0.153998808227
0.154033333609
0.154072613069
0.154118781763
0.154165545446
0.154231597725
0.154319006433
0.154421372579
0.154531532009
0.154640161713
0.154748668707
0.154871693695
0.155012361206
0.155160305803
0.155314357863
0.155480592502
0.155663574743
0.155864026799
0.156084952197
0.156327546682
0.1565919874
0.156874932068
0.157171423699
0.157493912756
0.157835632847
0.158178524326
0.158525421672
0.158883280335
0.159228074328
0.159560874567
0.159897985475
0.160244186311
0.160600013188
0.160963920917
0.161334365958
0.161710949843
0.162093970812
0.162483316596
0.162877737112
0.163274782342
0.163671255829
0.164063877372
0.164449785648
0.164826592367
0.165191997909
0.165543274965
0.165876843369
0.166187965111
0.166470766156
0.16671897368
0.166927593202
0.167094464571
0.167220062957
0.167305940043
0.167354412109
0.167370100302
0.16735998995
0.167328335107
0.167277056641
0.167211227398
0.167103027038
0.16691398783
0.166680144366
0.166428952048
0.166178565441
0.165933870965
0.165684697218
0.165438809871
0.165211075808
0.165004841657
0.164814979675
0.164647374382
0.164521331907
0.16445230489
0.164420115961
0.153831074771
0.153842052176
0.153860162882
0.153879677811
0.153903726409
0.153939033497
0.153973176469
0.154013593467
0.154066077749
0.154117489258
0.154181136151
0.154276865941
0.154381933421
0.15448717855
0.1545902099
0.154698450554
0.154821185803
0.154959511106
0.15510322374
0.155254766204
0.155419511845
0.155601538473
0.155801711588
0.156024250918
0.156275856521
0.156541786145
0.156830422591
0.157136644236
0.157460874649
0.15780305556
0.158152695727
0.15850709377
0.158849544372
0.159187034128
0.159523235883
0.159865269209
0.160216239588
0.160576803776
0.160946156572
0.16132306563
0.161706960063
0.162097737097
0.16249492966
0.162897174066
0.163302143667
0.163706893046
0.164108459385
0.16450433283
0.16489246572
0.165270851091
0.165636951311
0.165987163628
0.166316442644
0.166618397156
0.166886323285
0.167114718052
0.167300074633
0.167440077899
0.167532502676
0.167578397736
0.167585862475
0.1675664028
0.167524078637
0.167457580012
0.167366699126
0.167249767669
0.167064321995
0.166797323532
0.166505857484
0.166208069819
0.165909457969
0.165612831265
0.165327521137
0.165054597882
0.164794377082
0.164555494609
0.164361511001
0.164224096533
0.164149160218
0.164117929406
0.153751787487
0.15376481755
0.153786001977
0.153805039123
0.153830637214
0.153866624946
0.153901983968
0.153942450517
0.153993882517
0.154059640358
0.154127903563
0.154223650484
0.154329513561
0.154430623743
0.154528205346
0.154639189077
0.154765671629
0.154898956965
0.155037557647
0.155187125141
0.15535182172
0.155533937592
0.155734249076
0.15595534527
0.156214104108
0.156489636328
0.156773623345
0.15708955622
0.157419655224
0.157767469965
0.158119767034
0.158470502413
0.158810387434
0.159142200626
0.159480992356
0.159828533901
0.160185080203
0.160551111254
0.160926398226
0.161310194476
0.161701949643
0.162101236092
0.162507239847
0.162918433826
0.163332525403
0.163746761263
0.164158523876
0.16456575196
0.164966848776
0.16536022067
0.165743711192
0.16611399662
0.16646608791
0.166793533257
0.167089304254
0.167346670185
0.167558646246
0.167716674206
0.167812310237
0.167850157142
0.167847879825
0.167823160681
0.167773567167
0.167688320611
0.167562793288
0.167402850695
0.167208957358
0.166946516988
0.166596233444
0.166232815241
0.165874282937
0.165530737554
0.165199384372
0.164862753247
0.164523867955
0.164225566259
0.16400221463
0.163853096754
0.163766781702
0.163730018622
0.15366204279
0.153674671366
0.153697498381
0.153721133294
0.153753785937
0.153784412763
0.153819846932
0.153862168387
0.153906614223
0.153979220292
0.154059674613
0.15415591074
0.154261934196
0.154362546225
0.154459047631
0.154570339579
0.154698393657
0.154828474621
0.154963337485
0.155110098495
0.155274488317
0.15545839328
0.155663661226
0.155884826066
0.156137758222
0.156429035972
0.15672247421
0.157037986501
0.157369793762
0.157710087471
0.158071781825
0.158424204452
0.158759620229
0.159091696661
0.159434518603
0.159787723358
0.160150376322
0.160522623586
0.160904464136
0.161295597991
0.161695755939
0.162104341586
0.162520154828
0.162941416412
0.163365803465
0.163790738742
0.164213973691
0.164633937619
0.16504954404
0.165459761351
0.165863102293
0.166256983904
0.166637252474
0.166998174858
0.167332677559
0.167631376316
0.167879024051
0.168055565486
0.168149104027
0.168176111243
0.168166870884
0.168147474729
0.168100198537
0.167996331418
0.167826835327
0.167599735771
0.167337493546
0.167054669411
0.166696133687
0.166253002873
0.165829122979
0.165442042629
0.165064276953
0.164638779439
0.164175761758
0.163791304001
0.16353209466
0.163369890377
0.163270362543
0.163222790012
0.153559402319
0.153569270524
0.153586478041
0.153617139146
0.153659290119
0.153689202569
0.153725077725
0.153772109747
0.15381506339
0.153884094937
0.153973853844
0.15407269871
0.15417796696
0.154279561595
0.154381848637
0.154495046967
0.154621333019
0.154748153391
0.154880647939
0.155024733283
0.155186002225
0.155367808967
0.15558256478
0.155816424535
0.156063870215
0.156355543265
0.156658425672
0.156970248129
0.157315222063
0.157662186056
0.158013835843
0.158358681499
0.158693996007
0.15903401552
0.159383003262
0.15974233478
0.160111660205
0.160490918029
0.160880126159
0.161279174344
0.16168822764
0.162106885644
0.162533569364
0.162966047287
0.163401902512
0.163838762565
0.164274760084
0.164708773336
0.165140228335
0.165568760436
0.165993872473
0.166414484287
0.16682852182
0.167232594469
0.167620074839
0.167975624942
0.16826600917
0.168462134418
0.168554854943
0.168572992004
0.168559025974
0.168566458287
0.168545973674
0.168428578781
0.16820054441
0.167880492557
0.167505342671
0.167128680379
0.166719836655
0.166237168493
0.165765617171
0.165353905585
0.164956725357
0.164407049714
0.163709079664
0.163183685765
0.162895679549
0.162742104945
0.162644912731
0.162592151702
0.153443537911
0.153450768552
0.153459697771
0.153494428208
0.153536750505
0.153573030281
0.153612091397
0.153664372797
0.15371337799
0.153780859994
0.153874428046
0.153974716845
0.154078550492
0.154177655211
0.15428756028
0.154409303137
0.154533612304
0.154657604002
0.154788734923
0.154931576352
0.155089513905
0.155265326425
0.155479418797
0.155735593002
0.155990178199
0.156268894818
0.156585929509
0.156904825243
0.157239952392
0.157592265675
0.157945037517
0.158286250742
0.158622080055
0.158968738159
0.159325151193
0.159691649832
0.160068318312
0.160455241393
0.16085279735
0.161260806059
0.161679444297
0.162108801053
0.162547329727
0.162992249565
0.163440815683
0.16389085969
0.164340912455
0.164790204863
0.16523849056
0.165686065087
0.166133727014
0.166582804571
0.167035416735
0.167493236376
0.167950974621
0.168380607368
0.168717530406
0.168948186014
0.169058565588
0.169073391803
0.169030325712
0.169110929062
0.169184422866
0.169075599184
0.168763546129
0.168296289363
0.167741494027
0.167185156318
0.166648737013
0.166113760742
0.165647798394
0.1652783857
0.16497807176
0.164266963458
0.163027610748
0.162261693488
0.162017854247
0.161956086393
0.161887444137
0.161829483842
0.15331540128
0.153323793081
0.153337550545
0.153361873769
0.153398954732
0.15343933992
0.153482541989
0.153537239978
0.153596590142
0.153665241085
0.153761353694
0.153862714479
0.153966153441
0.154063804561
0.154174394315
0.15430400521
0.154430630908
0.154555072294
0.154686197534
0.154828948851
0.154985515545
0.155156683068
0.155365987662
0.155633279297
0.155903857888
0.156180329376
0.156502260646
0.156830014974
0.157160428598
0.157510901658
0.157855222146
0.158194466657
0.158540335567
0.158895558359
0.159260086063
0.159634655515
0.160019853591
0.160415359174
0.160821767806
0.161239725327
0.161669237449
0.162110258766
0.162561516419
0.163020009525
0.163482588619
0.163947170672
0.164412651607
0.164878336045
0.165343962853
0.165810200012
0.166279139745
0.166755565431
0.167248349721
0.167769004274
0.168314820011
0.168834397938
0.169219459569
0.169563183737
0.169767581118
0.169778509678
0.169573753749
0.169887246023
0.170184408234
0.170018178267
0.169494791115
0.168818804847
0.168056351933
0.16724498457
0.166494340551
0.16587822684
0.16532371866
0.165073408524
0.165380020348
0.164443696007
0.161977296157
0.160798330127
0.160836987462
0.161057007813
0.161006627056
0.160897607894
0.153171494233
0.153180933081
0.153203676963
0.153218623325
0.153249426645
0.153290909135
0.153337429894
0.153396045056
0.153468022865
0.153537091106
0.153634314101
0.153736884278
0.15384110487
0.153940360809
0.154051833768
0.154184439661
0.154313522055
0.154440185812
0.154572590528
0.15471570775
0.154872186039
0.15504231489
0.155243699492
0.155507265585
0.155803120706
0.156088340897
0.156397998985
0.156744354206
0.157084662088
0.157415704992
0.15775235142
0.15809545557
0.158449127326
0.158813156417
0.159186882114
0.15957064774
0.15996499093
0.160370349553
0.160786929025
0.161215522852
0.161656999074
0.162111122465
0.162576368254
0.16304958779
0.163527432462
0.164007974618
0.164490342918
0.164973627859
0.165456724149
0.165939690852
0.166425694239
0.166923514493
0.167450367736
0.168034514608
0.168675907632
0.169313920573
0.169789574813
0.170536324914
0.171004352051
0.170790789742
0.169272295104
0.169266461128
0.169632547924
0.169564851225
0.169083844033
0.168421460144
0.167697670719
0.166982727476
0.166325720921
0.165780937206
0.165512098632
0.165868431634
0.167279752336
0.167030187813
0.159344416874
0.157344556326
0.158924837975
0.160181501232
0.160043520977
0.159739249102
0.153008750658
0.153017367521
0.153038168188
0.153055005984
0.153083255059
0.153126149137
0.153174267972
0.15323240248
0.153316415293
0.153394030406
0.15349180953
0.153596276799
0.153702684873
0.153806043233
0.153920027987
0.154053452682
0.154184133561
0.154313622381
0.154448043071
0.15459201401
0.154748475312
0.154919112468
0.15511576987
0.155371691122
0.155682719783
0.155985224713
0.156287020808
0.156626656948
0.156978140031
0.157313654825
0.157644964621
0.157989039759
0.15834899817
0.15872193304
0.159105293015
0.159498708466
0.159903191343
0.160319147307
0.160747205027
0.161187890527
0.161642427416
0.162111097742
0.162592047044
0.163081474647
0.16357572401
0.164073588942
0.16457497301
0.165077791771
0.165577792669
0.166073428013
0.166569455569
0.167076354328
0.167615795935
0.168240363141
0.168951432004
0.169821167814
0.169945406629
0.170193844714
0.17052176463
0.170476124679
0.169966232787
0.169498177004
0.169457565669
0.169234657587
0.168720048158
0.168049620579
0.167320297465
0.166583952142
0.16589140972
0.165284668045
0.164843948637
0.164608255077
0.164283315481
0.161711170222
0.158990143519
0.159523384588
0.161334900698
0.161333791054
0.159258655685
0.15798349644
0.152829293905
0.152836978521
0.15285823562
0.152875112235
0.152903331896
0.152946502315
0.152995731832
0.153050586234
0.153135779838
0.153227428341
0.153330472888
0.153438323457
0.153548468544
0.153659538986
0.15377650696
0.153910518316
0.154042696203
0.154175592299
0.154312529992
0.154457902545
0.15461465075
0.154785172891
0.154978759764
0.155225835884
0.155536616449
0.155866838187
0.156177619753
0.156504278705
0.156849966311
0.157185866659
0.157519048645
0.15787023279
0.158238235258
0.158620296738
0.159013922593
0.159418222885
0.159833586928
0.160261211124
0.160701747338
0.161156073893
0.161625194531
0.162109738157
0.162608367417
0.163116474712
0.163629025594
0.164145615151
0.164667932174
0.165192203596
0.165708465265
0.166212506928
0.16671047879
0.167209088579
0.167710593758
0.168269788558
0.168897764959
0.169402242715
0.169850057435
0.170028253798
0.170162478155
0.17006486474
0.169647620968
0.169158430552
0.168837797487
0.168457074065
0.167894060201
0.167192756112
0.16642016177
0.165623251586
0.16484359381
0.164100317373
0.163391617483
0.162678075184
0.161784131762
0.160294137845
0.158994951295
0.158824634817
0.159197388142
0.160123896225
0.158456835694
0.158045402287
0.152635304049
0.152641469687
0.152658512933
0.152677625772
0.152710185528
0.152753485137
0.152805207461
0.152858705126
0.15294250171
0.153042443587
0.153150187877
0.153260947917
0.153373409067
0.153494936473
0.153618225146
0.153752800031
0.153887054074
0.154024853407
0.154165197154
0.154312642772
0.154470203872
0.154640341797
0.154831527369
0.155071443367
0.155377742843
0.155725207014
0.156055810602
0.156377955334
0.156711446764
0.157042595021
0.157379967213
0.157737927987
0.158114230828
0.158505378578
0.158909923917
0.159326833552
0.159755038215
0.160195228612
0.160649747312
0.161119025623
0.161604432766
0.16210732139
0.162626330092
0.163155828098
0.163687723758
0.164224280331
0.164775074335
0.165330768194
0.16586116561
0.166366114177
0.166859231036
0.167336837969
0.16773368875
0.168118375372
0.168581859746
0.169052201104
0.169444976943
0.16959330103
0.169602321234
0.169437511066
0.169063811059
0.168584273601
0.168107408726
0.167574659108
0.166915051676
0.166135623117
0.165276734451
0.164373788536
0.163452747968
0.162530226443
0.161563077861
0.160513281292
0.159346340142
0.15796573537
0.156575452507
0.155772560514
0.155585774396
0.156046861219
0.155919872279
0.157373842615
0.152429406442
0.152434337992
0.152446249804
0.152468125356
0.152504420341
0.15254744769
0.152600894045
0.152657295052
0.152737280348
0.152841316202
0.152951974976
0.153064589863
0.153177065312
0.153303806199
0.15343894518
0.153576664481
0.153713654065
0.153857138341
0.154003432821
0.154154520297
0.154314174534
0.154483797215
0.154673106216
0.154906993944
0.155203769836
0.155549151199
0.155901466389
0.156234553973
0.156564723192
0.156893274889
0.157229432471
0.157592369465
0.157976919018
0.158375106448
0.158792060228
0.159223021635
0.159664097736
0.160118786336
0.160589225395
0.1610762276
0.161580207056
0.16210280113
0.162644083187
0.163201095564
0.163768685309
0.164345547991
0.164929658078
0.165499110428
0.166033260538
0.166546168754
0.167045163767
0.16753438364
0.167774771856
0.167971451389
0.168289382174
0.168706183822
0.168958832299
0.169011472053
0.168912647588
0.168658425003
0.168238008827
0.167695205115
0.16708468223
0.166400067352
0.165609794138
0.164710685104
0.163722752938
0.162667691218
0.161560331143
0.16041000342
0.15916204899
0.157755767226
0.156187120137
0.154432723284
0.152611302622
0.15107074859
0.149905964148
0.149203232982
0.149108458362
0.150671344365
0.152212397466
0.152216958936
0.152227216911
0.152252550191
0.152288556453
0.152329407404
0.152380343032
0.152441581728
0.152517581101
0.152623296611
0.152736121792
0.152850529122
0.152964126457
0.15309117997
0.153236231768
0.15338047
0.153521960833
0.153670230313
0.153823174584
0.153980364017
0.154144788531
0.154314701938
0.154502402757
0.154731969017
0.155019573181
0.15535823389
0.155719440525
0.15606637627
0.156392894022
0.156719573808
0.157063080093
0.157428605596
0.157819247993
0.158228222144
0.158658368424
0.159103214318
0.159558682147
0.16002948719
0.160517608737
0.161024306051
0.161550100821
0.162096805036
0.162668878643
0.163271044865
0.163893829641
0.164512572582
0.16511854194
0.165701755198
0.16625732365
0.166802395623
0.167369020003
0.168164296484
0.167878964892
0.167886321351
0.168099721115
0.168295202803
0.168358178501
0.16827677284
0.168055852561
0.167689671292
0.167176464082
0.166537091548
0.165799209314
0.164967443475
0.164029849831
0.162982125784
0.16183152177
0.160586893257
0.159250845346
0.157814964386
0.156253443309
0.154460164594
0.152378734172
0.150014341075
0.147385070584
0.144562931288
0.141505540356
0.138237425019
0.135159478631
0.138248386095
0.151981651616
0.151986260411
0.151996972146
0.152026699755
0.152061768225
0.152099935637
0.152146195274
0.152210486219
0.152281111556
0.152386891722
0.152501942803
0.152618321
0.152734128511
0.152863061027
0.153013340683
0.153164296893
0.153311898895
0.153465399038
0.153623516111
0.153787287637
0.153959087942
0.154131348719
0.154317439399
0.154543887015
0.154823722703
0.155153978969
0.15551636282
0.155871434935
0.156207865364
0.156534133292
0.156882786719
0.157254361226
0.157647085111
0.15805876049
0.158498604315
0.158961974871
0.159436050574
0.159925534624
0.16043256861
0.16096054239
0.161511909359
0.162089357996
0.162707015088
0.163372168878
0.164048938542
0.16470621127
0.165348259635
0.165986809024
0.166595820043
0.16715992703
0.167703659729
0.167862295749
0.168017785405
0.16782221301
0.167768507914
0.167751510373
0.167641293671
0.16740730025
0.167043387882
0.166543256552
0.165905804578
0.165140614835
0.164261074596
0.163271616583
0.162167264945
0.160943004319
0.159597333166
0.158127973766
0.156526301812
0.154772791775
0.152838245257
0.150602015596
0.147920525812
0.144740810924
0.140941357042
0.136248264484
0.13000204542
0.120639026537
0.103233969519
0.0606444222821
0.15173135154
0.151735898131
0.151748862503
0.151783767429
0.151818531182
0.151854726312
0.151898579549
0.151962698031
0.152027600924
0.152131270389
0.152248322112
0.152366656912
0.152484772316
0.15261562539
0.152769084879
0.152926135575
0.153081942515
0.15324141997
0.153403754624
0.153573263592
0.153753795169
0.153931428268
0.154115739712
0.154339414747
0.154613540663
0.154934404177
0.155291459244
0.1556438784
0.155993874712
0.156334688082
0.156684579779
0.157055818504
0.157456479115
0.157879814958
0.15832101389
0.15879505021
0.159289957505
0.159800745487
0.160331447138
0.160883337918
0.16146165221
0.162081703324
0.162767339262
0.163501414318
0.16422928725
0.164944515134
0.165684568867
0.166486571869
0.167204138591
0.167619037249
0.167659196028
0.167706164291
0.167665990819
0.167463920316
0.167276395794
0.167078517419
0.16679370059
0.166393511653
0.165870331875
0.165218250006
0.164434639896
0.163522460229
0.162486730767
0.161328433336
0.160042798602
0.158622256737
0.157057993146
0.155337532651
0.153440343026
0.15133288163
0.148962296764
0.146251102699
0.142976940524
0.138906556761
0.133820078168
0.127203044339
0.117957608391
0.103861185753
0.0802614183902
0.0413406289776
0.151453371052
0.151457865966
0.151473009542
0.151512999536
0.151547186815
0.151584714982
0.15162791343
0.151689562043
0.15175180472
0.151854701471
0.15197387506
0.152094046624
0.152214311074
0.152346548782
0.152501358838
0.152662173013
0.15282810355
0.152995013188
0.153161783536
0.153336287357
0.153524776489
0.15371196885
0.15389581484
0.154115391855
0.154385765191
0.154698573214
0.1550483316
0.155394879193
0.15574503218
0.156104572492
0.156471188975
0.156845503262
0.157236932704
0.15766587798
0.158123633406
0.158607411146
0.159118874105
0.159651305601
0.160206457546
0.160786459084
0.161401613003
0.162084385753
0.162848765285
0.163646360674
0.164445096888
0.165282241111
0.166228637903
0.167429637927
0.167726069709
0.167663724508
0.167542416896
0.16742758447
0.167257177574
0.166984005759
0.166651562972
0.166268323662
0.165800965536
0.16522624528
0.164534296295
0.16371868427
0.162775077469
0.16170191381
0.160498426793
0.159161318941
0.1576830152
0.156051954671
0.15425255222
0.152263137941
0.150052148532
0.147573129881
0.144757973037
0.141510259324
0.137645488589
0.132808968985
0.126618979245
0.118548337393
0.107575666997
0.091968862057
0.0686421243744
0.036805833509
0.151140891791
0.151147284052
0.151163196917
0.151202372424
0.151239403242
0.15128348485
0.15132980912
0.151391747621
0.151458285601
0.1515563209
0.151676937942
0.151798891929
0.151921287707
0.152054598264
0.152209503808
0.152370379282
0.152542371206
0.152720069271
0.152894067278
0.153074789336
0.153269105239
0.153468732793
0.153660412754
0.153871616849
0.154138300652
0.154445099257
0.154787471915
0.155129136048
0.155473908861
0.155841844978
0.156226020649
0.156616267248
0.157009112822
0.157431711743
0.157892646321
0.158391303435
0.158921227703
0.15947660869
0.160055666667
0.160666938698
0.161337841387
0.162100684358
0.162938204313
0.163808102191
0.164718901507
0.165745243771
0.166873852997
0.167602931093
0.167696485036
0.167501552797
0.167278143028
0.167041019249
0.166734889262
0.166333557247
0.165850636381
0.16529414675
0.164649259401
0.163899792728
0.163036223837
0.162051907141
0.160941191843
0.159699259114
0.158320938335
0.156798687829
0.155121028508
0.153271745876
0.151228896496
0.148962622014
0.146431534706
0.143577658929
0.140319481289
0.136541941786
0.132085277263
0.126638613094
0.119694175798
0.110653944729
0.0987397750032
0.0826964206112
0.0602825816489
0.0321836504422
0.15079854873
0.150808393963
0.150824187711
0.150856640143
0.150899668867
0.150950583489
0.151002777138
0.151069236393
0.151145468788
0.15123764528
0.151356821101
0.151479809977
0.151604389044
0.151738945168
0.151894146834
0.152055532247
0.152227813222
0.152414674598
0.152598807379
0.152788143504
0.152988230095
0.153199751419
0.153409042262
0.153622695085
0.153875796713
0.154175415219
0.154510519572
0.154847928074
0.155185753472
0.155552986922
0.155945380365
0.156357116568
0.156763324607
0.157182449629
0.157639513804
0.158142483504
0.158687749041
0.159268222088
0.159875967016
0.160532317356
0.161277341773
0.162121262812
0.163029628614
0.16398710484
0.165046847158
0.16629794402
0.167321130668
0.167437858585
0.167359015867
0.16715177246
0.166868444354
0.166509715536
0.166062410315
0.165518446302
0.164882428177
0.164158430154
0.163340221327
0.162417934635
0.161383468193
0.160229883291
0.158950208263
0.157536980036
0.155981413385
0.154272027039
0.152393255078
0.15032422092
0.14803724261
0.145495495958
0.142649493955
0.139432157892
0.135752017959
0.131483721193
0.126454019313
0.120427083992
0.112994248865
0.103515135761
0.0911960696
0.0751081607089
0.053739382645
0.0281805797943
0.150439979967
0.150450308806
0.150464930189
0.150489652982
0.150535959389
0.150589487057
0.150645671905
0.150714387918
0.150797363755
0.150891560104
0.151010949078
0.151135128385
0.151262142168
0.151398135573
0.151554000959
0.151717368903
0.151891253117
0.152084303937
0.152278454345
0.152479873252
0.152689234799
0.152909498806
0.153131842831
0.153362104845
0.15361643502
0.153904914317
0.154224950205
0.154556103742
0.154885108094
0.155245713973
0.155638098305
0.156057881669
0.156485908813
0.156914484705
0.157372406814
0.157871203221
0.158419835265
0.15902018394
0.159667527347
0.160386582667
0.161213922518
0.162133117398
0.163107561029
0.164146784347
0.16527740723
0.166729443127
0.167044422949
0.167018332996
0.16688970599
0.166652119842
0.166286085619
0.165806716382
0.165222025739
0.164533411734
0.163744694751
0.162859249581
0.161875038128
0.16078618088
0.159585882577
0.15826690085
0.156821005896
0.155238517883
0.15350764253
0.151613434503
0.149536560475
0.147251936771
0.144727028291
0.141919460276
0.138773648386
0.135216176035
0.131149540405
0.126443670544
0.120924385553
0.114357577384
0.106432963447
0.0966993735971
0.0844657185448
0.0689160622294
0.0488840980748
0.0253057487795
0.150070188929
0.15007889862
0.150091409871
0.150113818742
0.150155564262
0.150207018888
0.150264137256
0.15033195415
0.150417395873
0.150515789564
0.150637726519
0.150763500085
0.150893101424
0.151030477705
0.151186891855
0.151352216584
0.15152797176
0.151726025946
0.151928607875
0.152141166303
0.152365346839
0.152595096329
0.152829554776
0.15306572866
0.153328793429
0.153624955197
0.153941032159
0.154258199458
0.154575319606
0.154925977597
0.155315079725
0.155730797102
0.156168073864
0.156609446179
0.157074769686
0.15757850936
0.158126297434
0.158738554534
0.159430967197
0.160225970625
0.161135799833
0.162121120179
0.16313238079
0.164124098808
0.165003594535
0.166059263067
0.166369264464
0.166396814989
0.166269551873
0.165974008563
0.165518429527
0.164924848469
0.164208821345
0.163379200796
0.162442706928
0.161403800045
0.160262738311
0.159015958205
0.157657582537
0.156180041988
0.154573938256
0.152827697984
0.150927027523
0.14885406841
0.146586288693
0.144095123931
0.14134424521
0.138287240903
0.134864484773
0.130998966664
0.126590804757
0.12151007245
0.115587488568
0.108602567136
0.100268879943
0.0902175181117
0.0779957087164
0.0629816498687
0.0442404004797
0.0225667308973
0.149683238681
0.149693728159
0.149702753551
0.149728347146
0.149762365477
0.149808852124
0.149864142255
0.149929855664
0.150015183571
0.150113253224
0.150237633331
0.150364689193
0.150495927448
0.150634603756
0.150791813914
0.150957795528
0.151133661862
0.151336031649
0.151545837976
0.151765255174
0.152000981868
0.152239300218
0.15249053689
0.152741182443
0.153003729965
0.153304860045
0.153635009862
0.153950289041
0.154255839957
0.154592535123
0.154979545536
0.155394789349
0.155830234182
0.156276246527
0.156743696775
0.157250477641
0.157800786517
0.158425475971
0.159164640988
0.160042322502
0.161035295825
0.162078439565
0.163090951615
0.164087115581
0.165398300722
0.165367081084
0.165648428231
0.16571235769
0.165523821517
0.165139444998
0.164583209297
0.163873810365
0.163029404656
0.162063777273
0.160986466893
0.159803198951
0.158515507236
0.157120997529
0.155614195377
0.15398709401
0.152229215339
0.150327389021
0.148265301839
0.146022778742
0.143574785552
0.140890140797
0.137929859729
0.13464499529
0.130973822471
0.126838204829
0.122138972981
0.116750129084
0.110511718887
0.103221336955
0.0946244875165
0.0844044119251
0.072172116679
0.0574728691547
0.0396923240613
0.0198425756568
0.149270017087
0.149281319063
0.149292147987
0.14931886728
0.149350906058
0.149394233963
0.149446784084
0.149509876459
0.149592693519
0.149686803583
0.149811914531
0.14994006684
0.150070641977
0.150210643505
0.150369894839
0.150536402261
0.150710450755
0.150913124225
0.151129158156
0.151352224162
0.151595954061
0.151844453753
0.152103738549
0.15237784694
0.15265547207
0.15296100744
0.153303884426
0.153632668903
0.153928060632
0.154247938595
0.154622574069
0.155038528419
0.155479233732
0.155930909471
0.156394592747
0.156897943929
0.157446001706
0.158079213542
0.158864395497
0.159825586386
0.160894217536
0.161926945324
0.162876444893
0.163591493079
0.164729037567
0.164898179085
0.164962745435
0.164918693779
0.164645892916
0.164161311939
0.163493722791
0.162664927271
0.161694702714
0.160599048374
0.159389114566
0.158071403031
0.156647962987
0.15511675787
0.153472261654
0.151705919125
0.149806288603
0.147758908273
0.145545922998
0.14314545713
0.140530719104
0.137668817635
0.134519239007
0.131031903538
0.12714470247
0.122780422319
0.11784297353
0.112212881851
0.105742089996
0.0982483254324
0.08950962886
0.0792607240457
0.0671910917627
0.0529740461893
0.0361032512592
0.0178274647393
0.148829879288
0.148838510387
0.14885568118
0.148882722801
0.148916648104
0.14895987071
0.14901036617
0.149071130851
0.149150618731
0.149238600198
0.149362011716
0.14949195357
0.14962033221
0.149758926747
0.149921766185
0.15009048448
0.150263765411
0.150461044728
0.15067797914
0.15090432095
0.151151451561
0.151413193012
0.151687864798
0.151973776597
0.152270844068
0.152585777032
0.152940921675
0.153297518046
0.153597589617
0.153900351544
0.154251830116
0.154658911271
0.155101707794
0.155565884947
0.156033378517
0.156527987386
0.157067962058
0.157699510344
0.158525295478
0.159575596627
0.160714376547
0.161768148494
0.162790727311
0.164099927826
0.163969377637
0.164179931996
0.16421917102
0.164043131724
0.163650203164
0.163049227058
0.162261955272
0.161311502426
0.160218499149
0.158999394917
0.157665644675
0.156223758672
0.15467564006
0.15301903154
0.151248023177
0.149353450451
0.147323058137
0.145141418017
0.142789612633
0.140244682674
0.137478826067
0.134458332616
0.131142221817
0.127480533826
0.123412218622
0.118862575388
0.113740227192
0.107933677392
0.101307616901
0.0936993945059
0.0849163620457
0.0747360503933
0.0629075411414
0.0491899169513
0.0331640820641
0.0162058473068
0.148369141021
0.148376824638
0.148395724385
0.148423069452
0.148459098001
0.148503585414
0.148552757121
0.148611921008
0.148689475682
0.148771423273
0.148889958884
0.149021972304
0.149149685339
0.149282812573
0.149446827377
0.149618641868
0.149793001427
0.149984334909
0.150196114293
0.150421769066
0.150671141887
0.150933194557
0.151224171531
0.151526108927
0.151842592853
0.152171181655
0.152537118921
0.152925597353
0.153255502159
0.153553988218
0.153885092972
0.154266078833
0.15469898492
0.155169097034
0.155658350296
0.156152154558
0.156677226939
0.157287332524
0.158137160069
0.159261647014
0.160406074562
0.161459061048
0.162294669684
0.163404260218
0.163471162372
0.163462298213
0.163370304803
0.163063845812
0.162538034112
0.161809011162
0.160897554098
0.159826140711
0.15861494517
0.157279779992
0.155831426267
0.154275701151
0.152613844237
0.150842999398
0.14895668389
0.146945140791
0.144795497324
0.142491705415
0.14001426716
0.137339744469
0.13444004815
0.131281494692
0.127823610236
0.124017651142
0.119804807974
0.115114073892
0.1098597946
0.103938989574
0.0972286718468
0.0895836269041
0.0808353934768
0.0707944881752
0.059253062602
0.0460283255168
0.0307566718982
0.0148501416731
0.147889750913
0.147896784998
0.147914553832
0.147943094434
0.14797971391
0.148024580011
0.148072442352
0.148129159249
0.148208329406
0.148290549562
0.148397950438
0.148530111345
0.148659528081
0.14879021655
0.148946991011
0.149118951248
0.149294615751
0.149482141339
0.149689428948
0.149908418098
0.150159845901
0.150420895448
0.150706801169
0.151016781159
0.151347513072
0.151699290323
0.152081322055
0.152501453802
0.152888763374
0.153203355165
0.153526760464
0.153887906824
0.154299660448
0.154752064225
0.155247398303
0.15576488875
0.156291651523
0.156862483684
0.157686969216
0.158891578133
0.160069720363
0.161211462479
0.162388618845
0.162528954921
0.162686128604
0.16264488113
0.16241025341
0.161963938167
0.161303264149
0.160444311595
0.15940941987
0.15822088924
0.156897852156
0.155454820826
0.153901281544
0.152241878115
0.150476857395
0.148602568341
0.146611904569
0.144494618618
0.142237461657
0.139824131448
0.13723502794
0.134446819859
0.131431820435
0.128157166302
0.124583782569
0.120665109908
0.116345564778
0.111558717811
0.106225207931
0.100250488006
0.0935226222592
0.0859106093112
0.0772639279227
0.0674154519967
0.0561840180703
0.0434208697612
0.0287941099324
0.0136954755761
0.147392319481
0.147399041325
0.147416008597
0.14744614224
0.147480930757
0.147523533696
0.147570384358
0.147623135074
0.14770111697
0.147787706738
0.147883474245
0.148013369764
0.148143950164
0.1482764076
0.1484224538
0.148589856545
0.148764725704
0.148949072023
0.149155774829
0.149370030664
0.149613463826
0.149877879146
0.150155757961
0.150461891015
0.150796612519
0.151156375882
0.151552733442
0.151992827872
0.152451986898
0.152830283877
0.153156721256
0.15351108941
0.153904612687
0.154349287533
0.154827911909
0.155351015353
0.15590302098
0.156463380416
0.157172085855
0.158358039659
0.159618625139
0.160958092408
0.161693325829
0.161708141567
0.161780213715
0.161678356456
0.161323561386
0.160740634816
0.159946311029
0.158960465405
0.157806831789
0.156507512771
0.155080350545
0.153538182506
0.151888848007
0.150135562631
0.148277436816
0.146309986379
0.144225548865
0.14201356194
0.139660680371
0.137150724096
0.134464461025
0.131579229088
0.128468401479
0.125100687158
0.121439250284
0.117440613021
0.113053303002
0.108216205184
0.102856611783
0.0968880227016
0.0902078823486
0.0826956708215
0.0742120441336
0.0646012384843
0.0536928328346
0.0413499487099
0.0272523600775
0.0127292256436
0.14687774583
0.146884305802
0.146905229935
0.146935095371
0.146964827078
0.147003443685
0.147049308976
0.147099311222
0.147168140136
0.147254251272
0.147343010602
0.147468704179
0.147598554819
0.147729834818
0.14786793114
0.148029604952
0.148198930215
0.148379161271
0.148585420156
0.148800278899
0.149031322507
0.149290644777
0.149563965065
0.149866381163
0.150195214288
0.150550671267
0.150946278666
0.151387770437
0.151878255016
0.152368653623
0.152755679138
0.153111894852
0.153498941363
0.153927008636
0.154404863397
0.154927095254
0.155495781046
0.156110519176
0.156749655524
0.157636178396
0.15882351205
0.15952350146
0.160644198087
0.160805286606
0.160785309278
0.160578014946
0.160107462276
0.159395007978
0.158471723915
0.157364815593
0.156099542219
0.154697378646
0.153174615868
0.151542213679
0.149806217026
0.14796834377
0.146026580194
0.143975694701
0.141807625835
0.139511726023
0.13707485671
0.134481338257
0.131712762127
0.128747676397
0.125561147112
0.122124189405
0.118403035057
0.114358186525
0.109943179058
0.105102973611
0.099771909205
0.0938711930831
0.0873060221971
0.0799626416416
0.0717059850797
0.0623802096565
0.0518086951315
0.0398424271957
0.0261508565675
0.0119639544952
0.146346291751
0.146353679548
0.146378249484
0.146403686746
0.146428851392
0.146464466632
0.146508993536
0.146557347055
0.146616652681
0.146697549662
0.146779255157
0.146896803479
0.147025217197
0.14715076623
0.147281801091
0.147440119692
0.147601611574
0.147772217149
0.14797494693
0.148186899367
0.148409878958
0.148661976794
0.148925236265
0.149224922858
0.149546548331
0.149896065453
0.150276252027
0.15070236694
0.151178838757
0.151713278049
0.152238144928
0.152661952285
0.153069119541
0.153495817713
0.153967674072
0.154493113496
0.155078010788
0.155725174497
0.156420857261
0.157228807733
0.158349108216
0.159344585401
0.15960078046
0.159807526317
0.159731301308
0.159382391725
0.15877702398
0.157934708587
0.156887390322
0.155666359226
0.154297580924
0.152801219342
0.151191622588
0.149477725173
0.147663761432
0.145750017776
0.143733481179
0.141608344593
0.139366362029
0.136997060554
0.134487819365
0.131823827973
0.128987939339
0.125960431147
0.122718683944
0.119236755966
0.115484809428
0.111428293459
0.107026767626
0.102232214339
0.0969866892188
0.0912191718572
0.0848415458376
0.0777438058313
0.0697889656584
0.0608096012311
0.0506043213823
0.0389801431473
0.0255637865352
0.0114401883628
0.145795778105
0.145803304052
0.14581957667
0.145843675819
0.145869832117
0.145904413324
0.145947186013
0.145992729447
0.14604648248
0.146121377417
0.146199208657
0.146301554563
0.146428764526
0.146549176108
0.146671354483
0.146824512619
0.146983070393
0.147143851704
0.147332489014
0.147536835196
0.147748997377
0.14799667521
0.14825140103
0.148532635377
0.148843641806
0.149187031162
0.149552716964
0.149957099098
0.150407752849
0.150912855248
0.151478168605
0.152046640554
0.152545918944
0.153022844603
0.153513083862
0.154043548846
0.154629866066
0.155282649599
0.156004365024
0.156876253873
0.1582384328
0.158743675953
0.158660311139
0.158737724257
0.158564522322
0.158077687653
0.157334151891
0.156364296651
0.155200050474
0.153873514727
0.152410241055
0.150828637303
0.149140884141
0.147353863746
0.145470102838
0.143488624014
0.141405616874
0.139214921567
0.136908350284
0.134475872872
0.13190568907
0.129184208089
0.126295957628
0.123223446513
0.119946984767
0.116444435625
0.112690814093
0.108657601737
0.104311591383
0.0996130385303
0.0945128667638
0.0889486128985
0.0828388357678
0.0760756768272
0.0685157309963
0.0599705657195
0.0501961197787
0.0389168719413
0.0256688281519
0.0112723976129
0.145227540191
0.145233948994
0.14524260161
0.145265987936
0.145293612486
0.145325809151
0.145364329955
0.145405587338
0.14545324227
0.145522480326
0.145600644256
0.145686497614
0.145809719144
0.14593016209
0.146047504753
0.146184919021
0.146340372302
0.146496155534
0.146665457765
0.146861319864
0.147061617828
0.147291312102
0.147541420205
0.147801203548
0.148095344874
0.148416571378
0.148769609145
0.14915395552
0.149576386455
0.15004910556
0.15057070366
0.151154802415
0.151753893064
0.152333994361
0.152886191279
0.153450259735
0.15404399488
0.154681995171
0.155358995561
0.156120159641
0.156991389212
0.157780669598
0.157620768668
0.157547956589
0.15726188355
0.156651965263
0.155779315887
0.154689178843
0.153416959479
0.151994483352
0.150446039893
0.148788029625
0.147030425463
0.14517815091
0.143232209713
0.141190588393
0.139048918287
0.136800928324
0.13443873368
0.131953004009
0.129333041169
0.12656679513
0.123640852783
0.120540430808
0.117249380894
0.113750153633
0.110023605196
0.106048451333
0.101800136095
0.0972488063646
0.0923560476203
0.0870698316943
0.0813170608451
0.074992576925
0.0679441818266
0.0599534609314
0.0507141794161
0.0398310413062
0.0267212565719
0.011664198094
0.144645363049
0.144651803732
0.144664487697
0.144682749823
0.14470550277
0.144731947358
0.14476397054
0.144800689805
0.144841724347
0.144902489341
0.144978672028
0.145052197502
0.145163569967
0.145286473533
0.145401047811
0.145519908823
0.145668393082
0.145816438525
0.14596806392
0.146153257922
0.14634561737
0.14655120802
0.146786976347
0.147027553481
0.147303879264
0.147599568383
0.147933517877
0.148293271093
0.148686764213
0.149126268924
0.149609413971
0.150136525162
0.150713928185
0.151322508498
0.151931811916
0.152538262258
0.153158045164
0.153793968859
0.154418388678
0.154951761578
0.155138224507
0.156319957115
0.156373867157
0.156230183449
0.155833493823
0.155110084786
0.154118884813
0.152917330313
0.151546277556
0.15003721365
0.148412565026
0.146686493803
0.144866792897
0.142956579941
0.140955556316
0.1388609166
0.136667977259
0.134370589191
0.131961398103
0.129432004737
0.126773061479
0.123974342822
0.121024839321
0.117912921855
0.11462657488
0.111153620281
0.107481756629
0.10359817961
0.0994885026177
0.095134653721
0.0905113572915
0.0855804321877
0.0802819328994
0.0745194172623
0.0681368515184
0.0608803373522
0.0523432624894
0.0419198682341
0.0288068626811
0.012432316709
0.144048781404
0.144054530827
0.14406906092
0.144083759554
0.14409982304
0.144121841559
0.144149073925
0.144182062517
0.144218194055
0.144268058061
0.144338625527
0.144408820449
0.144496247649
0.14461723546
0.144727501554
0.144833690267
0.144968739234
0.145110256869
0.145249045521
0.145413103692
0.145593124079
0.145777807789
0.145997133435
0.14622259972
0.146470859309
0.146746318754
0.147049035651
0.147381975741
0.147745814198
0.148146399017
0.148594577604
0.149079289444
0.149610929433
0.150184052272
0.150798588148
0.151433849829
0.152088839798
0.152756870115
0.153411187145
0.153961354743
0.153980347958
0.154821800507
0.155058534773
0.154853316442
0.154322785982
0.153474334854
0.152365854599
0.151058623186
0.149596261154
0.148008861906
0.146316163643
0.144529709904
0.14265508625
0.140693749965
0.138644313095
0.136503409578
0.134266263713
0.131927057032
0.129479162777
0.126915309016
0.124227706202
0.121408190249
0.118448452449
0.115340416603
0.112076749147
0.108651370519
0.10505973949
0.101298629075
0.0973651426792
0.0932546922842
0.0889576980249
0.0844542610227
0.0797060057487
0.0746411401598
0.0691287040224
0.062922410411
0.0555453315218
0.0460823477626
0.0328370530281
0.0132395828376
0.143437176189
0.143440313044
0.143448377153
0.143457723367
0.143474078537
0.1434956683
0.143520777901
0.143550503235
0.14358121162
0.14361977862
0.143680265303
0.14375120776
0.143817285347
0.143922452382
0.144034032864
0.144132960936
0.14424422366
0.144379401756
0.144509841537
0.144646889682
0.14481299383
0.144979642874
0.145171628715
0.145384663533
0.145600115865
0.145854592347
0.146125881441
0.146430839729
0.146762380929
0.147126164135
0.147537044351
0.147988351243
0.148486396005
0.149032521511
0.149631749281
0.15028593212
0.150988706301
0.151747348455
0.152571583443
0.153480173381
0.153602995552
0.15363342181
0.153794950335
0.153457507226
0.152756863883
0.151760895352
0.150529580071
0.14911992721
0.147572765003
0.145914582013
0.144161420553
0.142321784653
0.140399007238
0.138393021985
0.13630155324
0.134120883377
0.131846340606
0.129472613696
0.126993966003
0.124404409383
0.121697874418
0.118868443394
0.115910748841
0.112820608414
0.109595845515
0.106237090355
0.102748254824
0.0991363943344
0.0954107550856
0.0915809354015
0.0876541644275
0.0836314464236
0.0795026802616
0.0752376458961
0.0707744109862
0.0659827722892
0.0605945354009
0.0539542008458
0.0437979386944
0.0226258820952
0.142813787861
0.142814770778
0.142816469789
0.142817051997
0.142836519589
0.142858520599
0.142881574091
0.14290724053
0.14293192168
0.142960384372
0.143007695051
0.14307266491
0.143134719394
0.143210471627
0.143317764502
0.143414617216
0.143504702325
0.143622914012
0.14374539616
0.143861201343
0.144004704987
0.144158328691
0.144316436944
0.144507455109
0.144703053702
0.144921779235
0.145168153129
0.145440740254
0.145740588874
0.146071175777
0.14644287266
0.146860349587
0.147326880876
0.147847826406
0.148431580476
0.149087347737
0.149830163445
0.150670361271
0.151636953772
0.152720054736
0.153037623134
0.152759191588
0.152588278705
0.152011024669
0.151117061115
0.149963394235
0.14860850344
0.147101948714
0.145477757621
0.143756882789
0.141950970466
0.140065301868
0.138101026974
0.136056739829
0.133929486895
0.131715397466
0.129410075739
0.127008866049
0.124507049665
0.121900040227
0.119183603537
0.116354199954
0.113409586368
0.110349752249
0.107178064998
0.10390230756
0.10053521594
0.0970942279497
0.093600375193
0.0900764195154
0.0865446935375
0.0830246534216
0.0795319103467
0.0760760015385
0.0726677697936
0.069317780495
0.0660890406714
0.063154306866
0.0611954093242
0.0640841126699
0.142180787054
0.142182238086
0.142185993628
0.142186943055
0.142198418236
0.14221645113
0.142235608745
0.142255829338
0.142275489723
0.14229545202
0.142326496258
0.142378235409
0.14244056714
0.142495748259
0.142578187197
0.142674877151
0.14275491309
0.142841604738
0.142955433468
0.143058620747
0.143167959468
0.143306848511
0.143442933591
0.143601831074
0.143779729336
0.143962710039
0.144175665656
0.144412459249
0.144678278965
0.144971900219
0.145303639246
0.145684745559
0.146114602285
0.146602579834
0.147165677458
0.14781121999
0.148560431925
0.149434805674
0.150490741201
0.151538739453
0.152037045839
0.151632521746
0.15125039852
0.150437022947
0.149358460338
0.148059158979
0.146592424032
0.145000470769
0.143310036971
0.141536093141
0.139685881072
0.137761672338
0.135762711186
0.133686525878
0.131529727111
0.12928848953
0.126958851566
0.124536936979
0.122019143755
0.119402368397
0.116684284016
0.113863810108
0.110941962353
0.107923127154
0.104816520527
0.10163734776
0.0984071891296
0.0951533480671
0.0919072400755
0.0887021226243
0.0855708879513
0.0825440883674
0.079651076622
0.0769201971228
0.074398307701
0.0721443371907
0.0703078398254
0.0691037865531
0.0692361573646
0.0707772170132
0.141538623672
0.141540878163
0.141546775155
0.141557299311
0.141558604591
0.141571446857
0.141586054261
0.141600734672
0.141615759032
0.141626784809
0.141641518526
0.141673484145
0.141723229272
0.141773638854
0.141825940452
0.141909183043
0.141989178716
0.14205397269
0.142142016541
0.142236572868
0.142321498828
0.142431361673
0.142551864157
0.142677777852
0.142824006709
0.142980584933
0.14315350515
0.143355130697
0.143576948175
0.143827658012
0.144118998521
0.144452120113
0.144833703133
0.145274982909
0.145797310462
0.146414221819
0.147148921989
0.148021817267
0.149122139659
0.150028573952
0.150643383895
0.150155773237
0.14966629527
0.148674249793
0.147444865239
0.146026825212
0.144470005821
0.14280990958
0.141067170286
0.13925152475
0.1373664241
0.135411697042
0.133385154209
0.131283628011
0.129103571536
0.126841411401
0.124493768119
0.122057651571
0.11953064846
0.11691118917
0.114198885897
0.111395159198
0.108504383329
0.105535540826
0.10250394158
0.09943233984
0.0963508854722
0.0932957537097
0.0903066848849
0.0874239053605
0.08468524275
0.0821231994936
0.0797656303632
0.0776333016498
0.0757648705717
0.0741921580147
0.073113694258
0.0728171298864
0.0736871908159
0.0729575705548
0.140891980679
0.140893574295
0.140896031926
0.14091234702
0.1409159218
0.140924474651
0.14093438514
0.140943336693
0.140952196666
0.140955458235
0.140957825061
0.140967209469
0.140996182255
0.141038000214
0.141075832256
0.141124094545
0.141197627594
0.14125999391
0.141314436275
0.141392380031
0.141466904588
0.14154043418
0.141635063373
0.141733342598
0.141844565545
0.141969950508
0.14210676697
0.142264630642
0.142443943824
0.142650789936
0.142885379794
0.143156841431
0.143475438094
0.143855074105
0.144313132899
0.14487100809
0.145556350866
0.146411247872
0.14752603715
0.148366791043
0.148962684873
0.148374621962
0.147813163661
0.146695909505
0.145355692838
0.143852064019
0.142232772254
0.140525890737
0.138747243397
0.13690268919
0.134992937674
0.133016191688
0.13096944393
0.128849271701
0.126652277833
0.124375350787
0.122015833334
0.119571710796
0.11704180948
0.114426116477
0.111726184238
0.10894594614
0.106093228319
0.103181808558
0.100233315218
0.0972780631243
0.094354276206
0.0915056931641
0.0887780683092
0.0862151682419
0.083855148973
0.0817262779612
0.0798463127487
0.0782111749845
0.0768089750222
0.0755479589617
0.0745819447553
0.0738707037722
0.0738172785463
0.0773053153343
0.140245428822
0.140246453022
0.140247982228
0.140262169923
0.140275351646
0.140277316864
0.140280442713
0.140282129871
0.140282824705
0.140280508493
0.140273121925
0.140266421696
0.140270527932
0.140292211004
0.140323151307
0.140346317023
0.140389326454
0.140443982673
0.140481849634
0.140526901783
0.14058579453
0.140636559538
0.140695977169
0.140766533286
0.140843363586
0.140929662601
0.141029688509
0.141142401959
0.141279779778
0.141434604579
0.141606191664
0.141810867059
0.142050488733
0.142341993333
0.142697222827
0.143147459236
0.143732947143
0.144511315743
0.145628589582
0.146647968447
0.147107860988
0.14629742
0.14565775992
0.144476432869
0.143076504919
0.141526687577
0.139876681193
0.138147052225
0.136350360356
0.134490431947
0.132566646276
0.13057657538
0.128517086716
0.126384974708
0.124177302631
0.121891623834
0.119526127269
0.117079846718
0.114552875696
0.111946760198
0.109264966024
0.106513941228
0.103705071715
0.100857170443
0.0979984067741
0.0951665900011
0.092407326203
0.0897703838308
0.0873050458439
0.0850553533346
0.083056152921
0.0813291807564
0.0798854222355
0.0787083275233
0.0777626269228
0.0768813517144
0.0761036662638
0.0743163341758
0.0735555957975
0.0758865294499
0.139593068912
0.139593301409
0.139595973779
0.139600526241
0.139615788464
0.139619585443
0.139619824102
0.139614891281
0.13960733902
0.13959901861
0.139583257738
0.139566076764
0.139547855285
0.139543933313
0.139556972656
0.139573562059
0.139585557939
0.139615393769
0.139643548694
0.13966153524
0.139685105557
0.139717179232
0.139746542233
0.139781249194
0.139823227232
0.139873297302
0.139929162377
0.139998776668
0.140078784737
0.140171134298
0.14027251494
0.14039533594
0.140542117084
0.140719779706
0.140937102424
0.14122348189
0.141617888086
0.142138823136
0.142942706747
0.144310443803
0.144886374666
0.143842577007
0.143138098275
0.141985298351
0.14060083466
0.139052748175
0.137405603021
0.135677391005
0.133880164235
0.132017930676
0.130090327995
0.128095323989
0.126030326084
0.123892778096
0.121680479343
0.119391819554
0.117025932106
0.114582948156
0.112064234697
0.109472877714
0.106814211669
0.1040972018
0.101336951057
0.0985576081667
0.0957941336863
0.0930916903988
0.0905024437642
0.0880805152241
0.085876168433
0.0839303046755
0.0822700329726
0.0809056076149
0.0798373567823
0.0790396209581
0.0785407745707
0.0784199369924
0.0788739324156
0.076195224992
0.0769827989595
0.0770620759199
0.138927059394
0.138924488092
0.138923499585
0.138917978694
0.138926554528
0.138940480453
0.138945681837
0.138937589547
0.138923786814
0.138907908119
0.138887028445
0.138858496586
0.138829106243
0.138799752854
0.138785683252
0.13878727892
0.138785393851
0.138782890329
0.138790828495
0.138794623504
0.138787481495
0.13878246611
0.138785988924
0.138785565452
0.138789139069
0.138798293461
0.138808750901
0.138821622465
0.138836124457
0.138853982959
0.138874773661
0.138906537291
0.138955061288
0.139009693167
0.139075865588
0.13917352053
0.139265386181
0.139325437385
0.139291925234
0.138724096953
0.141478896023
0.140963768375
0.140296599186
0.139250249433
0.13795421422
0.136452267714
0.13483565637
0.133128189015
0.131344707281
0.129491140414
0.127568579659
0.125576149659
0.123512273892
0.121375351356
0.119164106984
0.116877883453
0.114516814954
0.112082152101
0.109576515056
0.107004496642
0.104373237276
0.101694243613
0.0989865595972
0.0962800539164
0.0936167394355
0.091048919043
0.0886343878543
0.086429978603
0.0844847949304
0.0828341772963
0.0814944659836
0.080459477781
0.079698698824
0.0791261637311
0.0787694077744
0.0786472386503
0.0789084531938
0.081702124219
0.0788123533895
0.0781482162081
0.138251205029
0.138244258186
0.138235880301
0.13822675794
0.138225779967
0.13823825668
0.138248641176
0.13824385037
0.138229083616
0.138208166021
0.138183504206
0.138148913034
0.138111260703
0.138067524858
0.138027818054
0.137998767805
0.13798191104
0.137958140018
0.137934500344
0.137915637916
0.137890578328
0.137852795072
0.137815335811
0.137782271716
0.137746330898
0.137705534595
0.137662082858
0.13761207216
0.137562080275
0.137505297576
0.137454612515
0.137396584048
0.137334637143
0.137265766074
0.13719720745
0.137103576126
0.136944015516
0.136693527356
0.136098577784
0.135900503134
0.136948937942
0.137644898249
0.137327778331
0.136404632216
0.135207936358
0.133767227218
0.132193192056
0.130516463438
0.128755456512
0.126918199505
0.125007485825
0.123023825353
0.120966825341
0.118835958035
0.116630948467
0.114352136229
0.112000665302
0.109578896176
0.10709065791
0.104542003357
0.101941805363
0.0993041687749
0.0966523924717
0.0940225217549
0.0914638560522
0.0890354762939
0.0867996933694
0.0848143867864
0.0831257286027
0.0817625140949
0.0807321494135
0.0800186075199
0.0795675235088
0.079255508665
0.0790492996005
0.0784134449442
0.0782879383808
0.0793016809537
0.0785842043278
0.0782602067212
0.137576823466
0.137565939703
0.137552458805
0.137540782884
0.137530283237
0.137527824857
0.137533144223
0.137536699018
0.137525454042
0.137503612723
0.137474370416
0.137437918667
0.137389419518
0.137339426399
0.137281944611
0.137227617131
0.137179019081
0.137136710629
0.137087707946
0.137035991561
0.136984142131
0.136924345542
0.136851977333
0.136775866175
0.136696848661
0.136606660526
0.136504825776
0.136399241789
0.136282068196
0.136160016933
0.13602046094
0.135864368753
0.1356945741
0.135519809867
0.135333844988
0.135109316576
0.134863232462
0.13461053147
0.134508253834
0.134174924959
0.134184184786
0.134714476753
0.134483050347
0.133583913071
0.132436489952
0.131040087553
0.129504767928
0.127859845256
0.12612465387
0.124308019535
0.122413841328
0.120443748992
0.118398410821
0.116278316321
0.114084154603
0.111817240149
0.109479688768
0.107074936437
0.104607952639
0.102086199688
0.0995201982502
0.0969267622097
0.0943338604654
0.0917842243969
0.089334575048
0.0870501540656
0.0849963634047
0.0832301556138
0.0817926623475
0.0807046539986
0.0799645024686
0.0795489985349
0.0794089423846
0.0795542893561
0.0800145102047
0.0788914342414
0.0791105586602
0.0787855802416
0.0783248319662
0.0780895244737
0.13690891439
0.136896936266
0.136882015927
0.136865831041
0.136848990045
0.136832850218
0.136825436267
0.13682960638
0.136820942273
0.136798638812
0.136765403794
0.136723879173
0.136670029252
0.136607605712
0.136540843962
0.136464527198
0.136387135676
0.136313649657
0.136243678695
0.136164717358
0.136081435211
0.135987775544
0.135889245876
0.135772304518
0.135644691594
0.135505064857
0.135352573064
0.135185186201
0.13500101914
0.134792045183
0.134557569724
0.134317761895
0.134060998943
0.133787280075
0.133483444695
0.133146602159
0.132794245481
0.132482629899
0.13235965761
0.133089134793
0.132330351434
0.132131846378
0.131767184999
0.130812595755
0.129669873199
0.128295254914
0.126788789749
0.125172225427
0.123462930384
0.12166893291
0.119794360273
0.117841468758
0.11581170675
0.113706419809
0.11152715424
0.109276132532
0.106956372072
0.104572333668
0.102130042616
0.0996383238297
0.097109256588
0.0945625511865
0.0920313803229
0.0895656968843
0.0872296083394
0.085093560702
0.0832242031967
0.0816752202762
0.0804803719002
0.0796506739764
0.0791725086321
0.0790047288012
0.0790796909045
0.0793755631636
0.0796139956015
0.081059913889
0.0791603658455
0.0784069563435
0.0779513200378
0.0777451922409
0.136245249488
0.136237072218
0.136222226997
0.136203192516
0.136180800912
0.136156457466
0.136135252132
0.136128361305
0.136120677803
0.136097479125
0.136060832882
0.136012605686
0.135954558923
0.135882273279
0.13580228589
0.135708242734
0.135607218017
0.135506879963
0.135403851662
0.135297972844
0.135186863071
0.135061193824
0.134921531164
0.134767415275
0.134592195435
0.134400315188
0.134192911295
0.133958365677
0.133693906634
0.133398974505
0.133099985533
0.132775134683
0.132421390401
0.132035793462
0.131609318098
0.131141812506
0.130641069262
0.130106400699
0.129478660757
0.129065749229
0.129753068637
0.129545739108
0.129105340191
0.128073250405
0.126910541159
0.125541216808
0.124054705594
0.122462546096
0.120778299607
0.119007974238
0.117155184944
0.115222350186
0.113211407959
0.111124381061
0.10896354439
0.106731949302
0.104433428209
0.10207341635
0.0996588989325
0.0972000351501
0.0947103702096
0.0922128092868
0.0897463983485
0.0873688550737
0.085151436845
0.0831684871086
0.081485631556
0.080150439571
0.0791864600392
0.0785931954649
0.0783452568097
0.0783998833171
0.0787201414841
0.0792130340905
0.0790878173127
0.0791247275288
0.078320858789
0.0777807194866
0.0774426225489
0.0772882908459
0.135589776581
0.135586737927
0.135572813767
0.135552330678
0.135525964975
0.13549533702
0.135464801817
0.135439111865
0.135424941275
0.135401851345
0.135362821347
0.135309140087
0.135242470791
0.135163485278
0.135066779485
0.134962750108
0.134843801683
0.134719535966
0.134585127276
0.134447486194
0.134301641158
0.134145313153
0.133962855125
0.133762894376
0.133540097956
0.13329674731
0.13302475403
0.132719010331
0.132377327806
0.132024536402
0.131641833764
0.131215549657
0.130755000202
0.130257360678
0.129723787987
0.129165305944
0.128629131563
0.128114634225
0.127753800887
0.127655260377
0.127634771733
0.12707072936
0.126481122352
0.125343434936
0.124146097182
0.122774782315
0.121304596096
0.119735405181
0.118076313019
0.116330843075
0.114501778162
0.112591452746
0.110602111365
0.108536329149
0.106397003221
0.104187950315
0.101913732554
0.0995807231725
0.0971967675782
0.0947733611723
0.0923254203547
0.0898794879247
0.0874812942189
0.0851968373527
0.0831040905975
0.0812797878511
0.0797862183463
0.078662026368
0.077916893236
0.0775328628824
0.0774654445646
0.0776768061851
0.0781280563928
0.0786155428916
0.0795900126755
0.0783041474141
0.0775970066249
0.0771516391973
0.0768908228474
0.0767752979738
0.134950630869
0.134947203171
0.134933572303
0.134911153287
0.134882007467
0.134846863483
0.134809363974
0.134771065356
0.134739018943
0.134712907658
0.134673287917
0.134615340743
0.134540811183
0.134451027574
0.134344070701
0.134224008845
0.134093883377
0.133943512821
0.133785303195
0.133615619986
0.133433571266
0.133237186921
0.133015474206
0.132767082059
0.132495166961
0.132195755753
0.131861299735
0.131485587137
0.131085908403
0.130651275354
0.130165826622
0.129636750837
0.129065559574
0.128455512034
0.127815878463
0.127184004578
0.126618490497
0.126168189074
0.125986798461
0.126209793385
0.125558565734
0.124502834876
0.123773316009
0.122564781995
0.12135090281
0.119986484968
0.11853696509
0.116993214506
0.115361178506
0.113642436319
0.1118391475
0.109953597688
0.10798830746
0.105946365732
0.103831229728
0.101647452792
0.0994002517075
0.0970969296202
0.0947460898488
0.0923606121543
0.0899566798293
0.0875650993356
0.0852392073783
0.083053675145
0.0810924485924
0.079432952063
0.0781322115874
0.0772187020264
0.0766877347612
0.0765025704525
0.0765944335177
0.0768933901058
0.0772707431837
0.0779217514677
0.0777285925356
0.0771893490349
0.0767712645504
0.0764846119445
0.0763087593467
0.0762293291423
0.134327299233
0.134318934598
0.134303871921
0.134279165698
0.134247355266
0.134208992837
0.134164827392
0.134119566225
0.134074757865
0.134034028094
0.13399272889
0.133932479399
0.133852126066
0.133753159361
0.133637012735
0.133502045883
0.133351106187
0.133183306144
0.132998811355
0.132801674292
0.132584858282
0.13234504986
0.132079731345
0.131785678524
0.131463543012
0.131105777471
0.130707162118
0.130269999865
0.129791559019
0.129258478432
0.128673776237
0.128036805908
0.12735171846
0.126624023725
0.125868537807
0.125125787411
0.124399406268
0.12369045028
0.123015949671
0.122120907263
0.122603325146
0.121608898477
0.12090482241
0.119704786468
0.118511200314
0.117171887339
0.115752200436
0.114238945184
0.112637165594
0.110947563987
0.109172194552
0.107313520789
0.105374426244
0.103358552516
0.101269898524
0.0991137661271
0.0968959645645
0.0946247566011
0.0923093975585
0.0899642601726
0.0876066729764
0.085272563734
0.0830238722329
0.0809440978368
0.0791219199561
0.0776331232914
0.0765268986038
0.075820253245
0.0754967959793
0.0755143353632
0.0758087890999
0.0762781266462
0.0765416934633
0.0766960195209
0.0764701214827
0.0761821656428
0.0759491433289
0.0757898547998
0.075688650623
0.0756253241668
0.133714625859
0.133702230826
0.133684309776
0.133658437782
0.133625036989
0.133585005472
0.133538172016
0.133485384907
0.133433377107
0.133376627871
0.133321652653
0.133258984293
0.133175391421
0.133069958264
0.132943390175
0.132796613819
0.132627421432
0.132439410798
0.132232457806
0.132005242435
0.131751995621
0.131471418304
0.131162376287
0.130823026751
0.130446783102
0.130027996918
0.129563292268
0.129051693853
0.128482418979
0.127856447091
0.127170622675
0.126424803659
0.125621663973
0.124771111688
0.123886134019
0.122975079938
0.12201951448
0.120980874315
0.120060492884
0.118755716119
0.119382479949
0.118536251275
0.117924874253
0.116780457806
0.115633933586
0.114335717289
0.112954927788
0.111477555601
0.109909469798
0.108251453966
0.106505993468
0.104676008318
0.102764884933
0.100776903259
0.0987166155128
0.0965901227795
0.0944037725421
0.0921668628913
0.0898891833156
0.0875867835614
0.0852779792261
0.0830049668986
0.0808393162112
0.0788732686575
0.0771986483822
0.0758868147648
0.0749752505236
0.0744647136266
0.0743230696256
0.074501730922
0.0749272858511
0.0754850223056
0.0762757469451
0.0756745379317
0.0754165695484
0.0752401936952
0.0751279324782
0.0750616689957
0.0750183376906
0.074984210215
0.133109244361
0.133096675096
0.133077796945
0.133053496005
0.133021261232
0.132981347606
0.132933470534
0.13287692912
0.132814302783
0.132748839319
0.13267421195
0.132598026295
0.132508078741
0.132398245261
0.132263561569
0.132104677508
0.131921823581
0.131713015568
0.13148126146
0.131223414606
0.130936923492
0.130617389244
0.130265513195
0.129875558794
0.12944178251
0.128960355526
0.128424083025
0.127829807778
0.127173262716
0.126452259264
0.125661703953
0.124800639033
0.123875862824
0.122892398688
0.121843928564
0.120720187474
0.119546308261
0.118280464347
0.117189995114
0.1155197438
0.116174546314
0.115414309148
0.114891708686
0.11382129419
0.112735653706
0.111488754491
0.110153347134
0.108716047097
0.107184421763
0.105559941021
0.103845916058
0.102045960143
0.100164100043
0.0982053569934
0.096174860926
0.0940795972115
0.0919263968225
0.0897257224363
0.0874877540451
0.0852304922907
0.0829730091051
0.0807652459376
0.0786893228291
0.0768457924249
0.0753278815258
0.0742003430251
0.0734873281559
0.0731719213088
0.0731967020444
0.0734725634511
0.0739106679286
0.0746434921687
0.0746790551791
0.0744742527686
0.074359962824
0.0742982503443
0.0742858841344
0.0742954223306
0.0742975794588
0.0743035520245
0.132522988055
0.132511118155
0.132496205764
0.132475277566
0.13244558225
0.13240615517
0.132356669913
0.132296652654
0.132225242365
0.132149707253
0.132062655552
0.131964515587
0.131855430444
0.131739506354
0.131597055414
0.131428167654
0.131229913669
0.131002925195
0.130745735937
0.130458659155
0.130137725885
0.12978027732
0.129383068566
0.128939779736
0.128447796015
0.127900826752
0.127291909954
0.126616507331
0.12587044601
0.125051576926
0.124154763314
0.123178559044
0.122125548315
0.120987474615
0.119740578201
0.118416399221
0.117027345725
0.115499466274
0.114104298307
0.112274811551
0.112981485093
0.112296127439
0.111849240696
0.110856254803
0.109835762961
0.10864472353
0.107357898572
0.105962930033
0.104469299505
0.102879411696
0.101197616271
0.0994283726475
0.0975764548569
0.0956477244272
0.0936479144299
0.0915850100371
0.0894662613309
0.0873034879462
0.0851070741441
0.0828973541375
0.0806938116127
0.0785559798845
0.0765771307716
0.0748650381768
0.0735115909423
0.0725720778529
0.0720589928938
0.0719487726884
0.0721657729487
0.072563438318
0.0729971426567
0.073350502342
0.0733604076247
0.0733159756723
0.0733066442398
0.0733288218791
0.0733823065085
0.0734513943629
0.0734809724032
0.073508069335
0.131979750653
0.131971118776
0.131958047618
0.131937359263
0.131907481933
0.131866292572
0.131813065558
0.131747387587
0.131668612541
0.131578014382
0.131480995778
0.13137024465
0.13124578587
0.131106342209
0.130948501898
0.130767520574
0.130554572462
0.13030780654
0.13002858746
0.129710956814
0.129356116742
0.128959524246
0.128516389214
0.128019139656
0.12746771521
0.126855967034
0.126173504603
0.125415902961
0.124580527928
0.123663815511
0.122658888891
0.121558959499
0.120364255485
0.11903824676
0.117593216069
0.116052564653
0.114374799105
0.112521285026
0.11088637381
0.109112591824
0.109834298484
0.109217386508
0.108831616445
0.107910996853
0.106953273932
0.10581806133
0.104579968117
0.103227526528
0.101771963578
0.100216613186
0.0985669201671
0.0968282612955
0.0950062278563
0.0931076090939
0.0911387616735
0.0891088167161
0.08702536018
0.0849018388154
0.0827485912698
0.0805888080461
0.0784418805
0.0763792380999
0.0745054963884
0.0729338906255
0.0717511162228
0.0709980727268
0.0706715115659
0.0707335325884
0.0710899420963
0.0716181440713
0.0723852740249
0.0721738644058
0.0721608743244
0.0721765365173
0.0722246999231
0.0722900977747
0.0723605913247
0.07244823887
0.0724990715091
0.0725158687344
0.131480155202
0.131476704649
0.131462666767
0.131440416155
0.13140772871
0.131362156098
0.131302907369
0.131229697117
0.131142197486
0.131039252775
0.130927104533
0.130806343542
0.130674174478
0.130513175498
0.130334072411
0.130130306615
0.129897968025
0.129632123819
0.129329061054
0.128982665739
0.128594133396
0.128158415573
0.127666660616
0.127115920827
0.126505781864
0.125827421508
0.125072888157
0.12423486903
0.123310538793
0.122296830114
0.121181119748
0.119948074474
0.118579475291
0.117058693593
0.115411347879
0.11361112081
0.111677705014
0.109556473134
0.107840400498
0.106077547076
0.106771642211
0.106203914468
0.105863782732
0.10500644076
0.104105081253
0.103022475468
0.101830888898
0.100519337734
0.0991004716365
0.0975784176959
0.095959675109
0.0942505505367
0.0924574983789
0.0905883111632
0.0886499878376
0.0866529836932
0.0846051121586
0.0825218134929
0.080413043524
0.0783055484737
0.0762179038995
0.0742363103927
0.0724762474969
0.0710539683446
0.0700475578132
0.0694844498139
0.0693428764491
0.0695177721656
0.0698709349547
0.0706860378141
0.0708799991471
0.0709008825002
0.0709481947696
0.0710127559432
0.0710909650868
0.0711686589355
0.0712326619168
0.0712916932792
0.0713499058361
0.0713434089341
0.13100340844
0.131005345192
0.130994318671
0.130973216898
0.13093792532
0.130887300592
0.130821337337
0.130740218879
0.130643922313
0.13053208597
0.130404665672
0.130265924387
0.130117685304
0.129950041209
0.129752682738
0.129524164241
0.129266595279
0.128976289299
0.128645171839
0.128271783351
0.127851670902
0.127372718417
0.126834908227
0.126232796402
0.125565268368
0.124824473495
0.123998330514
0.123082048107
0.122073400218
0.120965011861
0.119725272637
0.118331002662
0.116784879776
0.115083520709
0.113217624338
0.111201351914
0.109053219149
0.106689757758
0.104935935196
0.10315929719
0.103812324149
0.103270999851
0.102961892685
0.102158210718
0.101305112361
0.100270099199
0.0991212743323
0.0978475833414
0.0964627734003
0.0949716208354
0.0933816087951
0.0916999647117
0.0899340485254
0.0880927267251
0.0861836653635
0.0842188582228
0.0822062077855
0.0801636359096
0.0781002595721
0.0760473019126
0.074021523332
0.0721274632192
0.070489969568
0.0692241733218
0.0683950765633
0.0680194606755
0.0680680114261
0.0684235883955
0.0689172398927
0.0694480042385
0.0695668544153
0.0696431434897
0.0697262601865
0.0698181622132
0.0699108303298
0.0699932146705
0.0700573462527
0.0701001910402
0.0701454329159
0.0701587209185
0.130546720983
0.130551065344
0.130545207269
0.130525701479
0.130487863897
0.130433061836
0.130361716497
0.130274034406
0.13017000895
0.130049466525
0.129911462251
0.129755699761
0.129585132555
0.129399407038
0.129188551722
0.128943949453
0.128663667083
0.128344558437
0.127984721497
0.127581492795
0.127124250239
0.126607480563
0.12602641677
0.125376017226
0.124654191789
0.123850660005
0.122956889801
0.121965516433
0.120875238214
0.119656358776
0.118261038598
0.11671254075
0.115004126959
0.113115391622
0.111052305933
0.108840649158
0.106459972752
0.103891942582
0.102180081154
0.10038132146
0.100967153632
0.100422911299
0.100132027165
0.0993756221088
0.0985637702911
0.0975711186575
0.0964607465861
0.0952210128859
0.0938665738962
0.0924028336643
0.0908382382589
0.0891809432315
0.0874392773386
0.0856232507541
0.0837412414284
0.0818070318909
0.0798284477847
0.0778265341526
0.0758089615139
0.0738126397391
0.0718511774651
0.0700518771439
0.0685458348342
0.0674428950702
0.0667945807114
0.0665944227307
0.0667213689968
0.0670747718071
0.068097053091
0.0681408575763
0.0682652774134
0.0683733502864
0.0684806886672
0.0685891551293
0.0686908031517
0.068778368053
0.0688469026916
0.0688911372371
0.068929588281
0.0689587539104
0.130123445669
0.130122077909
0.130115393997
0.130091967952
0.130050798996
0.129993503167
0.12991959398
0.129827865568
0.129718107051
0.129590065231
0.129443043761
0.129275823771
0.129087303228
0.128878496155
0.128647388387
0.128388852981
0.128087851443
0.127743828853
0.127355928487
0.126918193054
0.126424712875
0.125869909486
0.125246580089
0.124549861569
0.123774928587
0.12291301641
0.121950274245
0.120886534807
0.119699524666
0.118334026379
0.116804588738
0.115121526742
0.113251231394
0.111182570369
0.10893764672
0.106499759014
0.103932200587
0.101224051927
0.0995300082882
0.0976398631471
0.0982049110898
0.0976464041839
0.0973681148536
0.0966611475288
0.0958884875312
0.0949344851986
0.0938584172663
0.092648164496
0.0913194420446
0.0898785040377
0.0883348449939
0.0866975923333
0.0849761352244
0.0831816920599
0.0813234279735
0.0794171951171
0.0774705565968
0.0755085165535
0.0735365028369
0.0715987453845
0.0697040981504
0.0680078798935
0.0666415333941
0.0657053375799
0.0652443032879
0.0652371122079
0.0654989233536
0.0658399953675
0.0665479826606
0.066791713017
0.0669480101174
0.067083522676
0.0672065802993
0.067324939806
0.0674322999834
0.0675242375696
0.067597049828
0.0676420449137
0.0676829452508
0.06771896323
0.129728230396
0.129719330397
0.129704211121
0.129675342769
0.129631319674
0.129571858751
0.129495722241
0.12940149057
0.129288009531
0.129154259903
0.128999730949
0.128823371868
0.128623560287
0.128398110706
0.128148244516
0.127867396918
0.127540850641
0.127174900864
0.126758974028
0.1262883931
0.125758449628
0.1251651359
0.12450183989
0.123758685545
0.122932987962
0.122007562015
0.120976995832
0.119828774121
0.118517219874
0.117036554509
0.115400019131
0.113584949186
0.111558467395
0.109317027679
0.106853757054
0.104199307943
0.101469616845
0.0985694989059
0.0968711295592
0.0948069211055
0.0954416105826
0.094910642327
0.0946591140322
0.0940164959227
0.0932880668456
0.092370638448
0.0913243124775
0.0901380112432
0.0888290654936
0.0874049915003
0.0858764748399
0.0842536542054
0.0825470769851
0.0807692054709
0.0789301062761
0.0770479893463
0.0751299643797
0.0732060482909
0.0712783914077
0.0694008030589
0.0675755265774
0.0659922981186
0.0647759711824
0.06401771491
0.0637373122856
0.0637943519462
0.0640696734664
0.0652928048915
0.0652412042887
0.0654329802208
0.0656109597024
0.0657699572765
0.0659072560074
0.0660333377008
0.0661446539552
0.0662394795751
0.0663175310481
0.0663681349732
0.0664110776303
0.0664460734285
0.129350770965
0.129338253584
0.129315431476
0.12928475408
0.129238176851
0.129175402565
0.129095486629
0.128997767373
0.128880606676
0.128742552796
0.128581879571
0.128397756692
0.128188316735
0.127950944547
0.127683062286
0.127374860626
0.127029993681
0.12663889237
0.12619130479
0.125691121441
0.125128606677
0.124498489816
0.123792044727
0.123004411668
0.122122518776
0.121131136011
0.120028871908
0.118785290292
0.117377100711
0.115803474632
0.114065261744
0.112117720465
0.109927835812
0.10748612375
0.104795032872
0.101950532256
0.0989689511031
0.0958231032403
0.093842150319
0.0915904774823
0.0925470898602
0.0922050326778
0.0920222309119
0.09146072435
0.0907807792449
0.089894886928
0.0888706038907
0.0877002933757
0.0864032744318
0.0849885154239
0.0834678841238
0.081852468419
0.0801540313254
0.0783862573505
0.0765602747672
0.0746969099155
0.0728026323189
0.0709137144227
0.0690276486715
0.0672109111024
0.0654566143981
0.0639955311524
0.0629392487913
0.062383994487
0.0623288567964
0.062527384127
0.0627921967141
0.0634694729433
0.0637865914563
0.0640475876577
0.0642687082115
0.0644524356132
0.0646067599296
0.0647419612762
0.0648585310848
0.0649557225818
0.0650340578195
0.0650962367799
0.06514544326
0.0651806935515
0.128993931486
0.12898076117
0.12895550702
0.128923099034
0.12887339886
0.128806829489
0.128722633036
0.128620090269
0.1284982156
0.128355335593
0.128189478432
0.127998491803
0.127779739551
0.127530029393
0.127244288188
0.126920450289
0.126554868528
0.12613424982
0.125661838607
0.125132921784
0.124532151819
0.123864748795
0.123120929173
0.122284783151
0.121339057314
0.120289163874
0.11911611598
0.117787372718
0.116294659555
0.114641406078
0.112796376307
0.110698196737
0.108343651515
0.105707942875
0.102844310571
0.0997502044034
0.0963559544917
0.0926431089387
0.0900367485783
0.0882594043184
0.0895982017679
0.0896327144974
0.0895440256955
0.089044112755
0.0883961340294
0.0875261627104
0.0865102719021
0.0853445911349
0.0840494951392
0.0826348698588
0.0811134117674
0.0794969303263
0.0777984006216
0.0760326385636
0.074212068036
0.0723603223789
0.0704830854443
0.0686242135009
0.0667746111246
0.0650173449216
0.0633324221912
0.0619996355771
0.0611108723132
0.0607533752943
0.0608089544825
0.0610886319249
0.0623069965154
0.0622818253153
0.0624865609224
0.0627276539482
0.0629584117484
0.0631631419332
0.0633357907048
0.063486125716
0.0636157766062
0.0637241561524
0.0638100565588
0.0638811391452
0.0639301106586
0.0639564377267
0.128663047221
0.128650357272
0.128624865027
0.128589296795
0.128536122839
0.128465648309
0.128377141358
0.128269927879
0.128143020134
0.127994928169
0.127823803578
0.127626410378
0.127399567779
0.127139071946
0.126840945467
0.126501152113
0.126111908183
0.125669135381
0.125170738099
0.1246037307
0.123972430219
0.123274483963
0.12248321391
0.121585829982
0.120594818742
0.119490779045
0.118237040016
0.116835822373
0.115279908037
0.113537104368
0.111564233558
0.109341404375
0.106851741175
0.104083459068
0.101044365299
0.0976345557778
0.0937689397093
0.0891506025005
0.0864696537376
0.085701513659
0.087106479036
0.0874258506952
0.0873419057421
0.0868198145662
0.0861584366943
0.0852783728448
0.0842529706549
0.083078445627
0.0817739296899
0.0803491017857
0.0788168916867
0.0771895123767
0.0754811219781
0.0737075322891
0.0718828210261
0.0700335408913
0.0681646188106
0.0663288979343
0.0645081739726
0.0628063960637
0.0611824540074
0.0599759373046
0.0592622142351
0.0591111906145
0.0592739923784
0.0597132009661
0.0604156970872
0.0607764694259
0.0611074542129
0.0614073074608
0.0616717066086
0.0619064992222
0.0621076802564
0.0622814523674
0.0624316238389
0.06255809857
0.062661002183
0.0627381186235
0.0627821875316
0.0627917388179
0.128359264185
0.128347538153
0.12832095582
0.128281272417
0.128225366355
0.128151074685
0.128058419093
0.127947026761
0.12781593153
0.12766346095
0.127487181636
0.127284006018
0.127049656197
0.126779788688
0.126470083244
0.126114019819
0.125704970134
0.125239684367
0.124710892833
0.124113883277
0.123452981952
0.12270892088
0.121863822747
0.120930117651
0.119897893847
0.118719934076
0.117401136466
0.115946209799
0.114313201595
0.112478127928
0.110412978483
0.108089315336
0.105491633359
0.102614860963
0.0994193019377
0.0958076140661
0.0916869409671
0.0863226868819
0.0861283527281
0.0859258540173
0.085772326114
0.0856656527423
0.0854109392639
0.0847838379
0.0840660029136
0.0831529649462
0.0821023413892
0.0809064540752
0.0795813216435
0.0781355370123
0.0765817845605
0.0749324347417
0.0732028343947
0.0714096463983
0.0695691363561
0.0677107922561
0.0658392093144
0.0640178958396
0.0622172320161
0.0605675566232
0.0589934760003
0.0579043044023
0.0573380778051
0.0572966288948
0.0575376985143
0.058504541091
0.0590224389905
0.0593875926043
0.0597630316225
0.0601068301363
0.0604116115957
0.0606808852396
0.0609206308191
0.061125044786
0.0612994363185
0.0614443787028
0.061560969199
0.0616437086816
0.0616945408044
0.0617094856122
0.128081783052
0.128071052885
0.128042489352
0.128000050996
0.127941498096
0.127862610477
0.127765594226
0.127650595161
0.127516577539
0.127361277103
0.127181485259
0.126973322406
0.126732349449
0.126454084977
0.126132205137
0.125759059678
0.125329631648
0.124840407304
0.124285235339
0.123658753231
0.122958327418
0.122170819708
0.121292415723
0.120326531275
0.119232383323
0.117989356178
0.116620932201
0.115110819719
0.113412956337
0.111497413698
0.109338853689
0.106931393191
0.104257874167
0.101299442504
0.0980376333804
0.094449776018
0.0905635228147
0.0860524214876
0.0860007026909
0.0856456084089
0.084776550209
0.0840549205702
0.0836076539014
0.0828791331006
0.0820974906867
0.0811432044552
0.0800583184589
0.0788315251609
0.077475710368
0.0759983018369
0.074411592555
0.0727280270649
0.0709641901324
0.0691374591748
0.0672670063048
0.065385094509
0.0634969553077
0.0616786767399
0.0598878253814
0.0582898675729
0.0567653802135
0.0558213790384
0.0554013266962
0.0553269575195
0.0556164420907
0.0568501850172
0.0574623770435
0.0579483214653
0.058398890454
0.0588031404403
0.059167571948
0.0594851060629
0.0597679854326
0.060008103304
0.0602101846097
0.0603765301985
0.0605082760293
0.0605962960319
0.0606576671258
0.0606894812212
0.127831962843
0.127820877691
0.127791635699
0.127749216545
0.127684756283
0.12759984398
0.127498563772
0.127381604078
0.127247133376
0.127091552841
0.126910433317
0.12669895089
0.126452050724
0.126164257427
0.125828490068
0.125436859131
0.12498466289
0.124469171476
0.123885954542
0.123233737928
0.122502899018
0.121680676415
0.120770798185
0.119758520454
0.118606802683
0.117316449927
0.115901053113
0.11433379469
0.112563746295
0.110578327087
0.10836182046
0.105876019064
0.103112746004
0.100103088117
0.0968342288859
0.0933751319142
0.0898689475154
0.0864528567065
0.0857853106269
0.0830650571707
0.0831625576533
0.0823607276694
0.0818440656309
0.0810669996146
0.0802378152167
0.0792446875353
0.0781217711273
0.0768571204269
0.075461661157
0.0739421158991
0.0723104651024
0.0705792534284
0.068766328048
0.0668896383539
0.0649721167408
0.0630483410293
0.0611258416936
0.0592949951085
0.0574989202516
0.055946772235
0.0544694660648
0.0537348594468
0.0535651144593
0.0535978506511
0.0538008189129
0.0550770194532
0.0557906417504
0.0564396513138
0.0569975449033
0.057487598182
0.0579237080865
0.0583082924991
0.0586392299809
0.0589186268536
0.0591504568024
0.0593389234087
0.0594846535799
0.059586381593
0.0596598156935
0.0597046307038
0.127615694002
0.127601138079
0.127573492596
0.127530457996
0.127459322849
0.127372259068
0.127272021955
0.127158645508
0.127027776479
0.126873785282
0.126691103992
0.126474225677
0.126217641654
0.125915396284
0.125559464758
0.125142501958
0.124664546598
0.124126154493
0.123522180944
0.122843715759
0.122080226996
0.121230791146
0.120289692858
0.119229491842
0.118027114743
0.116687530571
0.11522486354
0.113612470664
0.11179810635
0.109757350369
0.107447643928
0.104860055121
0.102045727143
0.0989935935967
0.0957104645407
0.0923305624323
0.0889436941249
0.0855211228185
0.0838934052807
0.0809992720941
0.0813428289839
0.0806537483466
0.0801399456091
0.0793500636941
0.0784881315112
0.0774601454999
0.0762971184993
0.0749887971651
0.0735452749252
0.0719730505394
0.0702838553136
0.0684903381394
0.0666114888226
0.0646656524867
0.0626803762207
0.0606916519508
0.0587120032868
0.0568475642764
0.0550253405457
0.0535048635352
0.0520518374474
0.0515100253979
0.0514353448731
0.0516618870221
0.0533850113519
0.0536488016443
0.0542641508053
0.0549353387113
0.0555736487399
0.0561649790347
0.0566817496095
0.0571394702213
0.0575281262581
0.0578519625671
0.0581160251259
0.0583271474164
0.0584858442256
0.0586069810601
0.0586908620688
0.0587449862419
0.127438683141
0.127419356672
0.127393184418
0.12735016034
0.127278736033
0.127193184585
0.127098229656
0.126990652489
0.126862390187
0.126706395127
0.12651684156
0.126288163164
0.126014913604
0.125691525963
0.125311563047
0.124871813732
0.124374198092
0.123816342507
0.123190169928
0.122483285123
0.121690574711
0.12081075465
0.119830439727
0.118726612231
0.117485278199
0.116116679873
0.114628113447
0.112971545575
0.111097461175
0.108970208816
0.106560228035
0.103916224914
0.101059413525
0.0979343539726
0.0946444442268
0.091297978866
0.0879216544502
0.0844033823675
0.0823114245267
0.0792511277411
0.079642325455
0.0790362103357
0.078536590892
0.0777475939517
0.0768598355558
0.0757983512388
0.0745925267824
0.0732347082033
0.0717347447654
0.0700991147223
0.0683391578603
0.0664674619336
0.0645037579337
0.0624665487456
0.0603886339058
0.0583059361576
0.0562398718957
0.0543127860055
0.0524358281885
0.0509358005792
0.049512280223
0.0491718740352
0.0490460612955
0.0494080627628
0.0505956939772
0.0515173546077
0.052458322869
0.0533263564124
0.0541115490023
0.0548203477613
0.0554478258823
0.0559865491969
0.0564429771171
0.056820021682
0.0571217171885
0.0573581947675
0.0575357778806
0.0576710510437
0.0577616669081
0.0578155863591
0.127295654829
0.127274333732
0.127247103602
0.127203073324
0.127133034756
0.12705125709
0.126964654046
0.126860907393
0.126730338204
0.126566408517
0.126364356012
0.126119058782
0.125826000853
0.125481780971
0.12508129477
0.124623293009
0.124107903841
0.123528913908
0.122876732635
0.12214354274
0.121326780873
0.120418678735
0.119404604821
0.118266243313
0.116997779677
0.115607312977
0.114082027071
0.11237116374
0.110426876905
0.108215205298
0.105740293432
0.103047111295
0.1001062934
0.096923779272
0.0936419764954
0.090305890651
0.0869200138288
0.0833398384682
0.0809678013183
0.0777220941133
0.0781159253453
0.0775604075201
0.0770683214083
0.0762821663722
0.0753690716574
0.0742719778873
0.073019155216
0.0716054779856
0.0700405674331
0.0683307046686
0.0664863800146
0.0645196375434
0.0624501049027
0.0602960551571
0.0580956136037
0.0558827205193
0.053693122846
0.0516623135147
0.0496846380554
0.0481794100577
0.0467990494276
0.0467480189061
0.0467342211942
0.0472855251834
0.0486581668327
0.0495712251451
0.050624118372
0.0516684556826
0.0526384249044
0.0534901835296
0.0542356404529
0.0548702809552
0.0554031399836
0.0558408448222
0.0561850834202
0.0564519353333
0.0566544758483
0.0568033812571
0.0569031411718
0.0569545336907
0.127171514549
0.127152127045
0.127122645708
0.127072514976
0.127008002547
0.126941511865
0.126862446653
0.126756666149
0.126617376602
0.126439192342
0.126219491339
0.125954186675
0.125641922838
0.125280786532
0.12486569608
0.12439407607
0.123861864548
0.123262139697
0.122587295396
0.121831855564
0.120991249476
0.120057059534
0.119015727115
0.117852628728
0.116560210145
0.11514005316
0.113569495529
0.111797405129
0.109788304758
0.107516060356
0.104982973513
0.102214061594
0.0991853099798
0.095969466373
0.0926968745107
0.0893762737423
0.0860022217111
0.0824602127382
0.0797873265864
0.076284329281
0.0767581331335
0.0762605643034
0.0757654367124
0.0749764708209
0.0740336790908
0.0728957238249
0.0715901670331
0.0701138110322
0.068475578717
0.066681002805
0.0647389257514
0.0626599377679
0.0604621345346
0.0581627479663
0.0558039511759
0.053415501399
0.051055274888
0.0488657929766
0.046727073569
0.0451688787283
0.0437297738579
0.0437664051324
0.044003991002
0.046107409653
0.0464569004551
0.0474622688877
0.048676811788
0.0499291440481
0.0511231291811
0.0521758699703
0.0530679797903
0.0538125856725
0.0544285117041
0.054933605884
0.0553327935963
0.055637828435
0.0558647640633
0.0560250318765
0.0561359616414
0.0561850339393
0.127059445416
0.1270466252
0.127018590927
0.126974174142
0.126925319981
0.12686604854
0.126781484889
0.126663222458
0.126506397351
0.126309430982
0.126073809073
0.125795866041
0.125472780948
0.125100098462
0.124673006174
0.124187264527
0.12363776823
0.123018201001
0.122322604748
0.121546847576
0.120685374
0.119728534762
0.118662285666
0.117475058549
0.116161217699
0.114712338768
0.113097425208
0.111272575333
0.109198575473
0.106851719852
0.104252360809
0.101412747244
0.0983076036356
0.095063601303
0.0918014086477
0.0885076127012
0.0851615185049
0.0816091830576
0.0787821949018
0.0751665148931
0.0756249374927
0.0751688013613
0.0746542269086
0.0738512036509
0.0728711512738
0.0716849048277
0.0703198596924
0.0687740456001
0.0670548688971
0.0651662491594
0.063114278547
0.060906748326
0.0585582596767
0.0560835474025
0.0535251953966
0.0509055301115
0.0483114174491
0.0458811798798
0.043509594399
0.0418931282092
0.0403462383573
0.0403345031115
0.0407750653991
0.0422710205364
0.0433707209099
0.0448260889153
0.0464717545115
0.0480800878736
0.0495644948312
0.0508645085888
0.0519493027917
0.052830607706
0.0535404363357
0.0541133039148
0.0545690650833
0.0549184116478
0.0551752680986
0.0553456016153
0.0554659993411
0.0555188888804
0.126970845085
0.126963968008
0.126941662064
0.126909048797
0.126867708561
0.12680054041
0.126699377977
0.12656379527
0.126394279743
0.126189113019
0.125945063061
0.125658175223
0.125324753581
0.12494041535
0.124500239511
0.123999129925
0.123432281283
0.122794600882
0.122081943307
0.121289816212
0.120410145708
0.119433267
0.118348230671
0.117144428823
0.115810696173
0.114330810888
0.112673441747
0.110794134142
0.108652668518
0.106241001528
0.10357573604
0.100629456083
0.097436770189
0.0941811568666
0.0909380357434
0.0877038293988
0.084449610056
0.0810168552816
0.0780584041852
0.0742113064473
0.0747067737502
0.0743043221338
0.0737575905214
0.0729254668497
0.0718982184795
0.0706547287263
0.0692228255862
0.0676013485665
0.0657951506245
0.0638053545715
0.0616338695191
0.0592838849583
0.056764181627
0.054085045103
0.0512840937637
0.0483733198315
0.0454668151797
0.0426630993
0.0399121905378
0.0381754272252
0.0365742109348
0.0369336344631
0.0377030931405
0.0388800722238
0.0401314791724
0.0419140171195
0.044013268636
0.0461215668759
0.0479921113281
0.0495847470046
0.0508945520232
0.0519397074054
0.0527589947989
0.0534054448323
0.0539106771065
0.0542956385298
0.0545830883344
0.0547732501279
0.0548990987372
0.0549667913431
0.126908263142
0.12690306644
0.126884382374
0.126857537252
0.12681440963
0.126732255987
0.126619302946
0.12647693048
0.126301015598
0.126088381946
0.125835614037
0.1255389389
0.125194426967
0.124797599348
0.124342896947
0.123826119998
0.123246337377
0.122598990753
0.121876046257
0.121070375668
0.120174796038
0.119181564184
0.118081851291
0.116863405015
0.11550936336
0.113999116518
0.112302323031
0.11037285497
0.108170474574
0.105689194576
0.102931489165
0.09986310363
0.0965754553323
0.0932813662003
0.0900586286917
0.086929356303
0.0838597254871
0.0807203960628
0.0776080823361
0.0734415240283
0.0740144936419
0.0736987929153
0.0731080970965
0.0722226107211
0.0711319411872
0.0698191302449
0.0683119565769
0.0666095687249
0.064712813781
0.0626183004383
0.0603218417194
0.0578195184882
0.0551111959065
0.0521994634505
0.0491111848861
0.0458510564808
0.042554455372
0.0392291640837
0.0358994995339
0.0336811803654
0.0313743244614
0.0323999110228
0.0357952293422
0.0349478167132
0.0364220228319
0.0386899731072
0.0413210681971
0.0440189893175
0.0464108591863
0.0483640328763
0.0499251845704
0.0511510680637
0.0520916041819
0.052815898502
0.0533764276685
0.0537955608461
0.0541026634258
0.054312544252
0.0544475319408
0.0545270219208
0.126861449356
0.126854952439
0.126841054813
0.12681705506
0.126767991117
0.126675710941
0.126557585953
0.126408746544
0.126225646058
0.126004982255
0.125743191725
0.125436320587
0.125080309558
0.124670518998
0.12420337377
0.123678943793
0.123095046216
0.122441876242
0.121709526285
0.12089122822
0.119981306686
0.118974258894
0.117863516731
0.116634292247
0.115262299912
0.113724230346
0.111993090085
0.110022019295
0.107763260038
0.105202167228
0.102336556518
0.0991235174017
0.0957034353765
0.0923203605208
0.0890713861137
0.0860860204405
0.083319632184
0.080562013733
0.0776040414675
0.0733009667166
0.0737077317954
0.0734245303346
0.0727588997052
0.071773454125
0.0705870399555
0.0691863822419
0.0675946843709
0.0658085457247
0.063822188967
0.0616253673993
0.0592055662725
0.0565486711366
0.053641071389
0.0504703781558
0.0470418921455
0.0433529066118
0.0395485005386
0.0355657058151
0.0316931956325
0.0289495982136
0.0250371487567
0.0257204090877
0.0286259301088
0.0291342860699
0.0317879510626
0.0350710981387
0.0385081266699
0.041864162398
0.0448576193993
0.0472358597289
0.0490691081244
0.0504772641174
0.0515425464909
0.0523423490752
0.0529548298503
0.0534155911393
0.0537463771387
0.0539687819205
0.0541054812184
0.0541712273707
0.126833334675
0.126827196427
0.1268139906
0.126785757004
0.126730126211
0.126634625271
0.12651211848
0.126356918561
0.126166714893
0.125938194652
0.125667876948
0.125351560192
0.12498487602
0.124565129162
0.124091837009
0.12356506016
0.122979882591
0.122322830919
0.121582349135
0.120753304093
0.11983102
0.118812068671
0.117695012804
0.116462186076
0.115076899534
0.113512522386
0.111752955209
0.109755420761
0.107445204192
0.104796088663
0.101809013367
0.0984325640473
0.0948346329428
0.0912681138142
0.0878710328409
0.0850322415677
0.0827231881663
0.0806899169411
0.0783652693233
0.0741330652743
0.0740720234648
0.0736092013602
0.072761981137
0.0715910145988
0.0702594845283
0.0687516920675
0.0670719744403
0.0652068169144
0.0631403431889
0.0608535570712
0.0583243528798
0.0555264841433
0.0524288241239
0.0489940864108
0.0451861220767
0.0409610972977
0.0363925973654
0.0313907683972
0.0268976457275
0.0239752984836
0.0190543799463
0.0183888745977
0.0184356051146
0.0216138586271
0.0264172830865
0.031258333568
0.0357688358332
0.0398574500453
0.043453037047
0.0462739410541
0.0483663309966
0.0499376109933
0.0511141795414
0.0519880073982
0.0526406685129
0.0531291788637
0.0534818992518
0.0537173759343
0.0538546052463
0.0539051039518
0.126819968135
0.126814288958
0.126795126264
0.12676065978
0.126705211059
0.12660917845
0.1264835411
0.126321489958
0.12612458308
0.125890078003
0.125614422881
0.125291714224
0.124917651165
0.124490439691
0.124010951736
0.123483227577
0.122900584133
0.122241840127
0.121495347992
0.120658942609
0.119725286926
0.118696004758
0.117584073281
0.116361173976
0.114965803126
0.113373807118
0.111585926279
0.109564902785
0.107228504177
0.104509319599
0.101394051484
0.097853803136
0.0940343992625
0.090167313258
0.0863835528748
0.0835313194597
0.0822224464064
0.0810578995001
0.0807898658488
0.076460689638
0.0755612204172
0.07432614053
0.0730407422063
0.0716018274688
0.0701052895037
0.0684975231438
0.0667464402802
0.0648222134024
0.0626983512371
0.0603479968552
0.0577410904042
0.0548411400541
0.0516012255627
0.0479579148573
0.0438246194308
0.0390727865873
0.0335637995569
0.0269907415038
0.0202372320565
0.0129326106091
0.00380199718539
0.00845602406205
0.00325859262268
0.0124301958284
0.0208357269316
0.027722627443
0.0334369035877
0.0382456371165
0.0423614992836
0.0455788358778
0.0478717653164
0.0495482744827
0.050805759779
0.0517420012745
0.0524309523696
0.0529384652794
0.0533046587243
0.053550409884
0.0536973129126
0.0537555448406
0.126815074109
0.126807967544
0.126780547966
0.126742527156
0.126686593309
0.126603779012
0.126479362766
0.126309237102
0.126109333551
0.125873583032
0.125595054603
0.125266549763
0.124883379752
0.124445412595
0.12395860315
0.123434886892
0.122864218494
0.122211698856
0.121461027311
0.120618607994
0.119681802508
0.118652015837
0.117537157404
0.116310943225
0.114912150231
0.113307111636
0.111502345955
0.109467591449
0.107110409151
0.104343292211
0.101154723368
0.0974980462763
0.0934613872719
0.0892289154985
0.0842208183369
0.083099357582
0.0813435963588
0.0810205222598
0.0809566875565
0.0809034944634
0.0779817123272
0.0751128374145
0.0732649167276
0.0716415769457
0.0700560253167
0.0684007675344
0.066618191506
0.0646688897808
0.0625211409767
0.0601445094436
0.0575054555694
0.0545629833425
0.0512630541266
0.0475297505802
0.0432503968694
0.0382433847172
0.0322043074827
0.0244846718359
0.0140179233253
-0.00504213794355
-0.0230587041183
-0.00495729271291
0.000426323083345
0.00207667004207
0.0165631544491
0.0253315753661
0.032011690223
0.0373187106962
0.0417588643542
0.045226515159
0.0476357545544
0.0493539357118
0.0506446987262
0.0516158853276
0.0523291681512
0.0528472852413
0.05321787071
0.0534697837612
0.0536292451796
0.0536960091207
)
;

boundaryField
{
    frontAndBack
    {
        type            empty;
    }
    upperWall
    {
        type            zeroGradient;
    }
    lowerWall
    {
        type            zeroGradient;
    }
    inlet
    {
        type            zeroGradient;
    }
    outlet
    {
        type            fixedValue;
        value           uniform 0;
    }
}


// ************************************************************************* //
