/*--------------------------------*- C++ -*----------------------------------*\
| =========                 |                                                 |
| \\      /  F ield         | OpenFOAM: The Open Source CFD Toolbox           |
|  \\    /   O peration     | Version:  v1806                                 |
|   \\  /    A nd           | Web:      www.OpenFOAM.com                      |
|    \\/     M anipulation  |                                                 |
\*---------------------------------------------------------------------------*/
FoamFile
{
    version     2.0;
    format      ascii;
    class       volScalarField;
    location    "312";
    object      alpha;
}
// * * * * * * * * * * * * * * * * * * * * * * * * * * * * * * * * * * * * * //

dimensions      [0 0 -1 0 0 0 0];


internalField   nonuniform List<scalar> 
6400
(
0.844578424959
1.28717483524
1.98969339842
2.33496020694
2.67596172006
3.04888876401
3.63567545639
4.31695893439
4.50719398577
4.90003519185
6.03122459685
6.60625568137
7.0463877793
7.61116162425
8.42231170388
9.25949142483
9.91056183841
10.5319736703
11.0750629587
11.3184137283
11.2720374378
11.2713835965
11.5597625605
12.1806685452
12.8997478816
13.5101981065
13.9318698116
14.3040604058
14.7560197893
15.2998717341
15.8820072448
16.2498509538
16.3359129504
16.3059430912
16.1751643883
15.8580190646
15.7284881047
15.9859095292
15.790355965
15.2790513994
15.2132802124
15.7641206654
16.3558088881
16.6396444048
16.698792072
16.6019161245
16.424382354
16.2287247835
16.0232890715
15.8214823161
15.4775200057
14.6280496872
13.6694381858
12.5638172516
11.8771271055
11.8182622224
11.2805594711
9.7088555114
7.9309463807
7.05228239109
5.96376189536
4.80670588448
3.62456420487
5.24853677932
9.34941378684
14.3239056357
17.343641067
17.0776905224
15.0993721552
13.4445243176
12.5159711056
12.6209727751
13.0632666882
12.8846096492
14.815118867
14.2204545393
16.0238220085
9.92965871645
12.880393481
4.81911853207
3.09590642229
2.41580595289
2.96574491199
4.16981014471
3.88247536801
3.54388704465
3.59337008434
3.89839889101
4.36841087082
4.9871158945
5.76987186071
6.54999703423
7.21636502695
7.85201824526
8.4881570484
9.23265053337
10.0113365735
10.7893992843
11.8168210505
11.8502558026
11.5408342425
11.4538422967
11.6356565833
12.2036874501
13.1574950509
13.6552157732
14.021470463
14.4604308675
14.9443141429
15.4512207654
15.9792318676
16.5206463437
16.6094883875
16.593577261
16.5383277136
16.0258135732
16.012823317
16.283897418
15.9609450314
15.167046588
15.0392363056
16.9361903869
18.204314628
18.3333237541
18.2867587486
17.9790545551
17.5169104969
17.1152100116
16.5193194392
15.9778394732
15.7910221433
16.0741352078
15.6048903745
12.7876215441
12.3499946451
11.7768229353
10.0071698439
8.52218080278
7.23643563555
5.98947053901
4.95578226151
5.21055048612
3.92920318484
5.49686377009
9.42163139288
15.2668272952
19.0192474133
17.8431185866
15.6970740301
13.7655500147
12.9953540968
13.314541717
14.3002995671
13.6847250034
13.4751217508
12.9019502308
11.6589296537
9.78901343961
8.20709924827
4.29535190609
3.08436054471
2.63576445329
3.12732299804
3.25130403288
3.5695260789
3.89519458527
3.82394790646
3.8349649742
4.29075399308
4.97039810875
5.74774321403
6.5471603461
7.26677933444
7.91514306994
8.41163854431
9.07659959641
12.1066249328
14.2084677519
14.455354407
13.4979630894
11.3806233629
10.9645731896
11.8246351345
12.4545953061
12.9863609418
13.6123730486
14.1520187418
14.5960918209
15.0576622939
15.5822528803
16.0490544913
16.7488097019
16.878331121
16.4495604362
17.0429231182
16.5493616552
15.864103005
16.5764417542
16.2276314858
15.4190929352
15.2825896752
15.8713135796
16.4963458458
16.8024678182
16.8853372017
16.8324407744
16.6804068172
16.4502520526
16.1432854098
15.7856946579
15.382415624
14.8341571134
14.0382003031
13.3886795742
12.8841398138
11.4512604182
9.92012514716
8.58503380937
7.37037512017
6.28071093851
5.44024453493
4.65350629103
4.17236568558
6.40196428517
11.4819688324
16.1504106863
18.4626503035
18.6024222702
17.0201698671
15.3276198281
14.58302021
14.4268443158
13.7340067816
13.102814778
13.0130036487
12.6037880151
11.5677201913
9.9187763515
7.487369758
7.64690751132
2.91491600704
5.35196623107
3.27875834438
3.27333732401
3.90737814385
11.7272998892
10.0517604054
4.58815675001
4.29967901213
4.99201975479
5.77230997629
6.58045766109
7.27679946745
8.00106592465
9.91787308662
12.1882932086
13.832656332
13.9934677954
12.334506472
10.8533275111
10.9188314109
11.2365769791
11.687635611
12.352893095
13.0806485666
13.7678982626
14.3556858337
14.7568073671
15.2807599794
15.6660537757
16.4171092798
16.6962553636
17.3810871205
17.0731201977
16.2590316291
16.7464820479
16.1808462819
15.5878605395
15.5324238011
15.5218559951
15.6431765231
16.0477761601
16.5133521074
16.8131224616
16.933827055
16.9154905757
16.7893391157
16.577070281
16.2887105694
15.9354070318
15.5109823684
14.9783102631
14.3189968722
13.5943657736
12.6980788504
11.4664465312
10.073927444
8.77366466008
7.64365651781
6.71297842494
6.01047490634
5.51732649228
5.54564001653
7.1850780507
10.7592490716
16.4722949506
20.0554767466
20.271900666
18.6186357791
16.2754207958
14.6523488223
13.8230598434
13.9308603344
15.2346934577
15.1091287232
13.738499433
13.5390874635
16.7661105016
13.1964036454
11.2370773877
5.35095205157
7.35301080684
3.80477957519
4.12394790256
6.2284582164
11.6083363825
7.78608681795
4.8046716927
4.79504560898
5.21542364716
5.92489358388
6.76013090625
8.21193229922
10.7856367968
11.7588353289
11.954511409
11.5983835139
10.8568642514
10.4998719871
10.9155536936
11.0640617393
11.2231013862
11.7583384169
12.4611808591
13.2268124846
13.9709106603
14.4894497946
15.1301420292
15.3965772271
16.1947798228
16.4075081675
17.7862734574
17.2424016303
16.4476897668
16.611792544
15.8208126911
15.5748686718
15.5592860137
15.630370712
15.7276058133
15.896614483
16.2122889044
16.5814507965
16.8620259621
17.0043166282
17.0136797575
16.9116143503
16.7198357688
16.4528347891
16.1169525534
15.7039648522
15.1951604927
14.5788577917
13.838419728
12.8779766972
11.6488327797
10.3211993129
9.11240150319
8.12480261488
7.3857633175
6.90133037563
6.72097238333
7.12069222326
7.99805474193
10.7328158748
15.9311745163
20.1151645791
21.5292210188
20.3577566412
17.6049781904
15.1390387389
14.7741909662
16.9160160829
17.7189560177
16.6314159029
15.6670106856
18.2429029385
21.2094997265
16.5677453023
15.6893730749
9.68701982502
8.80886522711
4.71841003985
5.46512949112
11.8698537138
11.2930080186
5.7429214382
5.28820011431
5.35674527558
5.54885509613
6.22786530337
9.12811602585
12.5803633002
12.8908631515
12.3333528265
10.9669252285
10.0453059619
9.97777082024
10.8466011431
10.9227134045
10.8648989038
11.26891981
11.9087569512
12.676022731
13.3413499769
14.1087736861
15.0793754761
15.2016362957
16.269574932
16.1628357914
17.9474804067
17.3872408323
18.4156782659
16.9476573121
15.6269428843
15.3429869479
15.4608148501
15.6317824883
15.7863790974
15.9314346067
16.1218139956
16.3956992278
16.7054684622
16.9634216752
17.1133765358
17.1425120232
17.0617224997
16.8926345144
16.6532270554
16.3480660381
15.9670484323
15.4916009367
14.8958076604
14.1333305837
13.1434309879
11.9537261943
10.7358717863
9.66760964467
8.82780776664
8.25697035379
7.96624117303
8.14561051721
9.23451248751
8.58624163343
12.1954222223
17.6369151296
21.3255743021
22.7429618584
21.8170262111
18.4831140197
16.3235174707
18.0428610319
20.1673310921
19.5987016224
18.5519248219
18.5807997419
23.0428834951
24.5865512531
19.6335132764
19.4321430457
11.7566663188
8.43097352853
5.74223462007
5.42304453374
11.7439043846
7.79650907327
5.7117768861
5.79487240262
5.87106424026
6.54970975238
6.89862659011
12.506739919
13.0155970591
12.9264892077
11.1951515834
9.59334604777
9.45877177526
10.8365339989
10.8804191375
10.5135441266
10.8729327092
11.3817161158
12.0202944646
12.7843778188
13.7566403051
14.7393018314
15.0571557795
16.5418818545
16.2139956563
18.1987051034
17.4424880057
18.6517266415
17.5161488546
16.6189570258
15.2591891002
15.1830883718
15.4860248896
15.7600591809
15.954703283
16.1282085228
16.3366275577
16.5935547756
16.869983082
17.1091707837
17.2607796887
17.3032722901
17.2425202402
17.1010098014
16.8981635904
16.6358629306
16.2988495532
15.8602391399
15.2805556403
14.5120855274
13.5355933155
12.4263411613
11.3461756317
10.4270978489
9.70759678985
9.19472797449
9.01486233918
9.26856843683
9.45657239683
9.89116749845
13.3859726049
20.0468804559
22.6232179549
23.0541847807
22.0098657431
19.7764958517
19.5359338111
22.0232946649
22.4147261009
21.52393207
20.8878930253
22.7711381872
25.4322678723
26.8386464468
22.2961956788
21.1646831321
11.3560752086
7.80527947754
6.79626290671
11.7659764521
11.7297192332
6.36925314553
6.27363459356
6.36533702744
6.53377006349
7.05423560676
12.3230536984
13.1966098355
13.1154607882
12.4353591379
9.68639632056
8.96702861393
10.6546444258
11.054306415
10.3715116122
10.3544484954
10.9256591672
11.6090884882
12.2515856404
13.0946690761
13.8271116068
15.2242639719
15.1866286324
16.4867061096
18.100149626
18.2561881526
16.9590044664
17.8679068494
17.7535613962
15.5687475973
15.1647422351
15.2964793436
15.5963153031
15.8953252052
16.1256037506
16.3262391584
16.5511237322
16.8073086171
17.0681804993
17.293739688
17.4439483548
17.4966608653
17.4574066933
17.3499604875
17.1931129512
16.9842094386
16.7007386045
16.3055282253
15.7513905004
15.0037059951
14.0829024097
13.0890660857
12.1510651714
11.325813734
10.5896994049
10.0124429706
9.85624988868
10.1507794969
10.6867114203
11.5452523741
12.3826181971
20.018240828
24.2626140296
24.4146447757
23.8763692916
22.998882071
23.8678281991
25.1899593264
24.4611354951
23.7140689645
23.8511033192
26.0633177046
26.6599463702
27.1835033951
24.3177124058
22.1941539831
10.4614018269
7.46817132932
7.43617959999
12.6764551154
10.4246833124
6.73911547603
6.87974024575
7.08555772301
8.6100166303
7.03545945119
13.0964478892
13.6375754992
13.104073187
10.9139754007
9.04303433045
9.09191212747
10.7759248556
10.6426883137
10.1908997
10.3833459012
10.9150075844
11.7295780782
12.5128906444
13.8863684031
15.0913497019
15.0838232732
17.3268349226
16.1692752003
18.4158501189
17.1584334469
18.7798319001
16.7863008246
15.9365053134
15.3892739695
15.2962298752
15.4662642242
15.7376288202
16.0358902707
16.2985873846
16.5330981449
16.776721144
17.0378892906
17.2946313864
17.5131284764
17.6608913202
17.7231389824
17.709552758
17.6437603114
17.5415094145
17.3954600298
17.175499381
16.8349073129
16.3246926349
15.6298281404
14.8021913113
13.941322239
13.1082256324
12.2470398371
11.296261424
10.5521394125
10.5651763205
11.3697311218
12.4078509126
13.3003155259
13.9650074754
16.6800426688
24.3795453682
26.1202419314
26.2677404052
27.0192376954
28.1205362749
27.7568844417
26.6809665783
26.3808543386
27.2420911086
28.3038802669
28.0617001864
27.3946114234
26.3559177338
24.979791268
9.6769113433
7.68841871937
8.62104683371
12.6767533485
7.96018770874
7.74565621696
7.4872537989
7.73521817582
11.3358220448
9.87560584351
13.9245328105
13.8422416768
13.089204764
9.94813063343
8.95202590941
10.7957429894
11.0423149972
10.3059678406
10.1361235864
10.5636575563
11.0419233218
11.7979469892
12.4331757224
14.0695061062
16.4299243327
14.9369942051
17.2312223981
18.368099988
18.6643635583
19.0030269122
17.4786804948
17.3158933433
15.4516572967
15.2397341629
15.4366539773
15.6483079627
15.8969619099
16.1838505939
16.4704918219
16.7448473106
17.0174165234
17.2900551936
17.5477822493
17.7640408168
17.9122069531
17.9847437696
18.0002074747
17.983803678
17.9450963886
17.8706973919
17.7248667571
17.454004272
17.0114724423
16.4035044935
15.7002765263
14.9654196044
14.12867336
12.9737730194
11.61356672
10.9029696319
11.5584444083
13.0970971577
14.512561752
15.5498766895
16.2312247356
16.0315065877
16.9367988555
27.9268072134
30.8054028402
31.9765231345
31.9080299653
30.4729299623
29.4468490409
29.5520757593
30.5009805922
30.6687819868
30.3049861093
29.9383876789
30.2340764803
30.3963209765
9.36905309897
8.35634783687
12.2684167585
12.647390078
7.74285575736
8.43834055981
8.06948839606
8.74293065175
10.5744077119
13.5949569321
14.6406383519
14.0054842934
13.2014640325
9.72144999866
9.04395899056
11.3828551866
11.0628316947
10.2083395915
10.1507484955
10.7147021016
11.4859719352
12.1395326378
12.627143329
13.6349780795
16.5767589883
17.715170861
16.5510280336
18.5309328725
16.8834337633
19.0482136177
19.0795821174
17.1648470451
15.333579829
15.3314237143
15.610789426
15.8405076728
16.077664622
16.3512678008
16.6449986751
16.9568746148
17.2709453572
17.5645768943
17.8281432636
18.0456278596
18.1971239622
18.283860674
18.3329227985
18.3707133425
18.4014687886
18.406424424
18.3456203867
18.1617499388
17.8154660469
17.332563612
16.7765124709
16.1041697251
14.9795223763
13.1870531874
11.6945605706
11.6252300439
13.3637724592
15.6281244805
17.3038147623
18.4046810105
18.867050955
18.5323535489
17.6984252518
19.2632575708
32.5174181825
37.7634609348
36.540135357
34.1367900212
33.1217344865
33.2940441818
33.7697301024
33.855603613
33.9979057624
34.4238137838
34.9840838026
35.6360419208
9.46180262759
9.10194708404
13.8367437329
13.1325194608
10.9467027885
9.57660681285
8.84642018602
10.260633302
9.76543950229
14.5269186643
15.163431795
14.2246424715
13.0956282332
10.1369603463
9.80990980446
11.885570878
10.9908669283
10.224602639
10.2603038867
10.7553475978
11.6723899445
12.5862825391
14.4507929063
13.7822581244
15.9818547171
18.1064608422
16.2555823179
18.8441350444
19.3902544126
17.7657457919
17.7355527585
15.9056581197
15.6522298868
15.6561813136
15.8366245406
16.0598763949
16.2904383699
16.5524225308
16.8315329341
17.1578118886
17.5247196998
17.864940999
18.1410036394
18.358420479
18.516365585
18.6230895027
18.710306874
18.804237547
18.9056866802
18.9929257767
19.0233474417
18.9444515242
18.7333779334
18.4180859885
17.9946133401
17.1428393919
15.2454766928
13.0025706723
12.0787196922
13.2359769047
16.3234338182
19.0761331015
20.9049341774
22.2238010663
22.6790637333
22.1282593737
20.9379393798
19.3760788165
28.7974757963
38.959274687
41.8001706658
39.0845654656
38.0051062097
37.9171146682
38.0559556088
38.0449296815
38.7799070716
39.5098016053
39.4577473347
39.68102401
9.88849076899
9.66027640444
13.451113036
13.4583578975
13.4075909472
10.5296642421
9.75824461256
13.3157599727
9.89960310593
15.3673863919
15.5578348027
14.4585058044
13.0076123893
10.5904469283
12.893496572
12.9790875302
11.0585405696
10.3782236731
10.5007838652
10.910564651
11.6376525381
12.5389377484
15.9452303609
16.921017825
15.2735831555
18.2046099013
18.9888704777
18.2876566983
19.3619704034
19.3955507655
18.2466641683
15.867025499
15.8406721825
15.9775048015
16.1125205604
16.3005050487
16.5066345365
16.7825886522
17.0783800842
17.3842145314
17.7656801453
18.1642606671
18.4835132713
18.7096612903
18.8737136331
19.0049840606
19.1348946389
19.2837424794
19.4493113892
19.6098815775
19.7280713494
19.7734772278
19.7463843496
19.6287315848
19.2180732198
17.7024683167
14.814359139
12.7841138103
13.2621429994
16.4193858702
20.6621801026
23.5779062597
25.5116496188
27.3083849475
27.2467922952
25.8547689645
24.0202707068
21.8165203937
25.3018260529
36.3745584608
43.5912889504
44.9337427837
42.8563886113
42.5760358218
42.4176892823
42.8650614078
44.0047593912
44.7117897818
44.7930920908
45.0697299745
10.3733550238
10.241061801
9.94114462514
13.6858660072
13.8080396132
11.1025788734
10.5946250154
14.1671900488
10.3592793187
16.2070150576
15.8960576527
14.7013075648
13.0453705881
10.7800879232
14.0860159028
13.3624189124
11.3258752738
10.6914624584
10.816992436
11.2404407795
11.7287375053
12.4493434737
16.5433690311
17.9407875785
15.5444686065
18.3096129733
19.5209166989
17.3963083894
18.979637095
18.7356729355
16.3728215601
16.2223951491
16.2758762025
16.3352105094
16.4095625923
16.5998315428
16.7889429523
16.9971732447
17.3177784941
17.6681249627
18.0454286854
18.4647039444
18.8329533291
19.0924999832
19.2749842792
19.4357399917
19.609274932
19.8035912334
20.0182075175
20.2316284257
20.4095494062
20.5954391676
20.8088036413
20.9041902855
20.180197041
17.1987348899
13.8641657951
13.737187941
17.3758923273
22.6221399738
26.7883867583
27.3331705124
25.2742221402
22.6896721891
18.9382315409
16.7415130614
16.6449899555
16.7129647277
15.6255416529
16.8556595592
42.2379091139
46.2544697341
47.3052103046
44.622920753
43.6254228045
46.8254577954
49.2053788121
50.1367983671
51.376698801
52.1601951046
11.0288931893
11.0940879961
14.270840904
14.1993420668
14.1025003583
11.5680291523
11.548239858
14.8371527653
11.2355904556
16.904710599
16.1989310072
14.9525862889
13.1466758388
11.0743291949
14.2771826199
13.3533078668
11.5982863077
11.0487885372
11.1418350713
11.5145703709
11.9702463666
12.5283691493
15.7460582123
18.7292661662
18.8152516348
17.440454698
19.7130987575
20.327269047
17.1343054161
16.4200543868
16.2395252663
16.4112017308
16.5601131317
16.657441333
16.7727243488
16.9027851618
17.0833519326
17.3090224253
17.564247507
17.9418168407
18.3662063852
18.8008022769
19.1947278307
19.4930968051
19.7179114119
19.9179806578
20.131975368
20.3747973777
20.6174937917
20.811706832
20.9935061338
21.3214954393
21.8079552009
22.0188410077
20.1974939056
15.6063281291
14.4935295255
16.9680048493
20.8085020628
23.8152103971
20.6355349755
0.693034632373
0.00196945314431
3.40908611621e-08
2.66659727463e-08
6.47388498794e-08
4.36391032753e-07
2.0440312334e-06
7.55066157933e-06
4.79832743555e-05
3.75698326881e-05
0.00325938724909
1.85513595477
42.0698594686
49.1549429935
47.843034934
52.1545554109
56.472455485
59.2439523667
59.8999180832
11.6208488498
11.8031245941
15.8085301341
14.6795165409
13.9502319137
12.0583922042
12.4965447139
15.3392703051
15.3300450614
17.7386873114
16.5340763462
15.2740161957
13.2968378708
11.5194814744
14.4744514912
13.2989530797
11.882546337
11.4190213964
11.4532301607
11.7556696114
12.1977452967
12.8204559449
15.0435014491
18.9705223427
20.2188158265
16.8081082461
19.2674325255
20.2484130271
19.5708447708
17.049823083
16.3688657348
16.6171837178
16.8839775589
17.0643364104
17.0763568791
17.2236844907
17.3745817909
17.6128452278
17.8768642806
18.2341926566
18.69739821
19.1748705808
19.5779068461
19.8903911683
20.1751135947
20.4914762506
20.8015347107
21.0632097298
21.1982791733
21.2924910066
21.4727558393
21.8389375437
22.5924757749
22.6421790398
17.9071967466
13.8729118472
11.8834924162
1.5347331444
0.0443819981382
0.000646120537117
5.24959282582e-07
8.75944870649e-10
6.17457559319e-11
0
0
0
0
0
0
0
0
8.58778166829e-15
2.89648096922e-12
4.33251814908e-10
2.51358828504e-07
0.000351086595721
19.0122364675
61.2338345292
55.7800011768
64.165473601
12.0897026556
12.2968018814
18.0524745837
15.0035243396
13.4797854272
12.5015098515
13.1512854372
15.160463588
16.8941983066
18.7038046523
17.0101065555
15.7095207714
13.6743286917
12.2836347788
14.8821419526
13.4119603419
12.2625042361
11.8492569399
11.8042205849
12.0303751146
12.4088955091
12.995352459
14.7333695577
18.8259529223
21.1889824973
20.2097562528
18.6021045514
19.5661312076
19.0609428831
16.6042721973
16.828652981
17.1300447815
17.4743056699
17.5253578685
17.5494203687
17.5559653138
17.7372390547
17.9244271222
18.2093734973
18.5694669559
19.0248559598
19.5477647935
20.0493832049
20.3881336399
20.7232400699
21.1603014271
21.5927363352
21.8515726246
21.8831584543
21.8861089617
21.9694089866
22.1367887766
22.3176831944
21.3381921167
14.2952755807
0.548692979812
0.000179947406826
7.2763299413e-06
9.92105683332e-08
2.7206234094e-10
0
0
0
0
0
0
0
0
0
0
0
0
0
1.10653556987e-13
1.09958373414e-12
2.41052579076e-11
1.16883062312e-09
6.49078465366e-06
71.5067174321
0.104145626862
12.4436707657
12.6371884424
20.1870735172
15.2172404799
13.3273714539
12.9246778082
13.9364196567
14.1424589515
17.8429998346
19.3815234774
17.4791789131
16.1610169192
14.2690005138
14.3517948584
15.4505901553
13.7787234487
12.851415318
12.4965428419
12.2639139268
12.3951009516
12.6749714627
13.1932940295
14.6491492958
18.6887440286
21.5688976699
21.8801336545
17.7884342561
17.9989453315
17.0888562775
16.7012716013
17.0568931888
17.6479025607
17.9603289877
17.9991774101
18.0195923661
18.188198741
18.1422763554
18.3039293147
18.5587835741
18.8912100102
19.4323815823
20.0107119905
20.5354669117
20.8274952078
21.2245255404
22.8261356685
25.0845934783
25.7404851917
24.1310596653
23.7361580526
23.6422509022
23.4667878149
22.6683153283
20.4283340188
4.37608312079
1.96317969238e-11
1.98381739946e-08
3.2370432902e-10
0
0
0
0
0
0
0
0
0
0
0
0
0
0
0
0
0
0
1.70956276391e-12
1.15768766693e-11
2.13487204061e-09
73.0256490218
12.7770449711
12.9399303524
19.896416742
14.2942130153
13.3294826477
13.2795580264
14.8288847902
13.8775605148
18.623263726
20.0302692543
17.9400414178
16.5905534089
14.7081430162
16.7804951819
16.2793720814
14.3552603135
13.541241626
13.5968975785
12.9514658224
12.9330056922
13.0446936359
13.4125891501
14.7236847437
18.5345654093
21.4118232578
22.9983326268
21.1720017921
19.8030534884
18.6437114839
17.0200007228
17.3757284447
18.4213431588
18.290484651
18.4380115414
18.9152404761
18.6946848264
18.6547168714
18.7984682155
19.0482966899
19.3593113473
19.7625793067
20.3938806243
21.1077495571
22.1478998034
23.6518606634
25.837997141
27.4957929204
27.3605788202
27.3498809188
28.2950461107
29.6116620913
31.3264990653
30.8102465939
12.0529549425
0.0015841469516
2.15157519672e-05
0
0
0
0
0
0
0
0
0
0
0
0
0
0
0
0
0
0
0
0
0
0
5.26029706503e-12
0.382872627162
13.2074211904
13.3554700794
19.3828206085
13.6651257963
13.5039656837
13.5543666045
15.5699760291
14.1904068107
19.2553130431
20.6649157179
18.4078765564
17.0415972117
15.0858902684
17.4115677759
17.0360854396
15.0073869804
14.2127810876
14.418698581
13.7921146075
13.7011348
13.6384133283
13.645906866
14.9695080368
18.5007062302
21.1084402492
23.3488160767
22.4147154487
20.0817179372
17.3341375385
17.5562188207
18.0001905442
18.9961034102
19.4172571937
19.6406961553
19.726068813
19.2755648404
19.2269803942
19.3948695537
19.632402845
19.9573187206
20.3364945937
21.041201312
22.2487651624
24.3244382367
25.7081335927
25.9831202212
26.8836790848
27.7237679698
30.8705065593
34.5299351529
39.6350050658
42.9003325361
15.9758681274
0.0027549565506
5.65055775838e-06
1.36810872781e-07
4.59227660963e-10
0
0
0
0
0
0
0
0
0
0
0
0
0
0
0
0
0
0
0
0
0
8.84010613671e-13
1.16962678558e-12
13.900143983
14.0518422094
18.8247106306
13.7562827005
13.9965639639
13.9398716682
15.3226360975
14.8678995634
19.648340591
21.256493029
18.9163395143
17.552547391
15.6096369962
18.0032721565
17.7357770576
15.789151497
14.9689708786
15.2318854233
14.597480708
14.6220154325
14.5522440871
14.0573207885
15.4270914916
18.6349913606
20.9600790497
23.4443642597
22.885214346
20.509948851
17.6210952283
17.7093614581
18.7657469616
18.8607577986
19.076409295
19.6050180526
20.6747096162
20.2692770158
20.1248632181
20.0543602148
20.2316759869
20.6524369421
21.1542849124
21.9502776646
24.4045055837
26.7437182138
26.7942634898
26.9427649698
28.4836174612
33.1618003724
39.3037965648
44.2515639523
46.6020270906
0.571030546655
2.36305793548e-05
7.74769144473e-09
4.86126088383e-11
9.85338185363e-11
1.51311177199e-11
0
0
0
0
0
0
0
0
0
0
0
0
0
0
0
0
0
0
0
0
0
6.53398188651e-14
2.9668891811e-13
14.9881439974
15.0798321852
18.8717082102
14.5953217498
15.1559145604
14.7107466576
15.3817606543
16.2739540042
19.4585967058
21.6436092298
19.4985359541
18.1469137005
16.2571367642
18.6796358071
18.4682108274
16.7594856825
15.9460855845
16.2252163128
15.4046491098
15.6553927601
15.8335014082
14.7469882015
15.9152376566
18.9293802006
20.9900962738
23.2378515847
23.0752440894
20.9376808715
20.1031723278
18.6118991341
19.2263184634
20.0069778997
21.0227783863
20.0979338297
20.5516175307
21.358475009
21.0600483309
21.1623698457
21.1558258155
21.3931750115
22.0188686924
24.2578363802
27.8257852757
28.6992242786
28.1886354349
29.674930048
35.6023829525
43.9181506074
49.6838115396
44.1258507069
0.00865142102327
8.0772811678e-08
5.52674204406e-10
0
0
0
0
0
0
0
0
0
0
0
0
0
0
0
0
0
0
0
0
0
0
0
0
0
0
0
16.5617572108
16.3500738931
19.4450430006
16.5485088412
17.2075687407
15.9093478585
16.1838324802
18.370384443
19.4617340078
22.147211981
20.2183585092
18.8388761155
17.0091864733
19.3912156709
19.1948038876
17.8463982064
17.4930865902
17.5674888512
16.2979708718
16.8138552506
17.4616515839
15.8201012584
16.2305853283
19.2878387144
21.1982474308
23.0139639793
23.2350919244
20.924306239
21.2868869985
20.2930514851
20.4205054358
19.2973511144
20.1812790891
21.5864793064
21.4593602198
21.8299827976
22.0066999711
22.0699371705
22.317132847
22.5263670248
24.014188498
28.2716646897
30.9056496313
30.9622191102
31.614423605
36.3515063072
45.2776694043
51.0870036995
32.3416895147
7.72067800388e-05
1.34973747263e-07
6.18027579124e-10
0
0
0
0
0
0
0
0
0
0
0
0
0
0
0
0
0
0
0
0
0
0
0
0
0
0
0
0
18.2598295758
17.5341983877
20.1125218537
19.2523676601
18.907327866
17.3475404051
17.0897973902
19.46415706
18.2235986059
22.5024552471
21.0612739493
19.6214156865
17.8587563079
20.1199116683
19.8676131079
18.7374069652
19.8067692101
19.2095849026
17.3254256449
18.1491857103
18.8335134715
17.2441271029
16.1549909255
19.1956543445
21.3219999639
22.8192656972
23.2530589444
20.9279422554
21.5520799536
21.5969674911
21.647925035
19.9889288847
20.5433276746
21.151653155
22.3809739147
23.0440764816
23.2155508763
23.1878726532
23.3387073966
24.305097028
28.2419740522
32.5095010841
34.1766077543
34.8272769349
37.5485920335
43.9071963766
46.5963371613
19.949208598
0.000207885943238
3.00958762806e-07
1.05401564735e-09
0
0
0
0
0
0
0
0
0
0
0
0
0
0
0
0
0
0
0
0
0
0
0
0
0
0
0
0
0
19.027404659
18.3659602957
20.509265389
20.2270235004
19.9020139138
18.7397903648
18.2273980034
20.8291375331
19.1839848249
22.9915418442
21.9110182152
20.45623941
18.7988933386
20.8858543045
20.5672473005
19.4895688865
20.7165340744
20.2405111008
18.3482641028
19.5035427924
19.4800814153
17.9170661725
17.2678571412
17.4408824662
20.7923910639
22.2727006627
22.9946574985
20.8656368027
21.551275323
22.0504501715
22.598726508
22.0613614445
20.4839054381
21.0443587745
22.5115038982
23.8594585824
24.5403854677
24.8334374766
24.9801245375
28.1723812651
33.2007008928
36.5519616921
37.7584821393
39.1374054376
42.6887306479
41.3725988999
20.6315183236
0.001098231206
9.89286992179e-07
2.81754057005e-09
0
0
0
0
0
0
0
0
0
0
0
0
0
0
0
0
0
0
0
0
0
0
0
0
0
0
0
0
0
0
19.0147026408
18.9205532684
20.7672687511
20.365774811
20.5485264218
19.8380578825
19.2346671129
22.167784826
20.9060348149
23.6472883064
22.8201399695
21.3278176593
19.8222640087
21.703204511
21.3454374756
20.3986426676
21.4545224955
21.1446669303
19.460444429
20.4794332149
18.8169713968
18.5831180431
18.2684887992
18.6067788792
19.5092089192
20.3630180054
22.1045348088
20.7169600103
20.9118250635
21.9998084368
22.9828955017
23.4085673658
22.0907490209
21.7581532969
22.4530731132
23.7267409212
25.2510982889
26.5395008139
28.0138434699
32.9625940724
37.612973582
40.058879644
40.5428252935
40.9766666444
36.8816433587
26.4316958239
0.00744868926856
3.43634348351e-06
7.6977308584e-09
0
0
0
0
0
0
0
0
0
0
0
0
0
0
0
0
0
0
0
0
0
0
0
0
0
0
0
0
0
0
0
19.2299338499
19.3301524586
21.027725974
19.1839566624
20.8062032742
20.4319086982
19.9193182292
22.709356059
21.6974145067
24.3516030821
23.7894815315
22.2140290708
20.9411779938
22.5598004701
22.174008191
21.4515594113
22.2509436552
22.1617070139
20.6925329229
21.8415360662
20.1402969785
20.3284098146
19.4972805567
19.848966929
21.4932080127
22.079612493
21.7148442563
20.5197565069
20.2906074445
21.9292470629
22.9682205774
23.5872450345
23.6642493274
22.8151487372
24.0967709668
24.4506332335
25.8466166682
28.1980522672
31.9106730175
37.5223017493
41.3477070723
42.575526658
40.5436077148
34.4237524075
30.3262950988
0.281873900246
2.88352589201e-05
6.56448779211e-08
0
0
0
0
0
0
0
0
0
0
0
0
0
0
0
0
0
0
0
0
0
0
0
0
0
0
0
0
0
0
0
0
19.9439811983
20.017338165
21.2812244581
19.5844820135
21.0229537133
20.7394777207
20.4124976405
22.8355576174
22.2725629666
24.8688384001
24.7665830245
23.0630859286
22.1506316755
23.4159695801
22.9799058459
22.4824169487
23.0101750337
23.2746112826
21.9759866101
23.1929292542
21.9246109049
22.506576998
22.1568927935
20.6480099616
22.0561983724
23.1132837469
23.17467669
20.3940493642
19.5704977273
21.8270024219
23.1047745695
22.9798529303
23.1850921762
23.0825065952
24.1790474998
24.9157577308
26.600209421
29.9671225035
35.8868880774
41.8714183079
44.5884434123
43.4186511635
35.2386186125
32.6591279818
23.409433271
0.000327858985505
4.57439316183e-07
1.85492659723e-09
0
0
0
0
0
0
0
0
0
0
0
0
0
0
0
0
0
0
0
0
0
0
0
0
0
0
0
0
0
0
0
0
20.8516147393
22.0909053569
21.6734831161
20.6050340968
21.5451294347
21.1093103854
20.894247052
22.9443114709
22.8146823162
25.0203077021
25.7408190024
23.8438485276
23.2308905279
24.0957889386
23.764207489
23.245367584
23.1378656594
24.3012198804
23.36370157
24.3661195636
23.9825653816
23.7634913451
23.5022047092
23.0356625317
22.1049002848
22.9670783131
24.134810185
19.6329411785
19.0629885199
21.0063998763
23.1225299449
23.668483068
24.212012789
23.0781380487
23.9446215404
25.1385423463
26.9926581264
31.608805698
39.6898381422
45.8825487612
47.2445372486
40.12550525
35.3390106075
32.2204811334
0.0247298845808
3.10056518023e-06
7.91338810828e-09
0
0
0
0
0
0
0
0
0
0
0
0
0
0
0
0
0
0
0
0
0
0
0
0
0
0
0
0
0
0
0
0
0
21.5374991993
22.8081632075
22.3729205116
21.5261841262
22.2537337017
21.6843228049
21.4525611787
23.149184891
23.3566321521
24.8951556386
26.6249315756
24.6302667304
23.865116791
24.6619747979
24.6589244788
23.9465921415
23.2445000166
25.0249066945
24.8453007657
25.3862766023
25.2913156433
25.3539010587
23.7588764353
23.7118328878
23.1609875466
24.71460342
25.4903205468
22.0124326041
18.6531329009
19.9215956917
22.4754580465
23.9573212944
24.2878230201
23.7071163423
23.5307125429
25.0996559145
26.9229053996
32.8918491197
43.1888860365
49.8490873787
47.0083197346
35.7282338646
35.624399252
26.2743123585
0.00010630576713
9.14214410173e-08
3.07227960859e-10
0
0
0
0
0
0
0
0
0
0
0
0
0
0
0
0
0
0
0
0
0
0
0
0
0
0
0
0
0
0
0
0
0
22.06161134
23.1952573132
23.0007305042
22.1723704439
22.9632275026
22.4210411314
22.0989022188
23.5349583414
23.9634898111
24.3856861694
27.2327132976
25.5043295141
24.3270492318
24.5661395439
25.5979305907
24.8169555357
23.7960845095
25.6305958371
25.6187339515
26.2158457653
26.2463312718
26.5551858841
26.5560513837
26.4429084166
25.9493934183
25.4276591611
26.743364714
24.0234644909
18.7442933449
19.0717185011
20.4444422597
22.7512860712
24.2251836526
25.3496427911
24.2593857393
24.3826610675
26.1716476767
33.0950324249
46.3566278639
52.6535443366
45.0144309729
38.4154706734
35.5608906191
0.023728907774
1.30987806177e-06
3.58146107448e-09
0
0
0
0
0
0
0
0
0
0
0
0
0
0
0
0
0
0
0
0
0
0
0
0
0
0
0
0
0
0
0
0
0
0
22.5781456042
23.5580526703
23.5326166737
22.6431003344
23.5956307343
23.2736746279
22.7608257424
24.050973915
24.7876391804
23.7405310476
27.583961311
26.4833379816
25.0124854569
24.0407358625
26.4064127136
25.762723205
24.7220470482
26.4188143026
26.1848089605
26.5675932804
27.2876914395
26.2587645565
27.8695760635
28.2556320563
28.083825305
28.0438512657
28.3784544691
27.1410026933
21.2477595112
18.7538107081
19.5115618183
20.6102492193
22.6234688566
23.7522054544
25.6945139093
24.8605594006
25.4290077582
30.2446255939
50.6594247811
54.2144593393
40.0729209694
39.6393284679
33.9861695197
0.000126385122696
4.44418014556e-08
0
0
0
0
0
0
0
0
0
0
0
0
0
0
0
0
0
0
0
0
0
0
0
0
0
0
0
0
0
0
0
0
0
0
0
23.0793280949
23.8998075608
23.5836806527
23.0058294471
24.1263372799
24.0719268223
23.3320828927
24.0660134736
25.8618616563
24.7801714079
27.8039791362
27.5220020253
25.9730907433
24.7966873234
27.173635419
26.6976757734
25.9773135057
27.4529376516
27.0880505502
26.3629744589
28.404959758
27.7194989472
28.8994198174
29.2471712458
29.5106705326
29.9764459671
30.4878662431
30.3701501902
27.4330198247
19.9669948699
19.4329041569
20.1761035846
22.4870963993
22.7885864166
24.1868277082
25.6632273675
26.2542706793
26.4806976073
48.3592501483
52.2116012884
41.598257291
36.9103203411
0.320524459117
2.22336349903e-06
3.65874229791e-09
0
0
0
0
0
0
0
0
0
0
0
0
0
0
0
0
0
0
0
0
0
0
0
0
0
0
0
0
0
0
0
0
0
0
0
23.5268376433
24.1904794175
23.528508534
23.5416192547
24.6601920731
24.5816752649
23.8793303807
23.9498580228
26.3856893439
25.8821273634
27.6482565116
28.5667816267
26.9885055621
26.1594038203
27.9475928968
27.5864830051
27.3901681366
28.4008390484
28.3511738514
27.5885005106
29.3891388917
29.3043375238
30.0234558715
29.9214780041
31.0670744016
31.4110282725
32.4389855235
33.3395087409
33.6737060193
28.4780250083
21.0014861321
21.7403795705
21.1384529219
23.4853698065
24.6026405402
25.3965836794
26.2381623492
26.6302287261
25.541573693
45.2699689972
44.2011868328
34.8576974673
0.000475203937923
9.09917638878e-08
1.11451443125e-10
0
0
0
0
0
0
0
0
0
0
0
0
0
0
0
0
0
0
0
0
0
0
0
0
0
0
0
0
0
0
0
0
0
0
0
23.9927379717
24.1349922341
24.3277900288
24.8756944339
25.3052154112
25.1179622075
24.5503169629
24.4249398005
26.3578576963
26.6275689078
27.3787244681
29.4589905239
27.935965909
27.2952101156
28.4840741963
28.489971718
28.0428456409
28.9352176585
29.5811270879
29.2234659789
30.3372576444
30.4358880071
30.9258546678
31.7067162382
32.3601722549
31.8601466052
33.5917794198
34.8252323509
36.1693712854
37.2451858783
31.3421579182
23.2376540586
22.715613521
22.4790759455
22.9599446561
23.5831901462
23.9528007446
23.9661350674
22.4191344665
25.9294345173
38.4940148805
29.9988329492
8.49512674525e-06
6.8001697023e-09
0
0
0
0
0
0
0
0
0
0
0
0
0
0
0
0
0
0
0
0
0
0
0
0
0
0
0
0
0
0
0
0
0
0
0
0
24.4826580321
24.5556496105
26.1379908571
26.0324596001
25.8613546928
25.634600253
25.3193276236
25.1342540912
26.5904699521
27.4600806509
26.7572270607
29.8200298554
28.9273608009
27.806055308
28.234432356
29.4636377116
28.6270805533
28.2745769741
30.4329811172
30.091322777
30.9691674421
31.7308570571
30.8054337881
33.0911733302
33.5787239685
34.3345418944
35.0906862241
36.013148899
37.5140373822
39.1337891234
40.1453530653
35.2078135535
28.939435864
24.3120074507
22.9148036466
22.6319635553
23.6395301976
24.1755170935
24.4755890819
28.9305088792
35.0672798971
0.0148812419477
3.30829181241e-07
8.59695546006e-10
0
0
0
0
0
0
0
0
0
0
0
0
0
0
0
0
0
0
0
0
0
0
0
0
0
0
0
0
0
0
0
0
0
0
0
2.60792180774e-14
24.872031379
25.0695021567
25.3001826972
26.190498752
26.1351965594
26.0504004465
26.0574017143
25.726196101
26.9221062079
28.1847391427
27.3573469312
29.5715789678
30.1255759078
28.5686322583
27.7403761817
30.2041225416
29.6024176769
28.9957345575
31.0132645214
30.9082834298
30.5466093701
33.070007234
32.5276969011
33.8365487619
34.2579480063
35.8842409468
36.3923699676
37.2652260136
38.6817216349
40.1973954798
41.3942784841
43.4013342134
41.2227853097
37.5308317602
35.2655036654
34.6640477193
34.6401600731
34.5975202144
36.242252506
44.0302171144
36.4302896276
8.71679523363e-05
2.76982483668e-08
0
0
0
0
0
0
0
0
0
0
0
0
0
0
0
0
0
0
0
0
0
0
0
0
0
0
0
0
0
0
0
0
0
0
0
0
6.53398188651e-14
25.1963480039
25.437887036
25.2963885008
26.2586903635
26.5868504011
26.4992934593
26.5653708958
26.1277355108
26.7006181326
28.5016848151
28.1181932618
28.9407935238
31.2406952981
29.7295323437
28.9468137786
30.6195602966
30.7426430886
30.1727764901
31.4142541554
32.1578547971
31.8270160405
33.7305249985
33.8597547417
34.5576520718
35.7960396553
36.6374647989
37.6659653919
38.8287657269
39.8279534955
41.5299747143
42.2809191728
44.7956987088
46.1415155817
47.9419438349
46.7300082903
46.4373526085
46.0475134446
47.7186104487
51.0835689303
50.7099860379
47.4006836035
2.38474550374e-06
3.74287267801e-09
0
0
0
0
0
0
0
0
0
0
0
0
0
0
0
0
0
0
0
0
0
0
0
0
0
0
0
0
0
0
0
0
0
0
0
6.53398188651e-14
6.53398188651e-14
25.5721948516
25.8431876621
26.3286260589
27.270000252
27.3667588312
27.0150259076
26.9127881292
26.4755538505
26.619489679
28.3536540437
28.9337915956
27.9675978867
31.0709856457
31.0606503622
29.765268913
30.1360932403
31.8238454261
31.0178303982
30.8401127358
32.9876208241
32.8442645611
34.1657665863
35.2074525287
34.4724971253
36.7142388795
36.6987059014
39.1341012837
39.6274411072
40.4658580672
42.4749222372
43.8464414271
45.2149267117
46.5100957556
48.2413873127
49.1445750082
49.2225937192
49.9445959411
51.8223541565
53.2739421552
49.1981207756
44.8343246112
7.87321004806e-08
5.20946300814e-10
0
0
0
0
0
0
0
0
0
0
0
0
0
0
0
0
0
0
0
0
0
0
0
0
0
0
0
0
0
0
0
0
0
0
3.1889906083e-14
6.53398188651e-14
6.53398188651e-14
25.9522284735
26.181366872
27.3291317705
28.4306881076
27.802609903
27.4038135022
27.2218036082
26.8718544723
26.8225490523
28.2493981995
29.4596844196
28.9685787802
30.0780360235
32.4678298198
30.8370651063
30.1310949373
32.4288522256
32.1863827913
31.6658081915
33.5137921659
33.9133708804
33.8964904013
36.2073611691
36.0116864599
37.3762283902
38.4170171866
39.4876057226
40.1439448402
41.4665664556
42.5652910493
43.9586019078
45.1373713377
46.329318677
47.9195671784
49.2169170798
50.1045763192
50.6477662156
51.1233256214
50.624308784
43.0610140402
0.0269000905334
1.34386662097e-08
0
0
0
0
0
0
0
0
0
0
0
0
0
0
0
0
0
0
0
0
0
0
0
0
0
0
0
0
0
0
0
0
0
0
3.97010098732e-14
6.53398188651e-14
1.04757383405e-12
1.10538478312e-12
26.3158879106
26.4541511219
27.169446262
27.9163758138
27.9055913669
27.6294058793
27.4625503137
27.3000574355
27.0131124582
27.7547821736
29.3368153894
29.8438421116
28.9640409339
32.0067776365
32.2958465629
30.9468538477
31.6704882946
33.2859094852
32.5896210646
32.9461925658
34.9850947757
34.7352850268
36.5175068744
37.4710177936
36.7265277945
39.0084468053
39.9229389083
41.2651895684
41.8170756174
42.6144911393
44.5879166105
45.5254963151
46.7339802935
48.0898719192
48.7619405326
50.2734936557
50.9072575581
51.5477257644
51.521716743
43.2471177391
6.99497100412e-06
4.12958703525e-09
0
0
0
0
0
0
0
0
0
0
0
0
0
0
0
0
0
0
0
0
0
0
0
0
0
0
0
0
0
0
0
0
0
0
0
8.13149088444e-13
2.74474384371e-12
4.09082987747e-12
26.7089595261
26.7782978968
27.3210417492
26.3477431441
27.6117337037
27.7431224717
27.6179325818
27.5856415339
27.0784350398
27.3796929136
28.9568948385
30.3342345702
30.1449480814
30.8019507788
33.3404008134
32.322913113
31.6402816787
33.9297501884
34.1003014429
33.3462616606
35.6159600232
36.0924948834
35.9484410728
37.7802871133
38.1424669217
39.1998231138
40.7714116056
41.530234153
42.6314120366
43.7257889265
44.9004489127
45.8418963193
47.2418235415
48.5953109251
49.7297549351
50.4924168968
52.0568558605
53.6515874482
54.2951979378
39.2942385722
9.32155516138e-08
1.22481047227e-09
0
0
0
0
0
0
0
0
0
0
0
0
0
0
0
0
0
0
0
0
0
0
0
0
0
0
0
0
0
0
0
0
0
0
3.70211283252e-13
1.32626787677e-12
1.8646050033e-11
1.26439292818e-07
26.9530585619
27.0315343184
28.0334853022
27.0949670839
27.5195578463
27.7702216849
27.7099147138
27.6621196717
27.235286947
27.2381835106
28.1938092564
29.9369420248
31.1402928661
30.8723815042
32.4162468081
34.0807629749
32.7187298738
32.3276970751
35.0522498195
34.2486583231
34.196047187
36.6772902118
36.6159921986
37.9657294296
38.9335092739
39.233536838
40.8637377573
41.8484270276
43.1995868839
43.7280655595
45.0172320693
46.8827056463
48.4622864936
49.5923181332
50.8535422928
52.5125578557
53.6116593586
53.8731921177
56.3444873551
32.4665588379
1.38357655229e-09
3.26532625729e-11
0
0
0
0
0
0
0
0
0
0
0
0
0
0
0
0
0
0
0
0
0
0
0
0
0
0
0
0
0
0
0
0
0
2.33601953639e-13
7.76520371272e-13
7.45012554177e-11
2.15957209642e-08
47.6506036378
26.897530959
26.9748465035
27.9086960802
28.0958110504
27.0375483292
27.7183830014
27.8038966396
27.8049619473
27.6784160321
27.302823063
27.629048005
29.2297132723
30.881285041
31.6879975693
31.2799107315
34.0472336348
34.6063356162
33.1532879546
34.9685207777
35.6155574052
34.911149673
36.7960861287
37.6375946433
38.2884183638
39.387640384
40.473729105
41.1075491302
42.9185630783
43.2864598874
43.7220677916
46.205752365
47.7648103375
49.2215976676
50.1971475311
52.2783593605
53.6428426665
55.1772384854
55.9050028059
60.8813225893
30.6864942171
2.55189540485e-09
2.24356867066e-12
0
0
0
0
0
0
0
0
0
0
0
0
0
0
0
0
0
0
0
0
0
0
0
0
0
0
0
0
0
0
0
0
0
7.50740628914e-13
9.29668820444e-11
2.13790683701e-08
0.000802853673458
65.0966081313
26.8950808683
26.9530081649
27.0222459838
28.4751799738
27.2182806471
27.7600075648
28.0122173188
28.0555292617
28.1363990094
27.6186770816
27.7105846314
28.1312874452
30.1626267536
31.8923376158
31.9287100983
32.0679593943
34.7058664952
34.5727693126
34.1207327965
36.0089027468
36.3249024499
36.536538439
38.0959523251
38.9642039927
39.8437686065
40.7608013792
41.9463100919
42.9151733287
43.703535696
45.1275157941
46.5452838261
47.9584345402
49.5676868289
51.4921318027
53.9816625192
56.8093834371
58.0225846706
61.9053030984
68.4614550005
33.2516303926
1.30954232064e-09
5.45748473639e-12
0
0
0
0
0
0
0
0
0
0
0
0
0
0
0
0
0
0
0
0
0
0
0
0
0
0
0
0
0
0
0
0
2.33601953639e-13
5.54176908419e-11
1.24808616888e-08
0.00018475475288
83.2745692155
79.544055987
27.3295392132
27.3958797464
27.4100148088
29.2104519008
29.5223894398
28.6607775582
28.5198573195
28.4501026484
28.47820757
28.2410070048
27.9621108989
28.3317854194
29.3133241653
31.2325774261
32.7205229867
32.3410246868
33.641198098
35.2911481256
35.101261005
34.9225719359
36.8971216542
37.5696394866
37.8741293566
39.3550132121
40.2966393111
40.9927910123
42.1256924917
43.1125426808
45.0173214819
46.2699874312
48.2772289648
50.6081099669
51.9733719717
53.8568875037
56.3528779561
58.1222519069
61.6641298668
69.310987094
81.9648145505
73.4760992103
5.88552602789e-10
5.45748473639e-12
0
0
0
0
0
0
0
0
0
0
0
0
0
0
0
0
0
0
0
0
0
0
0
0
0
0
0
0
0
0
0
0
1.16422667467e-11
3.81353621901e-09
1.82357302169e-05
59.6119339909
76.9572440944
78.5224732972
27.9581904004
28.0060204325
28.4324093547
29.4468506455
30.3663216507
29.9505065926
29.6555554013
29.1843917204
28.9674716962
28.970154543
28.3953779538
28.6255894325
28.7253026266
30.2293045236
31.9904201556
33.2737448041
33.2521629167
35.0240614211
35.9324053985
35.8698853748
35.7200050581
37.8250342469
38.6804920914
39.3674486366
40.4240302519
41.8137382936
42.6817835846
44.8028717871
46.0758282974
48.4595291773
49.7670801682
51.4410190405
52.9443620282
54.8939053431
56.2936791909
58.5690595964
64.8458165422
72.1200477549
88.0037074738
66.4710297598
2.83847495801e-11
1.46516541748e-14
0
0
0
0
0
0
0
0
0
0
0
0
0
0
0
0
0
0
0
0
0
0
0
0
0
0
0
0
0
0
0
5.85224332418e-13
5.42677533936e-10
1.42000978955e-06
0.378512611656
71.0381629263
70.8498733559
70.4681533927
28.3126628865
28.2327429112
28.8166319795
28.9275312137
30.1089632471
31.2928751788
31.5944221966
30.3686232031
29.6376629378
29.3992736413
29.1585106512
28.6312935938
29.1155183524
29.0870525243
30.5135150466
32.6417132524
33.8803975241
34.0368450747
35.7128428153
36.6075025233
36.7620549582
36.7457760786
38.8145075454
39.7029852974
40.6356596277
42.2230836182
43.9067402262
45.3104116542
47.1026761885
48.2960217696
49.3635517084
51.3854412472
54.0536096968
55.5284607426
56.1809182967
60.0615634706
62.3129911586
65.7832082641
69.516108271
3.95950242349e-08
0
0
0
0
0
0
0
0
0
0
0
0
0
0
0
0
0
0
0
0
0
0
0
0
0
0
0
0
0
0
0
0
0
1.12997734271e-11
5.9648766414e-08
0.00274787659036
59.2525761348
62.3875572693
60.7927703593
60.2091988912
28.4495185609
28.0439798375
28.163702662
28.3955623303
28.9785021712
30.7975861667
32.3819698834
31.1997125939
30.2747392056
29.7817945991
29.6386450399
29.0920587395
29.4014660122
29.5097922729
30.0074323719
31.0264916975
33.5642697253
34.7169055581
34.9025011048
36.4218266836
37.3084685932
37.7312126437
37.8643593295
39.7687025162
41.2345310013
42.472804775
43.8236180024
45.1673193523
46.9340642498
48.1807988026
51.280516659
53.1499463935
54.5545703661
55.3188324597
57.1969351921
58.5693334831
59.0544805905
59.791061205
52.3459655913
0.289969403856
0
0
0
0
0
0
0
0
0
0
0
0
0
0
0
0
0
0
0
0
0
0
0
0
0
0
0
0
0
0
0
0
0
8.31086694751e-10
2.33240668257e-05
40.5735998027
53.2421676129
52.1037646789
50.0656324426
49.4363301957
28.7175376523
27.7646964648
27.6798545804
27.8855903604
28.3059591207
29.4807744677
31.2136818941
31.6413103871
30.7087240657
30.1343547614
29.850384463
29.7841376874
29.1597650839
29.7744076173
29.7874641565
31.2073092607
32.362744467
34.435501144
35.5888275042
35.9383784099
37.0846678328
38.1738656453
38.9845124975
39.5774609547
41.4981815725
43.1294443498
43.8405777294
46.0336872283
47.5613863154
50.7089224195
51.8479815374
52.9777253445
54.1292194976
55.6707897252
57.7831495467
60.0975947551
62.0558638654
62.4718268612
57.8005980333
37.5297656516
0
0
0
0
0
0
0
0
0
0
0
0
0
0
0
0
0
0
0
0
0
0
0
0
0
0
0
0
0
0
0
0
6.25408289443e-13
9.11495522167e-08
0.0906458304496
48.3122407168
46.4696361811
43.2348376624
39.2842052978
39.6058852441
29.0768507253
27.602812279
27.3844783488
27.4229700026
27.7403311517
28.4606599969
29.9915988889
31.7046846291
31.1696128999
30.4736150711
30.0719114844
29.9223592743
29.8307156673
29.4201880099
30.3747508803
30.315098618
31.9411695405
32.9544520689
34.9879790968
36.259890867
37.2500993521
37.3598798868
39.3781504288
40.4794169508
41.7929062194
43.4261688502
45.1263483767
46.8686963286
49.842226203
50.8287113285
51.3552485633
53.9424471041
55.9626212926
58.0366115825
60.1452004296
61.21958967
60.6034597396
59.6301491673
47.2772821877
4.64917597612
0
0
0
0
0
0
0
0
0
0
0
0
0
0
0
0
0
0
0
0
0
0
0
0
0
0
0
0
0
0
0
0
7.56542718583e-12
2.02915884304e-05
47.6422448506
47.3157108959
38.3868807031
34.8080900494
31.2961055351
30.5342293694
28.7149438179
27.5536713887
27.1918060311
27.1882779235
27.3148270723
27.7936046846
28.3863318697
30.6144189861
31.6101351277
30.9106951232
30.3494992656
30.0616812399
30.0297933703
29.9212132357
30.4841329915
30.7559941164
30.7400285046
32.6819302027
33.7783193895
34.8645508416
37.3043740033
38.1973262704
39.0728344751
40.7673408294
42.2983141558
43.7732230299
45.8363427325
48.2655340611
49.4679243138
49.9488506378
53.1461106393
55.1858861786
57.2388972762
59.2736581982
60.7783097773
61.3940729783
58.9567975506
55.671987548
38.8434918135
25.3032762291
0
0
0
0
0
0
0
0
0
0
0
0
0
0
0
0
0
0
0
0
0
0
0
0
0
0
0
0
0
0
0
0
8.92791454551e-09
5.2643634029
51.5214507397
43.7173537805
34.318388839
27.5042484812
25.0579454751
25.5696397066
28.0311680495
27.5762118448
27.1326307128
27.1013589138
27.1471552285
27.3279528971
28.1141788854
28.9472675619
30.9719959955
31.3192585738
30.7083376159
30.2783476418
30.1017555565
30.1941689935
29.9814646612
30.7968132526
31.0756867643
32.2190455531
33.3893439358
34.789643905
36.2398961085
38.3620153406
39.4953369737
40.9408539324
42.2873027388
44.6575889502
46.3537735495
48.1425056095
48.9417095226
52.0581933276
54.1663475999
56.7123671634
59.0669836649
61.191017092
62.8303338876
61.6808413843
61.7574122792
59.5819774602
54.0547621161
62.589685894
0
0
0
0
0
0
0
0
0
0
0
0
0
0
0
0
0
0
0
0
0
0
0
0
0
0
0
0
0
0
0
1.69558110568e-13
6.65543618798e-06
50.2943431519
50.8726067929
41.1934884135
32.3427766678
25.0226718784
20.9813890466
21.6566819735
27.6946387676
27.441689343
27.1479040541
26.9896265667
26.9932976695
27.0285784101
27.3374470322
28.4298056979
29.2231100427
31.1144739942
31.2577383384
30.6737798023
30.3141610842
30.2049760984
30.2396147747
30.1747862906
31.3462797304
31.6885639007
33.0174259679
33.8169393489
36.1807167726
38.2188183433
39.6409739905
40.8529311041
42.5073851535
44.5843202871
47.2545160461
48.2983799337
51.1465722545
53.1886010951
56.0183788189
58.005446072
60.0770626928
61.8920643695
62.7121432237
62.59535301
63.7986371325
67.8527634999
59.1119711408
78.4114421753
0
0
0
0
0
0
0
0
0
0
0
0
0
0
0
0
0
0
0
0
0
0
0
0
0
0
0
0
0
0
0
5.28823820428e-12
30.52273346
54.7048824782
47.0618492987
38.6018939023
30.9028237185
24.4421330491
20.6529690641
22.2187701425
27.8310647588
27.2108886561
27.0728228992
26.7645174698
26.6446563101
26.5842445272
26.6163781175
27.2171313135
28.4052516871
29.4214749455
31.4396040733
31.3408972367
30.8056988631
30.5045071635
30.4436390181
30.5972286679
30.6550383789
31.8606027339
32.3882091704
34.1726199225
35.6298656517
37.996891316
39.6018072304
40.9321159005
42.8048918617
45.3768623782
47.3862392199
50.2263596057
52.2037035819
54.8457807582
56.9068463006
59.4941754906
61.6616134176
63.4941209714
64.4343236327
65.9944009405
67.8538673426
71.5922754306
54.5968394982
88.4410903661
0
0
0
0
0
0
0
0
0
0
0
0
0
0
0
0
0
0
0
0
0
0
0
0
0
0
0
0
0
0
0
2.24558921371e-07
48.4940399919
51.8125669742
43.41610409
36.3902723447
30.0369257468
24.8657018177
21.6158931482
19.5318382752
28.0507456662
26.9725752339
26.6547051667
26.2609474769
25.9728712551
25.8597398001
25.8652977087
26.0760274891
27.3359542182
28.1287827943
29.6705677503
31.3835139691
31.5490145364
31.1484224879
30.8521968703
30.8718929395
31.1699749412
31.3945626266
32.8188999715
33.7665500745
35.8193160875
37.6732052691
39.5395081149
41.5351589038
43.3656512713
45.7001358755
48.7642566905
51.0046881432
53.6789193261
55.814028695
58.8319485193
60.7427271246
62.5942585767
64.7117034249
67.140842826
69.7101603077
69.848131489
71.5867105804
57.4297780237
99.7710490587
0
0
0
0
0
0
0
0
0
0
0
0
0
0
0
0
0
0
0
0
0
0
0
0
0
0
0
0
0
0
3.73560919083e-13
38.3864498136
53.0881273738
48.3098796556
40.9168889249
35.1369361403
30.1738448483
26.0634837483
23.4786766994
22.6266410084
27.1284956146
25.9533155458
25.3640432809
25.1216092979
24.8969661607
24.8250578315
24.9126174861
25.126975602
25.8548751956
27.2712086645
28.0702064068
29.8013829033
31.1784323093
31.6538326766
31.5081558413
31.347682262
31.5527915087
32.0160739754
32.52014597
34.1925579616
35.6427594307
37.9431361016
40.0711248493
42.0401174374
44.0963314729
46.7832804829
49.0513924728
52.2716655431
54.4306358835
57.3314784955
59.440272096
62.1369280136
64.1976707559
67.4450966203
70.3392272112
70.8922759299
73.4993873577
77.6592040712
65.3594071774
99.9978834133
0
0
0
0
0
0
0
0
0
0
0
0
0
0
0
0
0
0
0
0
0
0
0
0
0
0
0
0
0
0
31.514781929
52.3107190132
51.1720904195
45.7885245564
39.840990165
35.0743936725
32.926892223
30.908401149
27.9046147899
27.528712352
25.2322357534
23.4696052941
23.4655734285
23.5502147464
23.5756375377
23.66707527
23.8702618606
24.1922356128
24.6301894689
26.2544664513
27.4588345993
28.2391903964
28.2380054092
31.0307783567
31.6864604658
32.0878366798
32.1365397873
32.4186517551
33.1270381352
34.0131780355
35.9565299846
37.797263238
40.3232801502
42.5885991168
44.5442915343
47.1676068479
50.3079065966
52.7743651186
55.7084120759
58.0134121374
61.2940240537
63.4652944465
66.4372858456
71.19853523
73.0365124607
75.8937290187
79.0999252867
81.9440377949
61.9051317143
99.9997097287
0
0
0
0
0
0
0
0
0
0
0
0
0
0
0
0
0
0
0
0
0
0
0
0
0
0
0
0
0
2.5532957849e-12
48.9686978831
50.9292308549
48.9162709731
44.5659920398
40.3250226796
37.424527784
37.019588057
39.5703926619
34.6071658562
38.1068881843
23.8665666355
22.3401222058
22.2255483183
22.3017104866
22.4870668162
22.6998743834
22.9944452021
23.370860375
23.8288826895
24.4781803509
26.2878199483
28.0031329989
28.3607938744
28.890803799
30.304639968
31.9997089618
32.8684689745
32.9693519998
33.7771958203
34.6611193454
35.8853326876
38.3011346402
40.9019179844
43.0847666757
45.2850419691
48.0826583218
50.5125470109
53.843676968
56.1150201553
59.0998118354
61.7891113499
65.5957404402
70.0119817179
73.1718370071
76.0269751807
79.4397113222
79.8076342253
81.4805814592
54.490699331
99.999977309
0
0
0
0
0
0
0
0
0
0
0
0
0
0
0
0
0
0
0
0
0
0
0
0
0
0
0
0
0
46.1986860769
48.7659784449
49.5259369903
47.8761320861
44.6114035548
41.775015828
39.96917656
39.1691925311
43.0996500205
40.4808801407
39.0879976738
23.2447307399
22.14924663
21.6966787568
21.733616804
21.962738539
22.1826724875
22.4452160651
22.79278477
23.2146917841
23.6951227882
24.5769462158
26.5895538981
28.981062164
29.4097522221
29.9242454284
31.0487687811
32.6159638765
33.7559350644
34.9707963555
35.3472235179
36.7221449933
38.6944886981
41.2909597822
43.5719548439
45.5761707837
48.2601252818
51.4538843707
53.8292139257
56.8216939372
59.5076849183
64.4814627288
68.2539454929
72.5210863781
75.8188746001
79.1186989992
80.0124667749
82.0102396557
82.1022759944
49.6233058633
99.9999987908
0
0
0
0
0
0
0
0
0
0
0
0
0
0
0
0
0
0
0
0
0
0
0
0
0
0
0
0
1.61201228648e-06
54.9677374883
51.4602742631
49.6944260416
47.9873504794
45.4719419649
43.4119701222
41.9702396116
40.9794371275
42.9987575539
42.1276709989
39.5216410703
21.7167975347
21.7409958263
21.3728435258
21.7280561579
22.0135456987
22.1334031617
22.252061085
22.4582545606
22.7928209202
23.2294322926
23.803816054
24.8778524561
27.0763701428
30.0847741879
31.0239836606
31.2536209693
32.1946052296
33.4819813596
34.8800855099
36.358468045
38.053048405
39.1938877823
41.6090860846
43.9288980263
46.1285220763
48.863247048
51.4178153813
54.7314531121
57.1103230518
62.36761241
67.7821493994
71.1193862655
74.5754801376
79.0039195341
80.9804189546
83.1089625996
84.851221335
82.976724024
43.6839472384
99.999999955
0
0
0
0
0
0
0
0
0
0
0
0
0
0
0
0
0
0
0
0
0
0
0
0
0
0
0
0
49.7967781367
49.751066548
51.3727010963
49.8215222361
48.6549845934
46.7900247322
45.2238380288
44.0204182486
43.1422526095
44.7719753599
43.5677558902
41.2651469207
19.787508703
20.668369998
21.1612715578
22.0589578707
22.2647215637
22.2895907268
22.2541296136
22.3112663649
22.490076534
22.844266928
23.328219697
23.9833441675
25.3048313362
27.5224760201
30.4376082832
31.6050360688
32.7681757342
33.3984858149
34.6676399199
36.1411746271
38.145987075
39.9741510008
41.8522188606
44.2034257546
46.4802640297
49.1344417343
52.4003087469
54.7920459218
60.1144485538
65.984356515
68.8730410343
73.0901350136
77.100408483
80.1641189995
82.7544510727
86.3631356942
84.8776585937
83.8398873239
42.231523186
99.9999999975
0
0
0
0
0
0
0
0
0
0
0
0
0
0
0
0
0
0
0
0
0
0
0
0
0
0
0
35.8849998292
61.9073879692
56.0975312707
53.1427835829
51.0877491785
49.8197866499
48.3221580826
47.0670356605
46.0795663738
45.419892501
46.3491798571
44.9027653716
44.2108888347
19.096710585
19.7441773472
21.0258937843
21.6577303081
21.8228020851
21.9797997416
22.1706213294
22.2128973297
22.2970461847
22.515715189
22.9183622208
23.4681871368
24.2184372403
25.9429161337
27.7821963151
31.0432423259
32.7648239186
33.7262511459
35.1214223279
36.4237160421
38.2758187198
40.0756270979
42.2231264909
44.4926184072
46.9408930371
50.2769921508
52.9386911762
57.5718802213
62.7637804931
66.273385025
70.1106781084
73.9604817564
78.655258291
82.3480542666
86.3685072345
87.669074764
87.1351324824
88.3178919653
42.8291793663
99.9999999997
0
0
0
0
0
0
0
0
0
0
0
0
0
0
0
0
0
0
0
0
0
0
0
0
0
0
0
66.1135278374
61.1524179463
57.5680648125
54.1308796377
52.1590660816
50.6530463655
49.3566153047
48.2835868405
47.5217946191
47.1285094053
46.9599961458
45.7148447538
45.9285669369
18.7802442822
19.0740275627
20.1040844778
20.8785354921
21.1248014312
21.3641151097
21.6312105787
21.9177396318
22.1373011093
22.295724297
22.5941325774
23.0780734641
23.7813678983
24.7686725334
27.2932208296
30.2940730298
31.6282152962
33.7680183116
35.5748753862
36.6876995112
38.2338791333
40.2059956784
42.7122907202
44.8298657592
48.0748516098
51.0632524007
54.6171879774
58.9020228364
63.1884896177
67.0366155079
70.4232001246
76.2624494495
80.8307206883
86.557315206
88.7297442727
88.3472787935
91.1738493741
91.5328217682
56.7269670534
99.9999999993
0
0
0
0
0
0
0
0
0
0
0
0
0
0
0
0
0
0
0
0
0
0
0
0
0
0
17.0718037618
54.6104313344
58.846883698
56.473646645
54.3152826067
52.617313639
50.5400682824
49.1692417579
47.9869747105
47.1388024135
47.3988969381
46.6847523043
45.0684228815
46.1829753964
18.2302846294
18.3000067194
18.8016260689
20.092991471
20.4336854671
20.7175223372
21.0188133239
21.3569440051
21.7243916024
22.1209578544
22.3687264733
22.7900379672
23.4447514265
24.3936720267
25.7416627308
28.090554327
31.5812075944
33.5616444767
34.6313762803
37.0499073794
39.1586490042
40.7019724893
42.5882178879
45.8882218781
49.2837588601
51.6210463329
55.5110471653
60.2182269209
64.0940545228
67.1432729866
72.9212299319
78.976388884
84.0352817504
88.286922269
88.3695784344
91.495104867
94.8651263137
95.5117690497
60.9169457119
99.9999999901
0
0
0
0
0
0
0
0
0
0
0
0
0
0
0
0
0
0
0
0
0
0
0
0
0
0
72.3617969629
62.6055073235
59.2574358068
55.8010817948
54.3552744007
51.9740036492
49.6147488764
47.914695009
46.4217524808
45.1513923241
44.1265292406
43.8141999734
43.261758432
45.5641526676
17.4515540529
17.4425438361
17.6791593954
19.4062754212
19.8017652635
20.1077609504
20.4233423195
20.7670209595
21.1535107314
21.5857418587
22.0876668051
22.5702018743
23.1518519182
23.9828744384
25.0797620256
26.6708498316
29.7504734672
32.8377331193
34.8555446109
37.4009224924
38.3384679471
40.9704085769
44.4322043436
47.4092343497
49.0898344998
53.141952404
57.5544138656
60.6042016269
64.5913344667
69.8768650303
75.8645365677
80.0859038469
85.4757299426
88.0715249075
91.6830269113
95.4180313827
97.4527799845
94.8330246226
35.8221612289
99.9999999862
0
0
0
0
0
0
0
0
0
0
0
0
0
0
0
0
0
0
0
0
0
0
0
0
0
5.87356856657e-11
57.428757582
61.0348267812
58.4828549729
55.9235020916
53.8514326087
51.8942464803
48.5298277181
46.5302026781
44.9458376435
43.7369685527
42.9225375941
42.9589021895
41.9079537852
43.6956973125
16.6652125677
16.6485444796
16.8071500385
18.7415865478
19.176148152
19.5158551067
19.8423897799
20.1829769288
20.5552591082
20.9849900768
21.5064433991
22.1394946839
22.9271386725
23.7248122117
24.7370958077
26.1815705793
28.0403138029
31.1859915794
34.718899782
36.7761824842
39.0844050301
42.3393169294
45.5237696728
46.7359139071
50.5526049167
54.8102755617
57.7568851988
61.6596042072
66.6742302151
70.8490803515
76.387496889
81.9724078636
86.7697101273
90.5822378372
94.5998016156
97.9536832492
98.2666304715
90.963456181
3.03978639051
99.9999999939
0
0
0
0
0
0
0
0
0
0
0
0
0
0
0
0
0
0
0
0
0
0
0
0
0
74.8003856366
57.791003578
61.5294994183
58.9715418292
56.4903642201
54.0595542672
51.2770521072
47.7597295047
45.5305125047
43.8964798904
42.715143295
42.2175190639
42.5250440595
41.2153523199
40.2746084474
15.7886014835
16.0568196757
16.0024309893
17.6787616
18.5194229795
18.9255568156
19.2711944944
19.5964857013
19.9380787464
20.3438826143
20.8553559089
21.5119681422
22.3212482346
23.3288139395
24.6472976445
26.1990306719
27.8044657285
29.8088741099
32.963355508
36.437343939
39.3173406057
42.3540946567
44.4581231559
47.3348229442
52.1637698555
55.615176003
57.9224979419
62.0544495896
66.9629779151
73.0659964195
78.4376677326
82.6803404916
88.0349440144
92.9662788846
97.2625972505
99.9661020384
99.5545620799
90.1052246354
7.44777277043
99.9999999972
0
0
0
0
0
0
0
0
0
0
0
0
0
0
0
0
0
0
0
0
0
0
0
0
0
82.5399914512
71.3572722276
65.3857674747
61.2894199708
58.3694137922
54.4374958062
50.7159133478
47.547685336
45.2255620933
43.5439700151
42.2960408041
41.9682064533
41.8950931536
40.6419618477
40.0202425249
14.6507152461
15.4751017837
14.9322037163
16.4224187534
17.8332868779
18.1540251534
18.3693894252
18.5470305875
18.778819664
19.1351821578
19.6589353812
20.3851672179
21.3438028664
22.5987287521
24.2210839165
26.1292158235
28.1256417003
30.1898407815
32.1876709083
34.4046091647
37.8725815791
41.2533590105
43.9981422635
47.9238711986
52.3800247125
55.5428083751
58.7155192823
63.5838171359
69.0790871431
72.877127362
78.463143758
85.2444210185
90.9769520568
94.4612381706
99.8930072097
99.9999937612
99.9700365926
92.8481566514
34.8985848404
99.9999999971
0
0
0
0
0
0
0
0
0
0
0
0
0
0
0
0
0
0
0
0
0
0
0
0
65.6541292919
61.2795460306
71.0073472384
67.4558130699
63.9483161729
59.0876088667
55.9649930473
51.0791996054
48.1065863108
45.6951897555
43.9832640528
42.9844254333
43.3650124904
41.7600196538
40.4486816589
40.0153487855
13.0055855231
14.3377772826
13.4595323875
15.4400758187
16.2949271289
16.0049068932
15.6128184328
15.4160260044
15.5313189803
15.9978103087
16.8173780412
17.9913014367
19.5165320898
21.4574995336
23.9114183039
26.4115762726
28.3025873686
30.1305448696
32.1200552519
34.514966984
37.0083216188
39.5993030311
43.111500849
48.1323936779
52.7166929417
56.5315735055
58.7211175853
62.9698980984
67.9929399686
74.4432203892
81.9387208849
88.1325358762
91.2061753974
97.192573535
99.9999999944
99.9999999998
99.9999999998
99.0034214403
45.581840149
99.9999999934
0
0
0
0
0
0
0
0
0
0
0
0
0
0
0
0
0
0
0
0
0
0
0
0
99.9744370034
86.9506345066
77.0627639535
71.3879279912
66.6910130508
61.3968181789
56.2787943552
52.3531062809
49.064934061
46.4148267788
44.5910055324
43.6488762307
43.3592272436
41.5356725183
40.6131638583
41.7452263488
11.3553162755
12.2181022888
11.8042701596
13.918501889
13.5674590415
13.3231823521
12.8523758806
12.9010989198
13.4902426575
14.5102786024
15.8920141237
17.5897501354
19.547670884
21.7236386937
23.9860796778
26.0202515158
27.8369566271
29.7838574988
32.2315462511
35.2190136935
37.7174903136
40.3543559095
43.5540461462
47.5398051628
51.3868767589
54.2181704214
57.4873305156
63.3418462626
69.6776101158
77.5974468475
84.5419701887
87.8060306931
93.6045303026
99.9997315333
99.9999999998
99.9999999999
99.9999999998
99.9997871827
50.9833158938
99.9999999825
0
0
0
0
0
0
0
0
0
0
0
0
0
0
0
0
0
0
0
0
0
0
0
1.18999666701e-11
73.0613290193
84.7311803643
80.1041840034
74.097712042
67.2698017977
63.1158716515
57.2805977739
53.2115259463
49.7356253842
46.7602741365
44.6200828356
43.6237377368
42.3105884338
40.9091943495
39.7520252699
42.0060663101
10.7441770731
10.2689117236
10.5724186395
14.0309240121
13.1275709229
11.7125476017
11.1319353936
11.6763043801
12.8439386907
14.3941898625
16.2186329038
18.2765489283
20.4496978173
22.7093538472
24.9833485512
26.7821923563
28.5856137638
30.6818806576
33.0827789749
35.4850251338
37.9417069663
40.8275829439
44.0904618131
47.6757024597
50.6137484985
53.4312037462
57.6508469801
63.7781380985
71.4287718802
78.9960271564
84.7935009329
89.2585427002
96.7524900933
99.9999999998
99.9999999999
99.9999999999
99.9999999998
99.9999999995
54.8326698761
99.9999999471
0
0
0
0
0
0
0
0
0
0
0
0
0
0
0
0
0
0
0
0
0
0
0
97.5067649219
76.9475719388
84.1371488845
82.483658545
77.3941115063
69.7562821181
62.854185061
57.81203728
53.4354230832
49.8381180229
46.8941281082
44.5156740093
42.7903708245
40.6531595122
39.1362664726
37.9124054014
40.6586055027
11.7612200209
9.71016233568
9.87417000737
14.1051828394
12.8018138247
9.68298978129
10.0443464113
11.4551717128
13.3528208885
15.5313224119
17.9212427757
20.2125427485
21.9206580424
23.6608485721
25.4244134651
27.2201754531
29.1903354235
31.3827116606
33.7178865443
36.0693408602
38.5063351056
41.1949423902
44.3327856782
47.7399013463
51.2535781156
54.2617504441
59.1038351382
64.9937454798
71.5336461373
78.9257359985
85.6761533347
92.0490133741
98.8458685958
99.9999999999
99.9999999999
99.9999999999
99.9999999999
99.9999999995
67.0061097576
99.9999998322
0
0
0
0
0
0
0
0
0
0
0
0
0
0
0
0
0
0
0
0
0
0
0
99.9999995462
99.9982632315
94.6032186419
86.5833337218
80.3613054359
72.9320212754
64.8598614706
58.3392652501
53.2859516531
49.6693678847
46.7498300875
42.7804281178
40.1298856376
38.0831459848
36.8705039238
35.9481558209
38.3865241519
12.117162816
9.44092539148
8.88329099133
9.26578282864
8.43903893183
8.97793518912
10.7852032777
13.2096854694
16.0243746607
17.6898846992
19.1819750354
20.6974460798
22.2891778477
24.0314606256
25.8972130174
27.9061847271
30.0788853584
32.3695601485
34.6753331715
36.9454532879
39.344958339
42.0904439133
45.2335242482
48.3034567484
51.3346678377
54.9282981501
59.8317217216
65.923618735
73.0127282251
80.1240416197
85.5854074033
92.1902975682
99.5190907051
99.8891920518
100
99.9999999999
99.9999999999
99.9999999994
65.4814428153
99.9999996333
0
0
0
0
0
0
0
0
0
0
0
0
0
0
0
0
0
0
0
0
0
0
5.92618587698e-11
89.7448979695
99.9965021843
99.6172589136
90.8747781847
82.4815508951
75.1068870729
67.2364079922
59.5594948711
53.2352069557
48.5917530541
45.2602272744
42.2222817884
39.5565572247
36.433826377
34.0451652844
34.3134437143
35.2761314166
9.90980187786
8.66983531782
7.72884596993
7.67907716085
9.02271846
11.6467345563
14.2403802563
15.5198445012
16.7885443141
18.1088579818
19.5675743532
21.15328672
22.8864526468
24.7872400573
26.8733955573
29.1309583661
31.4650785665
33.7149606437
35.6514375813
37.7036701784
39.9790731456
42.5162693587
45.276508389
48.2483296726
51.5092490606
55.4370146699
60.5405127217
66.8796566234
73.7791579633
79.9765720532
86.3421402556
94.7152948651
98.6848165264
99.0298382697
99.7886318224
100
100
99.9999999991
70.925089706
99.999999731
0
0
0
0
0
0
0
0
0
0
0
0
0
0
0
0
0
0
0
0
0
0
99.9999999987
99.9998265746
99.9999941223
99.9977518158
97.7043837691
87.79488444
78.1068165812
69.1545402963
60.7829783885
53.1117646421
47.2275225752
43.2087227131
39.6347794314
36.996884355
34.7541022799
30.5990946127
31.959337553
31.7190092568
7.69679032264
8.26516361723
7.01371549095
7.10159661923
11.2873534007
13.7780219037
14.8565315146
16.0156292971
17.315843579
18.7509111295
20.3205120979
22.0301599271
23.8965683141
25.958339854
28.2446050955
30.3459897035
32.0029745676
33.7848229385
35.7369036825
37.8473661535
40.124730088
42.5768645185
45.2330627849
48.2127144016
51.6268151659
55.6895819472
60.8194319259
67.2453192196
73.8298124819
80.1178360304
87.0127990072
95.2051549862
97.5257524181
97.6006759435
98.2165212197
99.7642433947
100
99.9999999998
92.2244907758
99.9999998518
0
0
0
0
0
0
0
0
0
0
0
0
0
0
0
0
0
0
0
0
0
0
100
99.9999999999
99.9999999983
99.9999987795
99.9959356425
94.4563743707
82.4286735298
71.4716595459
62.0732877365
53.7442574857
46.4088598959
41.666425009
37.2680222983
33.7750522916
31.5991623657
27.534254834
27.9499191118
29.7757315233
6.54094571564
8.87848149962
6.50653773458
6.72222270959
13.1616029224
14.5271702633
15.6575387935
16.961014668
18.3647064457
19.8726679929
21.4891295646
23.215625442
25.0604633395
27.0726468522
28.9115551964
30.3499953255
31.9335553334
33.8333225985
35.9224499341
38.0934548397
40.3112435671
42.6257291465
45.1330897526
48.0944062013
51.6099236509
55.6665531486
60.7710302263
67.23331085
73.8785075524
80.3151491543
87.4074001858
95.7575801642
96.001734877
95.4919161759
95.4035466818
96.5163349746
99.909507906
99.9999999998
99.8267410849
99.9999999399
0
0
0
0
0
0
0
0
0
0
0
0
0
0
0
0
0
0
0
0
0
1.37451733255e-11
99.9999999998
100
99.9999999998
99.9999999701
99.999966889
99.8006683322
87.4339905547
74.6474878739
63.6997429265
54.5895293956
45.8538532736
39.6748159908
35.8595803986
31.4145849853
27.3499042806
23.4402354104
25.3654922726
31.5360822498
3.78702537004
4.57585847717
5.77585778884
8.5238452409
14.6563861787
16.028312805
17.3409647096
18.7641263435
20.2681287551
21.791985505
23.3118912366
24.8169932877
26.3787158112
27.7236924397
29.0456330673
30.349389302
31.9425760541
33.9620653879
36.1744977468
38.3194853599
40.4794868823
42.6054406276
44.784005658
47.574807949
51.1899012747
55.1885004673
59.7594663492
66.2880424553
74.5016746102
80.5624694971
87.7484906477
95.2550848411
94.1765814961
92.4859646654
90.3863583076
88.6246362945
90.1157346911
97.9077584735
99.999957101
99.9999999761
0
0
0
0
0
0
0
0
0
0
0
0
0
0
0
0
0
0
0
0
0
100
100
100
100
99.9999999971
99.9999991261
99.9972922912
91.8010133635
76.5487947129
64.7878031588
54.4417599336
45.3199709875
38.3443418976
33.6277208588
30.2163822695
27.3180985513
25.084059783
27.1385369869
26.1283538724
2.64523755318
3.60294106784
7.09440260596
6.97643253352
15.6924398483
17.9131609361
19.7321093894
21.1709870951
22.6103718251
23.5207988313
24.5894798454
25.8091619905
27.1047530423
28.4402071953
29.6955190875
30.7246402982
32.3679856437
34.4294826552
36.2533894942
38.2184914141
40.2384423615
41.2818116657
41.9220510103
45.4258038808
50.4387268159
54.7023046753
58.8371452864
64.5695983751
72.5048825211
80.918440843
87.8370115253
94.0553131953
92.0839276864
88.5857217759
83.0867441996
75.4045472619
51.5223287547
82.872511738
94.0225711084
99.9999999837
0
0
0
0
0
0
0
0
0
0
0
0
0
0
0
0
0
0
0
0
2.2253659794e-13
100
100
100
100
100
99.9999999389
99.9997124344
95.5352210407
78.7186152334
63.9323834111
54.017334373
46.2802334915
39.3340059555
34.0779098728
30.7338847074
27.8141425685
24.8227523417
23.413534677
16.9557879055
1.63203221802
7.21005558168
7.17395701551
6.47788819844
7.1925197029
9.8784700529
14.8972230975
16.8414337419
18.5407919169
20.5425545981
22.807161605
25.0915002058
26.8618848015
27.7599918667
27.5391043081
26.747479975
27.9803612683
31.150142545
33.8767078298
36.1101503053
38.3259040746
39.9762166151
41.5840727614
44.8308516011
50.061567683
54.8192156787
58.8647366173
64.381401448
72.4887366613
80.8810663865
86.9905402273
93.1330040827
90.5714603425
85.3129202798
77.5824678705
37.8210342992
72.929430079
0.00010529949616
0.000665680361522
99.9999999801
0
0
0
0
0
0
0
0
0
0
0
0
0
0
0
0
0
0
0
0
3.70211283252e-13
100
2.76736115492
100
100
100
99.9999999895
99.9999407153
98.9854610326
79.6220741852
61.1681444867
50.6740232651
44.1607661364
37.9420476204
32.2227408893
27.8768974638
24.6339128406
22.1980364846
21.1103958851
12.1964799629
)
;

boundaryField
{
    frontAndBack
    {
        type            empty;
    }
    upperWall
    {
        type            calculated;
        value           uniform 0;
    }
    lowerWall
    {
        type            calculated;
        value           uniform 0;
    }
    inlet
    {
        type            calculated;
        value           uniform 1.32313133202e-10;
    }
    outlet
    {
        type            calculated;
        value           nonuniform List<scalar> 
20
(
7.61957662147e-13
0
0
0
0
0
0
0
0
0
0
0
0
0
0
0
0
0
6.53398188651e-14
1.48103955328e-12
)
;
    }
}


// ************************************************************************* //
