/*--------------------------------*- C++ -*----------------------------------*\
| =========                 |                                                 |
| \\      /  F ield         | OpenFOAM: The Open Source CFD Toolbox           |
|  \\    /   O peration     | Version:  v1806                                 |
|   \\  /    A nd           | Web:      www.OpenFOAM.com                      |
|    \\/     M anipulation  |                                                 |
\*---------------------------------------------------------------------------*/
FoamFile
{
    version     2.0;
    format      ascii;
    class       volScalarField;
    location    "461";
    object      p;
}
// * * * * * * * * * * * * * * * * * * * * * * * * * * * * * * * * * * * * * //

dimensions      [0 2 -2 0 0 0 0];


internalField   nonuniform List<scalar> 
6400
(
0.154853556672
0.1548559517
0.154862745522
0.154875891834
0.154895093822
0.15492019771
0.154951234377
0.154989215818
0.155034588501
0.155088087109
0.155154958726
0.155237944048
0.155334248539
0.155443884412
0.155568609241
0.155710562309
0.15587079958
0.156048973807
0.156243393125
0.156449338086
0.156661201103
0.15687954581
0.157110411522
0.157360491154
0.157634202262
0.157931401431
0.158248785686
0.158583945073
0.15893660214
0.159307425788
0.159696932162
0.160103469951
0.160521383327
0.160944998132
0.161372003046
0.161799235807
0.162226339756
0.162659873387
0.16309876609
0.163533420227
0.16396495376
0.164406780999
0.164865985396
0.165334907918
0.165803960436
0.166267082265
0.16671970418
0.167158721655
0.167581419701
0.167985542539
0.168369542344
0.168729301391
0.169058415915
0.169348426485
0.169599109241
0.16981748167
0.170001671043
0.1701447489
0.170246775265
0.170316104577
0.170359167328
0.170380689473
0.170386915967
0.170380743132
0.170358795299
0.170309088617
0.170230102319
0.170138273496
0.170051073252
0.169974047543
0.169905981746
0.169843573977
0.169784593072
0.169731697658
0.169684285234
0.169643210075
0.16960920171
0.169586986641
0.169572794124
0.169566825825
0.154850004892
0.154852531072
0.15485862999
0.154871482885
0.154892058956
0.154918500649
0.15494998499
0.154986465338
0.155030098017
0.155083517706
0.155150077243
0.155231992035
0.155328532805
0.15543907306
0.155564036775
0.15570474901
0.155864336698
0.156043195824
0.15623905804
0.156445887106
0.156655985227
0.156872187763
0.157102283476
0.157352097194
0.157626143108
0.15792412201
0.158241754812
0.158577467592
0.158931097072
0.159302711111
0.159692248205
0.160099191415
0.160518221429
0.160941973901
0.161369242722
0.161796794118
0.162223637821
0.1626576325
0.163097607823
0.163532607778
0.163962242508
0.164403942788
0.164867234491
0.165339179421
0.165809678142
0.166274356606
0.166728486379
0.167169327629
0.167593650549
0.16799773097
0.168380130451
0.168740986029
0.169076079446
0.169368140603
0.169620047854
0.16984136231
0.170023593455
0.170163016401
0.170263826106
0.170331662931
0.170372059601
0.170392564662
0.170397432521
0.170390365493
0.170367786924
0.170317599679
0.170235742799
0.170140811195
0.170051124391
0.169971912251
0.169902144146
0.169838182069
0.16977746632
0.169722714185
0.169675236919
0.169635095531
0.169603413776
0.169581806892
0.169568002287
0.169563388774
0.154840118989
0.154844345151
0.1548497643
0.15486154537
0.154881463705
0.154911143877
0.154945533782
0.154980937255
0.155022250835
0.155074365621
0.155140212027
0.155221544724
0.155318245532
0.155429453907
0.155554517987
0.155692061536
0.155849583963
0.156033693828
0.156232819785
0.156438573655
0.156644666665
0.156855349849
0.157084025855
0.157336103148
0.157610894858
0.157908522745
0.158227362049
0.158564919573
0.15892013041
0.159293089307
0.15968347579
0.160091476407
0.160512899015
0.160936292318
0.161362241664
0.161791997262
0.162218786696
0.16265141288
0.163092405665
0.163530255019
0.163966280509
0.164412616406
0.164874915488
0.165346177301
0.165817874675
0.16628444689
0.166741514041
0.167185641061
0.1676135244
0.168022117307
0.168409267496
0.168772247711
0.169104844894
0.169400113249
0.169659932375
0.169882531107
0.170061992988
0.170199022464
0.17029744932
0.170362403107
0.170400257936
0.170417874376
0.170419711455
0.170411883987
0.170387355058
0.170332413239
0.170247855361
0.170149066961
0.170052755506
0.169967380357
0.169892508619
0.169824642152
0.169762858369
0.169708525539
0.169661169162
0.169621915405
0.169592285936
0.169571889041
0.169559174302
0.169554604195
0.154826335488
0.154830599646
0.1548349899
0.154845801174
0.154863315801
0.154892856061
0.154937083501
0.154972494448
0.155010602732
0.155060428716
0.15512513124
0.155206117908
0.155303241237
0.155414247423
0.155539387308
0.155681821089
0.155844037096
0.156025818122
0.156217457839
0.156412137662
0.156613663774
0.156827595853
0.15705847163
0.157310872336
0.1575866488
0.157885709476
0.158206446993
0.158546206361
0.158903719294
0.159278482646
0.159671100079
0.160080756794
0.160503788646
0.160931161531
0.161354420857
0.161780578168
0.162211308347
0.162643817551
0.163081559956
0.163522855014
0.163967087771
0.164419854334
0.164884610792
0.16535736038
0.165831474549
0.166301389711
0.1667625911
0.167211344539
0.167644264154
0.168058229516
0.168450352534
0.168817049411
0.169153249034
0.169454357507
0.169718410486
0.169941577643
0.170120279961
0.170255417277
0.170350945484
0.170412369649
0.170446279843
0.170459272714
0.17045755114
0.170447684053
0.170420388985
0.1703618442
0.170269107828
0.170159875076
0.170052630156
0.169957839802
0.16987696214
0.169806899316
0.169744653507
0.169687729647
0.169638103816
0.169600265457
0.169573773669
0.169553609836
0.16953972922
0.169534045536
0.154804854998
0.15480549004
0.154810910921
0.154821992859
0.154841475169
0.15486927615
0.154909410523
0.15494870329
0.154989465228
0.155039922866
0.155103794934
0.155184671099
0.155282729335
0.155399033791
0.15553166624
0.155675315029
0.155831782434
0.15600153813
0.156182554367
0.156374279206
0.156576969361
0.156791947081
0.157023996242
0.157277748685
0.157554923966
0.157855800303
0.158178539031
0.158521095321
0.158881487873
0.159259414198
0.15965420935
0.160067917517
0.160495813975
0.160920388405
0.161342754399
0.161767165123
0.16219437038
0.162628299757
0.163069306229
0.163515813541
0.163967495171
0.164427041081
0.164896196632
0.165372355678
0.165850360072
0.166324983826
0.166791642141
0.167246415808
0.167685819987
0.168106593968
0.168505414523
0.168878369247
0.16922083821
0.169528424236
0.169797191804
0.170022512362
0.170201503475
0.17033543936
0.170428578655
0.170486758578
0.170516681742
0.170525048062
0.170518071357
0.170501914445
0.170466088933
0.170400023918
0.170297700465
0.170174897717
0.170052279432
0.169944715827
0.169856655777
0.169782856967
0.169714835182
0.169651924259
0.169601898351
0.16956644678
0.169540443131
0.169517282121
0.169503090324
0.169498252526
0.154765187988
0.154764917979
0.154774297923
0.154785728004
0.154807238587
0.154837023152
0.154874214591
0.154914264952
0.154958837113
0.155011218159
0.155073845674
0.155155421871
0.155261913321
0.155386243193
0.155518570304
0.15565693876
0.155804358196
0.155965596208
0.1561423036
0.156332182291
0.156532821884
0.156747560463
0.156981006489
0.157236685167
0.157515837864
0.157818194252
0.158143845043
0.158489316522
0.158853802569
0.159235395337
0.159635172995
0.160051421239
0.160479020151
0.160908253035
0.161326439709
0.161744979368
0.162172316151
0.16260961926
0.163055464261
0.163508200622
0.163967401526
0.164434281228
0.164909463708
0.165390899747
0.165874409675
0.166355197362
0.166828723758
0.167290987352
0.167738447552
0.168167745346
0.168575326697
0.168957093954
0.169308368023
0.16962416999
0.169899265984
0.170128662821
0.170309977524
0.170444767782
0.170537386793
0.170593631465
0.17061987927
0.170622767051
0.170607926575
0.170578632391
0.170530834628
0.17044920517
0.170330014814
0.170189924404
0.170049015674
0.169926548926
0.169828573892
0.169744299487
0.169664825249
0.169598154934
0.169549765394
0.169516053815
0.169487964677
0.169464061298
0.169450806628
0.169445244156
0.154704561101
0.154709022977
0.154724946354
0.154742050999
0.154760369375
0.154790354143
0.154829444065
0.154871031263
0.15491849658
0.154973196297
0.155039554012
0.155124329409
0.155238108672
0.15536226045
0.155490623475
0.155621563382
0.155762951879
0.155922207263
0.156097505228
0.156282529562
0.156480271001
0.156695390286
0.156930039054
0.157187018743
0.157468327369
0.157774849932
0.158101587118
0.158450895863
0.158820082558
0.159209278284
0.159613581898
0.160030292059
0.160459029654
0.160882747335
0.161299232862
0.161717056261
0.162146629755
0.162588397572
0.163040035521
0.163499675857
0.163966764531
0.164441691207
0.164924327772
0.165412781977
0.165903461716
0.166391959121
0.166873867202
0.167345218789
0.167802504231
0.168242349839
0.168661083446
0.16905440309
0.169417240786
0.169743830339
0.170028082984
0.170264903029
0.170452230435
0.170591574802
0.170686714907
0.170742342926
0.170763848755
0.170757577202
0.170729303527
0.170680614229
0.170618426109
0.170515657507
0.170368976431
0.170204529816
0.170042205344
0.169900597223
0.169783712982
0.169680108487
0.16958967027
0.16952293085
0.169477584632
0.169445207761
0.169416121287
0.169394393004
0.169383397227
0.169377595832
0.154633218027
0.154642163914
0.1546606258
0.154685691028
0.154705889026
0.154736848365
0.154774801073
0.154818532341
0.154869754384
0.154922625895
0.154996178982
0.155092322308
0.155204640022
0.155326083424
0.15544808735
0.155572246348
0.155712910043
0.155873144671
0.156043871095
0.156224135714
0.15641968499
0.156634806382
0.156870600431
0.157130118027
0.157414607265
0.157723979753
0.158055250405
0.158404215377
0.158781594706
0.159181119663
0.159586844578
0.160000386633
0.160427407069
0.160847761219
0.161261697346
0.161683497323
0.162117737011
0.162564731839
0.16302272319
0.163489890615
0.163965454661
0.164449274365
0.164940713342
0.165437835683
0.165937359237
0.166435185786
0.166927107415
0.167409306966
0.167878407002
0.168331107433
0.16876369602
0.169171650593
0.169549413981
0.169890498874
0.170188306707
0.170437774117
0.170636850968
0.170786125689
0.170887313243
0.1709424199
0.170955545788
0.17093326471
0.170881963539
0.170807710318
0.170720358845
0.170599591667
0.170420235487
0.170220495661
0.170026875672
0.169854857645
0.16970773387
0.169580846782
0.169483872174
0.169420457669
0.169381205286
0.169352915588
0.169329111418
0.169311477548
0.169303840674
0.169299988068
0.154554978205
0.154566724437
0.154585566581
0.154606696229
0.154632792242
0.154671127245
0.154708993766
0.154753975859
0.15481167953
0.154869157595
0.154940452583
0.155044479442
0.155159251839
0.155275679727
0.155392228228
0.155515988262
0.15565607136
0.155813668705
0.15598012452
0.156157731638
0.15635166994
0.156565788011
0.15680118051
0.157062154841
0.157354530747
0.157665324768
0.158001531541
0.158359106159
0.158738090435
0.159138495324
0.159550346559
0.159970452214
0.160384797012
0.160799457451
0.161217506259
0.16164509009
0.16208517273
0.162538215197
0.163003159018
0.16347849449
0.163963278189
0.164456954611
0.164958511793
0.165465895286
0.165975946281
0.166484794772
0.166988489293
0.167483470271
0.167966590706
0.168434719776
0.168884202661
0.169310383569
0.169707309962
0.170068018098
0.170385697883
0.170655295796
0.170874121138
0.17104008093
0.171150598001
0.171203851969
0.171204156095
0.171160122155
0.171079281731
0.170967890566
0.17083400268
0.170680726575
0.170478642878
0.170234119338
0.169994456117
0.169776073541
0.169586812094
0.169436466867
0.169337307314
0.169282912348
0.169257272929
0.169242809026
0.169230825277
0.169219072639
0.169213971712
0.169212335294
0.154468694195
0.154482380499
0.154504363588
0.154524806173
0.154552784547
0.15459161069
0.154630953674
0.154675979804
0.154733085737
0.15480480479
0.154880444409
0.154984443797
0.155099848931
0.15521242701
0.155323632319
0.155449814395
0.155592970116
0.155745631969
0.155906923354
0.156082299701
0.156275862907
0.156489978637
0.156725337151
0.156984777506
0.157283516549
0.15760303716
0.157935257356
0.158301011511
0.158685340752
0.159090758946
0.159505407269
0.159922674389
0.160335368626
0.160746016369
0.16116749347
0.161601555177
0.162048425134
0.162508389527
0.162980968605
0.16346512631
0.163959942758
0.164464542859
0.164977562313
0.1654967764
0.166019057283
0.166540709033
0.167058067482
0.167567924999
0.168067464701
0.168553835061
0.169023607726
0.169472208176
0.169893604817
0.170280726757
0.170626804805
0.170926537484
0.171175427386
0.171365457913
0.171488226396
0.171539372174
0.171525621636
0.171456900134
0.171338490294
0.171175092853
0.170975094451
0.170752571607
0.170515312529
0.170240523463
0.169931665928
0.169644299509
0.169402723286
0.169229509455
0.169133305411
0.169099132608
0.169103374156
0.169119566297
0.169124967329
0.169116350886
0.169110257273
0.169107845432
0.154370674594
0.15438379249
0.154407567081
0.154432405686
0.154467480516
0.154501284164
0.154540867569
0.154587768767
0.154638005734
0.154716807908
0.154804388789
0.154908776995
0.155024196139
0.155136590051
0.155246696995
0.155373087643
0.155517413689
0.155666872285
0.155824272621
0.155996579162
0.156189340253
0.156404962232
0.156644875931
0.156904070896
0.157197446069
0.157530722312
0.157871443591
0.158236749944
0.158622759142
0.159021890016
0.159444643811
0.159864152029
0.160273784427
0.160685663303
0.161111977479
0.161552738013
0.162007012884
0.162474766892
0.162955773828
0.163449441202
0.163955109668
0.164471746405
0.164997620888
0.165530261251
0.166066508871
0.166602831695
0.167135888558
0.167662872592
0.16818137287
0.16868896752
0.169182707618
0.169658524742
0.170110858582
0.170533061065
0.170918531139
0.171260782841
0.171551473548
0.171772102968
0.171914776032
0.171972240942
0.171950382837
0.171855673501
0.171689140461
0.171456437875
0.171171313368
0.170849609107
0.170516382601
0.170183354077
0.16982611064
0.16943523884
0.169126964096
0.168928121285
0.168844151793
0.168852582378
0.168918749057
0.168993091881
0.169020513333
0.168999791647
0.168986535327
0.16897956614
0.154258135558
0.154268390368
0.154286689759
0.154318721639
0.154362998011
0.154396534165
0.154436780019
0.154488594903
0.154537314331
0.154612655849
0.154709320552
0.1548162858
0.154930934812
0.155044560194
0.155160358512
0.155288486069
0.155431015194
0.155577240749
0.155732106241
0.155901444612
0.156090716588
0.1563040891
0.156552744912
0.156823428562
0.157111338536
0.157444568993
0.157793996852
0.158156228295
0.158553358178
0.158958366402
0.159372284415
0.159786205917
0.160196944212
0.160616845523
0.161050097313
0.161498038997
0.161960318531
0.162436735277
0.162927113993
0.163431088958
0.16394840074
0.164478181895
0.16501836879
0.165566085304
0.166118088276
0.166671046679
0.16722197253
0.167768460389
0.168308530305
0.168840342955
0.169361819991
0.169870070857
0.170360993607
0.170829091533
0.171267443584
0.171664955593
0.172008351284
0.172267050741
0.172456041189
0.172546398503
0.172532256982
0.172408954222
0.172178322007
0.171852752277
0.171456868918
0.171006030024
0.170524355026
0.170068468819
0.169597696329
0.16910291155
0.16870873884
0.168475946682
0.16841922439
0.168512891795
0.16870303234
0.168893786359
0.168945880196
0.168864020924
0.16883842017
0.168825596622
0.154130761922
0.154138406285
0.15414866792
0.154184725414
0.154229405889
0.154269381052
0.154312858976
0.15437012818
0.154424949612
0.15449885976
0.154599152484
0.154707597398
0.1548209456
0.154932357323
0.155055689957
0.155191951889
0.155332836157
0.155476252414
0.155629584971
0.155797320519
0.155982890051
0.156190015698
0.156438232028
0.156729275149
0.157023582151
0.157344874504
0.15770653207
0.15807495631
0.158463172823
0.158872774289
0.159288185438
0.159699587198
0.160111855691
0.160538880438
0.160980340883
0.161436532306
0.161907547338
0.16239337868
0.162894188812
0.163409639755
0.163939551194
0.164483475934
0.165039370783
0.165603894005
0.166173540987
0.16674520371
0.167316303981
0.16788476718
0.168448948856
0.169007708513
0.169560331334
0.170106234114
0.170644561856
0.171171839446
0.171678580168
0.172138392449
0.172545460914
0.172852585823
0.173164822195
0.173356210482
0.173378936758
0.173216648658
0.172894463982
0.172441779313
0.17190533021
0.171279502024
0.170575317169
0.169897986127
0.169243650242
0.168585880492
0.168101457766
0.167806457583
0.167800853803
0.168043458233
0.168471404298
0.168911297167
0.168984402082
0.168672576544
0.168652879344
0.168638675689
0.153989502518
0.153998329091
0.154013147728
0.15403924929
0.154078776374
0.154122925826
0.154170608673
0.154230465101
0.154295599084
0.154370952213
0.154473758913
0.154583367665
0.154696511645
0.154806553762
0.154930885316
0.155074673062
0.155218062816
0.155361967246
0.155515161443
0.155682487826
0.155866258204
0.156068203975
0.156311357751
0.15661284078
0.156922252853
0.157240917631
0.157606255087
0.157983048122
0.158366655487
0.158773723865
0.159182699758
0.159593312475
0.160015366856
0.160451380632
0.160901697302
0.161367024428
0.161847909504
0.162344115601
0.162856043307
0.163384083047
0.163928018148
0.164487355237
0.165060281917
0.165643272206
0.166232521645
0.166825101002
0.167418841358
0.168011804397
0.168602379656
0.169190051741
0.169776061521
0.170363924192
0.170959390504
0.171562478208
0.172155992164
0.17266517602
0.173175070581
0.173553427406
0.174243953095
0.174653827531
0.174686001994
0.174343494798
0.17374577679
0.17302936402
0.172315001894
0.171599258914
0.170749198447
0.169751331625
0.168757864563
0.167899540446
0.167107861427
0.166600740554
0.166687568868
0.167221978772
0.168119971034
0.169249576521
0.169302526932
0.168296123267
0.168418297214
0.168408336567
0.153830720874
0.153840698988
0.153864258783
0.153881304614
0.153914762656
0.153959987346
0.154011022471
0.154074882178
0.15415247005
0.154228614713
0.154332696917
0.154443669234
0.154557843899
0.154669484157
0.154794681077
0.15494139183
0.155087426014
0.155233670209
0.155388083846
0.155555587514
0.155738946946
0.155939183109
0.156173972681
0.156472076718
0.156804882972
0.157131336706
0.157484897842
0.157877802228
0.158270523049
0.158660514297
0.159062628965
0.159477279251
0.159907346943
0.160352711416
0.16081295082
0.161288492528
0.16177995211
0.162287761716
0.162812111914
0.163353608772
0.163912814898
0.164489190794
0.165080761543
0.165683883257
0.166294651741
0.166910429913
0.167529455285
0.168149593565
0.168768454404
0.169385433842
0.170004385669
0.170635536633
0.171297663911
0.171997666672
0.172707713377
0.173224311816
0.173924233294
0.173770310302
0.173965931486
0.174259590788
0.174270691031
0.173956336341
0.173422201683
0.172759166965
0.172023035406
0.171225253008
0.170345838582
0.169420723614
0.168517311319
0.167704398851
0.16707201942
0.166820965569
0.167060841016
0.167793838989
0.169095805335
0.170859439999
0.171286919728
0.166457413368
0.168011918753
0.168142433036
0.153651093052
0.153660404946
0.153682468027
0.153701309662
0.153732398159
0.153778922942
0.153831626766
0.153895335247
0.153984678393
0.154069363784
0.154174386785
0.154287439021
0.154404103598
0.154519788672
0.154647418821
0.154794988176
0.154942740454
0.155091873446
0.155248271527
0.155416490967
0.155599624372
0.15579979043
0.156029141859
0.156319436748
0.156666318377
0.157009477362
0.157355184241
0.157741161524
0.158144005096
0.158538448716
0.158935671294
0.159351488455
0.159788100571
0.160242813969
0.160713438328
0.161199734479
0.161702722635
0.162222946651
0.162761005427
0.163317396618
0.163893088958
0.164488092621
0.165100254594
0.165725408783
0.166359463044
0.167000678886
0.167648224744
0.1682988779
0.16894703718
0.169590788042
0.170237695523
0.170905679916
0.171640388406
0.172468341752
0.173444660823
0.173381307346
0.173586168857
0.173842789838
0.173908599808
0.17401727159
0.173964502013
0.173655413296
0.173134871138
0.172468212424
0.171703835129
0.170869982022
0.169980343629
0.169063613647
0.168178565272
0.167381018794
0.166754059497
0.166436656589
0.166522439095
0.167025317105
0.167853495946
0.168632933523
0.168053410441
0.168651149977
0.169641030992
0.16789221379
0.153452537182
0.1534610295
0.153483782319
0.153502876104
0.153534182734
0.153581013216
0.153634933414
0.153695725463
0.153786604409
0.153884940249
0.153995379392
0.154111976844
0.154232720093
0.154355967383
0.15448659667
0.154634895823
0.154784237619
0.154936742361
0.155095608364
0.155265101375
0.15544831112
0.155647999346
0.155873681318
0.156154733054
0.156501258478
0.15687030125
0.157224321996
0.157597371569
0.157994350923
0.158389850857
0.158789353985
0.15921163229
0.159656047253
0.160120122615
0.160601636246
0.161099775424
0.161615022466
0.162148653584
0.162701430313
0.163274186815
0.163867861876
0.164482915402
0.165117736695
0.165767513931
0.166427144025
0.167095959604
0.167775174691
0.168459814119
0.169138013508
0.169803782495
0.170466530955
0.171142968439
0.171921687355
0.1728124812
0.173113544376
0.173366939128
0.173466522643
0.173584914131
0.173598650927
0.173564729272
0.173402537286
0.173040953191
0.172490376241
0.171793670328
0.170989916845
0.170107917469
0.169171354131
0.168212525924
0.167280726434
0.166437076305
0.165732176619
0.165256133451
0.165100489344
0.165266732838
0.165655796979
0.166118288551
0.166441519106
0.167429027652
0.168263497411
0.170713314223
0.1532372626
0.153244277051
0.153262981082
0.153284784458
0.153320512115
0.15336769373
0.15342421518
0.153483926659
0.153573649542
0.153680061312
0.153795381554
0.153915123408
0.15403865893
0.154172221534
0.154309055587
0.154458224971
0.154609735943
0.15476698075
0.15492920648
0.155100658119
0.155284456268
0.155483477124
0.155706267247
0.155979506757
0.15632064911
0.156705598478
0.15707891698
0.157447490286
0.157832792914
0.158223768422
0.158627261919
0.159055949029
0.159508420847
0.159981791026
0.160474765914
0.160986179932
0.161515342758
0.162063253306
0.162632080592
0.163222433773
0.163835615671
0.1644728795
0.165132870391
0.165810001455
0.166496527486
0.167194464713
0.167913122623
0.16864296131
0.169351630033
0.170031722991
0.170693708817
0.171315917753
0.172131624198
0.172526273829
0.172869560146
0.173069807057
0.173150981571
0.173186303761
0.173135255497
0.172988602539
0.172714193231
0.17227423498
0.171667316317
0.170918553594
0.170057906736
0.169112593866
0.168109157706
0.167079369904
0.166063937195
0.165112079382
0.164247213071
0.163518935968
0.163004202761
0.162716822898
0.162616785321
0.162682237592
0.162940522507
0.163845271593
0.166353193262
0.168791793119
0.153008075819
0.153013863741
0.153027471812
0.153052523908
0.153092012433
0.153139258065
0.153197693564
0.153260341778
0.153346661324
0.153457075582
0.153575470146
0.153697305029
0.15382127708
0.153960345741
0.15410868312
0.154261278413
0.154415678359
0.154578443396
0.154746431735
0.154921427066
0.155107058966
0.155305386801
0.155525917467
0.155792525924
0.156123399684
0.156506279197
0.156900063748
0.157279263283
0.157661033697
0.158048952558
0.158451194511
0.158884319261
0.159344647286
0.159825645373
0.160331136947
0.160857063887
0.161400333737
0.161964136113
0.162550666217
0.163160903425
0.163795513232
0.164456125223
0.165142742096
0.165851918963
0.166578268328
0.167322287387
0.168085935962
0.168848635106
0.169584759748
0.17029014161
0.170938514737
0.171358375489
0.171843050948
0.172221445843
0.172506239978
0.172657380937
0.172696206583
0.172645736411
0.172493109499
0.172226601209
0.171830705229
0.17128648233
0.170590871673
0.169758471993
0.168811221749
0.167772055185
0.166664572235
0.165515177874
0.164354208669
0.163214634106
0.162115699754
0.161054892972
0.160063980291
0.159160157518
0.158301531421
0.157439677745
0.156554521382
0.155754010232
0.155030602066
0.153008308245
0.152765985306
0.152771452338
0.15278347433
0.152812033128
0.152851329019
0.152896732068
0.152953015927
0.153020267058
0.153103034488
0.153215220003
0.153335945062
0.153459778641
0.153585117784
0.153724869631
0.153882903539
0.154042200285
0.154201240246
0.154368823855
0.154543288034
0.154724227933
0.154914273902
0.155112747975
0.155331424925
0.155593155839
0.155914105269
0.156289538686
0.156691399094
0.157083877546
0.157463333672
0.15784934111
0.158257486669
0.158692853439
0.159158703474
0.159649854898
0.160168462809
0.160708953799
0.161267652603
0.161848695468
0.162454351077
0.163086082872
0.163744669954
0.16443195436
0.165151571794
0.165906320372
0.16668774781
0.167478323074
0.168276102196
0.169074598364
0.169872604331
0.170671492899
0.171541906025
0.171498141856
0.171559965591
0.171887972887
0.172093887759
0.172149448669
0.172095087148
0.171937340534
0.171666271014
0.171273061618
0.170748872563
0.170084229308
0.169277265761
0.168336716665
0.16727764492
0.166117156725
0.164873001808
0.163563624028
0.162207566532
0.160820421751
0.159412273397
0.157927003998
0.156330556029
0.154609177097
0.152659156751
0.150302798889
0.147307956669
0.143484436421
0.138953544698
0.138648982213
0.152508383256
0.152514000341
0.152526553946
0.152559190932
0.152597709829
0.152640698267
0.152692729095
0.152762770819
0.152840556657
0.152953002667
0.153076099307
0.153202079144
0.153329798313
0.153471607457
0.153634869402
0.153801020638
0.153966252524
0.154139067328
0.154318717109
0.154506141534
0.154703164035
0.154903751704
0.155120717551
0.155378859793
0.155691345975
0.15605739206
0.156459294053
0.156859783614
0.157248838605
0.157634805514
0.158046775994
0.158487088169
0.158955147608
0.159449438517
0.159977775967
0.160536444928
0.161114188818
0.161714701586
0.162340557051
0.162994995781
0.16368049147
0.164399740001
0.165163700262
0.165976339794
0.16680844584
0.16763741538
0.1684758256
0.169343520478
0.170242478164
0.171268289194
0.17139446413
0.171487358222
0.171449261688
0.171541435722
0.17159251403
0.171526695864
0.171350378027
0.171063763646
0.170658216157
0.170126457189
0.169462743764
0.168662048414
0.167723230381
0.166651017704
0.165454332623
0.164143574064
0.162728846256
0.161218791963
0.159618850187
0.157927677333
0.156135281595
0.15416047918
0.151871326106
0.149170051869
0.145848919355
0.141474582408
0.135222387119
0.12535369318
0.106825645262
0.0617115671381
0.152229286655
0.152234987655
0.152249871761
0.152287179263
0.152325601757
0.1523668274
0.152416724518
0.152486643196
0.152559018554
0.152669621016
0.152794793702
0.152922860551
0.153053004647
0.153196925569
0.153363482253
0.153535845811
0.153709231453
0.153888023703
0.154071991587
0.154265120728
0.154470528992
0.154676099966
0.154891283052
0.155146328148
0.155452475109
0.15580823287
0.156203786204
0.156602018392
0.157003553141
0.157403076896
0.157816144354
0.158255539719
0.15872996882
0.159234629502
0.159765589185
0.160335311532
0.160933783375
0.16155620587
0.162206267925
0.162885736946
0.163599533434
0.164360160172
0.165185175044
0.166058114465
0.166933284898
0.167806321041
0.168728278799
0.169730514274
0.170862705074
0.171085785455
0.171202654803
0.171183451229
0.171116060165
0.171067260618
0.170970153475
0.170768307626
0.170452543885
0.170021004311
0.169467655933
0.168786601353
0.167973363971
0.167024406448
0.16593810876
0.164715669234
0.163360286646
0.161875289675
0.160262230689
0.158518903883
0.15663652431
0.154595086367
0.152355522883
0.149851188104
0.14686801346
0.143146444604
0.138393240287
0.131982850056
0.122692950477
0.108165352664
0.0836336560169
0.042815114061
0.151920358008
0.15192612984
0.151943300669
0.151985307447
0.152023436294
0.152066042366
0.152115521852
0.15218339837
0.152253395604
0.152363302178
0.152490594966
0.152620594949
0.152752957159
0.152898452947
0.153066581288
0.153242913566
0.153426236489
0.15361246875
0.153801023226
0.153999147633
0.154212361368
0.154426943073
0.15464162862
0.15489235259
0.15519414341
0.15554101628
0.155928222373
0.156320172142
0.156721955093
0.157138637996
0.157566900631
0.15800862241
0.158474520559
0.158983749625
0.159529467317
0.160109335078
0.160724545467
0.161369076682
0.162044299655
0.162752742652
0.163503218286
0.164321379602
0.165215705049
0.166143273051
0.167072906495
0.168029336858
0.169114612536
0.170406838664
0.170668082563
0.170768110019
0.170811164863
0.170768056322
0.170646256381
0.170467552931
0.17021543457
0.16986096678
0.169392307538
0.168805440088
0.168095618048
0.167257838351
0.16628782832
0.165181849435
0.163936787513
0.162550290837
0.161020082279
0.159342438349
0.157510209729
0.155510349917
0.153320429061
0.15090335429
0.148199061862
0.145114878081
0.141461597779
0.136862839901
0.1308880197
0.12292578603
0.111853304195
0.0958273031528
0.0716297416974
0.0383063927205
0.151574760692
0.151582363985
0.151600458268
0.151641843876
0.15168286588
0.151731842596
0.151784609178
0.151853262568
0.151927555845
0.152033055844
0.152161775265
0.152293647213
0.15242818842
0.152574950945
0.15274347224
0.152920214075
0.153109661927
0.153306456273
0.15350228714
0.153706584455
0.153925696711
0.154152181779
0.154374149813
0.154616944846
0.15491415536
0.155254125355
0.155632917678
0.156018940808
0.156414995433
0.156838911215
0.157283524155
0.157739733473
0.158206092514
0.158708773599
0.159257205696
0.159850883229
0.16048428116
0.161151890126
0.161852114739
0.162592598406
0.163395702025
0.164286446725
0.165248509425
0.166239726993
0.167260960703
0.168333825843
0.169695490886
0.170087305935
0.170246449399
0.17032617607
0.170330001421
0.17022275535
0.170006767066
0.16969863365
0.169296693005
0.168787392777
0.168161944322
0.167416331253
0.166546813552
0.165549083806
0.164418654314
0.163150777282
0.161740238944
0.16018107593
0.158465807001
0.156584007949
0.154520279195
0.152251499876
0.149742970976
0.146942794619
0.143773589415
0.140120151551
0.135815626027
0.130521787369
0.123687694347
0.114672078919
0.102611152238
0.0861586239238
0.062936557466
0.0336243889435
0.151197041361
0.151207849515
0.151225941449
0.151261203538
0.151307988088
0.151363701358
0.15142238575
0.151495872797
0.151579761444
0.151680038432
0.151807537622
0.151940584941
0.152077358244
0.152225558044
0.152394690009
0.152572174046
0.152762327923
0.152968090298
0.153173928239
0.153386811347
0.153611761633
0.15384972213
0.154088222249
0.154333325933
0.154617574526
0.154949144592
0.155319337741
0.155699695319
0.156088127222
0.156510232233
0.156962063879
0.157437458965
0.157915849179
0.158414810607
0.158958706029
0.159555893386
0.160204080382
0.160896471811
0.161625849695
0.162409779212
0.163281439861
0.164249696449
0.165283308137
0.166358670357
0.167512937142
0.16859990901
0.169208734571
0.169517475886
0.169706517693
0.169774013821
0.169712158047
0.169517082346
0.169195300059
0.168758417946
0.168210117121
0.167546685278
0.166764174267
0.165860000983
0.164831243598
0.163673882884
0.162382851009
0.1609519508
0.15937356186
0.157638154334
0.155733420662
0.153642856203
0.151343702395
0.148804103809
0.145979153233
0.142805314169
0.139192501476
0.13501289514
0.130084643934
0.124155958414
0.116769340565
0.107231818004
0.0947048618251
0.0782060465218
0.0560925067221
0.0295049698679
0.150800631426
0.15081184165
0.150828872891
0.150856991595
0.150906819912
0.15096518762
0.151027879243
0.151103899866
0.151194624844
0.151297289596
0.151425259668
0.15155967282
0.151698945757
0.151848776389
0.152018885843
0.152198515901
0.152390487836
0.152602372175
0.152818035696
0.153042713252
0.153276804544
0.153523335976
0.15377452646
0.1540352644
0.154320547258
0.154640856404
0.154995120016
0.155367194045
0.155745976214
0.156160439772
0.156610786203
0.157092936008
0.157590259161
0.158097232285
0.158640650499
0.159233249872
0.159884521783
0.160596329704
0.161363282765
0.162205623184
0.163154643525
0.164200678338
0.165315795217
0.166514487243
0.167952811317
0.168320725254
0.168585875098
0.168914396617
0.169091083713
0.169097836319
0.168951216149
0.168655686826
0.168217989058
0.167648922416
0.166955962292
0.166141417091
0.165205191145
0.16414622954
0.162962142567
0.161648804114
0.160200286891
0.158608751399
0.15686412417
0.154953528024
0.152860355516
0.150562850083
0.148032075734
0.145229115702
0.142101241991
0.138576670883
0.134557394342
0.12990944309
0.124449823787
0.11792899487
0.110015209176
0.100199355717
0.0877365412398
0.0717506096931
0.0509951080738
0.0264826669429
0.150390738889
0.150400400429
0.150415402185
0.15044127911
0.15048677022
0.150543177164
0.150606763748
0.150682079896
0.150775456419
0.150882560422
0.151013304362
0.151149517543
0.151291470815
0.151442880729
0.151613829104
0.151795562122
0.151989628033
0.15220651396
0.152430392511
0.152665987538
0.152914305228
0.153170249611
0.153433133278
0.153700067937
0.153993761434
0.154320640919
0.154669585907
0.155026259403
0.155392043242
0.155795520352
0.156240792585
0.156717806593
0.157222032098
0.157739486933
0.15828816303
0.158883247815
0.15953274017
0.16025525682
0.1610631459
0.16197414683
0.163000161548
0.164112155651
0.165269327244
0.166411952001
0.167242203552
0.167862072549
0.168055343822
0.168263320581
0.168370465411
0.168298203596
0.168052126144
0.167642785127
0.167080318721
0.166376660013
0.165541598916
0.164580784562
0.163496599383
0.162289082706
0.160956030858
0.159492876157
0.157892633067
0.156145773542
0.154239900784
0.152159156217
0.149883280417
0.14738622466
0.144634200009
0.141583024548
0.138174569676
0.134332036806
0.129953725585
0.124904907423
0.119007402816
0.112026600884
0.103655663177
0.0935004779367
0.0810561007616
0.0656331310023
0.0462293097936
0.0236770250445
0.149961652893
0.149972972282
0.149984686769
0.150013399842
0.150051635993
0.150103288858
0.150165066252
0.150238407131
0.150331766143
0.150438850556
0.15057223716
0.150709926217
0.15085366478
0.15100655888
0.151178514812
0.151361064241
0.151555515795
0.151776706186
0.15200757929
0.152250038406
0.152509673072
0.15277436447
0.153053174176
0.153333986085
0.153627892204
0.153959493308
0.154320350215
0.154673207433
0.155025796277
0.155414419979
0.15585510313
0.156329334208
0.15682998647
0.15734942567
0.157898020375
0.158493478937
0.15914290605
0.159874541563
0.160722877097
0.161706568848
0.162808434268
0.163980330502
0.16518975611
0.166584015994
0.166873002514
0.167085253208
0.167386815672
0.16755328284
0.167555933462
0.167377260626
0.167016465548
0.166483251195
0.165790617947
0.164952019051
0.163978597854
0.162877686474
0.161652933879
0.160304831667
0.158830955579
0.157226018219
0.155481860585
0.153587332199
0.151527969827
0.149285411025
0.146836477572
0.144151850293
0.141194244457
0.13791597512
0.134255772079
0.130134668728
0.125450767669
0.120072690233
0.113831572174
0.106511615651
0.0978394358927
0.08747275806
0.0749871200204
0.0599015742601
0.0415269545541
0.0208554999442
0.149504356125
0.149516486577
0.149529949114
0.149559706972
0.149596135049
0.149644785301
0.149703930606
0.149774790953
0.149865757259
0.149969193323
0.150103469445
0.150242360638
0.150385658628
0.150540006772
0.150714091224
0.150897267108
0.151090182303
0.151311841112
0.15154866758
0.151794919624
0.152062497951
0.152337354344
0.152624514226
0.152927342864
0.153235658834
0.153571585909
0.153943568224
0.154307333171
0.15464851727
0.155019307553
0.155446123211
0.155918274916
0.15642086252
0.156942375795
0.157484542647
0.158073089632
0.158716672381
0.159452327489
0.160338258388
0.161391765779
0.162552991841
0.163704915911
0.164770853582
0.165547733276
0.166337693413
0.166493143324
0.166662195115
0.166742275899
0.166635869973
0.16633544625
0.165847555116
0.165183825081
0.164358938958
0.16338734439
0.162280795973
0.161047179797
0.159690429125
0.15821086225
0.156605466216
0.154868043201
0.152989244513
0.150956461539
0.148753515528
0.146360092559
0.143750872483
0.14089429336
0.137750883663
0.13427108362
0.130392462979
0.126036234962
0.121102974567
0.115467495355
0.108972945305
0.101424404788
0.0925825953185
0.0821594544394
0.0698148657572
0.055188142652
0.0377188524117
0.018675145627
0.149018122751
0.149027866027
0.149047298207
0.149077454179
0.149115775702
0.149164409962
0.14922167666
0.149290387375
0.14937817418
0.149475830557
0.149608577894
0.149749247256
0.149890556263
0.15004370708
0.150221314256
0.150406649547
0.150598877117
0.150815636866
0.151053322893
0.151302778263
0.151573865396
0.151861334495
0.152163310591
0.152478067614
0.152805162482
0.153150456553
0.153534015924
0.153921634344
0.154265358998
0.15461817256
0.155021181836
0.155481654856
0.155983107017
0.156512547923
0.157054619038
0.157630501302
0.158260511885
0.1589890163
0.159905983107
0.161031439497
0.162246499567
0.163437187945
0.164629035976
0.165295183545
0.165553416328
0.165782923681
0.165892714692
0.165843823835
0.165606177036
0.165172466269
0.164549968384
0.163752657452
0.162796444821
0.161696055956
0.160463100493
0.159105171644
0.157625753121
0.156024501191
0.154297549613
0.152437706356
0.150434515756
0.148274160712
0.145939165586
0.143407861135
0.140653572706
0.137643490077
0.134337171404
0.130684627952
0.126623933464
0.122078308451
0.11695265828
0.111129612256
0.104465241286
0.09678488838
0.0878798553955
0.0775070252809
0.0653896222643
0.0512578241706
0.0346498171208
0.0169822916438
0.148509182152
0.148518074196
0.148539161596
0.148569702795
0.148610134385
0.148660098027
0.148716239262
0.14878355773
0.148869588846
0.148961579607
0.149089697
0.149232367766
0.14937304236
0.149521112246
0.149699846152
0.149888109681
0.150081300156
0.150292594375
0.15052538292
0.150774117007
0.151047303909
0.151335339651
0.151652550525
0.151982729091
0.152328602447
0.152687685299
0.153082165175
0.153498814881
0.15386820256
0.154215220247
0.154597022721
0.1550307212
0.155519006402
0.156049647035
0.156606632057
0.157177373525
0.157786616478
0.158487353318
0.159419713998
0.160600868184
0.161812331016
0.162969151144
0.164097251018
0.164725350705
0.164822364458
0.164969264757
0.165003539079
0.164833518161
0.164459163046
0.163886868983
0.163127867334
0.162198239672
0.161114718155
0.159891828667
0.158540468905
0.157067348069
0.155475009295
0.153762135193
0.151923876547
0.149952076642
0.147835349542
0.145558990113
0.143104691927
0.140450047116
0.137567802319
0.134424841589
0.130980863194
0.12718671322
0.12298233987
0.118294345368
0.113033148717
0.107089849581
0.100333023171
0.0926059396828
0.0837249712534
0.0734814396029
0.0616438176111
0.0480040038415
0.0321587645643
0.0155774776851
0.147979744576
0.147988048838
0.148008020941
0.148039718016
0.148080800936
0.148131226642
0.148186224269
0.148251365931
0.148339051941
0.148431311583
0.148548970873
0.148691798989
0.14883400629
0.148979674882
0.149151650048
0.149339967408
0.149534274949
0.149742075422
0.149970492133
0.150212820027
0.150487589496
0.150774440309
0.151087167012
0.151424990133
0.151784632666
0.152165903538
0.1525765545
0.15302337549
0.153444218981
0.153805141941
0.154177731102
0.154590181453
0.155055139
0.155566010592
0.156123788406
0.156710123616
0.157313742875
0.157968155957
0.158871743665
0.160118583326
0.161359183589
0.162429276849
0.162969289585
0.163831058099
0.164033241455
0.164085984526
0.163999205809
0.163702917048
0.163192008438
0.162480984639
0.161587522948
0.160530069678
0.159325662524
0.1579881449
0.156527267907
0.154948468757
0.153253065645
0.151438626544
0.149499323276
0.147426169544
0.14520710509
0.142826911404
0.140266946356
0.137504684584
0.134513047392
0.13125950253
0.127704907135
0.12380206162
0.119493940377
0.114711577462
0.109371619224
0.103373634185
0.0965974034424
0.0889006893658
0.0801182030766
0.0700641930587
0.058534442297
0.0453565800183
0.0301579778066
0.0144000609969
0.147430579699
0.147438598627
0.147457801687
0.147490986907
0.147530366401
0.147578674426
0.147632691223
0.147694123603
0.147780747757
0.147877122701
0.147983887866
0.148124600559
0.148267799138
0.148414904125
0.148576838768
0.148760720243
0.148954084124
0.149158917848
0.149386584901
0.149624157379
0.149891299525
0.150180649114
0.150485689176
0.150819651692
0.151182817374
0.151571947628
0.151996843059
0.152463889177
0.152950039964
0.153369164883
0.153744977944
0.154148666482
0.154593618358
0.155091624781
0.155630636974
0.156217795746
0.156838051957
0.157472777062
0.158263506006
0.159509677548
0.160939253774
0.162434293263
0.16261554967
0.162743901566
0.163058630195
0.16309964821
0.162887068408
0.162453619197
0.161805468502
0.16095909935
0.159936505787
0.158758171981
0.157441025609
0.155997796373
0.154436765147
0.152761881461
0.150973131476
0.149066977357
0.147036732191
0.144872801181
0.142562765389
0.140091302529
0.137439943416
0.134586660141
0.131505278764
0.12816470022
0.124527902117
0.120550679582
0.1161800752
0.111352449797
0.105991172698
0.100003975648
0.0932801407241
0.085687972768
0.0770732253568
0.0672611213293
0.056057091216
0.0433001087861
0.0286235935193
0.0134371433419
0.146862701364
0.146870604064
0.146893558773
0.146926452295
0.146961001089
0.147005466104
0.147058419995
0.147117121445
0.147195082022
0.14729096978
0.147391116016
0.147527827592
0.147670187066
0.147815962864
0.147970365951
0.148148667668
0.148336571581
0.148537361692
0.148764421922
0.149002105453
0.149257583174
0.149541749262
0.149842067431
0.150171998319
0.150529200987
0.150913993826
0.151338300395
0.15180750168
0.152324396556
0.152843218663
0.153276167364
0.153682926217
0.154119801081
0.154599879204
0.155132287019
0.155714088135
0.156345809421
0.157020165535
0.157727054088
0.158685599075
0.159989696914
0.161425858078
0.162046963018
0.161935676264
0.162032795456
0.161987956523
0.161659433702
0.161088696404
0.160303982619
0.159327527034
0.158183365046
0.156892775567
0.15547207733
0.153932557051
0.152280823251
0.150519263459
0.148646565795
0.146658213268
0.144546868434
0.142302609632
0.139913011124
0.137363072792
0.134635006437
0.13170788472
0.128557150115
0.125153968302
0.121464386612
0.11744823455
0.113057678711
0.108235335046
0.102911846972
0.0970028853134
0.0904056230136
0.0829950209532
0.0746204811851
0.0651057251702
0.0542470584581
0.0418681422551
0.027581145411
0.0127070527636
0.14627636071
0.146285038757
0.146311416626
0.146340111862
0.14637026253
0.146411801648
0.146463363018
0.146520320685
0.146589226921
0.146680062937
0.14677345602
0.146902323771
0.147043164522
0.147183293343
0.147330864448
0.147505814801
0.147686092049
0.147877560736
0.148100967402
0.148335552295
0.148583194481
0.148860165713
0.149150644133
0.149477220474
0.149827045611
0.150205496391
0.150615080122
0.151069750207
0.151574225156
0.152134678472
0.152688488121
0.153159627641
0.153616033593
0.154093903896
0.154618242593
0.155198740739
0.155841294315
0.156546331635
0.157292428028
0.158110005882
0.159007112993
0.159642093192
0.160849844389
0.160973521372
0.160945895448
0.160765747468
0.160314217962
0.159610559192
0.158693789947
0.157594117004
0.156337180751
0.154943865274
0.153429253239
0.151802922226
0.150069722648
0.148230522603
0.146282850477
0.144221419308
0.142038506265
0.139724177451
0.137266365969
0.134650817531
0.13186092084
0.128877435564
0.125678121191
0.122237243324
0.118524899894
0.114506065749
0.110139216296
0.10537436042
0.100150290841
0.0943908774825
0.0880002519116
0.0808570113012
0.0728076457125
0.06366201074
0.0531866272526
0.0411546754217
0.0271174981137
0.0122607452692
0.145669528836
0.145678229137
0.145696690593
0.145724121116
0.145755161794
0.145795683036
0.145845493411
0.145899639102
0.145963221599
0.146048269471
0.14613780134
0.146252135973
0.146391742978
0.146526757477
0.146665744877
0.146835605606
0.147012732488
0.147194520932
0.147404428296
0.147631417295
0.147868521798
0.148140676182
0.148422438063
0.148731433697
0.14907057599
0.149442173113
0.149837421493
0.150271058177
0.150750408328
0.15128346854
0.151874557244
0.152469900668
0.153008997014
0.153531200051
0.154070439163
0.154653746556
0.1552984095
0.156019646556
0.156818389959
0.157741291544
0.158623394497
0.159074284916
0.159587540084
0.159862703608
0.159792708485
0.159457022884
0.158862969876
0.158025543802
0.156982177367
0.155767205931
0.154406891282
0.152920703037
0.151321837497
0.149617936772
0.147812104797
0.145903827295
0.143889684882
0.141763879852
0.139518596354
0.137144211129
0.134629374012
0.131960982123
0.129124072385
0.126101656604
0.122874502572
0.119420828824
0.11571582257
0.1117308336
0.107432037739
0.102778315042
0.0977180298587
0.0921843498673
0.0860886746832
0.0793119013318
0.0716931425054
0.063018434296
0.0530049819018
0.0413322383938
0.0274338799683
0.0122320114162
0.145043784386
0.145051359132
0.145062559287
0.145089280676
0.145121648893
0.145159805707
0.145205449473
0.145255336768
0.145313022373
0.145392608824
0.145482267266
0.145580863129
0.145716650569
0.145851460584
0.145985501905
0.146140373771
0.146314184835
0.146490641761
0.146682126482
0.146900563902
0.147125887678
0.147380811356
0.14765719048
0.147945611224
0.148268201893
0.148618529116
0.14900085645
0.149414692649
0.149866455666
0.150367104766
0.150916287401
0.151524651096
0.152147890733
0.152756038805
0.153345150091
0.153951936425
0.154600363526
0.155321726637
0.156146923808
0.157224506422
0.158410451407
0.158647028993
0.158595239404
0.158735409034
0.158553321373
0.158055288893
0.157308599622
0.15633726474
0.155174512528
0.153853841066
0.152400355699
0.150831354119
0.14915773871
0.147385134426
0.145515024415
0.143545734116
0.141473160279
0.139291277675
0.136992472849
0.134567742348
0.132006785656
0.129298022556
0.126428573327
0.123384234564
0.120149458146
0.116707278966
0.113039064748
0.10912388333
0.104937219495
0.100448705427
0.0956184203328
0.090391167933
0.084687821309
0.0783927681602
0.0713357464689
0.0632704056733
0.0538438511287
0.042599578024
0.0288212944805
0.0128571548273
0.1444031246
0.144410748153
0.14442578883
0.14444766154
0.144475209833
0.144507665807
0.144546921109
0.144592252731
0.144643457652
0.144714879905
0.144802529478
0.144889324565
0.145013693857
0.145150734587
0.145281727451
0.145418905775
0.145585799101
0.145754459825
0.145928980187
0.146136798114
0.146353808705
0.146585770419
0.146848038578
0.147117787888
0.147422836281
0.147748666107
0.148112097866
0.148502140575
0.148925842061
0.149393779156
0.149903978373
0.150456913951
0.151056702176
0.151684041086
0.152312548055
0.152940253679
0.153588349698
0.154282889284
0.155066839684
0.156027147819
0.157547767754
0.157937568138
0.157602245622
0.157508645357
0.15717520335
0.156527712705
0.155639318987
0.154544259677
0.153274069224
0.151859730497
0.150324280354
0.148682673637
0.146943543537
0.145110653219
0.143184117975
0.141161393416
0.139037984909
0.13680792406
0.134464076895
0.131998338447
0.129401749278
0.126664575569
0.123776403866
0.120726300852
0.11750303908
0.114095309622
0.110491743242
0.106680489977
0.102648047763
0.0983769763009
0.0938419780864
0.0890035521068
0.0837977316741
0.0781195416868
0.0717953073711
0.0645419698118
0.0558953036781
0.0451702038584
0.0314056683595
0.0139785151293
0.143747245417
0.143754220155
0.143771031775
0.143789471843
0.14381043794
0.143838466203
0.143872973262
0.143914545947
0.143960854883
0.144021780294
0.144103948704
0.144187369512
0.144288764322
0.144423925085
0.144550560443
0.144675399607
0.144829272937
0.144991317774
0.145153199553
0.145340774795
0.145545569339
0.145757365313
0.14600348282
0.146258217081
0.146536594355
0.146842681488
0.147176539258
0.147540945126
0.147936259451
0.148367474194
0.148843412665
0.149353933369
0.149906490151
0.15049362329
0.151110785799
0.151735613944
0.152364440478
0.152998256126
0.153658213161
0.154393582752
0.155601088291
0.156563247161
0.156223607593
0.15602640174
0.155599378484
0.15484719217
0.153846476329
0.152647297729
0.151285415658
0.149790857234
0.148184951351
0.146480683489
0.144684777137
0.142799469839
0.140823840754
0.138754792083
0.136587726655
0.134316993861
0.131936180886
0.129438314078
0.126816013709
0.124061653885
0.121167604429
0.118126617046
0.114932348703
0.111579894865
0.108066101834
0.104389372753
0.100548674923
0.0965414590466
0.0923600693274
0.0879859648742
0.0833800855533
0.0784662346439
0.0730992538015
0.0670052586807
0.0596366671545
0.0499855808394
0.0361560048304
0.0152130815498
0.143075720843
0.143080104035
0.143090592824
0.143103755699
0.143124962388
0.143152537805
0.143184946917
0.14322327064
0.143264185915
0.143314207025
0.143386610235
0.143470531607
0.143551448695
0.143671291311
0.143799002237
0.143916552308
0.144047699514
0.144203331744
0.144356683739
0.1445185776
0.144709661234
0.144903862935
0.145123890225
0.14536598836
0.145613536795
0.145899270669
0.14620365761
0.146541587396
0.146906876025
0.147304300628
0.147745882934
0.148224980399
0.148744601009
0.149301701109
0.149893067506
0.15050771916
0.151121223255
0.151709139139
0.152241011831
0.152634378721
0.152906317289
0.15450669456
0.154513678866
0.154325514286
0.153848513051
0.153027569043
0.15194116827
0.150656352761
0.149217237835
0.147654680954
0.145988774301
0.144230868472
0.142386134894
0.140455625724
0.138437699074
0.13632898888
0.134125044716
0.131820750592
0.129410606272
0.126888948018
0.124250151175
0.121488889238
0.118600552103
0.115581903796
0.112431936797
0.109152730472
0.105750011489
0.102233125115
0.0986141937192
0.0949063742919
0.0911210701639
0.0872639798112
0.083329063977
0.0792889983138
0.0750763901644
0.0705459583704
0.0653576397682
0.0587761538202
0.0481309095133
0.0249726927857
0.142392073473
0.142394309034
0.142398573521
0.142403142785
0.142427303245
0.142455269514
0.142485650314
0.142519966596
0.142554897893
0.142595079827
0.142654728898
0.142732837783
0.142809702286
0.142901241361
0.143024741769
0.143139980542
0.143250750793
0.143389956837
0.143535286783
0.143676684047
0.143846000786
0.144027191915
0.144215224538
0.144436107521
0.144664325885
0.144916662727
0.145197419329
0.145505373784
0.145841746075
0.146209405907
0.146616909992
0.147067482285
0.147561391304
0.148098481085
0.148676632584
0.149287139406
0.149912745366
0.150508048169
0.151007046437
0.151184584929
0.150838377553
0.152299311679
0.152713310211
0.152562637698
0.152014176409
0.151116213083
0.149949456451
0.14858783688
0.147080780889
0.145459325232
0.143741897561
0.141938058446
0.140051522764
0.138082359403
0.136028430181
0.133886313996
0.131651895163
0.129320751978
0.126888433053
0.124350703665
0.121703805087
0.118944826011
0.116072331354
0.113087327132
0.109994459356
0.106803142903
0.10352824364
0.100190027787
0.0968132792681
0.0934257393142
0.0900560561264
0.0867318272609
0.0834776465298
0.0803145000478
0.077260147545
0.0743347943848
0.0715680745429
0.0691095190484
0.0669109994142
0.0682520549855
0.14169881839
0.141701524414
0.14170782652
0.141712649719
0.141728998363
0.141753044996
0.141779552285
0.141808486526
0.141838354957
0.141870115715
0.141913990549
0.141979228802
0.142056187164
0.142127912788
0.142227432544
0.142342351232
0.142443178123
0.142552284077
0.142688967254
0.142817876392
0.142954848655
0.143121565936
0.143288365418
0.143478762116
0.143689533978
0.14390846103
0.14415800457
0.144433016252
0.144738444543
0.145073704079
0.145447832347
0.145870063268
0.146338631656
0.146857890704
0.147433944466
0.148058335783
0.148721658101
0.149391451853
0.150046295508
0.150394133988
0.150519675341
0.150688167988
0.151068847948
0.150847278893
0.150167760835
0.14915516457
0.147894817409
0.14645600413
0.144885544871
0.143211483572
0.141449251115
0.139606044082
0.137683970456
0.135682171177
0.133598139068
0.131428537646
0.129169711794
0.126818039771
0.124370201442
0.121823456117
0.119175958644
0.116427260486
0.113579180825
0.110637113452
0.107611546823
0.104519349337
0.101384350462
0.098236973002
0.0951129618466
0.0920516031561
0.0890938441119
0.0862813434321
0.0836565337984
0.0812665839119
0.0791709675228
0.0774591751379
0.0762791450911
0.0759233806719
0.0767555101749
0.0805441320843
0.140996588955
0.14100012788
0.14100859426
0.141022744084
0.141029170958
0.141048095096
0.141070075778
0.141093502093
0.141118652525
0.141141489338
0.141169433848
0.141215409497
0.141280119058
0.141347120514
0.14141754076
0.141519419292
0.141620057549
0.141708058592
0.14182009035
0.141940439586
0.142053974356
0.142193025486
0.142344501589
0.142503656392
0.142684359622
0.142877831138
0.143089942942
0.143332094446
0.143597622535
0.143895045946
0.144235139509
0.144620110353
0.145056277923
0.145552241527
0.146121756477
0.146767580521
0.147490340573
0.14827032515
0.149158899954
0.149659330403
0.149956344879
0.149734962146
0.149659164728
0.149179481253
0.14831125276
0.147152630386
0.145784628861
0.144266433398
0.142635952664
0.140914756397
0.139113794003
0.137237302064
0.135285598827
0.133256908075
0.131148436834
0.128957029363
0.126679575615
0.124313317832
0.121856108057
0.119306718048
0.11666521276
0.113933596617
0.11111697147
0.108225208883
0.105274738929
0.102289809118
0.0993026768342
0.0963525706175
0.0934836434533
0.0907425257555
0.0881759087475
0.0858295604164
0.0837479440469
0.081979038981
0.0805811492134
0.0796368620726
0.0792753844344
0.0797156709386
0.0812026020236
0.083744922939
0.140290196533
0.140293112115
0.140298281646
0.140318242803
0.140326890856
0.140341579403
0.140358882644
0.140376581848
0.140395534607
0.140410527018
0.140426197826
0.140450191922
0.140494651018
0.140553257973
0.140609642257
0.140677797952
0.14077215947
0.140857670885
0.140937770278
0.141042084269
0.141145275232
0.141249967635
0.141376608075
0.141509203232
0.141656495941
0.141819967497
0.141997671427
0.142198779275
0.142424745225
0.142681964817
0.142972806399
0.143307633111
0.143697953947
0.144158586102
0.144706965971
0.145361604259
0.146138436816
0.14703188384
0.148042264241
0.148144012118
0.148980316386
0.148733614706
0.148297878759
0.147491321807
0.146400233475
0.145085647504
0.143608789922
0.142015000083
0.140330792587
0.138569404207
0.136736485937
0.13483309585
0.132857779306
0.130807942221
0.128680618153
0.12647292991
0.124182382287
0.121807124658
0.11934619307
0.116799858983
0.114170053881
0.111461191023
0.108681661354
0.105845896475
0.102976328149
0.100104392314
0.0972700053694
0.0945195273812
0.0919026344664
0.0894689035092
0.0872644704471
0.0853302506072
0.0836995642089
0.0824023064647
0.0814644814902
0.0809179234768
0.0808394488591
0.0813746960226
0.0825562561483
0.0836819983323
0.139584275367
0.139586648772
0.139590923819
0.139608936598
0.139627092989
0.139635298635
0.139645877136
0.139656341469
0.139667161425
0.139676451663
0.139682374112
0.139690573202
0.139710824555
0.139749883823
0.139799624547
0.139843568822
0.139908594592
0.139986832797
0.140051019173
0.140124046085
0.140212159943
0.140294934018
0.140388048449
0.14049394308
0.140608258599
0.14073429722
0.140876359823
0.141034297659
0.141219506944
0.141427376278
0.141660173365
0.141935417055
0.142260562385
0.142657890485
0.143149541246
0.143779412035
0.144609919641
0.145727299234
0.147645978637
0.147747777256
0.147865920452
0.147481943456
0.14679007741
0.145676671294
0.144368963231
0.14291469489
0.141346114066
0.139691105934
0.137965143046
0.136173548575
0.134317070964
0.13239401623
0.130401524997
0.128336464099
0.126195891324
0.123977340875
0.121679011486
0.119299996883
0.116840514989
0.114302304027
0.111689095843
0.109007654121
0.10626968392
0.103494294126
0.100709994896
0.0979551637099
0.0952764953533
0.092725719813
0.0903552803371
0.088213981185
0.0863426893726
0.0847719399471
0.0835172123997
0.0825821626714
0.0819428169715
0.0815573708901
0.0814234287426
0.0815104738613
0.0819204219479
0.0835285408126
0.138872904011
0.13887447717
0.138879823429
0.138888343863
0.138908641668
0.13891881004
0.1389266174
0.138930527632
0.138933164389
0.138936442967
0.138934003469
0.138931815398
0.138930394318
0.138944568886
0.138977053806
0.13901481481
0.13905006925
0.13910459204
0.139159571604
0.139206804419
0.139261342413
0.139326102208
0.139390482699
0.139462082767
0.139542823996
0.139633611498
0.139732759433
0.139847820312
0.139976715733
0.140122728691
0.140285954411
0.140481952871
0.140720191448
0.141017863783
0.141400912866
0.141920276119
0.142646106114
0.143658588611
0.145155732005
0.147419834665
0.146735881049
0.145743388209
0.144863079876
0.143585851286
0.142141090088
0.140598340479
0.138974691277
0.13728386936
0.1355340435
0.133725378074
0.131855420647
0.12992082057
0.127918032153
0.125843846135
0.123695633875
0.121471518004
0.119170485968
0.116792616918
0.114339300781
0.11181370269
0.109221276367
0.106571090335
0.103878240352
0.101166709577
0.0984712057673
0.0958367762732
0.0933159386833
0.0909640318887
0.0888338126659
0.0869704917434
0.0854070793165
0.0841626218339
0.0832362612887
0.0826117879882
0.0822253512823
0.0820053953186
0.0818327866704
0.0812389484028
0.0813494932437
0.0824199071445
0.138148115533
0.138146838601
0.138148445304
0.13814690064
0.138160673579
0.138181131181
0.138194144749
0.138195027183
0.138191538751
0.138187438542
0.138179968248
0.138166695442
0.138154382123
0.138143953958
0.13815027202
0.138173780088
0.138195954362
0.138219576873
0.138255419562
0.138289263691
0.138314673992
0.138344196791
0.138383829058
0.138421828861
0.138465568489
0.138516500519
0.138570678378
0.138629324132
0.138692404096
0.1387626216
0.138842630823
0.138943350509
0.13907661689
0.13924632444
0.139478506607
0.139821761377
0.140305370223
0.140996080896
0.141945344936
0.142250466711
0.144252761682
0.143305168876
0.142388702643
0.141134264013
0.139676345348
0.138117441975
0.136485159091
0.134789284219
0.133036453579
0.131225438235
0.129352903885
0.127415272464
0.125409207987
0.123331983849
0.12118162318
0.118957036929
0.116658103752
0.114285930047
0.111843063718
0.109334055064
0.106766001098
0.104150261984
0.101505490192
0.0988608460845
0.0962574129672
0.0937466027286
0.0913857111147
0.0892318684037
0.0873357402363
0.0857363652023
0.0844570227345
0.0835059096491
0.0828705044103
0.0825286709477
0.0824263550131
0.0826142894611
0.0828704795078
0.0816620349786
0.0820737274136
0.0822525665709
0.137413919206
0.13740815058
0.137402249411
0.137396978843
0.137401196762
0.137420388241
0.137438947168
0.137443455715
0.137439281721
0.137430446214
0.137419479373
0.137400428281
0.137380197406
0.137355969182
0.137337535349
0.137331617111
0.137339784487
0.137343341202
0.13734911633
0.137361663789
0.137370276396
0.137368840189
0.137369634637
0.137376455706
0.137382135256
0.137384682088
0.137385724918
0.137381660953
0.137378364264
0.1373704361
0.137369919252
0.137367689664
0.137372113124
0.137391591385
0.137452013218
0.137571986204
0.137800454447
0.138260206723
0.139378581247
0.139267617465
0.140405506299
0.140149880339
0.139490370613
0.138383202412
0.137000196418
0.135485052263
0.1338856223
0.132213303438
0.130477259075
0.128677947855
0.126813248155
0.124880698941
0.12287802858
0.120803527469
0.118656189979
0.116435902033
0.114143522451
0.111781219733
0.109352676439
0.106863789722
0.104323224121
0.101744673011
0.0991506264431
0.0965758495447
0.0940680295079
0.091684604299
0.0894865489628
0.0875309691383
0.0858640595205
0.0845158443769
0.0834966061027
0.0828000740382
0.0823956955501
0.0822607369844
0.0823799946411
0.0828365118717
0.0829969010023
0.0845193427198
0.0826927055847
0.0822801043646
0.136682106886
0.136672254998
0.136661105197
0.136653146208
0.136647752451
0.136651934721
0.136665626182
0.136679025279
0.13667882055
0.136669484778
0.136654392911
0.136633842728
0.136603270478
0.136573199956
0.136537888041
0.136507697613
0.136485384375
0.13647167693
0.1364536431
0.13643511207
0.136418734009
0.136396759974
0.136364723442
0.136330736226
0.13629528184
0.136250090819
0.13619414197
0.13613395299
0.136061730469
0.135982045625
0.135882720216
0.135764864215
0.135632447712
0.135497384086
0.135366401862
0.135248636425
0.135236095704
0.135519958468
0.136760081991
0.13655064062
0.137140684276
0.136918217324
0.136359629975
0.13542420917
0.134164690662
0.132733046892
0.13119711681
0.129570663711
0.127867205225
0.126091000488
0.124242747261
0.122322144978
0.120328640385
0.118261945186
0.116122258607
0.113910574365
0.11162878333
0.109280131461
0.106869397698
0.104403791266
0.101893473099
0.0993545813462
0.0968138576297
0.0943122098053
0.0919041649363
0.0896527743495
0.087621578389
0.0858661165645
0.0844265060482
0.0833222035222
0.0825487335743
0.0820783841663
0.0818449505154
0.0818140806508
0.0819409543362
0.0822171877267
0.0829553498412
0.0827213790692
0.082072891952
0.0818076163675
0.135958037072
0.135946969315
0.135934263174
0.135921662136
0.135909799756
0.135900153765
0.135901058168
0.135915531099
0.135918476703
0.135909174554
0.135890577888
0.135865513566
0.135830104156
0.135788205551
0.135744223592
0.135693051876
0.135643219543
0.135599743247
0.135562369699
0.13551852588
0.135472814848
0.135419373074
0.135363168205
0.135290958364
0.135209535503
0.135117244235
0.135012180123
0.134891248475
0.134750718467
0.1345805949
0.134377916341
0.134156488665
0.133901195003
0.133605718894
0.133252078778
0.132834639485
0.132375270516
0.131929707452
0.131474689149
0.132540490216
0.13396682868
0.133649633507
0.133050158251
0.132304356383
0.131220422489
0.129904291845
0.128451171769
0.126883679093
0.125222133919
0.123476050084
0.121649909717
0.1197461306
0.117766191455
0.11571140504
0.113583263617
0.111383913159
0.109116269825
0.106784643878
0.104394850048
0.101955380686
0.0994778229605
0.0969809588578
0.0944963334651
0.0920716052165
0.0897682820268
0.0876543946324
0.0857947324166
0.0842417848167
0.0830287322954
0.0821657014758
0.0816378621618
0.0814023666684
0.0813713401048
0.0814983549038
0.0815492632047
0.0816405737728
0.0818320810541
0.0816398915375
0.0813378574841
0.0811806168749
0.135239456417
0.135232238013
0.135219567447
0.135204017946
0.135186485094
0.135168505954
0.135155435834
0.13515892355
0.135163452545
0.135153815394
0.135132353372
0.135101145509
0.135062149896
0.135011047506
0.134954568029
0.134886571005
0.134814202613
0.134745407989
0.134676711303
0.134608009831
0.13453701877
0.134454185816
0.134359836519
0.13425333759
0.134127763685
0.133986740825
0.133830063442
0.133645055548
0.133426475485
0.1331708905
0.132896683501
0.13257682901
0.132196043796
0.131733236074
0.131151037418
0.130400996779
0.129403694868
0.127865898285
0.12543897549
0.126624626971
0.128308217664
0.129729767851
0.129648960608
0.129151074875
0.12825700096
0.127060395741
0.125689298437
0.124180164239
0.122561038864
0.120846464021
0.119044468393
0.117159993738
0.11519639747
0.113156486009
0.11104295401
0.108859039504
0.106608608859
0.104296993074
0.101930956384
0.0995202556273
0.0970778306958
0.094625414366
0.0922000456943
0.0898567592502
0.0876639972913
0.0856937866395
0.0840103726995
0.0826610625893
0.0816701986103
0.0810379261597
0.0807416386326
0.0807405832674
0.0809963140848
0.081475644138
0.081346506545
0.0817054797329
0.0811588112454
0.080856496812
0.0806419327043
0.0805365399724
0.134530463288
0.134528525284
0.134516770831
0.13449970634
0.13447809479
0.134453713726
0.134431143488
0.134415467303
0.134413837754
0.134405027957
0.134381840599
0.134345819258
0.134298846537
0.134241717373
0.134169304963
0.134092270861
0.134003106388
0.133911696118
0.133813579311
0.133715101717
0.133611869554
0.133501565539
0.13336808716
0.133219525975
0.133050630095
0.132862878211
0.132647290395
0.132397140814
0.13210804637
0.131798232513
0.131444458384
0.13102390072
0.130527829659
0.129926665841
0.129175554701
0.128208570928
0.126919690494
0.125059323588
0.124245851125
0.124454279167
0.124383542705
0.126283631689
0.126567708708
0.126185193137
0.125391983649
0.124267994227
0.122952612341
0.121486878279
0.11990208403
0.118215092635
0.116435880426
0.114570951124
0.11262494272
0.110601786639
0.108505129159
0.106339150554
0.104108532215
0.10181956152
0.0994798424383
0.0971003971506
0.0946954362832
0.0922900835382
0.0899276899867
0.0876712450177
0.0855958295401
0.0837761606279
0.0822739294967
0.0811289147544
0.0803536870335
0.0799339041414
0.0798310190211
0.0799939316776
0.0803643965542
0.080827726041
0.0817949966454
0.080862338617
0.0803984856098
0.0801227990106
0.079961288095
0.0798880587463
0.133839463459
0.13383713143
0.133825645907
0.133806546125
0.133782049659
0.133753008404
0.133723322262
0.133694806932
0.133674983756
0.133663773201
0.133640842444
0.133601295059
0.133547156784
0.133480032113
0.133398175973
0.133305996696
0.133206808374
0.133090664892
0.132970274847
0.132842040936
0.132705306566
0.132558134427
0.132389285155
0.132197014097
0.131984137992
0.131746616775
0.13147622015
0.131165503525
0.130827882967
0.130449574141
0.130010164077
0.129505918651
0.12892264484
0.128236820209
0.127412811066
0.126420164668
0.125205439333
0.123762580393
0.123291668465
0.123788223445
0.122997728965
0.123872304619
0.123978506029
0.123498805421
0.122685492177
0.121565644465
0.120266849959
0.118821850544
0.117258401102
0.115591846561
0.113831872764
0.111985195916
0.110056903321
0.10805154344
0.105973375102
0.103827327013
0.101618724968
0.0993547494442
0.0970437170205
0.0946979527727
0.0923328414216
0.0899775084687
0.0876825328233
0.0855192874118
0.0835687972151
0.0819067556443
0.0805902270604
0.0796499859123
0.0790861731764
0.0788702116519
0.0789485256253
0.0792563804581
0.0796778820842
0.0800930866472
0.0801664194528
0.0798072253016
0.0795449549684
0.079372277841
0.0792679675989
0.0792196885263
0.13316596264
0.133158467459
0.133145453226
0.133123939531
0.133096664108
0.133064302379
0.133027747702
0.132992138538
0.132959337176
0.132933346619
0.132909597198
0.132868651793
0.132809482434
0.132733965975
0.132643884794
0.132537728568
0.132418749237
0.132286512925
0.132141403073
0.131987653319
0.131818590347
0.131631521398
0.131423297441
0.131190401952
0.130933401789
0.130645028322
0.130320111418
0.129959530609
0.129558942561
0.129103951288
0.128593330311
0.128020995899
0.127381011947
0.126663393406
0.125859286469
0.124972331326
0.123974721123
0.122737031076
0.12249025085
0.121496080543
0.121696124666
0.122048213339
0.121780319974
0.121054440956
0.120128343561
0.118954880521
0.117636938603
0.116190985193
0.114635944716
0.112982342668
0.111237572869
0.109407326716
0.107496359539
0.105509356697
0.10345085945
0.101326368635
0.0991416825262
0.0969048399337
0.0946247355675
0.0923150918183
0.0899923541076
0.0876904864101
0.0854682913648
0.0834057309053
0.0815885751242
0.0800910380756
0.0789625119907
0.0782221421037
0.0778577363282
0.0778348326794
0.0780991875419
0.0785692080467
0.0790263653394
0.0796064973368
0.0791130764574
0.0788485723525
0.0786853286641
0.0785904403311
0.0785348486715
0.0785001085783
0.132504454262
0.132492707215
0.132476687253
0.132453955335
0.132425041018
0.132390987526
0.132351728142
0.132308348375
0.132268237558
0.132225796142
0.13218826828
0.132145886091
0.132084451913
0.132003368523
0.131903727128
0.131786818148
0.131650601905
0.131499267997
0.131333174274
0.131151167515
0.130948163728
0.130723336654
0.130475730399
0.130202875085
0.129898394841
0.129557639994
0.129177610286
0.1287570668
0.128285726495
0.127764088821
0.127189574978
0.126561873957
0.125884146349
0.12516700328
0.124426235174
0.123677207569
0.12292457077
0.122017057009
0.122420829956
0.121568011795
0.120712301152
0.120481450054
0.119803445727
0.118757349453
0.11766639365
0.116407533496
0.11504960817
0.113589129784
0.112033908212
0.110388023035
0.10865549871
0.106840280851
0.104946306933
0.102978092685
0.1009402288
0.0988386870616
0.0966795945387
0.0944718715089
0.0922248522552
0.0899538318953
0.0876761727317
0.0854318063114
0.0832888040662
0.081335736016
0.0796616810682
0.0783367401309
0.0773988019609
0.0768496089781
0.0766581464057
0.0767809974606
0.0771565613398
0.0777069758221
0.0784551617732
0.0781977933492
0.0779903029935
0.0778609071245
0.0777931818779
0.0777625264278
0.0777455321935
0.0777297693148
0.131851288827
0.131839338103
0.131822338762
0.131801328441
0.13177371691
0.131739864908
0.131699596358
0.131652330407
0.131601132294
0.131549798087
0.131491833407
0.131435845134
0.131368860798
0.131284470039
0.131177706037
0.131049610435
0.130900907985
0.130729827512
0.130540112734
0.130329163603
0.13009497296
0.129834228269
0.129547668803
0.129229629476
0.128874668961
0.12847998787
0.128040151922
0.127552859806
0.127015074063
0.126427014352
0.125787996744
0.125103530407
0.124389856378
0.123670488555
0.12297321564
0.122350347124
0.121918274767
0.121841040068
0.122613415714
0.121662689998
0.119898975646
0.118829048433
0.117786446497
0.116463562612
0.115220137437
0.113879781615
0.112481522168
0.111004631111
0.109447239792
0.107807527685
0.106086293323
0.10428571549
0.102408837608
0.100459949385
0.0984436043403
0.0963662551518
0.094234259926
0.09205752291
0.0898456721286
0.0876158492589
0.0853861299032
0.0832038756298
0.0811473880825
0.0793135570236
0.077793212621
0.0766505213237
0.0759111380418
0.0755596345033
0.0755399194301
0.0757603798944
0.076125045998
0.0768385646827
0.0769913162287
0.0769347750711
0.076879671621
0.0768547289791
0.0768643451336
0.0768867458667
0.0769001071975
0.0769104423045
0.131218965935
0.131207743662
0.131195027834
0.131177688616
0.131152855915
0.131119583528
0.131077653363
0.13102672958
0.130966176284
0.130904247977
0.13083336017
0.130754321064
0.130667657277
0.130578150897
0.130464676553
0.130327638073
0.130164440477
0.129976292828
0.129762186386
0.129523292444
0.12925659652
0.128960349162
0.128632229005
0.128265939429
0.127859320738
0.127407962069
0.126906718929
0.126353193396
0.125745974559
0.125086934582
0.124378277032
0.123629093571
0.122859217994
0.122091724943
0.121358903469
0.12077095128
0.120485588812
0.120793846323
0.122146491043
0.119375490698
0.118255838746
0.116733268199
0.115519612111
0.114051934067
0.112721046696
0.11133235211
0.109910455712
0.108425524433
0.106870131174
0.105238685062
0.103529866568
0.101744656631
0.0998854982328
0.097956637218
0.0959626505221
0.093910602526
0.0918070294066
0.0896630178732
0.087488319053
0.0853023104577
0.083123464507
0.0810084042863
0.0790463261619
0.0773415515983
0.0759840929871
0.075029258468
0.0744918992612
0.074352401843
0.0745513881329
0.0749411883963
0.0752389168803
0.0756517126601
0.0757214420642
0.0757445724571
0.0757718590533
0.0758130816483
0.0758712414864
0.0759345896108
0.0759654552577
0.0759906325471
0.130633037246
0.130625299954
0.130614584461
0.130597564175
0.13057258853
0.130537446029
0.130491491087
0.130434467422
0.130365909936
0.130287676448
0.130206266249
0.130114198166
0.130011341763
0.129897135075
0.129768630462
0.129620423337
0.129443529808
0.129236379654
0.129001368779
0.128732987947
0.128433785146
0.12810054814
0.127729427671
0.12731368469
0.126853651066
0.126345036814
0.125780402708
0.12515782246
0.124478002288
0.123742660756
0.122953725755
0.122117369868
0.121252032367
0.120359750496
0.119499300999
0.118762000707
0.118228659541
0.118053488584
0.118736357474
0.115939359516
0.115644289216
0.114128812637
0.112955915662
0.11147960124
0.110137300859
0.108744046909
0.107323211056
0.105844302846
0.104298924477
0.102680298268
0.10098649144
0.0992181639436
0.097377680854
0.095469591276
0.0934986688773
0.0914728273902
0.0893987605524
0.0872890436083
0.0851533346914
0.0830137707316
0.0808887212683
0.0788462903444
0.076986738107
0.0754203022464
0.0742325905287
0.0734655655361
0.0731191807416
0.0731571206814
0.0734939824052
0.074001533919
0.0748717664362
0.074557581561
0.0745431258715
0.0745766520561
0.0746363145985
0.0747050637561
0.0747732729641
0.0748471611955
0.0748900166966
0.074906364576
0.130094145455
0.130092056437
0.130080361618
0.130061711894
0.130033724165
0.129993818046
0.129941281251
0.129876015769
0.129797926645
0.129706091457
0.12960791717
0.129505038087
0.129394632378
0.129257719066
0.129106680179
0.128935123279
0.128739312921
0.128513917874
0.128255814268
0.127959643784
0.127627796013
0.127256791303
0.126839502023
0.126373798033
0.12585991307
0.125291354612
0.124662633341
0.1239696585
0.123213336487
0.122395589307
0.121512764432
0.120561981212
0.119545388187
0.118474085835
0.11740464211
0.11636028245
0.11540968664
0.114537931332
0.114336100808
0.112240769081
0.112476329081
0.111165314798
0.110154595043
0.108765730694
0.107471914171
0.106113225729
0.104717773858
0.103259874193
0.101733628182
0.100133238788
0.098457557846
0.0967078292879
0.0948869342773
0.0930001464277
0.0910526718463
0.0890535943555
0.0870097557064
0.0849356522337
0.0828405701972
0.0807501213622
0.0786818432715
0.0767179933133
0.0749691458591
0.0735486828354
0.0725336592912
0.0719538879332
0.0717970390212
0.0719695348526
0.0723371830816
0.073049186611
0.0732919290805
0.0732820589683
0.0733170680471
0.0733769308742
0.073450137986
0.0735217380868
0.0735810136984
0.0736324504079
0.0736780826298
0.0736783362493
0.129579832086
0.129583725005
0.129575365022
0.129557999069
0.129527151126
0.129481656681
0.12942166812
0.129347611658
0.129259746972
0.129158020162
0.12904279871
0.128919572759
0.128791533325
0.128648238044
0.128478155
0.128280365821
0.128058193581
0.12780816244
0.127522397356
0.12720007288
0.126837593256
0.126424229816
0.125962306531
0.125447849813
0.124880306492
0.124253798698
0.123559480273
0.122795083393
0.121961563729
0.121056210755
0.120056800755
0.118951119091
0.117753767266
0.116479239623
0.115137307845
0.113755848886
0.112357107461
0.110802723323
0.109898199153
0.108605479566
0.109119761345
0.108030411847
0.107211932044
0.105959154598
0.104749333706
0.103452587232
0.102101588858
0.100677294687
0.0991781796353
0.0976008329192
0.0959459293139
0.0942160509491
0.0924151502023
0.0905496401164
0.0886254140629
0.0866530986549
0.0846396624192
0.0826020992965
0.0805489667097
0.0785103591903
0.0765020989724
0.0746241183173
0.0729955869003
0.0717281356121
0.0708826084909
0.0704756794794
0.0704891367411
0.0708138005071
0.0713363933591
0.0719748817271
0.0719869448553
0.0720159568656
0.072070144986
0.0721417979979
0.0722181744148
0.072287413377
0.0723422271391
0.0723795886946
0.0724151038863
0.0724266637878
0.129087037349
0.129093675908
0.129091034281
0.129075403248
0.129041664548
0.128991426952
0.128925318433
0.128843798315
0.128747153928
0.128635554504
0.128508373497
0.128365832454
0.128212186932
0.128048586967
0.1278646083
0.127650239293
0.127404108721
0.127123810678
0.1268083978
0.126456094462
0.126057077996
0.125606734326
0.12510220698
0.124540831179
0.123921353837
0.123235398519
0.122476779988
0.121640924045
0.12072867877
0.119715234192
0.118562068965
0.117295362033
0.115913560897
0.114406957037
0.112785674446
0.111071522221
0.109228026605
0.10715560928
0.106101461709
0.10521198707
0.105796856332
0.10486017336
0.104210861876
0.103110566249
0.102001147981
0.100782226207
0.0994883385083
0.0981064040909
0.0966399411539
0.0950887339061
0.0934559577655
0.0917460882053
0.0899646085389
0.0881194281782
0.086217368701
0.0842709943413
0.0822873395542
0.0802866253806
0.0782761869646
0.0762919693266
0.0743470754521
0.0725639858198
0.0710683420189
0.0699666833321
0.0693016957259
0.0690625262021
0.0691321860202
0.0694001677251
0.0704248245571
0.0705392045683
0.0706361231273
0.0707096855946
0.0707856668281
0.0708669070399
0.0709458784664
0.0710153897488
0.0710707453316
0.0711076600819
0.0711375889637
0.0711594408411
0.128630491091
0.128630827052
0.128627278196
0.128607242263
0.128569662868
0.128516428667
0.128447190548
0.128360838284
0.128257439925
0.128137086248
0.127999450151
0.127843687558
0.127669330019
0.127478821457
0.127271514507
0.127042345899
0.126774449275
0.126467899677
0.126122940672
0.125734626701
0.125298405236
0.124810077003
0.124263618169
0.123656281063
0.12298480649
0.122241955911
0.121416427684
0.120509279389
0.119501070938
0.11834319489
0.117049939589
0.115631300083
0.11405735141
0.112315318077
0.110420564659
0.108349907012
0.106145748882
0.103752643567
0.102712205357
0.101886613918
0.102544917506
0.10170665329
0.10119450956
0.100256469374
0.0992577984512
0.0981254910858
0.0968957663088
0.0955606594261
0.0941290775656
0.0926045858323
0.090993305458
0.0893019634495
0.0875379172585
0.0857108305086
0.0838286637953
0.0819063026417
0.0799507278102
0.077986269383
0.0760182992039
0.0740903231111
0.0722113577839
0.0705322845246
0.0691812302655
0.0682590270874
0.0678033706409
0.0677962794099
0.0680288646593
0.0681639836871
0.0689119691688
0.0691600945791
0.0692814266374
0.0693782945245
0.0694667035983
0.0695541997479
0.0696356817985
0.0697068750277
0.0697642353128
0.069801161628
0.0698327893217
0.0698590704471
0.128204246107
0.128196175053
0.128183193199
0.128157010089
0.128116006828
0.128060000854
0.127987854074
0.127898246092
0.127790171268
0.127662851052
0.127516175047
0.127349518402
0.127161689671
0.126951402502
0.126721524717
0.12646633876
0.126170196674
0.125840004808
0.125465159446
0.1250420554
0.124567438292
0.124039171363
0.123452089491
0.122797838754
0.122075528654
0.12126986224
0.120376943577
0.119386049174
0.118255312073
0.11697910146
0.115568273362
0.113998573045
0.112233979046
0.110261855592
0.108060997429
0.105643545546
0.103110099391
0.100363843709
0.0993777684114
0.098400220735
0.0992335673646
0.0985480214547
0.0981799188938
0.0974270584132
0.0965521373816
0.0955101670394
0.0943455423451
0.0930565504248
0.0916579518567
0.0901575444438
0.0885646026117
0.0868882336679
0.08513785868
0.0833250193865
0.0814589872621
0.0795573094072
0.0776267327798
0.0756967408898
0.0737696536767
0.0718986495878
0.0700865570263
0.0685187174747
0.0673189829721
0.066583405817
0.0663313437353
0.0664442699395
0.0667381876193
0.0679629637226
0.0676834712253
0.0677897871543
0.0679068920879
0.0680189019605
0.0681186886345
0.0682125254784
0.0682970649293
0.0683703126657
0.0684313479373
0.0684722777523
0.068505952608
0.0685320355214
0.127796808307
0.127784608946
0.127762841486
0.127734443572
0.127690253893
0.127630079759
0.127553123031
0.127458953413
0.127346067236
0.127213184677
0.12705876734
0.12688244719
0.126682789977
0.126457631734
0.12620563177
0.125918111259
0.125600212007
0.125241312078
0.124831533134
0.124376492597
0.123866889891
0.123299332855
0.122667011983
0.121966945129
0.121187686009
0.12031565899
0.119351308625
0.118266058527
0.117037930043
0.115664608096
0.114142439223
0.112423741652
0.110466636418
0.108244997733
0.105735155777
0.102992704809
0.100008537752
0.0967341492674
0.095294284663
0.0940563394215
0.0956023630801
0.0953950379684
0.0952329188786
0.0946795218027
0.0939305276822
0.0929711975213
0.0918630825121
0.0906126242568
0.0892401616968
0.0877575360639
0.0861769372017
0.0845096577595
0.0827671797239
0.0809628830604
0.0791074941585
0.0772214827835
0.075311139953
0.0734123043708
0.0715227478677
0.0697081535412
0.0679621483556
0.0665103045405
0.065463277326
0.0649190585987
0.064872086729
0.0651285724077
0.0655758656773
0.0661330360921
0.0662270338861
0.0663755839096
0.0665218741819
0.0666521915432
0.0667660286816
0.0668683403738
0.0669582108534
0.0670344119056
0.0670966793885
0.0671464794194
0.0671854648
0.067212333178
0.127411190645
0.127398148391
0.127373374422
0.127342714264
0.127294583078
0.127229571282
0.127147101181
0.127046682615
0.126927569808
0.126788287104
0.126627022264
0.126441825863
0.126230395412
0.125989961522
0.125715861505
0.125407638886
0.125063926204
0.124670948156
0.12423213561
0.123744270286
0.12319257117
0.1225848091
0.121912284348
0.121161036306
0.120316059166
0.119384778226
0.11834909291
0.117178884193
0.115866206899
0.114410191548
0.112776441523
0.110899226426
0.108760277498
0.10631197297
0.103563292754
0.100447231749
0.0968269106652
0.0923493796405
0.0889805398717
0.089816854597
0.0919305146655
0.0924765170335
0.0925231387924
0.0921103202214
0.0914504561032
0.0905460806364
0.089473897177
0.088246962049
0.0868888891421
0.0854142206995
0.083837218774
0.082170818138
0.080428369728
0.0786248981229
0.0767727413366
0.0748954534948
0.0729986588374
0.0711258459657
0.0692681858079
0.0675076218317
0.065824442619
0.0644922508606
0.063601210888
0.0632395031638
0.0632969718595
0.0636013034319
0.0645943468499
0.0647337286761
0.0648437972549
0.0649987681011
0.0651581086928
0.065306920481
0.065437239352
0.0655537489958
0.0656560355305
0.065742772516
0.0658124518765
0.0658700167018
0.0659096612788
0.0659306872995
0.12705326293
0.127040634636
0.127015271548
0.126980616182
0.126928017444
0.126857904349
0.126769736549
0.126663078132
0.126537174749
0.12639075312
0.126222207556
0.126028384753
0.125806305738
0.125551987566
0.125261965274
0.124932973478
0.124558612885
0.124137314244
0.12366747661
0.123135659557
0.122548517289
0.121905527872
0.121181479221
0.120365135425
0.119472193148
0.118484623369
0.117368095007
0.116125935584
0.114749868102
0.113205874872
0.111448267336
0.10944745492
0.107171392779
0.104582476442
0.101643277173
0.0982242949542
0.094233564703
0.0885463154637
0.088267030931
0.088227756002
0.0894379926416
0.0901465318587
0.09020637985
0.0897987357835
0.0891546552173
0.0882620073222
0.0871970772763
0.0859737742285
0.0846150554925
0.0831359736234
0.0815516189139
0.0798758195402
0.0781235010005
0.076311040088
0.0744526355655
0.0725749987998
0.0706830510636
0.0688293378508
0.0669957892518
0.0652848505765
0.0636555631364
0.062440549665
0.0617130832431
0.0615457494206
0.0616969879816
0.0621438605886
0.0629518261572
0.0631833358414
0.0634066029654
0.0636170938268
0.0638100539527
0.063987640228
0.0641447375485
0.0642837987906
0.0644057874242
0.0645096256898
0.0645945744105
0.0646585341845
0.0646957845273
0.0647055454138
0.126724237532
0.126712587313
0.126685652695
0.126645818299
0.126589471054
0.126514223608
0.126420398309
0.126307896146
0.126175971445
0.126023127738
0.125847082002
0.125644906371
0.125412422906
0.125145486216
0.124840152083
0.1244902795
0.12408995798
0.123638238721
0.123130093849
0.122561492084
0.121938509399
0.12124259009
0.120458178518
0.119600832126
0.118663086525
0.117598917965
0.11641572426
0.115120188174
0.113670630289
0.112040882245
0.110198499969
0.108107570671
0.105738287025
0.103062988741
0.100026296934
0.0966129873876
0.0928099194735
0.0880392400774
0.0880583262363
0.0879132790951
0.0880856126489
0.088401093712
0.0882746191876
0.0877492994719
0.0870492541231
0.0861266732839
0.0850411322246
0.0838014431802
0.0824263665308
0.0809294221073
0.0793253651306
0.07762822267
0.0758542212079
0.0740207781309
0.0721443720748
0.0702548623643
0.0683568535341
0.066513718221
0.0646957939413
0.0630317110792
0.0614459108288
0.0603391151675
0.0597502128916
0.059699844439
0.0599400726243
0.0608238614942
0.0613652095728
0.0616775653947
0.0619732465644
0.0622396454748
0.0624781344243
0.0626928281385
0.0628878698926
0.0630573999306
0.063203793114
0.0633265779334
0.0634257652018
0.0634967879223
0.0635406884769
0.0635551658383
0.126423202901
0.126412557932
0.12638302667
0.126339501202
0.12627940316
0.126198038737
0.126098191603
0.125980338732
0.125843630565
0.125685883015
0.125503929405
0.125293946611
0.125051594782
0.124772643737
0.12445090751
0.12407892225
0.123652483664
0.123169458943
0.122625649298
0.122018109462
0.121346433062
0.12059855066
0.119773216604
0.118877464743
0.117871449942
0.116738091902
0.115503629851
0.114153765003
0.112643411144
0.110942009252
0.109021330059
0.106865671675
0.104445196541
0.101719580911
0.0986963735273
0.0954338116415
0.0919527044291
0.0879517148238
0.0880518419961
0.0878608495419
0.0872833801405
0.0869886410955
0.0865957698115
0.0859031692452
0.0851087574801
0.0841309591069
0.0830054125273
0.0817333308316
0.0803278078789
0.0787997884919
0.0771630183415
0.0754312924619
0.0736219687316
0.0717532299762
0.0698444577265
0.067928488818
0.0660105600252
0.0641669475095
0.0623551343999
0.0607395134776
0.0592004596114
0.0582336629419
0.0577837008326
0.0576857265689
0.0579449192417
0.0592950071294
0.0597575963627
0.0601549083736
0.0605230183533
0.0608544116429
0.0611558103292
0.0614220602373
0.0616618841379
0.0618681958694
0.0620434582092
0.062188728564
0.062304313487
0.0623830893539
0.0624374529507
0.0624654682135
0.126151661324
0.126140445736
0.126109811613
0.12606578125
0.12599813851
0.125908913465
0.125802982424
0.125681441511
0.125542524229
0.125382532737
0.125196926806
0.124980818647
0.124729173021
0.124436626759
0.124096158826
0.123699977194
0.123244138078
0.122727372134
0.122146756716
0.121503633009
0.120790465089
0.119996641964
0.119129955427
0.118178126781
0.117105622368
0.1159185032
0.114633147594
0.113226398068
0.111650037211
0.109890693537
0.107929259525
0.105722818594
0.103251353193
0.10051949372
0.0975729330512
0.094493658295
0.0913391296849
0.087924250875
0.0879884019724
0.0874068950152
0.0864778164554
0.0856296668081
0.0850144864017
0.0841839685396
0.0832977200803
0.0822597839237
0.0810856373659
0.0797706994766
0.078323285914
0.0767518997281
0.0750691757723
0.0732885545084
0.0714284415484
0.0695075603544
0.0675489847426
0.0655880691659
0.0636323012015
0.0617726607981
0.0599521604496
0.058380484591
0.056889305958
0.0561389870315
0.0559670458513
0.0559943969806
0.0560441235375
0.0573350741712
0.0579744506787
0.058544630894
0.05902720343
0.0594515215045
0.0598306702286
0.0601672869325
0.0604593003492
0.0607077448243
0.0609153379521
0.0610849947506
0.0612170196684
0.0613104434319
0.0613769102367
0.0614163398019
0.125916325363
0.125900885134
0.125871785603
0.125826544969
0.125750455736
0.125657784825
0.125551863806
0.12543302317
0.125296592634
0.125136550128
0.12494705895
0.124722431961
0.124457078236
0.124145026596
0.123778078777
0.123349025606
0.122859405733
0.122311597131
0.121701928084
0.121022872502
0.120265176144
0.119431874116
0.118520814224
0.117506829428
0.116370698128
0.11512383825
0.113785520909
0.112332894916
0.11071630879
0.108914638761
0.10688510242
0.104614547996
0.102136189023
0.0994310986916
0.0965630401996
0.0936407202571
0.0907326936112
0.0877720650414
0.0875532113484
0.085542572483
0.0851707016325
0.0841503144868
0.0834419552868
0.0825437496644
0.0815927859628
0.0805032844217
0.0792798217121
0.0779159941475
0.0764175611959
0.0747914351928
0.0730493830077
0.0712045494386
0.0692762751687
0.0672836214187
0.0652541823857
0.0632249426802
0.0612082782788
0.0593113568161
0.0574607850428
0.0559178900003
0.0544472319302
0.0538910249176
0.0538360385983
0.054085285586
0.0558915116072
0.0558823407983
0.0563647310484
0.0569423638065
0.0575077824714
0.0580378287795
0.0585059709894
0.0589220302224
0.0592772141428
0.0595745429357
0.0598182379789
0.0600138853573
0.0601623177976
0.0602749938588
0.0603524987023
0.0604005329919
0.125723763824
0.125702570543
0.125674894649
0.125629168616
0.125552098339
0.125460247149
0.125359284073
0.125245790843
0.125110847751
0.124946819255
0.124747547383
0.12450719789
0.12422015328
0.12388077938
0.123482548768
0.123022883574
0.122505582675
0.121929540953
0.121287581706
0.120568028318
0.119768337052
0.118890949427
0.117925142082
0.116850873258
0.115659597838
0.114369593033
0.112995971735
0.11149384622
0.10982006555
0.107945238896
0.105844411853
0.103558385705
0.101090861996
0.0984021561233
0.0956075209561
0.0927752671631
0.0899470625719
0.0870257274229
0.0861077607088
0.083383890401
0.0835067926049
0.0825798462271
0.0818824776737
0.0809783915599
0.0799917275693
0.0788622957015
0.0775917041852
0.0761750407402
0.0746177300847
0.072926024369
0.0711110556646
0.0691856881323
0.0671698768065
0.0650827888688
0.0629571748198
0.0608301798125
0.0587229230576
0.0567593535558
0.0548500702477
0.0533249434096
0.0518766912974
0.0515119484026
0.0513833717738
0.0517381476139
0.0530137579521
0.0536546137253
0.0544472707026
0.055220417848
0.0559410894634
0.0566004341887
0.0571880128849
0.057695063324
0.0581254099069
0.0584814134521
0.0587672496763
0.058992032064
0.0591617975872
0.0592901567064
0.0593759211202
0.0594255889458
0.125568071093
0.125544494481
0.125515286169
0.125467931398
0.125391861194
0.125303439113
0.125211011663
0.125100711645
0.124961789323
0.124787162098
0.12457180684
0.124310232267
0.123997713278
0.1236310525
0.123205139888
0.122719655565
0.122176142415
0.121568946594
0.120888922843
0.120129614621
0.119291693509
0.118370064582
0.11735300061
0.116225649388
0.114989048461
0.113660003018
0.112234094786
0.110665528719
0.108917775046
0.106968983525
0.104831562177
0.102546218589
0.10007204844
0.0974144265409
0.0946896147638
0.0919135342125
0.0890899797063
0.0860740036201
0.0845045889274
0.0814429020041
0.0817991377825
0.0810295767888
0.0803863618887
0.0795126186395
0.0785097627999
0.0773480147409
0.0760312973006
0.0745577814777
0.0729339778042
0.0711660276925
0.0692643511153
0.0672412496069
0.065116546432
0.0629091319584
0.0606569906874
0.0583954780024
0.0561597724923
0.0540876381421
0.0520731329132
0.0505413547369
0.0491369403269
0.0490832719423
0.0490795414843
0.0495005956642
0.0507882446058
0.0515144148474
0.0524575312179
0.0534264352149
0.0543477851351
0.0551689018429
0.0558907458212
0.0565066062384
0.0570233893692
0.0574471783391
0.0577810455124
0.0580399533943
0.0582362531937
0.0583801084323
0.0584758986161
0.0585251243669
0.125432261831
0.125410912284
0.125378797931
0.125323902213
0.125253425276
0.125181845584
0.125097170626
0.124983577774
0.124833560873
0.124641138171
0.12440359198
0.124116499594
0.123778846989
0.123389087007
0.122942039201
0.122435755941
0.121866610082
0.121227947318
0.120512771951
0.1197172555
0.11883937381
0.11787339255
0.116808779164
0.115634720585
0.114350686216
0.112968486414
0.111474329064
0.109825552973
0.108002327998
0.105996546245
0.103825917157
0.101522777833
0.0990545442159
0.0964620201932
0.0938234324745
0.091111068927
0.0882971286398
0.0852653405656
0.0830712724873
0.0795628244668
0.080176307609
0.0795993035179
0.0790164400238
0.0781844358101
0.0771725121961
0.0759789372617
0.0746136055334
0.0730778786711
0.0713796855032
0.0695250119638
0.0675230127481
0.0653846547596
0.0631282614946
0.0607716187658
0.0583566692184
0.0559146881829
0.0535024961434
0.0512654097433
0.0490828350896
0.0474915079447
0.0460216249243
0.0460736910773
0.0463461765136
0.0485307162447
0.0484613840882
0.0492032964575
0.05029729685
0.0515202389183
0.0526969377602
0.053743534305
0.0546342991575
0.0553778570197
0.0559910653998
0.0564910042627
0.0568848983771
0.0571853907161
0.0574082742205
0.0575657848173
0.0576732246541
0.0577219647861
0.125308753418
0.125294862315
0.125264143913
0.125215301583
0.125162165244
0.125098172238
0.12500654034
0.124877785171
0.124706378089
0.124490658786
0.124232694424
0.123928612449
0.123575671795
0.123169134433
0.122703980822
0.122176009471
0.121580159786
0.120910235971
0.120160887083
0.119329758256
0.11841343053
0.117404424283
0.116290978243
0.115066041512
0.113731814869
0.112290482835
0.110719692387
0.108988716075
0.107077540811
0.104988604244
0.102773587889
0.100463608387
0.0980257227919
0.0955401216841
0.0930315392322
0.0904147906528
0.0876287324974
0.0845243502721
0.0818544619442
0.0780232698295
0.0787626572505
0.0783761502357
0.0778359475537
0.0770354575487
0.0760096735344
0.0747772561619
0.0733566516816
0.0717517095879
0.0699710697428
0.0680198837542
0.0659049896889
0.0636346940453
0.0612238471996
0.0586876103694
0.0560682409663
0.0533895488785
0.050736733548
0.0482515508149
0.0458272700988
0.0441657257875
0.0425670907246
0.0425534760706
0.0430058710893
0.0445686022049
0.0452874893415
0.0464329176144
0.0478655705599
0.0494602240552
0.0509810195659
0.0523123417492
0.0534238809395
0.054325823762
0.0550494021306
0.0556287297828
0.0560853998777
0.0564331556039
0.0566875845051
0.0568577844617
0.0569755932368
0.0570286252117
0.125210749199
0.125203496597
0.125179104766
0.125143375646
0.125098403448
0.125024825655
0.12491346568
0.124763815182
0.124576538748
0.12434997817
0.124080568906
0.123763992399
0.123396293544
0.122972716819
0.122487914231
0.121936356711
0.121313031668
0.120612994236
0.119832988709
0.118969908798
0.118016763823
0.116965515005
0.115807700179
0.114537126734
0.11314906212
0.111636569435
0.109979118449
0.108147380551
0.106124785691
0.103944543095
0.101674315435
0.0993243505783
0.0969280402768
0.0946263377404
0.0923301094602
0.0898947896901
0.0872135529637
0.084156471301
0.0810657299294
0.0767092014619
0.0776104788675
0.0774307715141
0.076905212833
0.0761066910888
0.075051088179
0.0737659657763
0.072279340883
0.070596764538
0.0687260635262
0.0666702116552
0.0644321395107
0.0620155677072
0.0594294492866
0.0566842428323
0.0538170760715
0.0508410967776
0.0478680442155
0.0450008764201
0.0421874065349
0.0403949204216
0.0387367749911
0.03910760265
0.0398116255192
0.0408213436592
0.0418539467163
0.0433914669341
0.0452410637681
0.0472612704701
0.0492230490531
0.0509005161695
0.0522737576803
0.0533655156378
0.0542175873105
0.0548837421345
0.0553988111893
0.0557873022456
0.0560737990714
0.0562642590859
0.0563892400005
0.0564557212069
0.125141398323
0.12513590495
0.125115437531
0.125085969576
0.125038592315
0.124947341862
0.124821831768
0.124663636115
0.124468061631
0.124231592546
0.123950409733
0.123620300574
0.123236890283
0.122795160678
0.122288728425
0.121712873741
0.121067299981
0.120347553801
0.119545252263
0.118653423155
0.11766559349
0.116575382319
0.115376209023
0.114058691564
0.11261004006
0.111017570311
0.109262983607
0.10731549269
0.105162486196
0.10285520111
0.100475153331
0.0980627509598
0.0957295196172
0.0936771956779
0.0917164090581
0.0896112125469
0.0871358032675
0.0842035622723
0.0808052322616
0.075876406286
0.076826866014
0.0768400237652
0.0762901831795
0.0754421037255
0.0743258548681
0.0729659705373
0.0713981213336
0.0696285275099
0.0676617143332
0.0654962170893
0.0631287400671
0.0605556718555
0.0577767970489
0.0547944974843
0.0516348368451
0.0483028679612
0.0449306321197
0.0415308066909
0.0381224258869
0.0358262194983
0.0334433244908
0.0344897190756
0.0379659390591
0.03676296879
0.0379932483272
0.0400377154445
0.0424516133617
0.0449701256853
0.0474308206048
0.049536941618
0.0512062984963
0.0525089027406
0.0535033011802
0.0542621358934
0.0548414259086
0.0552698106957
0.0555793948794
0.0557895473856
0.0559240097833
0.0560015791983
0.125089237233
0.125082142828
0.125066932699
0.125040531428
0.124986123011
0.12488296851
0.124751062266
0.124584746102
0.124379994408
0.124133031143
0.12383976699
0.123495662843
0.123096082583
0.122635643418
0.122110238702
0.121520411212
0.12086418565
0.120130146203
0.119307061029
0.118387845617
0.117367237556
0.116240793655
0.115004032564
0.113642822362
0.112132316783
0.110454529665
0.108594903485
0.106520022525
0.104210103306
0.10171568253
0.0991607360097
0.0966410998415
0.0943706874969
0.0926582690845
0.0911747778976
0.0896043549718
0.087503299068
0.0847847600089
0.0814086638981
0.0759704026716
0.0766315352776
0.0767127431108
0.0760751804091
0.0750916480603
0.073857168902
0.0723887389914
0.0707209992938
0.0688563534473
0.0667916166493
0.0645175266718
0.0620217283591
0.0592898843686
0.0563078953215
0.053062754909
0.0495586405451
0.0457921403472
0.041903965133
0.0378343355407
0.0338576302873
0.0309942292206
0.0269608636663
0.0276382597925
0.0305797276543
0.0307308762627
0.0331769106256
0.0362776809302
0.0395380274584
0.0427021258948
0.0456833690575
0.0482577633226
0.0502528264829
0.0517709245454
0.0529117951091
0.0537617547626
0.0544026012371
0.0548769740164
0.0552129040364
0.0554366310065
0.0555736592316
0.0556387605689
0.125057884382
0.12505106353
0.125036462462
0.125005091409
0.124943019252
0.124836044495
0.124698742324
0.124524535615
0.124310801421
0.124053649809
0.123748998216
0.123391945719
0.12297738756
0.122502266408
0.121966225182
0.121369729081
0.120707196473
0.119962240028
0.119120922002
0.118177796602
0.117127969519
0.115968603136
0.114701750292
0.113308775813
0.111742802061
0.109976695051
0.108009965494
0.105811083088
0.10330624729
0.100550284353
0.0977199720999
0.095046498988
0.0927363208598
0.091697859142
0.090581077736
0.0898208966046
0.088483502323
0.0861407092164
0.0832875112299
0.0775130048046
0.077434154398
0.0772311820596
0.076333041707
0.0750715495489
0.0736349248013
0.0720222024293
0.07024306769
0.0682845456785
0.0661299707292
0.0637592540249
0.0611492233052
0.0582726517521
0.0550974909538
0.051585540002
0.0476994839199
0.0433943106951
0.0387395338687
0.0336455452379
0.0290283252519
0.0259541595834
0.0208742833978
0.0201151352111
0.0198188370683
0.0228803292731
0.0275866553545
0.0323161536502
0.0366948584815
0.0406221904713
0.0441345855381
0.047147196346
0.0494609365367
0.0511751458391
0.052448203098
0.0533854738776
0.054076328518
0.0545842752705
0.0549446934956
0.0551819037287
0.0553199516962
0.0553711918439
0.125042943172
0.125036576135
0.125015052112
0.124976445146
0.124914495445
0.124806871543
0.124665737067
0.124483136782
0.124261006416
0.123996054502
0.123684064378
0.123318077914
0.122893005376
0.122406772551
0.121860506535
0.12125980526
0.120597059428
0.119845493276
0.118990503524
0.118030160477
0.116954629352
0.115767151766
0.114493792574
0.113097596677
0.111486551397
0.109631166346
0.107554495916
0.105226910074
0.102547564958
0.0994781637094
0.0962266881563
0.0932836465706
0.0920218341431
0.0907743260184
0.0905595054506
0.0903393903473
0.0891256067986
0.0883155639843
0.0878761344209
0.0813394655318
0.0799047471355
0.0784761443637
0.0769256885994
0.0752559187673
0.0735794941823
0.0718267014342
0.0699538237373
0.0679231722485
0.0657031912721
0.0632636951716
0.0605723584488
0.0575910466812
0.0542715799821
0.0505494905737
0.0463372599564
0.0415056247425
0.0359144456166
0.0292578625337
0.0223986577777
0.0149871456529
0.00564676211135
0.0100962740483
0.00374895468184
0.0133195737577
0.0217916838823
0.0286506680653
0.0342792780277
0.0389617420601
0.0429504019671
0.0463281719278
0.0488954429532
0.0507463457761
0.0521170460669
0.0531257100261
0.0538593142967
0.0543910413394
0.054767769127
0.0550167542286
0.0551639814309
0.0552218320864
0.125037445007
0.125029430188
0.124998393876
0.124955656165
0.124893161632
0.124800831805
0.124661017706
0.124468660645
0.124242768349
0.123976004777
0.12366014826
0.123286527687
0.122849361769
0.12234832475
0.121790789629
0.12119347648
0.120545059877
0.119800016285
0.118936718803
0.11796494955
0.116881076363
0.115688082587
0.114402540921
0.112990348045
0.111357723764
0.109452847573
0.10730216579
0.104877648419
0.102024774129
0.0986291944155
0.0945955854674
0.0930962783443
0.0913231782813
0.0908880681243
0.0905369582656
0.0900451779745
0.0891948116362
0.0883238734681
0.0882140944759
0.0881912263643
0.0836520338085
0.0797121457201
0.077331869238
0.0753828043952
0.0735761087717
0.0717561048517
0.0698413900212
0.0677798389636
0.0655324733919
0.0630644696116
0.0603394646654
0.0573145324495
0.0539342253889
0.0501215649089
0.0457631002957
0.0406769554193
0.0345592672381
0.0267659915325
0.0162373558678
-0.00279801964307
-0.0208582924106
-0.0023692196504
0.00164087381424
0.00276871290243
0.0174248481218
0.026191685184
0.0328095449359
0.0380110438816
0.0423000420968
0.0459001880414
0.0486148137388
0.0505295227942
0.0519450604079
0.0529933767898
0.053754273681
0.0542993643121
0.0546824091422
0.0549381490632
0.0550972715836
0.0551629136429
)
;

boundaryField
{
    frontAndBack
    {
        type            empty;
    }
    upperWall
    {
        type            zeroGradient;
    }
    lowerWall
    {
        type            zeroGradient;
    }
    inlet
    {
        type            zeroGradient;
    }
    outlet
    {
        type            fixedValue;
        value           uniform 0;
    }
}


// ************************************************************************* //
