/*--------------------------------*- C++ -*----------------------------------*\
| =========                 |                                                 |
| \\      /  F ield         | OpenFOAM: The Open Source CFD Toolbox           |
|  \\    /   O peration     | Version:  v1806                                 |
|   \\  /    A nd           | Web:      www.OpenFOAM.com                      |
|    \\/     M anipulation  |                                                 |
\*---------------------------------------------------------------------------*/
FoamFile
{
    version     2.0;
    format      ascii;
    class       volScalarField;
    location    "992";
    object      alpha;
}
// * * * * * * * * * * * * * * * * * * * * * * * * * * * * * * * * * * * * * //

dimensions      [0 0 -1 0 0 0 0];


internalField   nonuniform List<scalar> 
6400
(
0.917664447749
1.50499592442
2.41386817856
3.08242355047
3.7189843774
4.34475683769
5.08797991522
5.9120392886
6.5021167764
7.346628866
8.70952529805
9.76992588102
10.6949173367
11.699706325
12.881573146
14.1319502337
15.309021297
16.4267698411
17.3869031238
18.0503456926
18.5421730905
19.2113530024
20.2397049674
21.5818053174
23.0197515668
24.3550108629
25.5312540753
26.6470026448
27.7930440948
28.9846061485
30.1663282243
31.1683256045
31.9145280369
32.5069655755
32.9989283429
33.4158703837
33.9870086409
34.7215378552
35.1894664981
35.4681552051
36.0581419916
37.0650683967
38.0450057649
38.6563346815
38.9233828393
38.9398074282
38.7683860332
38.4458386457
37.984767716
37.4028166007
36.6340731474
35.4971410329
33.9474400717
32.0772928823
30.2540942265
28.4674136423
26.2054477231
23.3227891654
20.3174086231
17.5743665141
14.8096151117
11.9515752914
9.4051589303
8.54403894236
10.6184932847
14.6334710571
17.152228758
16.5210538578
14.252822068
12.4348921944
11.454335512
11.6505899692
12.2595697764
12.1950637918
14.401132421
13.890802594
15.8761683966
9.76780637558
12.8490486532
4.7966342326
3.19202478232
2.59984046126
3.26902543128
4.57362302766
4.65339066745
4.73804393992
5.09700520889
5.67428430946
6.46783674592
7.46031748925
8.63071559317
9.80433782276
10.8677180474
11.8961176152
12.9562969955
14.1559013932
15.4234407138
16.6323534685
17.8006759803
18.3146958602
18.655147185
19.3186862696
20.3433809677
21.6809649029
23.2074713203
24.5018554206
25.6562673235
26.8005061762
27.9565756447
29.1224072792
30.2834376232
31.3490988682
32.0887196497
32.6723539286
33.1870023855
33.549983057
34.1528323871
34.9122301875
35.3563831529
35.545727998
36.1156048316
37.4539594097
38.6210004221
39.16378377
39.3885227095
39.360514349
39.1347281076
38.7747903956
38.2126210261
37.5179991613
36.7910273346
35.9842677435
34.5539217494
32.2986697084
30.5441986809
28.6157107781
26.0125538778
23.1820110603
20.3212077187
17.4613897786
14.7069186984
12.1865112611
9.73683435917
9.0131084621
10.9593336335
15.6553421531
18.8706038993
17.3027008101
14.8779496611
12.7638701606
11.9675813928
12.3839419504
13.5634534727
13.0141272261
12.9436268114
12.4973793801
11.3795725846
9.59900732113
8.11072219196
4.18932874064
3.36763484702
3.01895142878
3.55520374342
3.96185670848
4.66020896626
5.20388584978
5.27026569972
5.55460587701
6.35667686051
7.42803261677
8.61207511568
9.8044585157
10.9079447576
11.9339084321
12.851182923
13.9554126758
16.4556953826
18.485469125
19.1649160861
19.0180328395
18.4622555875
19.056488188
20.4352462018
21.8155390931
23.1562413361
24.4955755663
25.7308363592
26.876983371
28.0146416048
29.1722855953
30.3094131292
31.4418287674
32.1698857736
32.5872966453
33.3145170403
33.7001377983
34.0999808682
34.9806559449
35.4833690152
35.7429299996
36.327485615
37.3047110691
38.252818078
38.8628891474
39.1547042721
39.2098470739
39.0707720528
38.7566498284
38.2709305802
37.6307236667
36.8293930387
35.7553570081
34.2903540527
32.6251513688
30.8439707673
28.5768052807
25.9459067964
23.1565709102
20.3086357305
17.4843836253
14.76400941
12.1488418894
10.2224374847
10.2295964464
13.1182340742
16.6671863102
18.3374921525
18.0868791829
16.2797820246
14.470936281
13.7079726684
13.5848349531
12.9059336581
12.337522076
12.3965776972
12.1526262542
11.2587762219
9.68114232515
7.24342681246
7.46405398369
3.52074831517
5.65036144333
3.99826389145
4.20648611713
4.97010165737
12.0266427787
10.4906004058
6.01429439388
6.30150353471
7.40653744811
8.62529715985
9.84053250467
10.9182665037
11.9337026025
13.6054198344
15.6685305659
17.4514310316
18.2071059942
17.796891724
17.6459384528
18.3303783967
19.2716210507
20.4412071335
21.8070358579
23.2186065465
24.5801460692
25.8362320816
26.9689541303
28.1148350942
29.2229783199
30.440064183
31.4372116435
32.353334137
32.7415245265
33.0057847889
33.7519920988
34.2364551083
34.7423569895
35.3740443585
35.9536808109
36.6215331844
37.4766905324
38.3184050717
38.9246848329
39.2529433177
39.342174474
39.2286153989
38.9332219205
38.4645611557
37.8267083765
36.9979988694
35.9117097696
34.5219772415
32.8776103492
30.9524251498
28.6357617553
25.989140159
23.1832781778
20.3389842029
17.5527200375
14.9394896743
12.7471820352
11.5922382207
11.7924243723
13.2422117035
17.1635246582
19.9959116624
19.8289891606
17.9592571198
15.4664392246
13.7521764211
12.8893998332
13.0563114872
14.5476331191
14.5472957682
13.2844659801
13.2169093768
16.583786352
12.9424835885
10.9245442569
5.95738427309
7.77472225171
4.92823388228
5.253660743
6.92208449035
11.9320281939
8.67213768582
6.6111105556
6.8312700107
7.61447627825
8.75209107626
9.97563455243
11.4545536048
13.6084588438
14.7507614174
15.4122153155
15.8793915721
16.2532309822
16.8238078327
17.673172595
18.4372022224
19.3285385055
20.5228534411
21.8853071249
23.3017498339
24.6828971336
25.9224544602
27.1393101935
28.1996567633
29.4173877719
30.4727357926
31.8429777186
32.3019378076
32.4893056197
33.0425415896
33.4653043252
34.1040371399
34.8302952469
35.5338832339
36.1946198082
36.8938146398
37.6824583315
38.4502778642
39.0430390536
39.396431752
39.5170665187
39.4300383599
39.1561581608
38.70580751
38.0767439192
37.2447027673
36.1651622375
34.8064200724
33.1572489644
31.1634368888
28.7825203622
26.1088944402
23.3063975657
20.5124881849
17.8659857285
15.5709439293
13.9720543064
13.4091138489
13.2890922572
13.9834896966
17.0958484822
20.2517465869
21.1909733405
19.792768106
16.89103931
14.2844323909
13.8625825531
16.1340790755
17.025012659
16.0191106562
15.1443483361
17.883195616
20.9486040693
16.1884849926
15.2908236195
10.2196621489
9.42416366519
6.14997316153
6.60080390006
12.2291896293
11.7575767599
7.38432839694
7.27238033165
7.49434835703
7.97101930997
8.96143795894
11.4586839452
14.4971786396
15.1124536961
15.0535097941
14.667499464
14.8876391303
15.6868333271
16.8499712724
17.6122050922
18.3549098258
19.3891416577
20.6390107297
22.0171124067
23.3762592219
24.7596053415
26.1688256332
27.222735083
28.5457826369
29.4637842495
31.0013960839
31.689366941
32.6835682621
32.6106482756
32.6667031361
33.3012914992
34.1477923709
34.9793005231
35.7412600986
36.4525526633
37.1726100305
37.9270601064
38.6472418951
39.2250864686
39.5941201154
39.7413716206
39.6805462122
39.4306291231
39.0026605003
38.3918820697
37.5742438987
36.5120907448
35.1667505608
33.4958708479
31.4498866039
29.0371195975
26.3777652305
23.6409824661
20.9903502001
18.6158648133
16.765312366
15.7432182567
15.5413411488
14.7533726158
15.9927383988
19.2414827342
21.7916090442
22.6004271625
21.3854708106
17.8706253174
15.5326258581
17.2101792324
19.3645120286
18.8199043422
17.8412423126
17.9378596498
22.6149061907
24.242607047
19.1525502668
18.953495221
12.3821588701
9.46429091002
7.46250473722
7.0000728376
12.2447677421
8.97503135456
7.76164307381
7.92381969914
8.12064046238
8.8752493245
9.5092682043
14.0150855095
14.8888204172
15.1232452745
14.2434732952
13.8590469658
14.5610776864
16.0057826384
16.7585584632
17.3545714405
18.3462519826
19.4729998358
20.7266192188
22.0998772072
23.5838442911
25.0087017477
26.1756749514
27.7592413582
28.6361504702
30.2385919756
30.8221538365
32.074938248
32.3110911451
32.4396158205
32.5789191286
33.3034997709
34.25690011
35.1634936188
35.9730737783
36.7246838982
37.4666040231
38.208606591
38.9023514996
39.4694877114
39.8493742886
40.0190896385
39.9843598244
39.7621025159
39.3631563002
38.7811624011
37.9906671384
36.951671679
35.6150974039
33.9290581806
31.8653526306
29.4745183215
26.9002917103
24.321046163
21.9096076236
19.8536017013
18.3810669365
17.5787111962
17.0120522258
16.8363047854
18.1195374374
22.1199169433
23.4879314606
23.2017327215
21.7669405522
19.29631328
18.8037877164
21.162198471
21.4823338104
20.6130009142
20.014515134
22.042724498
24.8736814722
26.4054525734
21.7429752871
20.5893170904
12.1961374981
9.31655302699
8.67145973136
12.524653062
12.4540226323
8.31560487084
8.47780991003
8.67849390034
8.78276444612
9.42091954747
13.6851380126
14.6937581619
14.9707094177
14.7527170513
13.3210683748
13.5428842873
15.1527753653
16.0694624095
16.4432941359
17.2176935985
18.3480744281
19.5881695185
20.8790437138
22.2933622058
23.6497948236
25.2468802211
26.2110075192
27.7596749789
29.4823960376
30.3668814982
30.5913529545
31.6760246106
32.3126014275
32.1206695898
32.6049752949
33.4575071746
34.4245000287
35.3643108907
36.2208078512
37.0143792896
37.782348952
38.5279465021
39.2121362952
39.7749804165
40.1643764186
40.3546441526
40.3473743535
40.1577730922
39.79569369
39.2528508681
38.5007800465
37.4940765237
36.1774306206
34.5053950344
32.4812006898
30.1924898265
27.7937511881
25.4390215572
23.2553151429
21.4070446547
20.1030755417
19.3687536622
19.0502710088
19.1811514432
19.1286393149
23.0290446478
25.6795858631
25.0034387354
23.9556198474
22.673171597
23.1216467024
24.1916697409
23.3491577862
22.6005664155
22.7910410465
25.2099580222
25.9598874561
26.6283603775
23.7176400617
21.5494924098
11.6079797208
9.4072383331
9.37147787081
13.559472233
11.6545394045
9.08495270398
9.25912425426
9.59415189801
10.6207749053
9.60234432128
14.4470339107
15.2599849604
15.0445851248
13.7427625892
13.0970292732
13.6589577012
15.1765789296
15.8258684692
16.3311102072
17.2026684397
18.3187384136
19.6111050283
20.9830736439
22.7231931747
24.2177303757
25.2039918058
27.165667055
27.6978580848
29.5763766712
30.0309893354
31.3355912042
31.2192317839
31.5373956031
32.0729686521
32.7796720183
33.6625320952
34.6256641117
35.5845051799
36.4850178182
37.3251572333
38.1258017989
38.8864476404
39.5745421991
40.1410421949
40.5416047904
40.753145395
40.7767980309
40.6261879439
40.3094203763
39.8164355695
39.1159190155
38.1586248202
36.8908230525
35.2861831878
33.3838396229
31.2943937064
29.1415354759
26.985249279
24.8924863608
23.1308548681
22.0259931818
21.6112651326
21.5815031284
21.5475750707
21.2949705951
21.6946327005
26.4467280797
27.3994617659
26.7628193136
26.7766528652
27.2768424543
26.5366134009
25.2966656989
24.9848008602
25.9812665522
27.2727309611
27.2276854736
26.7104198885
25.730805523
24.372594495
11.25264392
9.97416659235
10.5186704255
13.6909518937
10.0501769206
10.124055878
10.0445153262
10.3472094462
13.1199132922
12.003678532
15.2787305815
15.5774650027
15.1847770005
13.2431669631
13.1774306797
14.7063025948
15.3554102821
15.6045414304
16.2721525875
17.2988383024
18.4063053713
19.6424752767
20.873910356
22.8038905824
24.9931981549
25.1384052406
27.0785640466
28.6522657057
29.7457809806
30.7846203161
30.8643521103
31.3377702648
31.3303759801
32.0148405582
32.9439553486
33.8900572542
34.8556795846
35.8269232205
36.7662833315
37.657093053
38.5001588091
39.2870225928
39.9896975895
40.5680101675
40.9847276748
41.2211241839
41.2807934674
41.1767958682
40.9148408919
40.4836518271
39.8518331806
38.9717025017
37.8007848671
36.3414968672
34.6645694015
32.8662969444
30.9548521074
28.8384407525
26.7180127903
25.2130873473
24.625039328
24.6565647488
24.7290739599
24.4594254077
23.8119625314
22.2919368591
21.2907696164
29.5823424595
31.6646477352
31.819656598
30.8972175279
28.9141000113
27.6383747283
27.7569411999
28.9475873094
29.4004645251
29.3260671771
29.215764255
29.6773821325
29.9412506123
11.4168430006
10.9154503342
13.7708101581
13.9971400184
10.351539887
10.9365194731
10.8313046436
11.2457594608
12.8248452232
15.3112715236
16.18564912
15.9284238666
15.5224168497
13.3987258966
13.3508083463
15.1478694102
15.4744099629
15.5881617717
16.2629249074
17.3765428309
18.6773790878
19.95171597
20.9838041213
22.409608876
25.0966346456
26.5362442386
26.8007407394
28.6945866704
28.9437757724
30.7534253084
31.5596325523
31.3243646465
31.3256585124
32.1142151764
33.1301413517
34.1250842536
35.108635367
36.0953963243
37.0672626193
38.0094087611
38.9055445374
39.7312931829
40.4591832139
41.0577615883
41.4978014613
41.7663335664
41.8698594522
41.820881416
41.6235956658
41.2678438365
40.7268928927
39.9630850232
38.956557172
37.7434900239
36.4033225638
34.9376484401
33.1388088303
30.9046349825
28.9648960093
28.2343157683
28.5310582563
28.9479265002
28.9864408958
28.4204343386
27.2436329157
25.261231489
22.6760719244
22.6755490338
33.6512200645
37.5747226929
35.286329413
32.033051135
30.6376183904
30.8803310095
31.7123248943
32.2291154562
32.8705220776
33.7785638011
34.5789616778
35.3812843458
11.9255381239
11.8630535205
15.4579656606
14.8511854415
13.1643937548
12.2148303808
11.8541256815
12.6742115229
12.4852962142
16.294462293
16.9262960012
16.3657500391
15.7524202083
14.1300814867
14.096815195
15.5646523029
15.5313088425
15.6772917845
16.3413756244
17.370201099
18.7537290838
20.3558266368
22.1286137334
22.4486762281
24.5799084078
26.8153877532
26.7175806754
28.8371696806
30.095516814
30.1631732611
30.8948992649
30.9576312466
31.5673839527
32.3965671564
33.3675164543
34.3779335639
35.3862962513
36.3956202259
37.3943187307
38.3805930686
39.3380819883
40.2203610065
40.9860136336
41.6131783012
42.0859420389
42.3977397874
42.55611063
42.5718414381
42.4491037587
42.182960409
41.7584741677
41.1607026686
40.4047585505
39.5506031199
38.6242278146
37.4226984112
35.6247827964
33.4796153694
32.1788501574
33.209311686
35.2005950424
35.6489942981
35.5901624001
34.8073409638
33.2817311291
30.6171703839
26.7660421566
22.2163578746
28.6802989237
38.5175543198
39.8856790297
35.9521328497
34.5436631212
34.7864414767
35.5020374651
35.967304873
37.5051471555
39.0616189565
39.2738474162
39.6998343966
12.6240899564
12.5705910213
15.3018030147
15.4451140699
15.5146275063
13.4480552425
13.0002982878
15.3898422902
12.9951595661
17.1651425098
17.4929073002
16.8070909245
15.9673022008
14.8290283693
16.4001798826
16.5762970542
15.7811256549
15.9068395996
16.5558830276
17.4539480049
18.6561424806
20.3146485672
23.206393118
24.2656848301
24.1000355379
26.7781209389
28.032339623
28.41912998
29.9997353879
30.8973249964
31.1168967767
30.9921865802
31.7410721779
32.6866807496
33.6561930514
34.6629802809
35.6839549337
36.7256550318
37.7648864858
38.7865949242
39.7954451232
40.7453105851
41.569389835
42.2390677519
42.7557534358
43.1252893869
43.3535016148
43.4453657108
43.4058194719
43.2409935129
42.9593244837
42.5854454222
42.1748824141
41.7661881298
41.2240399329
40.2002987066
38.9578110529
37.7674615203
36.78898524
38.4925340944
36.9607104943
34.5421230788
31.3281375055
27.5472138729
21.9122752164
12.3899177305
10.1107518355
0.000301159886797
1.27152263962e-05
23.1645269157
34.028596915
36.4139302561
32.2469303772
31.3507453081
33.5338759139
37.5167044935
41.0468178185
44.5614021355
44.9311849684
45.3266652384
13.3689566155
13.3257834741
12.9771236675
15.8402875262
16.1276649407
14.3146602475
14.018148994
16.4510073403
13.7498486687
18.0815775382
18.0124493134
17.2587663436
16.2689112555
15.2058472835
17.519187724
17.249168141
16.2979600662
16.3239173559
16.8874585415
17.7078989894
18.6754525629
20.1298165969
23.6000624112
25.2787627954
24.3805985109
26.6699511719
28.4461892116
28.0443867278
29.5608290196
30.527850702
30.5341248826
31.2810664789
32.1221770577
33.0246382002
33.9749402626
34.9919620883
36.0268876535
37.0748951076
38.1578840338
39.2398136605
40.2987108891
41.3083210491
42.2012293927
42.9336440478
43.513474469
43.9607466279
44.277888288
44.457763227
44.5074202555
44.4511401756
44.333695701
44.2438371354
44.2611811678
44.2891448939
43.9173299222
43.4447527207
43.8000719033
35.9038971311
26.726420782
0.00650334435441
2.20442647338e-13
4.47669361422e-17
1.55051257193e-19
1.58195367916e-20
1.25537391901e-21
3.53613504886e-22
4.16229701801e-21
4.25283974783e-20
4.80403158582e-19
1.25476870118e-18
2.08364122772e-15
5.46945626098e-13
4.99096525502e-10
2.58524722965e-07
0.000653423709203
30.2272188887
43.4673924127
47.8014210631
51.6867007988
52.0061519098
14.2871181483
14.3903162934
16.4965013441
16.5573818016
16.6595585286
15.0533080067
15.0905094603
17.3811913502
14.8157388192
18.8963842733
18.5190214654
17.7352451695
16.6477997296
15.6333045817
17.8408797713
17.5521612018
16.8003478553
16.8056731058
17.2718454943
18.0022699234
18.8742071899
20.05144722
23.0670599298
26.0214308194
26.3488266395
26.0894990543
28.5638876213
29.7228304781
28.7486340522
29.3871207731
30.437919987
31.467544217
32.4396144043
33.3791227453
34.3429574212
35.3504173355
36.4028706934
37.48240518
38.5817380882
39.7189666292
40.8502367785
41.9245419583
42.8843796324
43.6911049598
44.3593449301
44.913304263
45.3452518553
45.6309444308
45.7699381079
45.8111301273
45.8752271585
46.1269504741
46.5983988818
46.7892225859
45.8643278254
44.6569523536
28.8213744568
5.25797133751e-23
5.78322321895e-26
1.08414761165e-27
1.83770449686e-29
5.31693506647e-32
1.51095688377e-34
2.61543776735e-39
2.04580318145e-39
4.96673968382e-39
3.34797523292e-38
1.56817290712e-37
5.79283854672e-37
3.68125836874e-36
2.88234312587e-36
2.50058937178e-34
1.42325317527e-31
1.43067313804e-29
1.08563923445e-27
2.4999648227e-25
4.20822747736e-21
29.4517374611
55.5447163497
49.2989825651
15.1521531891
15.3486616631
18.1356062135
17.317521128
16.9043890097
15.780691124
16.118108976
18.1937524697
18.1791156596
19.9138028578
19.1002233359
18.3087167262
17.1159158469
16.1928523202
18.1796191934
17.7721828357
17.2584007533
17.2846301887
17.667095472
18.3025312221
19.1202171475
20.1996370947
22.5709384487
26.2075154635
27.5970415525
25.8934982149
27.9664658307
29.7736846864
30.1148974416
29.6726510501
30.4337107984
31.6165340293
32.7396227413
33.7604520777
34.7153643577
35.7376198034
36.8042285373
37.9191933698
39.0585864794
40.2364700916
41.4402280047
42.5971613704
43.6263385784
44.5035592728
45.2795465746
45.9960260394
46.5982956709
46.9976636466
47.1835095423
47.3046659749
47.5883605285
48.2265273762
49.1524627583
48.6971508616
40.9215851393
17.1239958463
2.90760910418e-29
1.17744137045e-31
3.40496984131e-33
4.95701193056e-35
4.02746744196e-38
6.72021538534e-41
4.73711066641e-42
0
0
0
0
0
0
0
0
6.58851309335e-46
2.2221690685e-43
3.32389127425e-41
1.92841527265e-38
2.69352287023e-35
1.45861147545e-30
2.2150776086e-26
1.72695934886e-19
61.5228766111
15.8511349482
16.0692274589
20.2088382098
17.9155254494
16.9137577762
16.410862734
16.8594907864
18.3584061486
19.742752367
21.061233384
19.8290008484
19.0149776886
17.8278472158
17.0257936058
18.7207493451
18.132059789
17.7789703928
17.7987820716
18.0943726053
18.6353685967
19.3707256154
20.3661347876
22.3289038595
26.0121062507
28.5043575722
28.0080185955
27.4127972538
29.0659864946
29.9143609871
29.7717952825
30.7793263767
31.9727828223
33.1466810931
34.1818681543
35.1699770702
36.162217916
37.249917396
38.3871825114
39.573937004
40.8027771225
42.0669633428
43.3127456957
44.4435194699
45.3971158785
46.2868581142
47.2026286016
48.0226080243
48.5473114292
48.7753428303
48.9625205563
49.4752092765
50.6149247606
51.7926838125
38.6684412726
5.54727742762e-05
4.20955145502e-32
1.38054958985e-35
5.58237236827e-37
7.61139667623e-39
2.08725182442e-41
0
0
0
0
0
0
0
0
0
0
0
0
0
8.48929836822e-45
8.4359641517e-44
1.8493461231e-42
8.9672236228e-41
4.97970504241e-37
4.14492525269e-28
7.99001247004e-33
16.3801172482
16.5913270575
22.1929610345
18.3659803579
17.1199268289
16.9743655753
17.6403654038
17.8781096345
20.6552969445
21.8751850217
20.5184095672
19.7261114451
18.7172661879
18.7869740184
19.4819474828
18.7280769397
18.4864444535
18.495515295
18.6244487357
19.0480987742
19.6681136535
20.5737501162
22.2536848783
25.770292301
28.8290324637
29.543959591
27.4039944649
28.1244596809
28.8806384873
29.782323549
31.0037487597
32.3501692096
33.5510294185
34.6472171099
35.6728756089
36.7180982163
37.7578067244
38.9126681903
40.1323546047
41.400575969
42.7511501619
44.1007069981
45.3291679684
46.3233414811
47.2799874735
48.6666881031
50.2638804909
51.0348346301
50.8116363061
50.8806486294
51.4978783046
52.7883926312
38.5812926057
2.22761934071e-26
3.35731415313e-31
1.50614391556e-42
1.52197708512e-39
2.48344717239e-41
0
0
0
0
0
0
0
0
0
0
0
0
0
0
0
0
0
0
1.31156998268e-43
8.88173529116e-43
1.63786562531e-40
90.6673133994
16.8106629168
16.9890459471
22.0634673916
17.9098906242
17.3579636578
17.4466342653
18.5132810152
17.9523643809
21.432166756
22.6152002685
21.1532620778
20.3686913949
19.4049006816
20.8551642065
20.5129238111
19.5156903342
19.2972691486
19.5082628441
19.3693347045
19.6239778415
20.0583250959
20.8272612965
22.3078014398
25.5113564901
28.6070794857
30.539131814
29.6792009045
29.1552565623
29.4632045713
29.8774103285
31.1641351631
32.8023593209
33.9397745337
35.1240656046
36.3412076829
37.2940087221
38.3460595749
39.5258325927
40.7860028819
42.0907309408
43.4570396738
44.8944005909
46.27155238
47.5505363254
48.8952497525
50.618593071
52.2147314424
52.9207860674
53.3606041136
53.5040726924
53.4597627879
41.971085634
1.0130343563e-25
9.24698071278e-31
1.21535145344e-34
1.65068022249e-36
0
0
0
0
0
0
0
0
0
0
0
0
0
0
0
0
0
0
0
0
0
0
4.03567969314e-43
2.93738408192e-32
17.2793356228
17.4327960388
21.729130466
17.6359930966
17.6422637344
17.8190013482
19.2574570264
18.4245266987
22.1203907554
23.3343820456
21.7651734682
20.984984351
19.9572751295
21.6117423402
21.4487351616
20.3443911591
20.0824750217
20.3791284014
20.2539356785
20.407527287
20.6327648894
21.140084545
22.5158414687
25.3822350765
28.2121641292
30.724088553
30.7562416023
29.7322873726
29.1130031595
30.2182651441
31.4836979343
33.1046972903
34.5634753185
35.9070349495
37.0989104083
37.9822157785
39.0161380599
40.2179076486
41.5176811748
42.8806401537
44.290471362
45.8260544495
47.4652870474
49.1730934817
50.559901203
51.7286640845
53.2364659938
54.7190320411
56.8552207403
57.7739938134
45.8066815584
9.23071299592e-25
1.22566246326e-30
2.11359207841e-34
4.33508619733e-37
1.04960775838e-38
3.52317696694e-41
0
0
0
0
0
0
0
0
0
0
0
0
0
0
0
0
0
0
0
0
0
6.78209545585e-44
8.97333175059e-44
17.9674931941
18.119893093
21.4431892251
17.9092430238
18.1573576803
18.273535217
19.2998618631
19.1089953853
22.6277162742
24.0115317194
22.3921762752
21.6274852338
20.5965967651
22.273704181
22.2637908374
21.2215198251
20.8929452045
21.2053250909
21.1079161581
21.3205605072
21.4511842521
21.5979647372
22.9120518176
25.4583650065
27.9536736903
30.6641205211
31.2255947143
30.5191365483
29.5852103184
30.3160261961
31.8699969231
33.2199636707
34.6059722887
36.1359856646
37.9110538779
38.9450735029
39.9151311919
41.0222151313
42.3063366505
43.7521828901
45.2806547146
46.9538151092
49.0426179632
50.896159744
51.8286000246
52.9472843153
55.0448613794
58.7759466093
65.310254502
50.7706545115
2.6372434509e-25
4.38092440942e-32
1.81292896695e-36
5.94399910227e-40
3.72954066841e-42
7.55947669189e-42
1.16085353663e-42
0
0
0
0
0
0
0
0
0
0
0
0
0
0
0
0
0
0
0
0
0
5.01284579345e-45
2.27618597808e-44
19.0177149265
19.1350347377
21.7501097441
18.7867502182
19.2367107448
19.0770742591
19.6192130131
20.3346408188
22.7254157801
24.5235397862
23.0629085939
22.3203197418
21.3224788955
23.026722612
23.0939526463
22.2326522938
21.8527362093
22.1505141558
21.9596016018
22.3108284899
22.5459893144
22.2502568161
23.3922564466
25.7483291631
27.8972991761
30.4089964523
31.3640039099
31.1565402625
31.3055146728
31.0243132624
32.0756117393
33.7196250274
35.6278441841
36.63796478
38.1991911681
39.8722405883
40.9409242094
42.0985330362
43.3162256965
44.7137653199
46.378119685
48.5808490843
51.1138719445
52.4321395313
53.0105393949
54.6341887763
58.7207730103
64.3633990934
57.4500258344
38.1417477669
6.63733696193e-34
6.19685907121e-39
4.24009525712e-41
0
0
0
0
0
0
0
0
0
0
0
0
0
0
0
0
0
0
0
0
0
0
0
0
0
0
0
20.4946103674
20.3986807293
22.5554005411
20.5526734257
21.0675130765
20.263880267
20.51531859
22.1068413842
22.9574106861
25.1199822989
23.8261757185
23.072741657
22.1090553562
23.8090589283
23.9143064118
23.3375845963
23.2431412453
23.3842572949
22.8971066945
23.3730210471
23.9041397718
23.1715008405
23.7516683746
26.12521967
28.0503966851
30.1761862543
31.3829022242
31.2377084858
32.3708758981
32.4514178814
32.9198331434
33.4041427043
35.3768545164
37.6101346791
39.0491616692
40.601227576
41.962953438
43.1869216248
44.5235099077
45.9549880115
47.9141759318
50.8565814204
53.1667127501
54.0834075025
55.1257898121
58.4934211185
65.3267885627
60.8803417796
35.4845515014
5.92327449427e-36
1.03551340201e-38
4.74148383645e-41
0
0
0
0
0
0
0
0
0
0
0
0
0
0
0
0
0
0
0
0
0
0
0
0
0
0
0
0
22.046686188
21.5700333974
23.4030161783
22.8927703075
22.6685159973
21.6128610196
21.4746855889
23.1572741801
22.2749524776
25.5763908351
24.6643869742
23.8747841086
22.9426959857
24.5862930367
24.6627323151
24.2453611899
25.1248162254
24.8528230338
23.9260678667
24.5119664668
25.1042117747
24.3300263631
23.8430369714
25.9923115455
28.0857983729
29.9457559873
31.2754526905
31.1491757999
32.6318615649
33.5879843656
34.1946300141
34.020137846
35.3464505065
37.468625881
39.8199412534
41.7154912293
43.2005240344
44.4357851243
45.7822147559
47.5160040164
50.3069065927
53.430815813
55.3790389921
56.6289453482
59.0147796024
63.870252911
64.0177217548
34.6167886194
1.59489296754e-35
2.3089440625e-38
8.08636754102e-41
0
0
0
0
0
0
0
0
0
0
0
0
0
0
0
0
0
0
0
0
0
0
0
0
0
0
0
0
0
22.7691174283
22.341108536
23.9018656755
23.8471007852
23.623792022
22.851823961
22.5381858655
24.4060415731
23.2264157881
26.1551287728
25.5055012525
24.6994095679
23.8161376864
25.3670187697
25.3880232256
24.9678848532
25.9938402946
25.8475007009
24.8596296916
25.5705033554
25.709726354
24.9885170704
24.6137714217
24.7919346654
27.3114616662
29.1630571978
30.7975127981
30.8425223325
32.4641433793
33.9445897272
35.1920827043
35.5740897693
35.6232214337
37.337925003
39.8869380416
42.4714901755
44.5430819463
46.0575333978
47.410370805
49.8709954134
53.2805997226
56.1597311265
57.9263176235
59.8799960316
63.3427650511
59.8943918643
38.7073688408
29.1364954403
7.58977178603e-38
2.16160629763e-40
0
0
0
0
0
0
0
0
0
0
0
0
0
0
0
0
0
0
0
0
0
0
0
0
0
0
0
0
0
0
22.7483067884
22.7519791987
24.1413813737
23.9598709252
24.1669888103
23.768004331
23.4296626594
25.6269897247
24.7571158683
26.8711944013
26.3799016726
25.5282200664
24.723680985
26.1662711041
26.1506221847
25.782157123
26.677902993
26.6650543916
25.7842459427
26.4201894323
25.5011273761
25.5377510506
25.4009097787
25.5808570598
26.2951051631
27.3945508057
29.5263871229
30.1776549459
31.7251893028
33.6512997412
35.364858959
36.688480875
36.9026828793
37.8962441181
39.9180708995
42.5622809898
45.4019189583
47.7468437782
49.6964522455
52.9179957407
56.40126825
58.9182366785
60.520050243
62.5796107098
58.3705735039
39.8162532497
41.0143995368
2.63634951479e-37
5.90566953244e-40
0
0
0
0
0
0
0
0
0
0
0
0
0
0
0
0
0
0
0
0
0
0
0
0
0
0
0
0
0
0
0
22.8398380316
22.9742427755
24.2951659425
22.9983173705
24.3164279088
24.1999641392
23.9641320938
26.120568317
25.4655018809
27.5539369025
27.2500651314
26.3243878585
25.6697882646
26.9714408467
26.9295373108
26.7102874506
27.4547309508
27.5856527955
26.8352317263
27.6449165682
26.6440692997
26.9115063548
26.4462255501
26.6905364707
27.8000099108
28.3491408228
28.6672192093
29.3401282847
30.8048504082
33.0994376317
34.8736146617
36.5247684268
37.7821402143
38.6807035561
40.8295143548
43.0482642376
46.0293643587
49.2730960199
52.4723419463
56.287113015
59.5285089118
61.5125705341
61.781683647
60.2350623893
61.3093620117
37.1848648072
2.21222998306e-36
5.036249807e-39
0
0
0
0
0
0
0
0
0
0
0
0
0
0
0
0
0
0
0
0
0
0
0
0
0
0
0
0
0
0
0
0
23.3391249781
23.4397665782
24.4372661994
23.2133190693
24.4093605357
24.3530270312
24.2658018592
26.1833937485
25.8854587162
28.0011598883
28.0589144822
27.0274332678
26.6397717161
27.727666127
27.635105569
27.5825832452
28.1802452507
28.5699140392
27.928134195
28.8973489019
28.2198331635
28.7015355833
28.5426611363
27.4953185893
28.3612407871
29.1298672436
29.2996200847
28.5026961254
29.6918904733
32.3721851118
34.3924861711
35.6378920548
37.0716651995
38.461006059
40.8157718874
43.3958237156
46.6858724679
50.7645886537
55.4381542773
59.8543374093
62.5576712622
63.4317226514
62.260934137
57.6817644928
37.7989463176
52.5772387903
3.50945685451e-38
1.42309255698e-40
0
0
0
0
0
0
0
0
0
0
0
0
0
0
0
0
0
0
0
0
0
0
0
0
0
0
0
0
0
0
0
0
23.996148054
25.0182569056
24.69020396
23.9353660407
24.7327548258
24.5268428025
24.5160205411
26.1797081843
26.229434714
28.0820990963
28.799018837
27.5963423898
27.4466811701
28.2768938632
28.2311222326
28.1690294503
28.351524398
29.4102219216
29.041149618
29.933380429
29.8746345649
29.8076543584
29.6685102927
29.2313743174
28.4056605601
28.8587272909
29.6448757162
27.2370500001
28.2565972753
30.8614969464
33.6514943601
35.323609731
36.8020668036
37.5797356239
39.8745102576
42.9939608111
46.8443251293
52.0858306481
58.4523849017
63.4439384561
65.3710752586
62.955757402
61.7817803081
66.0146920499
44.8206939176
2.3787416909e-37
6.07112094579e-40
0
0
0
0
0
0
0
0
0
0
0
0
0
0
0
0
0
0
0
0
0
0
0
0
0
0
0
0
0
0
0
0
0
24.4036350579
25.4775935656
25.128397976
24.5283511099
25.1610299661
24.8243652814
24.7912846548
26.209675753
26.5278669858
27.8665570423
29.3976519496
28.0785970327
27.8258192301
28.6380898128
28.8093759178
28.6092999174
28.3937973131
29.9239743059
30.1306615044
30.7682637174
30.9149206924
31.1171710379
30.0149487239
29.9452355047
29.248810052
29.9083803979
30.2946380878
27.8608998606
26.4818329099
28.5468026631
31.6726120799
34.3092902358
36.0141997179
36.9234118236
38.1980507992
41.478020643
45.9666191919
52.8807135294
61.3404710496
67.1787548811
67.5840177572
64.4823832536
58.1581986675
34.1996331579
57.4815368927
7.01381782189e-39
2.35704110904e-41
0
0
0
0
0
0
0
0
0
0
0
0
0
0
0
0
0
0
0
0
0
0
0
0
0
0
0
0
0
0
0
0
0
24.5828090783
25.5584891241
25.4332501169
24.8192451769
25.5259949496
25.2016113619
25.0927725087
26.3349983378
26.8215984255
27.2431120853
29.702449891
28.5453246722
27.9790148964
28.3667144404
29.342481784
29.0992471822
28.6797722033
30.2770586588
30.6173606235
31.3684025623
31.6113827455
32.0990688553
32.2165561874
32.1383803323
31.6012100638
30.6964284118
31.154295589
28.8319977394
24.8806759148
25.6596322232
27.7573460238
31.0533173088
33.8027919353
36.1048019237
36.7230568821
38.591636983
43.1400789367
52.1673187901
63.9210064734
70.0252444576
68.5473126526
70.3735327154
71.1842247869
35.9003863157
2.77593357748
2.74768317291e-40
0
0
0
0
0
0
0
0
0
0
0
0
0
0
0
0
0
0
0
0
0
0
0
0
0
0
0
0
0
0
0
0
0
0
24.6869583161
25.5585347777
25.5791876645
24.8810122633
25.7621514199
25.6240006885
25.3549268179
26.4986864457
27.224061211
26.4512218698
29.7798178956
29.05659514
28.2371959897
27.6913229076
29.7681566983
29.6145292938
29.1988930419
30.7348337728
30.878933636
31.4695924776
32.274810578
31.8468331841
33.3313978038
33.7671846294
33.6423735052
33.2249709869
32.833759424
31.4299773769
25.8392803344
22.9049824007
23.721423948
25.5343444934
28.7101494081
31.3206781336
34.263983931
35.1143038813
37.9111364649
47.2229991884
66.5848338274
73.2218882185
67.340598907
63.7624264494
74.4952038302
68.0176214251
3.40955792883e-39
0
0
0
0
0
0
0
0
0
0
0
0
0
0
0
0
0
0
0
0
0
0
0
0
0
0
0
0
0
0
0
0
0
0
0
24.7163779562
25.4737729499
25.2198713589
24.773755283
25.8570497903
25.9485668984
25.4731278588
26.1687579701
27.8077875893
27.0316703077
29.7311464677
29.6222549174
28.689312382
28.0288778798
30.2022904425
30.1285421812
29.9750896113
31.3778055474
31.3908988463
31.1533162593
33.0111858465
32.8306492549
34.0932689128
34.5970016072
35.0133787202
35.3929070704
35.4316149945
34.9555735594
31.8423572229
23.6961534209
21.0912054255
20.4065543128
22.6985245869
24.1161224787
26.7401766515
29.1951527703
30.5382034314
35.1081825332
61.1373544016
76.3810088836
76.6878326321
64.2932886279
19.4993124786
61.6855593022
2.80697303053e-40
0
0
0
0
0
0
0
0
0
0
0
0
0
0
0
0
0
0
0
0
0
0
0
0
0
0
0
0
0
0
0
0
0
0
0
24.6371448013
25.2674641962
24.6761107367
24.7817290033
25.9186715119
25.9660626564
25.4919718829
25.6554189377
27.9024090552
27.6293394469
29.2621836981
30.1787441816
29.164953911
28.8656027402
30.6090556713
30.5722562941
30.8547616861
31.9297128947
32.1621278403
31.9620925069
33.7139903559
34.0149286137
34.9861430141
35.1733909475
36.4138368905
36.9485446938
37.9066917418
38.6253411301
38.7898067843
33.455573089
24.1779848467
20.6654329467
14.8373287462
14.8312988311
14.8879870172
14.5624674797
19.1930877539
10.1899102202
30.9829643903
65.249024428
85.7430459233
89.0647654389
43.5150245673
6.98085315764e-39
8.55051188616e-42
0
0
0
0
0
0
0
0
0
0
0
0
0
0
0
0
0
0
0
0
0
0
0
0
0
0
0
0
0
0
0
0
0
0
0
24.5173423626
24.6629678038
24.8850225542
25.5243465375
26.0348669641
25.9479947943
25.5610014313
25.5887596974
27.4318761507
27.84665885
28.5823148634
30.5504301431
29.5069945663
29.4163350194
30.6478901274
30.8845496227
30.9938267921
31.981257468
32.7978137231
33.01619651
34.288776597
34.7439995621
35.5679328799
36.5541296532
37.5719165523
37.6681118866
39.4861704657
40.9162061917
42.4529003474
43.4234481542
37.5063940306
27.9545028922
21.2451045649
12.4894329561
1.58140927483
0.873007669863
0.0471689825974
0.0287946021072
0.000165291615933
2.71767157083e-05
59.4949989214
94.5011486543
81.415064918
5.21706406277e-40
0
0
0
0
0
0
0
0
0
0
0
0
0
0
0
0
0
0
0
0
0
0
0
0
0
0
0
0
0
0
0
0
0
0
0
0
24.3663249433
24.458967165
26.0876729549
26.0603984587
25.9799933746
25.843444685
25.6805501958
25.6627279713
27.1026316641
28.0635543524
27.4762797016
30.3812646542
29.7698014826
29.2612046613
29.7946694582
31.0811311711
30.8376979776
30.861021086
33.0232944462
33.2376454421
34.3274693639
35.3876483247
35.2173660466
37.6268836795
38.5257807253
39.8214106468
41.1013071153
42.5882262319
44.6333716004
46.9438950318
48.4761915941
44.1862074834
38.2170108045
32.898580664
30.2655500021
29.95610491
30.8078742345
32.4329200616
19.8345110232
6.83330767411
1.47178219267e-09
41.4265622247
81.1697179064
6.59555119114e-41
0
0
0
0
0
0
0
0
0
0
0
0
0
0
0
0
0
0
0
0
0
0
0
0
0
0
0
0
0
0
0
0
0
0
0
2.00078758874e-45
24.0544927278
24.2911799799
24.5740242591
25.5499409251
25.5794359344
25.5931780844
25.744071287
25.5688210058
26.7877202519
28.0835431772
27.4177833828
29.5482750685
30.1478484243
29.1277029782
28.6216922816
31.0996246458
30.8923583669
30.838390495
32.9530377736
33.2596386099
33.4020216483
36.0200510861
36.191223976
38.0423032002
38.9749980965
41.1487504253
42.3264615392
44.0260147246
46.2355856492
48.756726893
51.5239253502
54.6238401197
54.022670267
52.0759757105
51.0617316595
51.6168307661
53.4933833
56.4039124004
59.2591940525
65.2845384067
52.743106488
1.29935356041e-14
2.12499897036e-39
0
0
0
0
0
0
0
0
0
0
0
0
0
0
0
0
0
0
0
0
0
0
0
0
0
0
0
0
0
0
0
0
0
0
0
0
5.01284579345e-45
23.6028528682
23.879715191
23.778009125
24.9069281184
25.343578879
25.3469684377
25.5363445119
25.2136368028
25.8302175223
27.6550522554
27.4364334111
28.2270097836
30.4494515595
29.2577383398
29.0118800856
30.7743591414
31.0897602038
31.1819683319
32.5747981055
33.5393150041
33.8388172368
36.0488055185
36.804043277
38.126753597
39.8880480251
41.4412815323
43.2404015471
45.3468229903
47.3784695819
50.1937967889
52.655138801
56.8465975036
60.1647270651
63.3154831388
64.1497576699
65.6088952352
67.5840982084
71.8162053916
78.8930747243
88.6819480499
98.5313428072
54.4734907336
2.87151753483e-40
0
0
0
0
0
0
0
0
0
0
0
0
0
0
0
0
0
0
0
0
0
0
0
0
0
0
0
0
0
0
0
0
0
0
0
5.01284579345e-45
5.01284579345e-45
23.1393658908
23.4368192511
24.0428839457
25.2159628636
25.4130034642
25.0956733865
25.0773643708
24.7073663058
24.9049667277
26.6872848542
27.3730213826
26.402228822
29.4880825117
29.5532065709
28.8535666929
29.3476603961
31.1534249578
30.9075849636
31.0852917678
33.4421154927
33.8816959523
35.5528307939
37.091347947
37.2544944998
40.1131042331
40.8935292548
44.0151412171
45.6111032158
47.6832332632
50.7182572307
53.432916427
56.4523137645
59.6719212854
63.160476097
65.7805701046
67.511363367
69.5600791764
72.9628353939
78.6995390445
87.9747211133
99.9999843301
99.9967665976
3.99668000005e-41
0
0
0
0
0
0
0
0
0
0
0
0
0
0
0
0
0
0
0
0
0
0
0
0
0
0
0
0
0
0
0
0
0
0
2.4465813395e-45
5.01284579345e-45
5.01284579345e-45
22.635571237
22.8918114091
24.3395347853
25.6785344336
24.9970858199
24.6132254536
24.4934349977
24.1995849689
24.2192538705
25.7217109418
26.9305013215
26.561412937
27.616826741
29.9952280706
28.6183395944
28.2798967196
30.7194141936
30.6792942913
30.7774081826
32.8926909127
33.6602869338
34.1882192255
36.9309994154
37.6093330436
39.7541377307
41.474990437
43.5038301472
45.2686014891
47.7600483534
50.038052499
52.6745991922
55.1921545495
57.7737369881
60.4877264399
62.7549625692
64.040773137
64.0084301695
63.1108111598
61.0162538105
62.4563639422
70.1388651803
96.8143721238
0
0
0
0
0
0
0
0
0
0
0
0
0
0
0
0
0
0
0
0
0
0
0
0
0
0
0
0
0
0
0
0
0
0
3.0458462205e-45
5.01284579345e-45
8.03694619695e-44
8.48046957649e-44
22.0806001992
22.2524404501
23.305601771
24.2458409331
24.1785081494
23.9146835162
23.7994009491
23.7173370013
23.4560925795
24.2040931957
25.7660750525
26.3536362802
25.3054760297
28.4887136818
28.7193372099
27.8123430299
28.6569518086
30.3970844779
30.265039662
30.9503604222
33.2963507724
33.6439256301
35.9484747785
37.5288515298
37.7629798389
40.8666970994
42.6368848315
45.1415137807
47.0556758343
49.1815792866
52.1793904665
54.3342652005
56.6542638316
58.8166467955
59.9704915235
60.6927217044
58.4004968065
54.8452782197
21.3209208287
52.8993164549
1.36943307554e-13
3.16820330358e-40
0
0
0
0
0
0
0
0
0
0
0
0
0
0
0
0
0
0
0
0
0
0
0
0
0
0
0
0
0
0
0
0
0
0
0
6.23844855749e-44
2.10575692893e-43
3.13846896107e-43
21.5247992284
21.6003251081
22.5310866717
21.2702594279
22.9232567598
23.1126421489
23.0099470529
23.0564449936
22.4583587269
22.7426048851
24.3473072135
25.6554077667
25.4613208359
26.0645245785
28.6250767549
27.5660536265
27.2757427163
29.7258006572
29.9826496191
29.8128922904
32.3808715374
33.096686389
33.5006545592
35.9246789385
37.2772130552
39.4589343399
42.0031127995
44.0510391867
46.6219228569
49.1886326545
51.6423134656
53.9841612589
56.6499817887
58.9973183171
60.7184519345
61.446339528
61.3368958451
59.9638261977
46.530506555
63.0919536339
4.48468178043e-10
9.39669887421e-41
0
0
0
0
0
0
0
0
0
0
0
0
0
0
0
0
0
0
0
0
0
0
0
0
0
0
0
0
0
0
0
0
0
0
2.84024673801e-44
1.01750761825e-43
1.43051779292e-42
9.70037395481e-39
20.763642116
20.802504751
22.3624649593
21.2272536172
21.8833219267
22.1743951726
22.1206230436
22.084361505
21.5394438138
21.5213386096
22.4189272726
24.0589048905
25.2980324011
24.8728821
26.1952805008
27.7680909096
26.5117161312
25.8927807042
29.107015279
28.5303943282
28.5066576987
31.4167403177
31.7182644035
33.9528734202
35.8768133963
37.4265736095
40.3718213334
42.8140832264
45.9767157046
48.257731244
51.2581261224
54.8628987547
58.228399651
61.1086944313
63.864759151
66.5173779519
68.6629820494
70.301124882
75.8671966015
83.0873474971
54.6020522134
2.50514575605e-42
0
0
0
0
0
0
0
0
0
0
0
0
0
0
0
0
0
0
0
0
0
0
0
0
0
0
0
0
0
0
0
0
0
1.79218521107e-44
5.95743444698e-44
5.71570768506e-42
1.65681541321e-39
8.00032652086e-30
19.6012117045
19.5980526859
21.0819219141
21.5248630315
20.0618335561
21.0906594304
21.2043223724
21.1781578114
21.007559842
20.4274071077
20.6123958563
22.2181818746
23.592597886
24.3555885435
23.2636883674
26.1709114954
26.3240580922
24.6562543447
27.0225559338
27.31458244
26.6576839151
29.1828125589
30.0756612851
31.5075827874
33.6619571526
36.2921915423
38.5449135273
42.2626846425
44.6576791924
47.4797658444
52.2084348555
56.18367715
60.2756907657
64.0616724247
68.5890327307
72.5251550411
76.2368846535
78.7132338747
82.0779940692
86.2280682312
47.2986445078
1.72125726217e-43
0
0
0
0
0
0
0
0
0
0
0
0
0
0
0
0
0
0
0
0
0
0
0
0
0
0
0
0
0
0
0
0
0
5.75965325431e-44
7.13238346358e-42
1.64019390945e-39
6.15946252937e-35
1.24887214665e-24
18.4341068598
18.3365398408
18.3492605781
20.7977109202
18.8187148192
20.0022413385
20.4278934029
20.4219623389
20.4582891831
19.5317914404
19.4773360851
19.3996754864
21.4728763642
22.9163748649
22.3037483384
21.3315747304
24.1754141648
23.6698694086
23.039326151
25.1592722175
25.0807979609
25.4119135952
27.250233244
28.4989983938
30.8286807992
33.5244497083
36.9524382879
40.233467133
43.6997221908
48.3630139038
53.0394356135
57.8339250937
63.064496948
68.7438530546
74.9798228226
81.3723909977
86.8199856145
91.8076252538
94.3591804425
88.1762992605
7.41170054623e-12
4.18696131683e-43
0
0
0
0
0
0
0
0
0
0
0
0
0
0
0
0
0
0
0
0
0
0
0
0
0
0
0
0
0
0
0
0
1.79218521107e-44
4.25162394455e-42
9.57526912409e-40
1.41743136403e-35
3.54823828613e-26
1.43961494307e-09
17.8009214283
17.5669933365
17.3952626943
20.5090138194
21.0064472188
19.8610618859
19.9014614512
19.7873847391
19.6453998424
19.0676900853
18.3178742278
18.437091859
19.0155364005
20.3359097441
21.1603101142
19.0163225995
20.1104971507
21.5918214879
21.246062938
20.1227213776
22.6822133513
22.3285622325
21.8931279616
24.0303685704
26.4076763625
29.6959570812
34.2063271433
38.6167050162
44.5027443466
49.8288644431
55.7462283921
61.9272317312
67.8222908777
74.6575130653
82.3045886963
90.2135835026
99.9806974206
100
100
100
30.0113333908
4.18696131683e-43
0
0
0
0
0
0
0
0
0
0
0
0
0
0
0
0
0
0
0
0
0
0
0
0
0
0
0
0
0
0
0
0
8.93190230722e-43
2.92573033193e-40
1.39903821431e-36
3.37430064906e-29
3.1338206963e-13
75.954184202
17.5349612037
17.0497983393
17.609550001
19.3467275464
20.5555113947
19.9432377037
20.0506629451
19.4805801876
18.9935569022
18.7792819952
17.3983524488
17.3440206102
16.3558405855
17.4530676511
17.6400973282
16.9814214989
15.8505214928
18.4570034543
18.6116172915
17.811495822
15.7963829518
18.3126495368
15.4213025344
16.9163865276
19.4014235336
26.4255003425
32.3794781831
39.8002085135
45.5988075277
52.3828111002
58.0329997003
64.297023885
71.1027785775
78.95247691
87.1072850144
97.2384821136
100
100
100
100
31.2303071174
1.12406927771e-45
0
0
0
0
0
0
0
0
0
0
0
0
0
0
0
0
0
0
0
0
0
0
0
0
0
0
0
0
0
0
0
4.48981858833e-44
4.16340118544e-41
1.08942605349e-37
2.90393421051e-32
1.43918821193e-18
64.3514863069
69.9389269734
17.1353462786
16.1648380349
17.1001180785
16.9367090574
18.7976095558
20.7074978552
21.6243272041
19.81738284
18.5263845988
17.8757118151
17.1432267551
15.2796843102
15.3370954067
12.6614162349
12.1697114798
14.0798103081
12.6974507644
11.6091451937
15.5818576989
12.9023411486
14.1273417638
9.07888417865
11.4469074194
2.08364074162
11.5171887717
23.4343816002
32.4525874106
39.3666267815
46.120170805
52.0022856992
58.148703567
65.5358331341
73.6607785934
81.5746038398
90.1036807411
99.9992046914
100
100
100
100
100
0
0
0
0
0
0
0
0
0
0
0
0
0
0
0
0
0
0
0
0
0
0
0
0
0
0
0
0
0
0
0
0
8.66914274859e-43
4.57623043646e-39
2.10816036013e-34
1.11343504865e-24
33.9269251756
57.0797134695
60.5494294986
16.7664118285
14.8424407838
14.6814774811
14.8255450407
15.519676142
18.8955962193
21.724858026
19.6139619896
18.0591098195
16.995679129
16.3542814516
14.4016143412
14.0928973118
11.3619864536
9.60212220191
0.0248891761515
11.5134423731
6.8466942322
10.6741924152
11.4921425313
5.79980713572
0.76285501354
0.0631534737969
0.526077864144
7.95302150784
21.3581737605
30.505849372
37.9002891173
45.2444837903
51.9905266656
60.4858816874
67.7437697241
74.9958043648
82.5638187036
92.027677457
99.9994483632
99.9999999995
100
100
100
100
0
0
0
0
0
0
0
0
0
0
0
0
0
0
0
0
0
0
0
0
0
0
0
0
0
0
0
0
0
0
0
0
6.37606518374e-41
1.78941344351e-36
2.14165584008e-29
3.6020899158e-10
53.4002715872
53.1250383993
52.0451434525
16.834311874
13.4187563361
12.7400878809
12.8200552193
13.3893843419
15.7152297709
18.6258606364
19.1979324071
17.4575362635
16.2494439272
15.2597982412
14.5705006913
10.8217443861
10.8833659719
0.258397840466
8.56906183565
0.000911791365952
9.47498322295
7.92185881016
0.00508287199103
2.38937427779
0.00739150403601
0.0107340871918
0.273332146858
11.9868550121
21.869142141
29.9539905347
39.166980162
46.6113062073
55.3994263507
61.5496562546
67.9207427379
75.2078970751
83.8287381979
94.0487537313
99.9999968507
100
100
100
99.8257974585
8.27397295427e-14
0
0
0
0
0
0
0
0
0
0
0
0
0
0
0
0
0
0
0
0
0
0
0
0
0
0
0
0
0
0
0
4.79810836238e-44
6.99295861759e-39
6.9543132772e-33
1.67339081075e-18
52.7262121277
54.0387913822
48.138423304
46.3234124551
17.2424569597
12.3198431139
11.0840045235
10.7131744042
11.2492747126
12.8669295024
15.8933387743
18.5266919203
17.0199310251
15.5685295487
14.4471788718
13.2880477797
11.8496622517
4.6872750866
0.440198645002
2.90633524949e-05
4.2470914385
1.19828658298e-05
9.53214672713
0.000492013330207
0.000142365656041
0.000353059167867
0.0192535070124
2.78965552556
16.8111959461
25.0329480283
33.8095546896
41.8017299211
50.3089127356
55.7412297265
61.0281489611
68.9564457541
77.2383854484
86.6544464845
97.3485170964
99.9999999944
100
100
75.1296097639
7.76262152954e-27
0
0
0
0
0
0
0
0
0
0
0
0
0
0
0
0
0
0
0
0
0
0
0
0
0
0
0
0
0
0
0
0
5.80416666328e-43
1.55676286639e-36
4.51726362558e-24
53.1394634122
58.5004479526
51.7805969422
45.9593761044
43.4855660787
16.2547403419
11.699899698
9.5503893244
9.11421118957
9.22748977325
10.4790340988
10.6904461541
15.9140499971
16.8737330693
15.0574661081
13.7764535562
12.5221812744
10.6106829745
6.29782489707
7.05410667403
1.90126097733e-05
2.46150152673e-07
3.52948068359e-05
1.08297553451e-05
3.61725110336e-06
0.000207642703078
0.000181708867624
9.40000312699
12.1497260671
22.4938361529
29.2663593411
37.2649170438
44.922948519
50.1938273388
54.8664108043
63.0295012623
70.7766848483
79.0942538519
88.3830466795
98.5435686151
99.9999999958
100
100
2.79160891006e-28
1.54999707233e-27
0
0
0
0
0
0
0
0
0
0
0
0
0
0
0
0
0
0
0
0
0
0
0
0
0
0
0
0
0
0
0
0
6.84946172963e-40
4.03879937193e-31
42.786008858
64.6196409112
56.6107826342
49.8175707726
45.8207814826
44.3957420308
14.6357976565
11.4999920463
8.28769610099
7.76186383893
8.02483728651
8.15426790724
10.2991593726
10.4351088591
15.0806454872
14.4283310152
13.1836446691
12.0795573033
9.52639567181
6.69493399291
1.10320480337e-07
1.73424095172e-07
4.70358754321e-08
0.000620534863487
5.82487151938e-07
5.91584751665e-06
6.69682083345e-06
8.8548638269
11.2136211164
20.9858687974
26.2838100261
33.6977903996
39.8489367247
45.6042877651
50.1271295484
57.8316077275
64.9808645785
72.53358063
80.4758472684
89.0980206819
98.2074553017
99.9999993963
99.9999999998
100
3.91746708394e-27
6.89395182888e-22
0
0
0
0
0
0
0
0
0
0
0
0
0
0
0
0
0
0
0
0
0
0
0
0
0
0
0
0
0
0
0
1.30084330822e-44
5.1060250668e-37
5.75596623491e-10
68.7017932541
63.0438444381
56.0030154194
50.5326534823
47.4593731218
46.6066279831
13.7870348574
10.6234639419
7.0012794394
6.04324978761
7.13476803472
7.3804663236
6.70636632267
9.16724898888
8.94277252211
13.54136167
12.7670933586
11.8548217691
6.82072999076
0.0497391120156
3.40571158977e-08
5.05935684502e-09
8.07094464798e-08
2.32860731766e-08
3.28673804141e-07
2.31425142687e-07
8.95152857422
12.2461861441
19.9582989635
24.7870484497
30.28942724
36.2051923201
42.5395635728
46.9842292752
53.8769316415
60.1850356253
67.0182636962
73.4494355283
80.3230997672
87.5693475572
94.9641571646
99.9996694702
99.9999999977
98.0712005907
5.18985276141e-27
9.04331493014e-19
0
0
0
0
0
0
0
0
0
0
0
0
0
0
0
0
0
0
0
0
0
0
0
0
0
0
0
0
0
0
0
4.0571160278e-43
6.17384726495e-25
69.1437845101
68.5187722162
62.0359135536
56.4856872964
52.5866804351
50.4697576884
50.0879887265
14.1262534184
9.15817956065
5.64441401333
3.1250787392
6.20982604979
7.27035872401
5.95480079368
3.90868824821
6.5460818334
7.304350406
13.1813548528
12.935161183
7.26017795119
1.93795052154e-08
1.56606074888e-09
2.16640718864e-09
2.36576604424e-09
3.0115917814e-08
2.5564899659e-08
8.75886871381
11.5134918399
19.7276722551
23.9691081786
28.4950925395
33.8316228146
39.7092571518
44.6767505781
50.8492994502
56.3652595712
62.3303237656
67.8616295182
73.8025370501
79.4217659697
84.9690218025
90.9901607995
99.9211532889
99.9998373765
2.36000782845
1.896672559e-26
7.608823788
0
0
0
0
0
0
0
0
0
0
0
0
0
0
0
0
0
0
0
0
0
0
0
0
0
0
0
0
0
0
0
1.72280741503e-38
64.0420109675
75.1621319075
67.9094443144
62.3338088125
58.0901374697
55.2895493715
53.7654644481
52.7261414802
15.2378318758
7.39082092694
0.0699408903165
1.81880862492
5.14269872656
7.55237412633
6.66464955834
2.26091218024
5.56181019186
5.13233878045
7.28693948087
11.21848768
7.09199999698e-10
7.69438917287e-10
3.30257232535e-10
5.23116279543e-10
1.82348093647e-09
4.59825725192e-09
6.80209590575
11.0052826584
18.5494963555
22.8355370331
27.4043215104
32.505023082
37.239805312
42.3859380103
48.2166937
53.2813114656
58.7570629958
63.6972422576
69.187799646
73.5597945759
77.4649972894
81.4407004242
86.0839626565
92.7947967117
82.7978162674
6.67828833492e-08
3.21729402041e-25
90.6218070055
0
0
0
0
0
0
0
0
0
0
0
0
0
0
0
0
0
0
0
0
0
0
0
0
0
0
0
0
0
0
2.86594501538e-44
39.0262643961
80.3163878946
74.5365896701
68.2911580716
63.9009675209
60.7980237765
58.6603979731
57.5830716907
56.8194367582
15.1407041212
8.94365662673
0.000533357544531
0.000631165250074
4.93965763395
7.33865170528
6.84566081764
2.88959601767
2.17127674547
0.759976217123
2.61253886807
6.31529467195
7.25041521034e-09
5.73342602414e-11
1.30191461075e-10
2.36163620463e-10
1.38799816878e-09
0.0727185304988
10.8233664054
17.4304353014
21.3777042375
26.4776648253
31.0831770712
35.6900642214
40.2839984414
45.5080539279
50.2583111647
55.8590279196
60.4278075098
65.4112809492
69.4715849712
73.3817112464
76.1507809371
79.2188055092
80.5161496787
77.5711274671
71.1845441635
20.7414216891
4.79445417613e-24
100
0
0
0
0
0
0
0
0
0
0
0
0
0
0
0
0
0
0
0
0
0
0
0
0
0
0
0
0
0
0
2.05896809927e-20
79.4885574502
78.4458604065
73.9577458239
69.6028390911
66.5931074719
65.1167852923
63.946253556
62.9434532939
62.6961171999
13.8257028889
1.01496718658e-07
4.47347949486e-10
2.24133273273e-06
5.43576505202
7.1136587411
6.94392037152
4.5695368146
2.04550464859
4.57869444911
0.000177440296577
9.93450392377e-10
2.49178026055e-12
1.92928411053e-09
6.58417730753e-11
2.32772351658e-10
0.000147588928745
10.8415638448
15.8676708904
19.6871180917
24.5341343012
28.5447687396
33.6436308192
38.332750184
42.5838085359
47.5521775623
52.9624009891
57.6379887611
62.5033941849
66.5856442251
70.9981748401
73.8476522105
76.5664624202
79.3033110181
77.5027929968
75.8851810404
80.4288286764
56.6165848686
1.03829752263e-23
100
0
0
0
0
0
0
0
0
0
0
0
0
0
0
0
0
0
0
0
0
0
0
0
0
0
0
0
0
0
1.95887871394e-43
72.8311057334
76.7118858846
77.1458802623
74.3592913327
71.8885751355
70.3734741308
70.0857305815
70.9123188108
69.3281945636
70.4874925979
12.1191609644
1.25705529001e-11
5.09152533831e-12
0.00444914370466
6.28490684685
7.56298464161
7.64610161276
6.05641906432
1.34224313408
9.40836815469e-13
1.3444353912e-11
5.29250006214e-12
2.20090309904e-12
7.26143146755e-12
1.99080559687e-11
1.18475414291e-06
10.955043275
14.3855506747
19.0244917325
22.7019090731
26.1794719283
31.1836528388
36.1783760896
40.5098192784
44.8783999676
49.8914040849
54.554673708
59.8372474782
63.9716333205
68.3880558768
72.2337646891
76.2190532062
79.4622305058
79.526247016
77.0496113021
74.4721789809
75.817727837
82.0688298515
2.81205916063e-23
100
0
0
0
0
0
0
0
0
0
0
0
0
0
0
0
0
0
0
0
0
0
0
0
0
0
0
0
0
0
45.9959674222
84.5866641602
80.9530396724
78.6483019534
76.2982916199
74.7053148241
73.8688730671
73.614763519
75.1230858223
74.3274932614
73.8661848281
10.1875952097
4.0168723317e-12
6.72789313487e-13
4.13289962125
7.48070182119
8.25974898325
7.99214697285
6.50195155893
0.620152414761
4.32315672463e-13
1.9170702108e-13
7.98034794083e-13
7.2452906899e-12
3.1833505479e-12
2.93684161896e-10
7.61511514385
14.3722922854
18.173275013
22.378355435
24.4448264891
28.6384616117
33.1636269822
37.9159823062
42.2622960405
46.4165083435
51.3425901216
56.6855504081
61.151733328
65.8569285959
70.3297352536
76.3001573211
80.362594446
82.8536489212
82.2899494101
78.9167379923
70.8460242044
68.4825064386
82.4635035711
4.85967573585e-23
100
0
0
0
0
0
0
0
0
0
0
0
0
0
0
0
0
0
0
0
0
0
0
0
0
0
0
0
0
1.23672963128e-37
87.8600311427
83.9375353954
82.1394879801
80.1783475297
78.4297605197
77.2490980216
76.5180464897
76.0499439414
76.6650556205
76.4705521335
75.3282007907
6.65502434431
3.21856471537e-13
1.20746495686e-13
7.1726114587
9.0859724833
9.20791309464
8.48992847076
6.79423314477
2.08214197476
1.79355091783e-13
7.97723555886e-14
8.58137653408e-14
4.3293776133e-13
8.48981343444e-07
0.147008436485
12.566215167
15.5028657898
19.4513524405
23.1034352057
26.8827350448
31.1515654312
34.512019205
39.1826067235
43.5749887635
48.0012725369
53.0658676832
57.9464134872
63.2516749089
67.9618045898
75.1406587482
81.7701088385
85.5095641385
87.8386005057
88.5552025782
83.8923948219
76.6411028672
68.2555886626
74.4799343014
3.43637993721e-23
100
0
0
0
0
0
0
0
0
0
0
0
0
0
0
0
0
0
0
0
0
0
0
0
0
0
0
0
0
73.5923262929
77.9199273504
83.6745969064
82.815618349
81.7572901826
80.5173970315
79.5515752589
78.8208218705
78.2635507802
78.5878549987
78.1147815331
77.0985822471
9.33326342488e-15
3.10936020435e-14
2.59529902662e-11
10.217357129
10.8208131864
10.3325031024
9.19757160448
7.59318250553
4.0497084633
8.25089380669e-14
3.46068044543e-14
3.32597540802e-14
1.08021282864e-13
5.38369014121e-10
10.0011933901
9.97277315774
17.4534511155
20.3144385491
24.0186382583
27.6522372413
31.9330736541
35.9668654777
40.0903800518
44.6277904557
49.2333414866
54.3783945571
59.9976560895
65.0605476239
72.8430220806
80.9053928107
86.0119594467
91.289756867
95.6888073545
97.7784482892
97.9051930941
98.9597861627
99.9989795427
100
81.9991336975
100
0
0
0
0
0
0
0
0
0
0
0
0
0
0
0
0
0
0
0
0
0
0
0
0
0
0
0
2.60584375044e-22
99.7879066289
89.5230117449
87.0610365949
84.9966226247
83.6784431269
82.5111684808
81.598215305
80.8763078782
80.3149883251
80.3580486778
79.6913585335
79.2618163646
3.5751130598e-15
6.1835548339e-15
6.70108107818
10.378617441
10.6019548987
10.3801266517
9.90767095291
8.3308729147
5.68273197115
4.01304551785e-14
1.55766278932e-14
1.48246267065e-14
2.36894002146e-14
3.79392034261e-05
2.82912502962
15.2411610423
18.9126056703
21.8949171722
25.6422115373
28.9807875637
32.8565085818
36.5802849953
40.9433004172
45.5360412335
50.4803891444
56.3523606693
61.8220455316
69.2824583179
77.4404013471
84.1351747743
90.8422542037
97.7640272827
99.9999827094
99.9999999999
100
100
100
100
100
100
0
0
0
0
0
0
0
0
0
0
0
0
0
0
0
0
0
0
0
0
0
0
0
0
0
0
0
93.6830332829
91.1862111475
91.0447973083
88.3004440442
86.3733253388
84.8959081309
83.7287606029
82.806841796
82.1128944597
81.6215970371
81.1862042967
80.52973355
80.4223126519
3.32809814391e-15
2.64898355229e-15
5.82220784902
9.85448587215
10.4955494326
10.3013503564
9.63982937706
8.59115489753
6.74393747937
1.89439924597e-14
7.41592608604e-15
6.97127525883e-15
1.30812403683e-14
6.54820707415e-14
11.8183451898
17.5535878333
18.9843314681
23.598052007
27.1973735084
29.7154591943
33.0759484135
37.13010948
41.8579524104
46.3644087521
52.1929396042
57.9994383785
64.5618069313
72.1872299069
80.0656844332
87.7001869884
95.6254797358
99.9999741276
100
100
100
100
100
100
98.591643983
6.61323552332e-15
0
0
0
0
0
0
0
0
0
0
0
0
0
0
0
0
0
0
0
0
0
0
0
0
0
0
1.03646808098e-29
97.6971920867
92.5971920626
90.6893491799
88.5012121569
86.6871878374
84.9221967564
83.6050219337
82.5030082194
81.6522707186
81.31586643
80.636979548
79.873022726
80.1260716989
4.47868107756e-15
1.34639910719e-15
1.34772541693e-14
10.1750533509
10.9076112981
10.4362943607
9.55931608919
8.19105383744
6.42794314176
3.83685687281e-14
4.0585348371e-15
3.64794527847e-15
7.35303681374e-15
0.00196922417462
10.3074933707
15.3086426141
21.284738108
24.4978993814
26.4026502191
30.610627512
34.4770653487
37.7483557612
41.866131185
47.7171000339
53.7903787783
59.2157570315
66.4101036034
74.7125085125
82.7006747922
90.8134718534
99.9766916005
99.999999999
100
100
100
100
100
100
1.18968291618e-21
6.11519963376e-23
0
0
0
0
0
0
0
0
0
0
0
0
0
0
0
0
0
0
0
0
0
0
0
0
0
0
99.2996106166
91.1181173601
92.4098948395
89.9959668384
88.2270550566
86.0411355245
83.9916188437
82.3522091493
80.9374762704
79.7491646506
78.7974821272
78.2683284368
77.9489775648
78.7278399434
1.29137245311e-14
8.45352249374e-16
8.92625502582e-16
10.7035577953
11.3838848413
10.6201960421
9.48406869581
7.80051341456
5.20673550018
4.19368066654e-15
2.64261423416e-15
2.38214285748e-15
3.80598384388e-15
0.0270679569689
10.5320415258
14.8936842798
20.0923547036
24.4097393347
27.4105391783
31.3803286955
33.2946041653
37.8641198922
43.7650659614
49.1897584365
53.7890370583
60.94922144
68.7787858633
76.0679020471
84.7290483305
95.2202669457
99.9999902934
100
100
100
100
100
100
100
9.91178098595e-27
6.12058437606
0
0
0
0
0
0
0
0
0
0
0
0
0
0
0
0
0
0
0
0
0
0
0
0
0
4.50617923234e-42
99.9999999997
99.2140283682
94.4906477481
90.7509412445
87.9583791755
85.5356485382
82.7640402465
80.7566629476
79.1149885688
77.8038095133
76.8022373453
76.3666895697
75.8039022071
76.2801061418
5.92549973487e-13
7.58318397724e-16
3.83541355352e-16
11.0074819175
11.6927055207
10.7287043581
9.36802167865
7.47774254002
4.79234691057
2.46665982697e-15
1.41166905719e-15
1.54749002933e-15
4.48887229872e-15
4.25926168607
11.134176145
15.2252942532
18.5836897718
23.0953566022
27.7384437252
30.419231016
33.9794929658
39.227768087
44.5267332423
48.2610558221
55.0715827374
62.5485295241
69.2965884915
77.5489438489
87.4930940252
97.8127752908
99.9999996706
100
100
100
100
100
100
100
2.332112437e-31
100
0
0
0
0
0
0
0
0
0
0
0
0
0
0
0
0
0
0
0
0
0
0
0
0
0
95.4857341941
91.4227130727
98.7208906942
94.9290830674
91.3026448768
87.909846688
84.7854812209
81.6419322119
79.295018318
77.4576429517
76.0373777951
75.0791762629
74.686764312
73.8544901928
73.147094622
1.98029334976e-15
7.85854334646e-13
2.44580455046e-16
10.3209983452
11.7967503397
10.6690511949
8.95748315157
5.79141402022
1.38248259228e-15
6.22667200814e-16
5.11636146525e-16
6.08180009994e-16
1.2176826377e-15
5.53736259376
12.3942086887
16.0909425138
18.6690957327
21.2855592996
25.4483547859
30.0663915479
34.0393890845
38.7495042434
42.9248578192
48.535328752
56.3443967852
63.1170757962
69.4537987918
78.1595522422
88.5372189087
99.8582112667
99.9999999892
100
100
100
100
100
100
100
6.18761469486e-31
100
0
0
0
0
0
0
0
0
0
0
0
0
0
0
0
0
0
0
0
0
0
0
0
0
0
100
100
99.9999782264
97.5556599368
92.807664347
88.1984787639
84.1487982233
80.821190215
78.1851045279
76.1479988299
74.5745856651
73.5947682593
72.9578340561
72.0492501779
71.3347078393
1.26561206048e-15
4.72045795519
1.49054693668e-16
9.36644479575
11.8730158053
10.4964897095
8.54361194141
6.87665592444
4.22319351421
2.04629802418e-14
3.28236981017e-15
2.53799172107e-15
7.24825381557e-15
6.67874302966
12.8091127477
16.2772838696
18.9468071091
21.4455585098
23.7938864169
26.675536199
31.7504619248
37.0652644728
41.9979323262
48.5864830907
56.0321830291
62.5228024731
69.6482637614
79.2098266312
90.2091345369
99.9196565582
99.9999999921
100
100
100
100
100
100
100
8.0232442405e-25
100
0
0
0
0
0
0
0
0
0
0
0
0
0
0
0
0
0
0
0
0
0
0
0
0
1.05095327577e-16
84.539566529
99.9999999999
99.9999984023
99.6363312934
93.7629586924
89.0585391838
84.0425497918
80.3680459091
77.4012060575
75.1515006248
73.5380382631
72.7682939315
71.4321396216
70.4697130468
69.8588491868
2.62395973931e-16
5.38111706338
8.64214530819e-17
9.80944070794
11.2952261478
8.96269762475
6.12659407073
3.2630502958
1.09400303181e-16
6.29284843398e-17
5.71339762362e-17
7.24475173695e-17
1.55903739146e-16
3.59811519914
13.3339508601
17.326662547
18.9623725667
20.3714510429
22.3862666481
25.4713375708
29.2471391622
33.8241366286
39.9274882428
47.8689966357
55.5016008703
62.5622523992
69.0422679496
78.2773908696
89.2400263024
99.9739530064
99.9999999994
100
100
100
100
100
100
100
1.01934745018e-23
100
0
0
0
0
0
0
0
0
0
0
0
0
0
0
0
0
0
0
0
0
0
0
0
0
100
100
100
99.9999999998
99.9997192744
95.793259118
89.498842113
84.3345652508
79.9940215263
76.5174972038
73.9487777946
72.1953436221
71.0911117027
69.6172893537
68.8058726718
68.8682693524
3.59443439709e-16
0.0168593466914
5.04462957967e-17
9.46345840286
8.86109132997
6.73268916633
5.1820441147
3.50851961169
2.99683984872e-17
3.21974652386e-17
4.67779550022e-17
1.00155806102e-16
1.42377678663e-15
5.41905951283
12.9964560976
15.9058155918
17.1311569427
17.9913034627
19.9869975453
23.906828048
27.9377271933
32.793856459
38.6840865283
45.7702614878
52.9217892406
59.4289449007
67.0495067407
77.531937934
89.2773403937
99.9927515641
99.9999999997
100
100
100
100
100
100
100
1.51034599408e-22
100
0
0
0
0
0
0
0
0
0
0
0
0
0
0
0
0
0
0
0
0
0
0
0
9.12960869814e-43
100
100
100
100
99.9999984379
97.8142964352
90.28855002
84.2921638869
79.248044706
75.0999073778
72.0236068611
70.0065353145
68.3070720341
66.9736379339
66.0503001622
66.6794778328
3.40023964076
3.35654419868e-17
3.07600116207e-17
10.8767718473
9.72472181812
6.8652688864
5.20616718468
3.54043892446
2.14841214654e-17
2.02809143613e-17
2.13575322813e-17
2.57541349069e-17
4.78793635011e-17
1.5667090592e-05
13.3823970383
16.8167486558
17.2056920071
17.1456423767
17.7046638169
20.1042494701
24.7308127574
30.7350698275
37.2052134055
44.0730890865
50.3437252264
56.8849254268
65.2048575686
75.7996593896
88.3644552258
99.9668359059
99.9999999976
100
100
100
100
100
100
100
6.04369735006e-22
100
0
0
0
0
0
0
0
0
0
0
0
0
0
0
0
0
0
0
0
0
0
0
0
72.8950736275
100
100
100
100
99.9999999993
99.2533986414
90.9346427014
83.837464446
78.0019665527
73.215229122
69.4694971127
66.7823387982
64.5317279038
63.0828745884
62.0274486402
62.9086505901
8.3513231519
9.90736727105e-16
2.85054711807e-17
11.4431376655
10.9476658925
6.84723151772
5.68351320063
4.08829719612
1.40337350862e-17
1.65521692102e-17
3.30295352599e-17
7.93458150224e-17
9.10598790417e-17
2.17492929176e-10
12.0119453278
16.7077519139
16.6526680312
15.017483341
13.5057327744
15.6074330282
21.3063898473
27.9368208405
34.669892289
41.4851420706
48.4128900354
54.9826717752
63.737065709
73.9734799296
85.4004725495
98.1869751338
99.9999999449
100
100
100
100
100
100
100
2.58008790202e-20
100
0
0
0
0
0
0
0
0
0
0
0
0
0
0
0
0
0
0
0
0
0
0
0
100
100
100
100
100
100
99.9996708685
92.0682676276
83.3214455227
76.522924916
71.0574222718
65.9623322608
62.3269172468
59.7762512222
58.3474569181
57.3106781913
58.0301082242
9.69107328722
4.93188956814e-06
3.69318356001e-17
0.000571968095182
6.95523222267
7.7134919432
6.70430491758
5.97083763854
6.08466805848
9.97953327999e-17
3.16837421565e-17
2.34760432209e-17
2.36036919555e-17
4.72284405467e-17
10.3239543062
16.9836037299
16.8576427142
12.9512644384
5.49486376999
7.79331594681
16.1791935235
25.2770865144
32.7140182978
38.9862495281
45.1866685299
52.2976416817
61.1045408041
71.3437739241
82.6001520033
94.6162182527
99.999972937
100
100
100
100
100
100
100
1.02159612664e-19
100
0
0
0
0
0
0
0
0
0
0
0
0
0
0
0
0
0
0
0
0
0
0
4.54654703069e-42
100
100
100
100
100
100
99.9999999649
94.4618790785
83.402166104
74.7906594528
68.2288842486
62.911321816
58.7269979919
55.175032006
52.9122493264
52.318663467
52.1954528033
7.43231496136
3.74335680647
1.0597786889e-16
2.15595537845e-14
7.35517965867
9.956255323
10.7368407389
9.08055780953
6.08002585029
1.20268220001e-16
2.82444848134e-17
1.81451231671e-17
1.50773568699e-17
1.86138231845e-17
7.67001628404
17.3383676903
18.3351172787
13.5119211791
4.78622018752
2.62127705987e-11
10.1838881107
21.2969628033
29.1837659129
35.2693777339
41.4549579654
48.7743818454
57.8311837394
68.1098598293
78.369549531
88.5478338297
99.9020068569
99.9999999997
100
100
100
100
100
100
0.562159241536
100
0
0
0
0
0
0
0
0
0
0
0
0
0
0
0
0
0
0
0
0
0
0
94.0322646426
100
100
100
100
100
100
100
97.8103179734
84.411759127
73.5819202521
65.4074022523
58.8758225544
54.0715735814
50.4661648334
46.874597449
46.6300451474
45.7564403986
4.83431745435
5.32189689088
4.49767719574e-16
8.59088219908e-16
9.48366975609
11.4533820551
10.8506443367
10.0897876188
8.71662909125
0.00080099372005
6.45654557184e-17
1.79486430187e-17
1.22710812692e-17
1.22444502305e-17
8.24963449867e-11
19.9825014791
23.3218670453
10.7741985871
5.64201184967e-16
2.9373368143e-17
3.18711013884e-17
6.03338784322
24.1806687135
31.1223787235
36.6704535204
43.9837265557
53.2824044616
64.0458713287
72.9509853733
80.6037087813
91.5846151149
99.999969882
100
100
100
100
100
100
0.0915612351905
100
0
0
0
0
0
0
0
0
0
0
0
0
0
0
0
0
0
0
0
0
0
0
100
100
100
100
100
100
100
100
99.997522883
86.6990022636
73.5589186352
63.6737726473
55.551499486
49.2077958307
44.903033161
40.8184832391
39.9383005731
40.4081857775
4.52371768121
7.54228639034
1.61962004476e-14
2.64111448333e-16
11.3572254265
11.8977170094
11.8247661421
11.4744938427
10.8590234007
7.50236529639
4.51166408608e-11
2.65191367419e-17
9.91709600965e-18
8.19659751598e-18
12.4112709353
26.1192299468
18.638063908
1.3193271404e-13
2.70174800707e-15
7.81747265972e-18
1.89567881643e-18
5.60714470835e-10
10.629301307
23.6312637191
27.4815526919
36.6552876185
46.8678490412
60.3581381702
67.7381085343
70.4330023765
77.986990659
92.4000609727
99.9993277847
100
100
100
100
100
100
100
0
0
0
0
0
0
0
0
0
0
0
0
0
0
0
0
0
0
0
0
0
1.0545244153e-42
100
100
100
100
100
100
100
100
99.9999995966
89.6295820309
74.4612915166
62.6033269148
53.7124312492
45.8622561824
39.4606553662
34.5917844337
34.080766505
37.8364358705
0.211063436867
5.98871330528e-08
1.00056809759e-14
5.9614840726e-09
13.0380458086
13.493155523
13.7522565612
13.6306073085
13.5856998911
12.7153122581
0.00429906313387
3.53960047217e-14
1.75140492972e-17
5.23400415957e-18
3.38311705944e-18
28.6485607785
7.2665285765e-11
1.46438884385e-13
3.12880232764e-12
0.000365140681048
6.33008125054e-19
1.51529638601e-19
1.07888415416e-10
3.37022898679
23.8149044517
24.7662641313
29.7131169405
51.0077078361
65.0695781477
58.1141909082
58.3364029897
69.0758964725
83.1018660654
99.9550010471
100
100
100
100
100
100
0
0
0
0
0
0
0
0
0
0
0
0
0
0
0
0
0
0
0
0
0
100
100
100
100
100
100
100
100
100
99.9999999994
92.1256135058
75.8085677607
62.4688399169
52.145186561
43.9834007018
37.2601974722
32.1981572214
31.5153747151
30.2010540727
1.480491013
2.03800700482e-14
3.2160189315e-12
1.23524226638e-16
13.6613056586
15.7111272921
16.7147439523
16.6179639582
16.8377449757
15.8955677214
13.5598372663
7.49013963113e-06
1.04228990967e-16
3.98544924326e-18
2.76174156221e-18
3.79670073426e-17
2.95209331854e-14
0.225992115126
25.0342113709
15.8775213078
1.39250826524e-19
2.72342052917e-20
6.22976304844e-21
4.73934439815e-21
4.80703016477e-21
2.56615207658e-14
3.58691163104
2.14436320795e-18
40.3260499298
46.7696233695
44.5151962186
65.4436724089
71.8682751474
90.0599787645
99.9811692965
99.9999999977
100
100
100
100
0
0
0
0
0
0
0
0
0
0
0
0
0
0
0
0
0
0
0
0
1.70729222739e-44
96.2052603798
100
100
100
100
100
100
100
100
100
93.777920288
77.4782513491
63.5246554067
52.2237480402
43.4889974936
36.2597352455
30.0753218901
26.1024985654
19.4631848044
1.11692334715
6.26248666371
0.000222716159389
2.447994335e-16
3.1521196261e-18
8.76022824278e-18
9.85505449787e-15
6.37408237842e-17
4.4968116165e-17
2.38525371965e-17
1.27147488852e-17
6.38365132378e-18
2.76702439706e-18
9.41794701172e-19
3.47489493246e-19
9.76300034452e-20
4.88568688871e-20
4.57950353604e-20
3.33500034766e-20
2.0959897071e-20
1.37791759825e-20
8.20560694217e-21
4.08456784026e-21
2.20871214603e-21
1.78615133644e-21
1.13596124807e-21
5.49022467817e-22
2.29151636448e-22
1.62311602132e-22
5.88807890645e-23
5.31792461139e-23
2.86256484661e-24
7.16147028428e-22
5.2249177306e-27
7.72457786869e-22
3.71347646168e-30
6.28704482758e-21
8.07853687917e-36
5.10707415172e-35
100
0
0
0
0
0
0
0
0
0
0
0
0
0
0
0
0
0
0
0
0
2.84024673801e-44
100
1.25432776606e-23
100
100
100
100
100
100
100
100
93.4488767996
77.3078691239
63.4197797244
51.5151704126
41.7633245822
33.8060513514
27.4723229961
23.1005633113
13.0267955161
)
;

boundaryField
{
    frontAndBack
    {
        type            empty;
    }
    upperWall
    {
        type            calculated;
        value           uniform 0;
    }
    lowerWall
    {
        type            calculated;
        value           uniform 0;
    }
    inlet
    {
        type            calculated;
        value           uniform 1.01510127317e-41;
    }
    outlet
    {
        type            calculated;
        value           nonuniform List<scalar> 
20
(
5.84570990221e-44
0
0
0
0
0
0
0
0
0
0
0
0
0
0
0
0
0
5.01284579345e-45
1.13624785369e-43
)
;
    }
}


// ************************************************************************* //
