/*--------------------------------*- C++ -*----------------------------------*\
| =========                 |                                                 |
| \\      /  F ield         | OpenFOAM: The Open Source CFD Toolbox           |
|  \\    /   O peration     | Version:  v1806                                 |
|   \\  /    A nd           | Web:      www.OpenFOAM.com                      |
|    \\/     M anipulation  |                                                 |
\*---------------------------------------------------------------------------*/
FoamFile
{
    version     2.0;
    format      ascii;
    class       volScalarField;
    location    "432";
    object      p;
}
// * * * * * * * * * * * * * * * * * * * * * * * * * * * * * * * * * * * * * //

dimensions      [0 2 -2 0 0 0 0];


internalField   nonuniform List<scalar> 
6400
(
0.155052727229
0.155055067674
0.155061700814
0.155074508897
0.155093151479
0.155117456973
0.155147464362
0.155184192066
0.155228015365
0.155279553494
0.155344016816
0.155424113658
0.155516969076
0.155622604292
0.155742776281
0.155879590019
0.156034011437
0.156205630616
0.156392790293
0.156590806154
0.15679399072
0.157002770356
0.157223030934
0.157461356131
0.157722126628
0.158005176484
0.158307177938
0.158625721523
0.158960542572
0.159312314518
0.159681561375
0.160066655171
0.160461957839
0.160861838676
0.161264065564
0.161665423763
0.16206546116
0.162470864723
0.162880645378
0.163285158744
0.163685603063
0.164095573098
0.164522320524
0.164958355058
0.165394470252
0.165824994323
0.166245685764
0.166653785559
0.167046910976
0.167423111226
0.167781131158
0.168117019341
0.168424619999
0.168695586959
0.168929768464
0.169134345254
0.169307316236
0.169441434953
0.169536493475
0.169600583196
0.169639752217
0.169658283247
0.169662408031
0.169653850742
0.169627594244
0.169570119102
0.169479800044
0.169375003148
0.169275153922
0.169186309325
0.169106945811
0.169033176406
0.168962367513
0.168897821617
0.168838892105
0.168786962756
0.168743181894
0.16871419799
0.16869545768
0.168687526315
0.155049239983
0.155051704602
0.155057644051
0.155070168562
0.155090195281
0.155115852546
0.155146317289
0.155181550674
0.155223642542
0.155275125262
0.155339283219
0.155418292145
0.15551139205
0.155617955796
0.15573839662
0.155873982023
0.15602777307
0.156200101707
0.156388759339
0.15658774113
0.156789185698
0.156995813824
0.157215288852
0.157453319471
0.157714427472
0.157998290056
0.158300547658
0.158619661934
0.158955488245
0.159308084537
0.159677369074
0.160062881447
0.16045934384
0.160859380959
0.161261904555
0.161663588872
0.162063330976
0.162469167716
0.162879977085
0.163284691911
0.163682950026
0.164092593694
0.164523455165
0.164962461286
0.165399903598
0.165831848667
0.166253883174
0.166663638364
0.167058209165
0.167434142774
0.167790319
0.16812722746
0.168441058404
0.168714147074
0.168949622858
0.169157376148
0.169328476799
0.169459015311
0.169553035089
0.169615846843
0.169652621087
0.169670389895
0.16967321926
0.169663807199
0.169637020613
0.169579269429
0.169486119039
0.169378233287
0.169275887393
0.169184766652
0.169103558063
0.169027994335
0.168955015737
0.168887924937
0.168828561678
0.168777369085
0.16873619934
0.168707638448
0.168689194185
0.168682987873
0.155039553234
0.155043689862
0.155048943883
0.155060417887
0.155079813044
0.155108668735
0.155142023208
0.155176224292
0.155216046416
0.155266258649
0.155329721116
0.155408150809
0.155501417971
0.155608666026
0.155729241969
0.155861669921
0.156013451842
0.156191244846
0.156383278186
0.1565812381
0.156778670854
0.156979691771
0.157197701047
0.157438057256
0.157699926368
0.157983430066
0.15828694735
0.158607972578
0.158945436934
0.159299438941
0.159669621532
0.160056231814
0.1604551797
0.16085486878
0.161256065942
0.161660050083
0.162059657465
0.162463971279
0.162875683661
0.163283071965
0.163687618616
0.16410171129
0.164531163306
0.164969119493
0.165407410009
0.165840871151
0.166265480866
0.166678166536
0.167075972557
0.167456176957
0.167816937318
0.168155824756
0.168466895867
0.168743304762
0.16898710109
0.169196397602
0.169365008177
0.16949356263
0.169585649798
0.169646035401
0.16968067611
0.169696023655
0.169696045512
0.169686030846
0.169657389676
0.169594988025
0.169499702113
0.169388352615
0.169279236899
0.169181608474
0.169094803809
0.169014653288
0.168940048105
0.168872827213
0.168812909047
0.168762078054
0.168722735673
0.168695042066
0.168677617466
0.168671261622
0.155026113076
0.155030273964
0.155034482677
0.155045006981
0.155062057883
0.155090776113
0.155133854911
0.155168050231
0.155204769518
0.155252747229
0.155315100756
0.155393198746
0.15548689552
0.155593941587
0.155714671962
0.155852232181
0.156008929617
0.156184466138
0.156369074562
0.156555855261
0.156748619012
0.156952921498
0.157173163819
0.15741384189
0.157676741999
0.157961751471
0.158267256241
0.158590570025
0.158930429462
0.159286311937
0.159658839405
0.160047185813
0.160447805351
0.16085169892
0.161250165769
0.161650407924
0.162054014646
0.162457995741
0.162866019837
0.163276570646
0.163689113028
0.164109342341
0.164540843068
0.164979833883
0.165420041752
0.165856298677
0.166284474132
0.166701218464
0.167103525255
0.167488637185
0.167854010589
0.168196390314
0.168510997477
0.168793404448
0.169041711841
0.169251970444
0.1694204181
0.169547771323
0.16963769301
0.169695279761
0.169726631346
0.169737811275
0.169734499789
0.169722661218
0.169691739661
0.169626550132
0.169523616704
0.169402007239
0.169281737393
0.169174212675
0.169080893169
0.168998066722
0.168922347468
0.168851174898
0.16878731352
0.168736955674
0.168700333563
0.168671638216
0.168651692078
0.168643487634
0.15500519159
0.155005752969
0.155010959352
0.155021746249
0.155040721977
0.155067738638
0.155106757538
0.155144814653
0.155184156826
0.155232808217
0.155294378726
0.155372391625
0.155467045673
0.155579522541
0.155707938788
0.155846865938
0.15599795171
0.156161493516
0.15633540951
0.156519240258
0.156713235318
0.156918595654
0.157140026177
0.157382099812
0.157646467083
0.157933392358
0.158241000136
0.158567237183
0.158910084698
0.159269277395
0.1596440974
0.160036696979
0.160442414999
0.160843438476
0.161241081036
0.161639487758
0.162039223341
0.162444379593
0.162855414045
0.163270871177
0.163690507904
0.164117084206
0.164552464568
0.164994272748
0.165437698637
0.165877916466
0.166310752955
0.166732709437
0.167140725953
0.167531961288
0.167903496406
0.168251799138
0.168572570804
0.168861610104
0.169115027567
0.169328077885
0.169497662974
0.169624791556
0.169713353822
0.169768689927
0.169796901419
0.169804075715
0.169795906611
0.169778277152
0.169739444255
0.169667617193
0.169556067581
0.169421395791
0.169285594495
0.169164749684
0.169063646068
0.168976273968
0.168893114836
0.168813519675
0.168747218242
0.168697571083
0.168659155777
0.168624222142
0.168602292543
0.168594522203
0.154966437775
0.154966104526
0.154975225121
0.154986324792
0.155007268263
0.155036276308
0.15507235708
0.155111195084
0.155154293927
0.155204872577
0.155265226651
0.155344009014
0.155447245823
0.155567850898
0.155696071971
0.155829812509
0.155971883731
0.156126925853
0.156296648515
0.156478755022
0.156670714564
0.156875845421
0.157098717645
0.157342790294
0.157609229504
0.157897728401
0.158208422989
0.158537709241
0.158884828116
0.159247819866
0.159627883084
0.160023222021
0.16042871284
0.160834651598
0.161227970145
0.161620186705
0.162019836115
0.162428139059
0.162843737588
0.163265067711
0.163691774118
0.164125138396
0.164565901329
0.165012238293
0.165460306288
0.165905714084
0.166344363098
0.166772718383
0.167187726785
0.167586526074
0.167966052234
0.168322664943
0.168652062938
0.168949499214
0.169209788448
0.169427788859
0.169600827803
0.169730083623
0.16981942901
0.169874068324
0.169899694878
0.16990234224
0.169887196645
0.169857179228
0.169807338526
0.169720846954
0.169593484218
0.169442410424
0.169288525121
0.16915237697
0.169040553463
0.168941062925
0.168843721141
0.168757392807
0.168689741998
0.168638333237
0.168593183439
0.16855353744
0.168530544841
0.168520754219
0.154907155369
0.154911480999
0.154927097389
0.154943767571
0.154961534079
0.154990700089
0.155028712401
0.15506902589
0.155114993238
0.15516788457
0.155232002886
0.155314013625
0.155424674589
0.155545236877
0.155669584054
0.155795908469
0.155931958589
0.156085158368
0.156253664881
0.156430961843
0.156620063141
0.15682564948
0.157049792998
0.157295233955
0.157563931678
0.157856819619
0.158168722183
0.158502080728
0.158854075867
0.159224969886
0.159609838053
0.160005793044
0.160412620055
0.160812921804
0.161204392118
0.16159568886
0.161997405809
0.162409963003
0.162831064039
0.163258898242
0.163692972075
0.164133739357
0.164581183008
0.165033621772
0.165487784839
0.165939670949
0.166385341935
0.166821351684
0.167244757298
0.167652784877
0.168042369423
0.168409783732
0.168750434425
0.169058852866
0.169328998256
0.169555556234
0.169736028057
0.16987138138
0.169964793628
0.170020334085
0.170042687381
0.170037640564
0.17001052507
0.169962300805
0.169899569354
0.169793294633
0.169639559436
0.169465139324
0.169290424116
0.169134928533
0.169002964068
0.168881817282
0.16877027829
0.16868007574
0.168610638271
0.168554111776
0.168500906753
0.168458976299
0.168435952756
0.168424375233
0.154837453428
0.154846181681
0.154864351791
0.154888923215
0.154908530577
0.154938566732
0.154975475171
0.15501788006
0.155067582489
0.15511865473
0.155189962398
0.155283445607
0.155392705002
0.155510689486
0.155628682693
0.155748225672
0.155883665299
0.156038058837
0.156202061494
0.156374664972
0.156561659293
0.156767358242
0.156992760302
0.157240869043
0.157512902803
0.157808815611
0.158125513019
0.158458659603
0.158819219177
0.159200873599
0.159587216886
0.15998014268
0.160385432117
0.160782230637
0.161170942025
0.161566170277
0.161972432434
0.162390019188
0.162817177853
0.163252116086
0.163694096401
0.164143031481
0.16459838233
0.165058401426
0.165520105554
0.16597979792
0.166433763571
0.166878764917
0.167312087415
0.167731162103
0.168133047819
0.168513971246
0.168869012396
0.169192082986
0.169476638081
0.169717258369
0.16991119268
0.170058257636
0.170159478394
0.170216401189
0.170232448345
0.170213565742
0.170165486418
0.17009369113
0.170007593372
0.169885677226
0.169700886247
0.16949224283
0.169286944341
0.169100938958
0.168937524704
0.168790729278
0.168669057969
0.168576902237
0.168505750631
0.168443057574
0.168386062711
0.168342865201
0.168320793724
0.168310518025
0.154761079933
0.154772586466
0.154791153391
0.154811780299
0.154837233907
0.154874637197
0.154911393367
0.154955020582
0.155011144973
0.155066821993
0.155135863972
0.155237318732
0.155349103262
0.155462140906
0.155574699187
0.155693906753
0.155828885537
0.155980772497
0.156140588434
0.156310643496
0.156496134635
0.156700929411
0.156926053879
0.157175755946
0.157456005358
0.157753503813
0.15807544676
0.1584175809
0.158779993593
0.159162627521
0.159555427999
0.159955297113
0.160347655686
0.160738656976
0.16113151458
0.161532503107
0.161944520933
0.162367982096
0.162801810899
0.163244495282
0.163695105069
0.164153114658
0.164617583728
0.16508661183
0.165557303479
0.166026170476
0.166489766537
0.166945168349
0.167389997762
0.167822023418
0.168238582098
0.168636031123
0.169009303717
0.169352019744
0.169657444753
0.169919957223
0.170135692745
0.170301411068
0.170413784957
0.17047123245
0.17047747753
0.17044025194
0.170365929508
0.170259750143
0.170129169759
0.169977184771
0.169772854223
0.169520747602
0.169270370373
0.169038512558
0.168832415247
0.168660189522
0.168532511281
0.168442128519
0.16837276916
0.168308591831
0.168250610298
0.168207148549
0.168185287532
0.168177091646
0.15467693573
0.154690402581
0.154712083757
0.154732074562
0.154759327847
0.154797263538
0.154835434253
0.154879110651
0.1549345404
0.15500443118
0.155077879386
0.1551793389
0.155291814029
0.155400975942
0.155508217962
0.155629952052
0.155768191857
0.155915196583
0.156069942906
0.156237904032
0.15642317066
0.156628074362
0.156853310617
0.157101638792
0.157388544804
0.157695074461
0.158013126616
0.158363930644
0.158732030035
0.159120005023
0.1595158172
0.159912920809
0.160303697932
0.160690635887
0.161086997451
0.161494482461
0.161913237524
0.162343488816
0.162784708486
0.163235822622
0.163695886564
0.164164015958
0.164638874802
0.165118339766
0.165599489406
0.166078963906
0.166553591502
0.167020837612
0.167478767743
0.167925625222
0.168359279384
0.168776541851
0.169172672626
0.169541506314
0.169876457458
0.170171460798
0.170419815261
0.170611598877
0.170737373797
0.170795546413
0.170792508243
0.170736268932
0.17062943565
0.170474907873
0.170280722911
0.170061301699
0.169824484269
0.16954650507
0.169228522397
0.168929255294
0.168671762188
0.168476082671
0.168347769161
0.168268731937
0.16821226845
0.168154310591
0.16809242217
0.168044983221
0.168020144194
0.168011587984
0.154581425654
0.154594364957
0.154617798
0.154642212088
0.154676528816
0.154709386477
0.154747761784
0.154793308294
0.154841875484
0.154918777784
0.155004191531
0.155106078661
0.155218622979
0.155327553957
0.155433733247
0.155555748089
0.155695292811
0.155839161281
0.155990131507
0.156155171138
0.156339831727
0.156546390852
0.156776358353
0.157024661596
0.157306307498
0.157627146796
0.157954090094
0.15830469865
0.158674708355
0.159056479004
0.159460911888
0.159860430866
0.160248109261
0.160636381841
0.161037726017
0.161451997344
0.161878176381
0.162316154707
0.162765627039
0.163225923476
0.163696314844
0.164175704512
0.16466232559
0.165153728762
0.165646871491
0.166138469635
0.166625612074
0.167106165929
0.167578684892
0.168042076642
0.168495066257
0.168935533205
0.169359806314
0.169762743093
0.170138371568
0.17047950567
0.170773206088
0.170997038171
0.171140903521
0.171208891062
0.171206309535
0.171133927682
0.170986528242
0.170766993646
0.170489589086
0.170172437908
0.16984170038
0.16950989695
0.169148877895
0.168751178375
0.168430341853
0.168210919634
0.168093756609
0.168048255456
0.168030787081
0.167986846116
0.167904894187
0.167840467115
0.167811498221
0.167802264129
0.1544718627
0.154481973164
0.154499919497
0.15453146116
0.154575012177
0.154607503671
0.154646490455
0.154696892743
0.154743961567
0.154817403061
0.154911930867
0.155016408393
0.155128208718
0.155238333789
0.155350228928
0.155474058713
0.155611872391
0.155752569203
0.155901118161
0.156063346912
0.156244707846
0.156449158902
0.156688109815
0.156948264509
0.157224667681
0.157545777743
0.157881744991
0.158229442155
0.158611240297
0.158999348272
0.15939505313
0.159788900592
0.160177750275
0.160574366046
0.160982863929
0.161404489628
0.161838790492
0.162285470097
0.162744245755
0.163214632071
0.163696250488
0.164188104739
0.164688004962
0.16519298423
0.165699778304
0.166205150184
0.166706404155
0.167201712394
0.167690098937
0.168171250771
0.168645266228
0.169111934123
0.169569974834
0.170016469429
0.170446191335
0.170849346974
0.171201437586
0.171463545021
0.171642667301
0.171748570131
0.171771186619
0.171688105155
0.171487487671
0.17117890715
0.17078998835
0.170343279434
0.169867408749
0.16941604062
0.168950416282
0.168458910931
0.168061470041
0.167815039109
0.167731001873
0.167767753466
0.167847929627
0.167830212148
0.167678533927
0.167571024447
0.167550855663
0.167551477868
0.154347925799
0.154355430232
0.154365314615
0.154400880159
0.15444478249
0.154483673497
0.154525868259
0.154581663843
0.154634805949
0.154706806975
0.154805007817
0.154910968083
0.155021462289
0.155129341948
0.155248794921
0.155380863822
0.155517009964
0.155654956621
0.15580208336
0.155962875674
0.156140729341
0.156339122966
0.156577718394
0.156858738642
0.157141868164
0.157451085586
0.15779990908
0.158154271505
0.158527305563
0.158920456206
0.159317924056
0.159709338188
0.160099903594
0.160503956451
0.160920950438
0.161351087298
0.161794347789
0.162250606416
0.162719896413
0.163201710585
0.163695690322
0.164201191582
0.164715938668
0.165236344911
0.165758684327
0.166279699196
0.166796828951
0.167308352862
0.167813493068
0.168312779916
0.16880819331
0.169302908865
0.169800095875
0.170300533061
0.170798471373
0.171278659932
0.171705776355
0.172016231193
0.172273436285
0.172488385599
0.172588968523
0.172501899978
0.172224802225
0.171790284528
0.171251304686
0.170623921277
0.169931749619
0.169266760398
0.168623918776
0.167983457363
0.167514163985
0.167221652063
0.167211492293
0.167419696777
0.167732946306
0.167769830584
0.167388281392
0.167180418763
0.167228377847
0.167266675064
0.154210562777
0.15421924004
0.154233727348
0.154259272426
0.154298023495
0.154341060501
0.154387430384
0.154445766248
0.154509196043
0.154582582864
0.154683312199
0.154790428742
0.154900697133
0.155007218526
0.155127637552
0.155267317069
0.155405955939
0.155544431756
0.155691516526
0.155852051954
0.156028305324
0.156221772504
0.156455535976
0.156747274438
0.157045807194
0.157352753757
0.157705795219
0.158068848601
0.158437637877
0.158828794147
0.159219736987
0.159610479496
0.160011316003
0.16042475457
0.160850986022
0.161290629765
0.161744124571
0.162211075438
0.162691738071
0.163186316617
0.163694350959
0.164215066665
0.164746306073
0.165284113917
0.165824191946
0.166363088997
0.166898211988
0.167427480374
0.167949746505
0.168466035677
0.168980802834
0.169502840798
0.170043281062
0.170608476476
0.171184229637
0.171748964623
0.172302850196
0.17269025515
0.173168016506
0.173673334692
0.173917010045
0.173723040225
0.173184350384
0.172470975679
0.171720647198
0.1709636152
0.170101018095
0.16913501017
0.1681898073
0.167376664576
0.166613174246
0.166129070272
0.166261182132
0.166835352058
0.167792967414
0.167985129086
0.166974364496
0.166543837027
0.166852839586
0.16697424575
0.154056178582
0.154065978542
0.154089233472
0.154105682687
0.154138343192
0.154182461156
0.154232165351
0.154294472008
0.154370354711
0.154444453711
0.154546430568
0.154654887005
0.154766145473
0.15487428502
0.154995608655
0.155138254792
0.155279525983
0.155420357299
0.155568734395
0.155729566419
0.15590557574
0.156097604328
0.156323274563
0.156611729081
0.156934199321
0.1572493705
0.157590822037
0.157970781824
0.158349134671
0.158723089899
0.159107392795
0.159502614587
0.159911920573
0.16033515058
0.160771778986
0.161222128076
0.16168668589
0.162165742312
0.162659312039
0.163167789118
0.163691471861
0.164229461372
0.164779319218
0.165336775407
0.165897093741
0.166456605297
0.167012421839
0.167561419245
0.168100730696
0.168630537219
0.169158151187
0.16970188012
0.170287296912
0.170930003568
0.171576939455
0.172239947531
0.173105379287
0.173229627569
0.173094501569
0.173276452421
0.173463140589
0.173294070564
0.172807319019
0.172146864584
0.171399028198
0.170589652496
0.169721129483
0.168829263065
0.167964037296
0.167184885114
0.166586153372
0.166387278641
0.166723597892
0.167640011627
0.169384840173
0.169926865338
0.165862430038
0.164649936855
0.166414105761
0.166764741612
0.153881526056
0.153890625859
0.153912286587
0.153930548219
0.153960807526
0.154006249561
0.154057604621
0.154119686105
0.154207351207
0.154289971095
0.154392806924
0.154503307637
0.15461699579
0.15472920031
0.154853000428
0.154996530555
0.155139527831
0.155283274151
0.155433697391
0.155595347794
0.155771268658
0.155963467789
0.156184007342
0.156464889606
0.156801861589
0.157134010785
0.157467933794
0.157841361674
0.158230326706
0.158609076581
0.158988809817
0.159385650793
0.159802002255
0.160235116688
0.160682683969
0.161144371512
0.161621096646
0.162113248133
0.162621258474
0.163145402917
0.163686373525
0.1642437854
0.164814929993
0.165394846868
0.165978263086
0.166561760276
0.167142401582
0.167714620242
0.168270435077
0.168806624252
0.169333091214
0.169882330498
0.170508226358
0.171247950717
0.171912924061
0.172366510108
0.17273499478
0.173077940801
0.173154064561
0.173155873203
0.173173899101
0.172965116649
0.172491125149
0.171837652791
0.171075652548
0.170242316806
0.16936053108
0.168462013468
0.167601343852
0.16682883158
0.166228970707
0.165943795279
0.166058247039
0.166524279531
0.167121531295
0.166365088972
0.165692230671
0.166965630976
0.167952162286
0.166847768717
0.153688558912
0.153696816564
0.153719114352
0.153737578436
0.153767999435
0.15381373925
0.153866286985
0.153925381578
0.154014502973
0.154110818897
0.154219022883
0.154333029243
0.154450718592
0.154570510968
0.154697326181
0.15484158525
0.154986185269
0.155133349164
0.155286302181
0.155449321228
0.155625450432
0.155817358517
0.156034494889
0.156306419088
0.156643266513
0.15700187141
0.157344531057
0.157705364572
0.158088855975
0.15846882851
0.158851159936
0.159255103195
0.159679906516
0.160123015777
0.160582120482
0.161056357888
0.16154611957
0.162052553218
0.162576261268
0.16311789824
0.163678129444
0.164257042001
0.164852476138
0.165458750797
0.166069287259
0.166680994969
0.167291827836
0.167892698057
0.16846614149
0.168999486941
0.169498531887
0.170015502631
0.170672325357
0.171660727687
0.171884615552
0.172152535874
0.17250182737
0.172761268698
0.172808518277
0.172735132314
0.172603310936
0.172307174369
0.171800065737
0.171122464459
0.170327464138
0.169452198489
0.168525746954
0.167582888692
0.166670841776
0.165845908169
0.165154337584
0.164678317812
0.164485859105
0.164516880098
0.164627476299
0.164545506982
0.164801568202
0.165803160095
0.167070257043
0.169522458779
0.15347947213
0.153486248353
0.153504473759
0.153525531245
0.153560338956
0.153606376968
0.153661495353
0.153719451585
0.153807371246
0.153911791769
0.154024823429
0.15414191703
0.154262292445
0.154392416433
0.154525465421
0.154670549757
0.154817326509
0.154969296959
0.155125664923
0.155290727573
0.155467572706
0.155658974428
0.155873449958
0.156137888274
0.156469774896
0.156844800425
0.157207039348
0.157563669676
0.157935718696
0.15831150325
0.158698331239
0.159109287952
0.159542830154
0.159995903912
0.160467186454
0.16095555734
0.161460179667
0.161981917979
0.162522904598
0.163083590451
0.163665107646
0.164268423671
0.164891722818
0.165528613769
0.166169976667
0.166815471732
0.16747011342
0.168116947392
0.168711936491
0.16923122056
0.169650444458
0.170016739821
0.170568151573
0.171197185774
0.171665137351
0.171922173351
0.172148987083
0.172295344813
0.172290906272
0.172151447554
0.171900787908
0.171503977387
0.170933431072
0.170206571186
0.169359638134
0.168425726893
0.167434479665
0.166418620059
0.165417121346
0.164475201762
0.163608977106
0.162860222582
0.16228911071
0.161880843702
0.161591843588
0.161387654736
0.161495150792
0.162559040159
0.165375720221
0.167828595613
0.153257011469
0.153262564573
0.153275705666
0.153299891959
0.153338439049
0.153384463261
0.153441447763
0.153502323004
0.153586760395
0.153695197451
0.153811261878
0.153930394378
0.154051117024
0.154186684451
0.154331296795
0.15447975259
0.154629404485
0.154786956135
0.154949160553
0.155117836734
0.155296639533
0.155487476082
0.155699885804
0.155957987383
0.156279981797
0.156653161246
0.15703633053
0.157403919772
0.157772809149
0.158146012228
0.158532034777
0.158948089368
0.159390194527
0.159851500639
0.160336166341
0.160840014321
0.16135971649
0.161898545363
0.162458677543
0.163041030349
0.163646172438
0.164275637507
0.164929272951
0.165603497896
0.166292582226
0.166995312176
0.167708576127
0.168402544221
0.16903446135
0.169571705641
0.169850483381
0.169802469038
0.170357746133
0.170770966327
0.171266871935
0.171529525657
0.17165948105
0.171692135512
0.171593238955
0.171354678216
0.170984685677
0.17047363838
0.169809423661
0.169000519398
0.168070559803
0.167045791836
0.165951669689
0.164814890881
0.163664440624
0.162531105629
0.161422304465
0.160329948002
0.159281050495
0.158276294828
0.157273528738
0.156237951983
0.155296453026
0.154705649099
0.154347670611
0.152776819736
0.153022135268
0.153027357297
0.153038899059
0.153066573482
0.153104903419
0.153149015632
0.153203773845
0.153269289274
0.153350088057
0.153460274147
0.153578628995
0.15369971225
0.153821750205
0.153957929346
0.154112271076
0.154267384541
0.154421656503
0.154584040733
0.154752781973
0.154927472138
0.155110819885
0.155301909098
0.155512613531
0.155766097503
0.156078522559
0.156444650444
0.156836333043
0.157217550587
0.15758409054
0.157955719383
0.158348401197
0.158767319301
0.159215689539
0.159688032795
0.16018671614
0.160706026763
0.161242210447
0.161799598536
0.162380453344
0.162986262252
0.163617880785
0.164277334575
0.164968817404
0.165696437337
0.166452311895
0.167216933982
0.167985707394
0.168748133922
0.169493744468
0.170209494022
0.170460456386
0.170092890698
0.170138818887
0.170547027258
0.17088045074
0.171027507498
0.171041453914
0.170945339473
0.170722728204
0.170363310486
0.169867544047
0.169232447391
0.16845391621
0.167537273697
0.166497523605
0.165353262506
0.164123154002
0.16282540991
0.161477050736
0.160090678565
0.158671097858
0.157154701451
0.155504609714
0.153702459356
0.151649058902
0.149192485474
0.146195037315
0.14255532662
0.138365286436
0.138488672436
0.152772235244
0.15277758331
0.152789633914
0.152821446555
0.152858965636
0.152900611131
0.152951034086
0.153019388208
0.153095129526
0.153205532826
0.153326220779
0.153449406586
0.153573782828
0.153711981553
0.15387154619
0.154033477273
0.154193925224
0.15436155408
0.15453549801
0.154716719611
0.154907171105
0.155100483199
0.155309578456
0.15555968616
0.15586395463
0.156221114412
0.156613314046
0.157002773131
0.157379185294
0.157751041832
0.158148265186
0.158572869275
0.159024000835
0.15950010192
0.160009377649
0.160547982202
0.161104400545
0.161682633127
0.162285296799
0.162915839197
0.163576990489
0.164271962928
0.16501363462
0.165808671881
0.166627256944
0.167446446218
0.168283817777
0.169176260979
0.170177175535
0.171663530079
0.170729727742
0.170362694065
0.170247517189
0.170363192441
0.170449756814
0.170429427595
0.170298433132
0.170054961023
0.169687657211
0.169187603545
0.168551782923
0.167778195485
0.166865399865
0.165816453893
0.16463972328
0.163345987271
0.161945569267
0.160446627121
0.158853281913
0.157162026314
0.155360667869
0.15335738122
0.151019964869
0.148257988773
0.1448683338
0.140439054648
0.134198955134
0.124469540974
0.106222514022
0.0615282529875
0.152501399172
0.152506796491
0.152521145845
0.15255772491
0.152595101591
0.152634942401
0.152683175407
0.152751394298
0.152821665774
0.152930166219
0.153052905177
0.153178140336
0.153304907933
0.153445171424
0.153607999751
0.153776107986
0.153944713016
0.154118324871
0.15429657865
0.154483529944
0.154682473362
0.154880896656
0.155088272904
0.155335434168
0.155633616843
0.155980841728
0.156367101955
0.15675440249
0.157143748357
0.1575296806
0.157928392875
0.158352640544
0.158811041149
0.159298447121
0.159810850491
0.16036142225
0.160939839807
0.16154134877
0.162169911671
0.162827413525
0.163519229701
0.164259430909
0.165069073079
0.165932862204
0.166803511221
0.167679427856
0.168618428619
0.1696592845
0.170903071402
0.17111268619
0.171142259831
0.170533807656
0.170198416229
0.170069728121
0.16993866896
0.169732195984
0.16943013682
0.169020321516
0.168491289572
0.167834413009
0.167044803059
0.166119426092
0.165056288256
0.163855519934
0.162519582923
0.161051554437
0.159452732731
0.157720262808
0.15584416818
0.153802667873
0.151554397687
0.149029618729
0.146010999014
0.142245864424
0.137449891189
0.131012770394
0.12174400916
0.107326027258
0.0830180177889
0.0425528768206
0.152201364449
0.152206804794
0.152223406487
0.152264749183
0.152301767778
0.152342969587
0.152390726749
0.152456810228
0.152524638183
0.152632417071
0.152757262802
0.15288439768
0.153013355823
0.153155143228
0.153319486353
0.15349150745
0.153670073414
0.153851118886
0.154033928433
0.154225883109
0.154432686609
0.154640267125
0.154847194381
0.155090134281
0.155384168902
0.15572279585
0.156101080214
0.156482344058
0.156872122554
0.157275801653
0.157690380374
0.158117490547
0.158567597828
0.159060348007
0.159588639789
0.160150183407
0.160746440126
0.161371384034
0.162026642432
0.162714916706
0.163445895416
0.164248398973
0.165133731622
0.166057846496
0.166991127765
0.167967067064
0.169092035768
0.170426246447
0.170681853086
0.170807553312
0.170693385187
0.170285493876
0.169915435346
0.169612698526
0.169289705786
0.16889744757
0.168415462297
0.167830198216
0.167130354732
0.166307183178
0.165354447287
0.164267393861
0.163041974984
0.161674779307
0.160162647156
0.158501252931
0.156682911818
0.154693876662
0.152510750098
0.150095238279
0.147386009378
0.144289905403
0.140612219347
0.135980425275
0.12998167757
0.122014779973
0.110975674358
0.0950485215989
0.071042609242
0.038012919754
0.151865335495
0.151872612485
0.151890095983
0.151930768679
0.151970652147
0.152018234722
0.152069222561
0.152135960602
0.152208058751
0.152311324668
0.152437583987
0.152566553544
0.152697663547
0.152840660286
0.153005318051
0.153177660327
0.153362322297
0.153553959416
0.153744019078
0.153942151376
0.154154842884
0.154374451713
0.154588790302
0.154823729277
0.155113415789
0.155445393955
0.155815574906
0.156191247369
0.156575511144
0.156986867306
0.157418313653
0.157860507349
0.158311638021
0.158798300442
0.159329959475
0.159906350596
0.16052191131
0.161171222991
0.161852830343
0.162574867162
0.163361917189
0.164242147253
0.165199126536
0.166190555956
0.167223875837
0.16834525853
0.169802937035
0.17014611368
0.170271297422
0.17030815262
0.170180396069
0.169845827193
0.169419613038
0.168966978597
0.168469540634
0.167899280521
0.167239404137
0.166478146231
0.16560541157
0.164612581015
0.163492365297
0.162238141856
0.160843255924
0.159300500394
0.157601365937
0.155734626966
0.153684202832
0.151426280279
0.148925400076
0.146128879591
0.1429586962
0.139299494534
0.134985514445
0.129675123742
0.122827359581
0.113820747929
0.101803395982
0.0854469357724
0.0623977786318
0.0333356738276
0.151497846306
0.151508371533
0.151525825643
0.151560253723
0.151605922267
0.151660228257
0.151717089115
0.151788560722
0.151870231611
0.151968124386
0.152093097553
0.152223190111
0.152356497563
0.1525008669
0.152666044928
0.152839058347
0.153024318485
0.15322493428
0.153424996011
0.153631699967
0.153850197333
0.154081352629
0.154312450796
0.154549711632
0.154826292458
0.155150156338
0.155512062127
0.155882428674
0.156259283715
0.156669170305
0.157108193719
0.15757031785
0.158034039313
0.158517282493
0.159044940588
0.159625603477
0.160256951164
0.160932348925
0.161644573909
0.16241269082
0.163272871672
0.164234590457
0.165264358939
0.166339549241
0.167506910411
0.168685667689
0.16931540057
0.169591354838
0.1697212928
0.169724941114
0.16954980802
0.169184919337
0.168688708076
0.168111791781
0.167460762868
0.166725315475
0.16589579972
0.164963986747
0.163921737227
0.16276093733
0.161473510631
0.160051039412
0.158484186468
0.156762030665
0.154871136551
0.152794102326
0.150507436176
0.147978642713
0.145162241764
0.141994240664
0.138384354664
0.134205073556
0.129275667428
0.123347037469
0.115961685467
0.106438819437
0.0939588781055
0.0775554670856
0.055602462068
0.02923671274
0.151112331073
0.151123270817
0.151139639051
0.151166810487
0.15121555185
0.15127247967
0.151333315738
0.151407230272
0.151495676374
0.151595841093
0.151721199101
0.151852588563
0.151988349788
0.152134275458
0.15230032955
0.152475419402
0.152662417493
0.15286912895
0.153079014316
0.1532975335
0.153525151141
0.15376487203
0.154008710753
0.154261787745
0.154539408633
0.154851987834
0.15519812175
0.15556064497
0.155928020361
0.156330481774
0.156768366194
0.157237618466
0.157721062527
0.158212810568
0.158740484816
0.159316953025
0.159952018761
0.160648012311
0.161400043263
0.162230554289
0.163173206647
0.164215627954
0.165323886336
0.166502310751
0.16784595167
0.168426493131
0.16867851038
0.168968751381
0.16909424174
0.169027734498
0.168775052638
0.168341503027
0.167759009538
0.167062949462
0.16626901209
0.165378688564
0.164388851928
0.163294627485
0.162089637315
0.160766227841
0.159315615137
0.157727703514
0.15599062577
0.154090060202
0.152008239155
0.149722487223
0.147203146875
0.144410738625
0.141292126223
0.13777532135
0.133762432756
0.129120126171
0.1236668365
0.117155592765
0.109259229296
0.099470857524
0.0870577742591
0.0711591140086
0.0505472162026
0.0262342894505
0.150713911366
0.15072329215
0.150737617385
0.15076253033
0.150806888856
0.150861824393
0.150923543896
0.150996691829
0.151087715696
0.151192223068
0.151320263089
0.151453368414
0.151591748599
0.15173916963
0.151905956656
0.152083071914
0.152272066219
0.152483724893
0.152701813487
0.15293123452
0.153173136819
0.153422228464
0.153677794123
0.153936934422
0.154222959405
0.154542291005
0.154883330637
0.155230666344
0.155585187176
0.155976785315
0.156409896572
0.156874142113
0.157364965491
0.157867692626
0.158401102855
0.158980684061
0.159614401012
0.160322113655
0.161117993141
0.162022487547
0.163048798322
0.164164508925
0.165325872163
0.166482663972
0.167476019139
0.167969000119
0.168148224609
0.168320096653
0.168363287276
0.168209152593
0.167862008671
0.167334224884
0.166648714349
0.165832324943
0.164902829045
0.163867619106
0.162727922187
0.161481355647
0.160122801681
0.158644842664
0.15703799364
0.155290639314
0.153388670513
0.151314835217
0.149047754356
0.146560500575
0.143818619066
0.140777457993
0.137378622535
0.133545299534
0.129176123348
0.124137203393
0.118251914554
0.111288191971
0.102943084699
0.0928282744295
0.0804436307546
0.0651087122093
0.0458376740402
0.0234624506605
0.150296862122
0.150307916295
0.150318913946
0.150346721454
0.150383733214
0.150433868389
0.150493763482
0.150564890766
0.15065584927
0.150760236896
0.150890829349
0.151025322921
0.151165409751
0.151314225107
0.151481920994
0.151659762996
0.151849023854
0.152064919703
0.152289979058
0.152526182639
0.152779363974
0.153037077886
0.153308673583
0.153581729133
0.153867679255
0.154191652024
0.154544969375
0.154888772117
0.155230263213
0.155606988121
0.156035851427
0.156497588805
0.156984951045
0.157489965914
0.158023458971
0.158603689663
0.159237710372
0.159955543908
0.160794878135
0.161777822678
0.162886586035
0.164064800562
0.165253147121
0.166495579796
0.167004851317
0.167237016752
0.167468238173
0.167583717699
0.167524235744
0.167265174222
0.166809737867
0.166172271395
0.165373527198
0.164436015167
0.163377027226
0.162206276129
0.160927317913
0.159539222025
0.15803751445
0.15641470814
0.1546605796
0.152762168944
0.150703482653
0.148464893251
0.146022202055
0.143345295513
0.140396307841
0.137127183179
0.133476507012
0.129365440017
0.124692564339
0.119327453739
0.113102827469
0.105805295005
0.0971649126137
0.0868440340249
0.0744239055835
0.0594325729568
0.041188993153
0.0206768499141
0.149852160725
0.149864022132
0.149876768667
0.149905623306
0.149940781614
0.149987872564
0.150045099517
0.150113698508
0.150202215642
0.150302860834
0.150434262832
0.15056988557
0.150709434598
0.150859618244
0.151029359616
0.151207740751
0.151395335185
0.151611585752
0.151842569345
0.152082438414
0.152343472726
0.152611240776
0.152890996061
0.153186264923
0.153486629177
0.153814765844
0.154179381013
0.154534491991
0.154864590593
0.155223374276
0.155638320942
0.156098214881
0.156587825265
0.15709520189
0.157622144362
0.158195402161
0.158823490187
0.159545714313
0.160425176669
0.161484278849
0.162665117963
0.16384664716
0.164967006179
0.165754131049
0.166378434126
0.166588043894
0.166733197798
0.166747709749
0.166573024868
0.166195552246
0.165620970854
0.164865172158
0.163948357011
0.162890681819
0.161708219227
0.160411014518
0.159003368773
0.157484822311
0.155850963003
0.154093953963
0.152202816088
0.150163450851
0.147958383284
0.145566210402
0.142960728529
0.140109694142
0.136973155291
0.133501280721
0.129631599564
0.12528555798
0.120364305925
0.114743668783
0.108268364329
0.100745737765
0.0919396138518
0.0815659711651
0.0692897220851
0.0547560413804
0.0374127474135
0.0185158969417
0.149379122676
0.149388534518
0.149407301574
0.14943652206
0.149473547953
0.14952058132
0.149575873456
0.149642262442
0.149727542614
0.149822310022
0.149952101513
0.150089447269
0.150226909874
0.150375791754
0.150548993975
0.150729465807
0.150916275641
0.151127435512
0.151359188563
0.151602164343
0.151866561055
0.152146942139
0.15244148934
0.152748495544
0.153067608129
0.153404906039
0.153781021237
0.154160649077
0.154493489172
0.154834065551
0.15522480805
0.155673058767
0.156161619587
0.156677246801
0.157203984876
0.157764045562
0.15837797349
0.159092058287
0.160002429507
0.161135518444
0.162375473588
0.163610703942
0.165012844127
0.165329743606
0.165502007336
0.165783875907
0.165896542701
0.165801998079
0.165503153063
0.164999509596
0.164300118046
0.163422675236
0.162387345175
0.161212772462
0.159913566206
0.158499022511
0.156973114968
0.155335108555
0.153580210925
0.151700050121
0.149682934597
0.14751387514
0.145174349429
0.142641794329
0.139888806181
0.136882018057
0.133580613212
0.129934425399
0.125881574656
0.121345593438
0.116232024359
0.110424539035
0.10378075093
0.0961281518308
0.087260899342
0.0769394940455
0.0648915925127
0.0508520232544
0.0343666627767
0.0168378877843
0.148883948139
0.148892489362
0.14891291387
0.148942485113
0.148981591906
0.149029911485
0.149084010885
0.149148934757
0.149232387448
0.149321381547
0.149446448362
0.149585745761
0.149722505282
0.149866164608
0.150040424038
0.15022376927
0.150411473842
0.150616968953
0.150843660138
0.151085797646
0.151352184682
0.151632917133
0.151942760726
0.152265129655
0.152602950845
0.152953760605
0.153340481113
0.153749508086
0.154108670981
0.154443359859
0.154812469608
0.155233317236
0.155708556916
0.156225448739
0.156767534913
0.157321706384
0.157913569542
0.158597144407
0.159518057329
0.160695529564
0.161896396511
0.163014514863
0.163881981454
0.164703183583
0.164811965567
0.164938487402
0.164953072537
0.164744624284
0.164316124152
0.163680922734
0.162854311624
0.161855580074
0.160704502696
0.159418273456
0.158009824481
0.1564870985
0.154853087349
0.153106298675
0.151241292346
0.149249094326
0.147117420398
0.144830683351
0.142369768733
0.13971156735
0.136828250796
0.133686269999
0.130245048696
0.126455338829
0.122257205251
0.117577619501
0.112327679261
0.106399543159
0.0996633103944
0.0919643302229
0.0831216944615
0.0729301187965
0.0611621966999
0.0476138890882
0.0318893868776
0.0154426432432
0.148368800296
0.148376733762
0.148396031159
0.14842674551
0.148466465799
0.148515200538
0.148568093927
0.148630755138
0.148715803795
0.148805019869
0.148919451879
0.149058837046
0.149197091413
0.149338272912
0.149505597455
0.149688919817
0.14987767885
0.15007950194
0.150301672516
0.150537213358
0.150805130783
0.151084543619
0.151389576292
0.151719451678
0.152070903421
0.152443858634
0.152846414671
0.153285632364
0.15369729697
0.154045965626
0.154405601247
0.15480470314
0.15525606999
0.155752376516
0.156295015746
0.156864948241
0.157450340919
0.158084987771
0.158971759388
0.160210197263
0.161440515609
0.162540229284
0.163278279921
0.163784704359
0.163996650302
0.164047131237
0.163919208165
0.16357509345
0.163011768677
0.16224394759
0.161291436869
0.160174892776
0.158913309335
0.157522204092
0.156012625294
0.15439084282
0.152658529809
0.150813198781
0.148848666923
0.146755410645
0.144520748199
0.142128827811
0.139560411069
0.136792445412
0.133797417346
0.130542472645
0.126988281157
0.123087617133
0.11878362364
0.114007742484
0.108677323599
0.102693006481
0.0959360947653
0.0882664188456
0.0795213922179
0.0695186393207
0.0580580744941
0.0449712825427
0.0298933861669
0.0142696923225
0.147834382594
0.1478420245
0.147860538358
0.147892739787
0.147930712418
0.147977277564
0.14802915467
0.148088026204
0.148171942053
0.148265263622
0.148368608174
0.148505779231
0.148644981793
0.148787586395
0.14894464785
0.149123412628
0.149311148419
0.149509834681
0.149731152029
0.149961793887
0.150221838519
0.150503747635
0.150800799939
0.151126572455
0.151481379405
0.151861914876
0.152278395372
0.152737410261
0.153215498091
0.153623288743
0.153985533957
0.154375534191
0.154806214217
0.155289547828
0.155812284827
0.156382334253
0.156984210722
0.157598076857
0.158363859696
0.159584863217
0.160955910643
0.162387513293
0.162758005964
0.162818408443
0.163022012656
0.163025328499
0.162772298089
0.162289545014
0.16159066472
0.160693339274
0.159619851639
0.158391593103
0.157026541218
0.155538362084
0.15393609254
0.152224208135
0.150402960228
0.148468826859
0.146414935172
0.144231365513
0.141905296024
0.139420973677
0.136759508888
0.133898492771
0.130811433902
0.127467002263
0.123828056008
0.119850411965
0.115481312354
0.110657543137
0.105303185334
0.0993270478492
0.0926199514037
0.0850523165258
0.0764727014288
0.0667099123673
0.0555738461218
0.0429078371724
0.0283540972459
0.0133054959656
0.147281703284
0.147289209463
0.147311488859
0.147343384475
0.147376472347
0.147419148368
0.147469948032
0.147526056239
0.147601181747
0.147693962232
0.147790559312
0.14792361964
0.148061922225
0.148203142309
0.148352495698
0.148525546449
0.148707686668
0.148902180378
0.14912277449
0.149353466015
0.149601503011
0.149878038108
0.150170168497
0.150491722525
0.150840285567
0.15121615308
0.151631638659
0.15209221204
0.152600755823
0.153110642234
0.153530407078
0.153922453679
0.154344415956
0.154808845554
0.15532474793
0.155888781731
0.156501874375
0.157157888875
0.157842375593
0.158767859202
0.159983684926
0.16103525988
0.161930725046
0.161934870158
0.161972784163
0.161872444481
0.161503739022
0.160888457001
0.160057453394
0.15903613366
0.157848742284
0.15651652754
0.155056099142
0.153479137957
0.151792632993
0.149999284975
0.148097982946
0.146084275442
0.143950761375
0.141687352109
0.139281384921
0.136717585122
0.133977881017
0.131041077826
0.127882389964
0.124472818127
0.120778334205
0.116758812886
0.112366625898
0.107544805316
0.102224689943
0.0963230184669
0.0897385223152
0.0823483705212
0.0740049841947
0.0645361004597
0.0537431947369
0.0414553050361
0.0272953282181
0.0125669636404
0.146710986187
0.146719273828
0.146744998602
0.14677264291
0.146801288434
0.146841002108
0.14689038842
0.146944737611
0.147010688753
0.147098338784
0.147188072665
0.147313165298
0.147449877692
0.147585345429
0.147727723478
0.147897306603
0.148071650111
0.148256621802
0.148473428899
0.1487008786
0.148940827831
0.149209936476
0.149491925714
0.149809985546
0.150150885062
0.150520157646
0.150920361968
0.151365746501
0.151860990024
0.152412581292
0.152956566751
0.153413274881
0.153854140124
0.15431531149
0.154822181045
0.155384398018
0.156008704352
0.156697916209
0.157434552629
0.158256446386
0.159184530853
0.159622198658
0.160650850652
0.160889188471
0.160857306087
0.160617930456
0.16012109256
0.159376521847
0.158419061922
0.157280790921
0.1559876653
0.154560057376
0.153012770417
0.151355376803
0.14959285817
0.147726263023
0.145753284898
0.143668741632
0.141464935015
0.139131877639
0.136657385258
0.134027042031
0.13122405167
0.128228986504
0.125019437772
0.121569545066
0.117849348269
0.113823863346
0.109451745397
0.1046833757
0.0994581885502
0.0937010751563
0.0873177208841
0.0801890304264
0.0721647928978
0.0630595511169
0.0526460049204
0.0407047120202
0.0268006801173
0.0121024896123
0.146120204138
0.146128528822
0.146146272451
0.146172617499
0.146202143071
0.146240805216
0.146288405335
0.146339908415
0.146400455069
0.146482224247
0.146568038001
0.146678414882
0.146813802893
0.146944054326
0.147077697281
0.147242055904
0.147413151939
0.147588274114
0.147791297442
0.148010954192
0.148240095611
0.148504232767
0.148777281473
0.149077268805
0.14940716316
0.149769375358
0.150154776617
0.150578496335
0.151047913885
0.151571043
0.152152509633
0.152737541429
0.153262584788
0.153768570026
0.154289730803
0.154853209707
0.155476821131
0.156178645088
0.156970573611
0.157939320441
0.159111177091
0.159283104567
0.159392930121
0.159723974356
0.15966207762
0.159276995523
0.158636625817
0.157761156745
0.156682956248
0.155435762531
0.154045717486
0.152531588986
0.150905984247
0.149176291923
0.147345601478
0.145413509594
0.143376750137
0.141229661745
0.138964514273
0.136571707248
0.134039853125
0.131355762066
0.128504349543
0.125468488671
0.122228810589
0.118763420032
0.115047436803
0.111052217673
0.10674405677
0.102082118272
0.0970152976495
0.0914776739675
0.0853821204212
0.0786118931044
0.0710096759985
0.0623670000743
0.052408549178
0.0408245911241
0.02706607018
0.0120415801866
0.145510844316
0.145518047416
0.145528470296
0.145554086502
0.145584934581
0.145621201941
0.145664591132
0.14571179819
0.145766373472
0.145842590568
0.14592849983
0.146022940138
0.146154380292
0.146284359572
0.146412974215
0.146562081128
0.146729759414
0.146899467299
0.147083710802
0.147294633385
0.147511764904
0.147758266428
0.148025810929
0.148304706339
0.148617635505
0.148957973231
0.149330077678
0.14973346207
0.150174605895
0.150664724641
0.151203178987
0.151801206652
0.152413350672
0.15300826391
0.153580203266
0.1541657161
0.154786630308
0.155471316927
0.156247864618
0.157254654752
0.158458071661
0.158806401306
0.158548479994
0.158577198986
0.158371664042
0.157837018921
0.157050415794
0.156046123798
0.154854855472
0.153508256064
0.152030847976
0.150439240842
0.148743694614
0.146949489588
0.1450580332
0.143067736064
0.140974648719
0.138772903893
0.136455010199
0.134012031794
0.131433676958
0.128708320648
0.125822995115
0.122763379928
0.119513797237
0.116057156895
0.112374724871
0.108445511977
0.10424502043
0.0997430237012
0.0948999457808
0.0896612894742
0.0839491899808
0.0776503091948
0.070598058489
0.0625524613753
0.0531694476603
0.0420092149584
0.0283749971885
0.0126147280354
0.144886868048
0.144894102803
0.144908371972
0.144929076803
0.144955085191
0.144985628533
0.145022587504
0.145065208869
0.145113243535
0.145181191966
0.14526502262
0.14534750292
0.145467363085
0.14559949114
0.145724995915
0.14585612483
0.146016732605
0.146178493413
0.146345454045
0.146545549741
0.146754218713
0.146977253794
0.147230343152
0.14749011845
0.147785075225
0.148100257045
0.148452973494
0.148831871057
0.149244212983
0.149700936337
0.150199919101
0.150741438937
0.151329808123
0.151945025471
0.15255840005
0.153165311945
0.153781984705
0.154423496718
0.155109869284
0.155889653839
0.157124741685
0.157761986209
0.157422882369
0.157266412088
0.156925392995
0.156265073811
0.155351534199
0.154231745424
0.152939448116
0.151504699463
0.149950049385
0.148289951788
0.146532503624
0.144681132887
0.142735862839
0.140694221601
0.138551864692
0.136302986329
0.133940587078
0.131456646671
0.128842232986
0.126087583037
0.123182205049
0.120115049383
0.116874747251
0.113449836031
0.109828790685
0.105999614302
0.101948682093
0.0976584909609
0.0931038078494
0.0882454780838
0.083020376541
0.0773254395829
0.0709904117782
0.063739078446
0.0551173197913
0.0444645022747
0.0308353925017
0.0136498674787
0.144247903438
0.144254480454
0.144270513391
0.144287750714
0.144307153276
0.144333249464
0.14436542359
0.144404251989
0.14444734972
0.144504688046
0.144582942595
0.144661979208
0.144758633129
0.144888751015
0.14500977794
0.145128386889
0.145275754635
0.14543074067
0.145584849395
0.145764322208
0.145960506512
0.14616295397
0.146399521143
0.146643917779
0.146911506112
0.147206406966
0.147528680083
0.147881129807
0.148264254343
0.148683201938
0.149147247483
0.149645932854
0.150187146378
0.150763155836
0.151368892067
0.151978942904
0.152583103247
0.153164776722
0.153699282663
0.154149636104
0.154482601425
0.15597810822
0.155919612417
0.155727992744
0.155307252034
0.154557733572
0.153542778375
0.152324342204
0.150943979718
0.149432190166
0.147809945501
0.146089764951
0.144277871201
0.142376154975
0.14038356777
0.138297050217
0.136112128515
0.133823296271
0.131424263539
0.128908135375
0.12626755575
0.123494865801
0.120582350027
0.117522631198
0.114309203548
0.110936971369
0.107402561916
0.103704124157
0.0998403321393
0.0958083130557
0.0916000953291
0.0871969684693
0.0825600073595
0.077614206818
0.0722168298479
0.0661007427878
0.0587289640886
0.0491229495721
0.0353853804389
0.0147410188724
0.143593515303
0.143597497102
0.143607190239
0.143619135273
0.143638752867
0.143664359526
0.143694387809
0.143729918076
0.143767575633
0.143813903587
0.143882279412
0.143961768854
0.144037727985
0.144152346921
0.144274346107
0.144385546144
0.144509853038
0.144658267902
0.144803698553
0.144957016709
0.145139206419
0.14532370387
0.145533612655
0.145765053456
0.146000963071
0.146274910117
0.146566734452
0.146891813427
0.14724378546
0.14762766779
0.148056221607
0.148522857399
0.149031391981
0.149579585696
0.150165382652
0.150778610582
0.151393405435
0.151978178061
0.152475175293
0.152733115341
0.152454811852
0.153890277255
0.15425804605
0.154102374279
0.153594970655
0.152753320623
0.151644575378
0.150337158853
0.148878135053
0.147298245729
0.145616639568
0.143843799424
0.141984197033
0.140038416456
0.138004594216
0.135879328046
0.133658234268
0.131336298084
0.12890811036
0.126368062006
0.123710533495
0.120930149016
0.118022197445
0.114983297261
0.11181225681
0.108510931646
0.105084769872
0.101542757436
0.0978965423893
0.0941586651973
0.0903397560635
0.0864446715819
0.0824664805302
0.0783778425393
0.0741117363712
0.0695291383975
0.0643004203502
0.0577219545271
0.0471225216385
0.0244041490395
0.142927114409
0.142928955292
0.142932411617
0.142935749489
0.142958302439
0.142984254447
0.143012203361
0.143043670537
0.143075293214
0.143111698325
0.143167201554
0.143240762825
0.143312583577
0.143398645995
0.143516283695
0.143625064988
0.143728716273
0.143860447393
0.143997668042
0.14413014517
0.14429017397
0.144461380465
0.144638583326
0.144848259732
0.145064309007
0.14530386052
0.145571204343
0.145865117449
0.146186832161
0.146539479108
0.146932166134
0.147368744718
0.147850656977
0.148379635918
0.148956907742
0.149579119098
0.150238330628
0.150905117913
0.151550431176
0.151978114741
0.152081114934
0.152334640199
0.152709736631
0.152498333249
0.15185705772
0.150891157671
0.149677915346
0.148282605857
0.146750304067
0.145109025953
0.143374918282
0.141555956884
0.139654788068
0.137670809463
0.135601525104
0.133443376545
0.131192237394
0.128843728743
0.126393445509
0.123837173889
0.121171133698
0.118392343488
0.115499251033
0.112492705474
0.109377159836
0.106161789687
0.102861146408
0.0994950558103
0.0960876748557
0.0926658585556
0.0892570358345
0.085887221245
0.0825788522307
0.0793509995946
0.0762179352466
0.0732031663244
0.0703395242204
0.0678159668715
0.0656874555471
0.0677176662269
0.142251161989
0.14225345639
0.142258920315
0.142262507292
0.142277218635
0.142299213185
0.142323246557
0.14234927879
0.142375798629
0.142403731208
0.142443346192
0.142503916462
0.142575751844
0.142641793927
0.142735214454
0.142843539669
0.142937088125
0.143038313596
0.143166689937
0.143286449752
0.143413548
0.143569949089
0.143725451617
0.143903953959
0.144102067743
0.144307177052
0.144542216369
0.144801818532
0.145091052155
0.145409287814
0.145766079234
0.146171575332
0.146625042749
0.147133298474
0.147707122103
0.148345242301
0.149051553076
0.149817528821
0.150674670965
0.151347055782
0.151583286813
0.151418999876
0.151383916008
0.150924917069
0.150095600802
0.148978488119
0.14764942191
0.146165645418
0.14456444333
0.142867840155
0.14108761075
0.139228716441
0.137291875172
0.135275380775
0.133176250589
0.130990918031
0.128715642796
0.126346786375
0.123881029103
0.121315615853
0.118648653907
0.115879606193
0.1130101665
0.110045575291
0.106996141528
0.103878509839
0.100716194599
0.0975391469839
0.0943823962207
0.0912841884521
0.0882839765963
0.0854214135638
0.08273575987
0.0802706052117
0.0780762996704
0.0762384273583
0.0748775857362
0.0742995674813
0.0749411509759
0.0787760908636
0.141566213009
0.141569327298
0.141576922333
0.141589805011
0.141594562679
0.141611400512
0.141630867695
0.141651346292
0.141673112836
0.141692082811
0.141715680302
0.141756874243
0.141816324627
0.141877521573
0.141941601965
0.142036686217
0.142129884874
0.142209723846
0.142313076863
0.142424034973
0.142527300632
0.142655531144
0.142795357239
0.14294190975
0.14310919072
0.143288133286
0.143484545371
0.143709981149
0.143957359878
0.144235342092
0.144555121526
0.144919030592
0.145334348765
0.145811888628
0.146369832137
0.147017728804
0.14776819947
0.14861945481
0.149644937825
0.150320202352
0.150759097847
0.150426593592
0.150062920853
0.14930651083
0.148266420475
0.14699364122
0.145550177847
0.143982898781
0.142319657099
0.140575000952
0.138755621347
0.136863276295
0.134896804497
0.132853539664
0.130730172738
0.128523271506
0.126229591932
0.123846315648
0.121371258189
0.118803149194
0.116141986371
0.113389677014
0.11055120391
0.107636312064
0.104661296849
0.101650234168
0.0986351083296
0.0956546894201
0.0927523930954
0.0899737671182
0.0873640341333
0.0849671697793
0.0828250153933
0.0809833607707
0.0794900358847
0.0784228602548
0.0778504934358
0.0779818374161
0.078828883597
0.0800385373341
0.140877054184
0.140879529269
0.140883803211
0.140902422291
0.140909359344
0.140921927678
0.140936679783
0.14095139437
0.140966924468
0.140978022416
0.140989301984
0.141008401131
0.141047472274
0.14110013536
0.141150007521
0.141211088827
0.141297808016
0.141374984222
0.141445946745
0.141540574167
0.141633275472
0.141726538929
0.141841060949
0.141960525186
0.142093698528
0.142241906702
0.142402933
0.142585900687
0.142791934496
0.143027405329
0.143294114485
0.143602320896
0.143963986526
0.14439514414
0.144915766191
0.145549709704
0.14632414801
0.147259527388
0.148418599895
0.148866402507
0.149528575233
0.149128076881
0.148571223179
0.147556963183
0.146318860137
0.144905863097
0.14336336536
0.141725762308
0.140011801925
0.138228801302
0.136378595674
0.134460044368
0.132470417438
0.130406359571
0.128264453151
0.126041562769
0.123735051569
0.121342989328
0.118864356133
0.116299365895
0.113649875604
0.110920206385
0.108118657964
0.105259591363
0.102365386885
0.0994674021921
0.0966053619547
0.0938252090961
0.0911758571667
0.0887057194063
0.0864593730193
0.0844762372614
0.0827884976355
0.0814297242209
0.0804246521704
0.0798288398281
0.079675522411
0.0802158923172
0.0809473996183
0.0801099592201
0.140188239063
0.140190169469
0.140193538338
0.140210157213
0.140226521266
0.140232579814
0.140240576361
0.140248022622
0.140255379297
0.140260742434
0.140262229044
0.140265455316
0.140280195753
0.140313150462
0.140356202104
0.140392835992
0.140449926162
0.140519553803
0.140574321397
0.140637221976
0.140714535551
0.140785524898
0.140865988723
0.140958291874
0.141057891185
0.141167936661
0.141292550574
0.141431177824
0.141595152621
0.141779025616
0.141984090658
0.14222743532
0.142515344148
0.142869471468
0.14331089624
0.143883245616
0.14464742109
0.145689861708
0.147386447131
0.147881812889
0.148164473612
0.147540023988
0.146812309963
0.145598023617
0.144201827023
0.142682754226
0.141070151087
0.139384194725
0.137635929912
0.135827131916
0.133956005419
0.132019378915
0.130013565573
0.127934946845
0.125780286338
0.123546939808
0.121232996391
0.11883747889
0.116360547984
0.113803884498
0.111171151502
0.108469043229
0.105709225201
0.10291082751
0.100102434108
0.0973224870414
0.0946176193305
0.0920392291527
0.0896389771073
0.0874642679707
0.0855537478939
0.0839350707658
0.0826206011791
0.0816180422635
0.0809078802126
0.0805291799564
0.0804999484435
0.0810284819466
0.0813561752713
0.0842670980239
0.139493926392
0.139495053629
0.13949948906
0.139506633356
0.139525070698
0.139532997289
0.139538153028
0.139539000449
0.13953812921
0.139537423211
0.139530492168
0.139523261302
0.139516192704
0.139524118132
0.139549715142
0.139579944839
0.139606966594
0.139652559608
0.139697840188
0.139734575819
0.139777860219
0.13983052794
0.139881844695
0.139939390658
0.140004959118
0.140079310585
0.14016041643
0.140255635371
0.140362220155
0.140482666013
0.140615685291
0.140775314245
0.140968732791
0.141210227479
0.141521559812
0.14195001776
0.142561999502
0.143429813248
0.144763848984
0.146914965637
0.146625462712
0.145485339922
0.144617776249
0.143330774809
0.141865157395
0.140298127908
0.138656919542
0.136951710267
0.135189467376
0.133369483818
0.13148842182
0.129542410226
0.127527653341
0.125440808182
0.123279160004
0.121040768367
0.11872457038
0.116330602065
0.113860210442
0.11131651552
0.108704921128
0.106034464734
0.103320280577
0.100586498846
0.0978680703495
0.0952102985584
0.0926658368112
0.0902898843204
0.088134565915
0.0862437296719
0.0846476871386
0.0833604798563
0.0823716531026
0.0816516414187
0.0811040114964
0.080742280659
0.0804637403632
0.0804920525106
0.0813552679519
0.0823565247066
0.138786197169
0.13878450839
0.138785239981
0.138782378165
0.138794270274
0.138812323524
0.138822527768
0.138820263487
0.138813197247
0.138805023174
0.138792962997
0.138774541999
0.138756461743
0.138739620752
0.138738850418
0.138754574238
0.138768231478
0.138782584907
0.138808390195
0.138831417681
0.138845164506
0.138862169089
0.138888415791
0.138911987431
0.138940242791
0.138974483437
0.139010482971
0.139049073192
0.139089541159
0.139133641333
0.139182314218
0.139244483031
0.139328762739
0.13943344116
0.139577465326
0.139801043624
0.140117177965
0.140577469297
0.141235710008
0.141420708886
0.143734572083
0.142789400364
0.141913944546
0.140710947482
0.139293585429
0.137749345147
0.136124771009
0.134430630491
0.132675163952
0.130858667891
0.128978555295
0.127031691015
0.12501505587
0.122926129186
0.120763048417
0.118524777069
0.116211206198
0.113823433734
0.111363985127
0.108837386088
0.106250710126
0.103615338893
0.100950062206
0.0982843424304
0.0956597028946
0.0931280333242
0.0907470055629
0.0885739001913
0.0866591554905
0.0850411858549
0.0837417402069
0.0827660059485
0.0820930901348
0.0816781361004
0.0813851317083
0.081197295273
0.0804848116222
0.0801593453136
0.0810965064923
0.0814943932673
0.138069033732
0.138062906641
0.138056202781
0.13804965239
0.138052037578
0.138068746169
0.13808430259
0.138085483878
0.138077587226
0.13806454598
0.138048834594
0.138024489297
0.137998334618
0.137967512357
0.137941809135
0.137927855635
0.13792718526
0.137921132018
0.137916520954
0.137917871986
0.137914467648
0.137900107678
0.137887113937
0.137879240193
0.137869256683
0.137855007212
0.137837996172
0.13781419937
0.137789046305
0.13775597178
0.137725946312
0.137686919112
0.137643039283
0.13759590707
0.137561812918
0.137540679762
0.137550764107
0.137678333926
0.138207625058
0.138062089944
0.139329255606
0.139364742118
0.138832038127
0.137826667378
0.136534663878
0.135065579091
0.13349272091
0.131833791899
0.13010211176
0.128301446177
0.126431660086
0.124491458817
0.122479294075
0.12039389387
0.118234500082
0.116001127022
0.113694688476
0.111317369504
0.108872848132
0.106367017929
0.103808549508
0.101211217969
0.0985977650429
0.0960034261376
0.0934765286329
0.091075192337
0.0888609761399
0.0868913849649
0.0852127619882
0.0838552927735
0.0828294653223
0.0821306565618
0.0817321082278
0.0816227903675
0.0818078913336
0.0823745737967
0.0811946735461
0.0814575904203
0.0811638484448
0.0811383998842
0.137354013176
0.137343871862
0.137331985629
0.137322778851
0.137315623025
0.137317421115
0.137328040841
0.137337834927
0.137333682361
0.137319947523
0.137299924554
0.137273880899
0.137237212908
0.137200347857
0.137157519894
0.137119067544
0.137087662845
0.137063966344
0.137035145457
0.137005027429
0.136976198785
0.136940936823
0.136894740295
0.136845780438
0.136794521147
0.136732624827
0.136659008963
0.136580154845
0.136487742273
0.136385998018
0.13626125589
0.136112236308
0.13593907926
0.135747360314
0.135531554394
0.135276997831
0.13503532659
0.134924892413
0.135444629589
0.135105711311
0.135707971011
0.135943802033
0.13562165104
0.134813425804
0.133667503013
0.132295004217
0.130791731442
0.129181829635
0.127484491743
0.125707910253
0.123855196443
0.121927442654
0.119924919063
0.117847817147
0.115696599589
0.113472395295
0.111177152365
0.1088141376
0.106388131847
0.103906357821
0.101379009202
0.0988223704752
0.0962635561169
0.0937441107327
0.0913193711575
0.0890532082982
0.0870098481003
0.0852453160515
0.0837999607642
0.0826936262118
0.0819217218874
0.0814578362414
0.0812391170649
0.081253686106
0.0814915101883
0.0819756621717
0.0836381591521
0.0816842558247
0.0810178137747
0.0807909185105
0.136646424609
0.136635094928
0.136621677565
0.136607877101
0.136594306562
0.136582388339
0.136580289253
0.136590964288
0.136589705493
0.136575782956
0.136552053878
0.136521267732
0.136479538295
0.136430650895
0.136378914054
0.136319226256
0.136260015633
0.136206250974
0.136157638169
0.136101732816
0.136043115124
0.135975900561
0.135905156629
0.135817638285
0.135720279236
0.135611424004
0.135489359503
0.135351045566
0.135192826229
0.135004547293
0.134782629082
0.134540291401
0.134259938045
0.133931021212
0.133526944523
0.133026703469
0.132428935317
0.131759510044
0.131163017934
0.131085927335
0.13253267722
0.132718384376
0.132418694676
0.131765018198
0.130765196762
0.129490474677
0.128058041719
0.126499381034
0.124839283816
0.123090068419
0.121257947091
0.119346302297
0.117357155363
0.115292115633
0.113152821239
0.110941480831
0.108661024451
0.106315761927
0.103911502596
0.101456762724
0.0989631845544
0.0964497637361
0.0939485436765
0.0915079708053
0.0891904777063
0.0870649419337
0.0851967685864
0.0836387913157
0.0824243453309
0.0815641126177
0.0810427793179
0.0808172788114
0.0807928243852
0.080914637609
0.0808999987802
0.081181040757
0.0814655056952
0.0808288420563
0.0804434359703
0.0802703262945
0.135944018188
0.135936489778
0.135923106888
0.135906387545
0.135887197383
0.135867015804
0.135851067379
0.135850759477
0.135850828146
0.13583632889
0.135809507204
0.135772362838
0.135726779345
0.135668447813
0.135603969306
0.135527191984
0.135445175619
0.135365714439
0.135285401687
0.135204124854
0.13511960253
0.135022442152
0.134913042533
0.134790822549
0.134649013356
0.134491437718
0.13431824454
0.134117094664
0.13388327306
0.133613843216
0.133328462749
0.133000434951
0.132615242174
0.132152040427
0.131572447433
0.130825497555
0.12983430012
0.128355484668
0.126137031764
0.126758129234
0.127885129589
0.129298384483
0.129339436631
0.128805625256
0.127910724148
0.126706890073
0.125328002906
0.123810791693
0.1221832439
0.120459864625
0.118648751903
0.116754825269
0.114781386849
0.112731175982
0.110606810416
0.108411458028
0.106148920094
0.103824487095
0.101444899453
0.0990199446088
0.0965626365619
0.094094997138
0.0916546977202
0.089297700602
0.0870934311748
0.0851146681419
0.0834259815236
0.0820744908164
0.0810840787811
0.0804552919823
0.0801659531493
0.0801833170998
0.0804743194035
0.0809945092654
0.0806584647082
0.0807336385996
0.0804729003188
0.0800786089645
0.0798193048544
0.0796969255208
0.135250870154
0.135248524977
0.135236035725
0.135217810113
0.135194575096
0.13516804262
0.135142678795
0.135123415995
0.13511720982
0.135103241327
0.13507442387
0.135032214248
0.13497841477
0.134913774361
0.134833127943
0.134746958719
0.134647813265
0.134545394714
0.134435182211
0.134323666323
0.134206336939
0.134080937449
0.133931677072
0.133766788659
0.133581126091
0.133376499899
0.133144391636
0.132878762811
0.132576126575
0.132256552967
0.131898501267
0.131482023059
0.131002893265
0.130437404785
0.129748499761
0.128878195473
0.127741233811
0.12599774056
0.125582067698
0.125683486634
0.125394611238
0.126600572297
0.126661729076
0.126071939252
0.125175489405
0.123985105948
0.12262770059
0.12113393979
0.119529264454
0.117827003881
0.116035186497
0.114159105505
0.11220263439
0.110169212316
0.108062152227
0.105885412825
0.103643521051
0.101342679039
0.0989904458338
0.0965978824326
0.0941792932196
0.0917601824766
0.0893846875992
0.0871168734186
0.0850328491737
0.0832079595667
0.0817038353017
0.0805592233116
0.0797847179586
0.0793633635841
0.0792528438687
0.0794155532611
0.0798135429196
0.080367616588
0.0814990674109
0.0802015662025
0.07971028202
0.079378768794
0.0791852642743
0.07909788604
0.134575221386
0.134572484818
0.13456025369
0.134540015185
0.13451391831
0.134482769718
0.134450350636
0.134418372528
0.134394153333
0.134377545823
0.134348645951
0.13430261768
0.134241388046
0.134166464381
0.134076068365
0.133974470334
0.133864873635
0.133737357872
0.133604439243
0.133462575635
0.133311077936
0.133148065719
0.132962533413
0.132752980307
0.132522455477
0.132267193846
0.131979536725
0.131652908773
0.131302311575
0.130915821225
0.130475990218
0.129984156437
0.12943362994
0.128812637439
0.128103709833
0.127300176798
0.126387533477
0.125336420986
0.125162360734
0.125608990574
0.124473192276
0.124666814266
0.124367799831
0.123554592295
0.122561438201
0.121330762819
0.119964001986
0.118475866931
0.116884024889
0.115197589687
0.113422725269
0.111564006122
0.109625195796
0.107610015242
0.105522186812
0.10336629976
0.101147455371
0.0988727175153
0.0965503434844
0.0941927126538
0.0918153261631
0.0894478025977
0.0871416850991
0.0849695892593
0.0830136514756
0.081350186649
0.0800360848447
0.0791007487316
0.0785415322421
0.078323879964
0.0783817362192
0.0786435425328
0.0789808904537
0.0795376775161
0.0796038053999
0.0791506577381
0.0788567295841
0.0786523306096
0.0785272574324
0.0784691271549
0.133916621768
0.133908815123
0.133895072404
0.133872448487
0.133843596264
0.133809146794
0.133769937815
0.133730920123
0.133693838049
0.133662552108
0.133632500804
0.133584717369
0.133518145389
0.133434528493
0.13333553478
0.133219632557
0.133089923434
0.132945850398
0.132787751654
0.132619796482
0.132435301591
0.132231473664
0.132005482118
0.131754075202
0.1314780515
0.131170425142
0.130826525381
0.130448288834
0.130032857729
0.129567868147
0.129055781957
0.128496055323
0.127891829811
0.127247970466
0.126578422392
0.125921261456
0.125295141607
0.124690750075
0.124658700735
0.123849960615
0.123343956649
0.122930138908
0.122237630487
0.121146816913
0.120016668901
0.118719654798
0.117326749482
0.115833655677
0.114248285038
0.112574165595
0.110814678546
0.10897305875
0.10705253648
0.105056843419
0.102989905053
0.100856839508
0.0986631943159
0.0964168879416
0.0941267552557
0.0918065993797
0.0894730056994
0.0871605624369
0.0849292221302
0.0828603466532
0.0810409010954
0.0795458196797
0.0784245461095
0.0776954787715
0.0773451549584
0.0773358365166
0.0776107493434
0.078072453049
0.0783182367761
0.0786136139972
0.0784066167652
0.0781689343948
0.0780024660873
0.0778936667587
0.0778261690456
0.0777842559772
0.133269673304
0.133257711724
0.133241014813
0.133217172655
0.133186680293
0.133150526074
0.13310860829
0.133061922032
0.133017575753
0.132970038299
0.132926270701
0.132876669249
0.132807444337
0.132717900004
0.132609006922
0.132481936087
0.132334623043
0.132171051532
0.131991450493
0.131794652953
0.131575453695
0.131332967067
0.131066318649
0.130773409816
0.130448082184
0.13008580091
0.129684020533
0.129242381764
0.12875173083
0.128214576867
0.127631198584
0.127006068134
0.126350148073
0.125687203859
0.125055081954
0.124509742357
0.124124718446
0.124065031306
0.124549585064
0.123672425915
0.122154153739
0.121038992595
0.120041699089
0.118721717283
0.117471858758
0.11611504135
0.114697417647
0.113198910493
0.111619232119
0.109956941683
0.108212823831
0.106388774678
0.104487425469
0.102512462198
0.100467929317
0.0983594642803
0.0961929707051
0.0939772787543
0.0917216782021
0.0894415819642
0.0871545118156
0.0849011655924
0.0827509318917
0.0807938737323
0.0791202373092
0.0778007931403
0.0768735217473
0.0763401827899
0.0761704724898
0.0763195147252
0.076722532481
0.0772774296165
0.0781044533372
0.0775652319985
0.0773492836581
0.0772100025792
0.0771336179405
0.0770936367104
0.0770689994898
0.0770483945008
0.132630887493
0.132618724242
0.132601050709
0.132578852159
0.132549588367
0.132513582436
0.13247062098
0.132420083331
0.132364840308
0.132308474519
0.132244592324
0.132181421147
0.132106323023
0.132013027705
0.131896602982
0.131757962878
0.131597679138
0.131413943865
0.131210256561
0.130983899072
0.130732758261
0.130453300058
0.130146366431
0.129806477203
0.129428373779
0.129009335684
0.128544002886
0.128030617152
0.127466939503
0.126854234578
0.126193283531
0.125491905494
0.124769903052
0.124056416141
0.123387932239
0.122833520212
0.122551916867
0.12279980642
0.124142777491
0.121025330486
0.120183377888
0.118713761595
0.117600319511
0.116177880801
0.11487070029
0.113485611484
0.112059110796
0.110563281505
0.108993553458
0.107345514473
0.105618367499
0.103813174566
0.101932215119
0.099979273622
0.0979585517665
0.0958762955804
0.0937387141782
0.0915556828473
0.089336813051
0.0870994097116
0.0848617160866
0.0826720054434
0.080610023197
0.0787741524941
0.077256217498
0.0761207316687
0.0753928558117
0.0750568193416
0.0750569788633
0.0753021953261
0.0756998851887
0.0764248992253
0.076523862795
0.0763614524455
0.0762746800801
0.0762327595219
0.0762324971939
0.0762479632314
0.0762560347823
0.0762637786869
0.132012491261
0.132001051389
0.131987524107
0.131968863141
0.13194226404
0.131906780892
0.131862156801
0.131808006882
0.131743616154
0.13167684123
0.131600211084
0.131514403262
0.131419822056
0.131321001468
0.131197415718
0.131049369164
0.130874178443
0.130672869612
0.130444317246
0.130189434998
0.129904979493
0.129589004814
0.129239031012
0.128848936801
0.128416648701
0.12793755205
0.127406435796
0.126820931563
0.126179710419
0.125484705735
0.12473775018
0.123947186003
0.123130842413
0.122306477141
0.121493299782
0.120776744989
0.120258354948
0.120013545817
0.12061937847
0.117197670099
0.117289389933
0.115923726545
0.114890933213
0.113488803545
0.112192029072
0.110817171864
0.109403339089
0.107922507685
0.106369880537
0.104740351733
0.10303284215
0.101248321489
0.0993891440243
0.0974594721103
0.0954637916536
0.0934091352239
0.0913019924096
0.0891535033609
0.0869734372369
0.0847813875764
0.0825959896101
0.0804749263929
0.078508904891
0.0768036255031
0.075449796821
0.0745027201109
0.0739762576272
0.0738491712931
0.0740555688916
0.074446790718
0.0748031681188
0.075183833678
0.0752197124342
0.0751921796165
0.0751923082148
0.0752176831666
0.0752669203297
0.0753254044548
0.0753523109155
0.0753759335282
0.131439431969
0.131431360372
0.131419757854
0.131401372905
0.131374597872
0.131337264781
0.131288699929
0.13122858958
0.131156404705
0.131073782584
0.130986803713
0.13088809224
0.130777576406
0.130654457071
0.130515645207
0.130355995299
0.130166625022
0.129945888693
0.129695848616
0.129410903763
0.129093193308
0.128739169278
0.128344788288
0.12790321182
0.127414811112
0.126874990702
0.126275789586
0.125614946239
0.124892680385
0.124109727655
0.123266087824
0.122364482523
0.121417424985
0.120413163663
0.119388769662
0.118394470512
0.117420231754
0.116418571688
0.115669347896
0.113508099706
0.113995267611
0.112858728488
0.111991356663
0.110683751555
0.109445414318
0.108112644471
0.10673131367
0.105277833961
0.103749955583
0.10214365
0.100458698394
0.0986967060901
0.0968605710405
0.0949551668053
0.0929854371189
0.090959445828
0.0888839457413
0.0867716553547
0.0846322847158
0.0824882491076
0.0803580749282
0.078311107258
0.0764491573816
0.0748836120637
0.0737002765222
0.0729405370248
0.0726030106185
0.0726507937987
0.0729954088832
0.0735101545605
0.0743315267485
0.0740473523576
0.0740222847194
0.0740330227631
0.0740752795342
0.0741322457735
0.0741928709388
0.0742631004901
0.0743033467011
0.0743179661864
0.130912315645
0.130909690898
0.130897108792
0.130877110575
0.130847385996
0.130805413096
0.130750451818
0.130682335113
0.130600884098
0.130505095938
0.130401927832
0.130292645356
0.13017445495
0.130028992255
0.12986801803
0.129685114064
0.129476507659
0.129237035042
0.128963400009
0.128650033088
0.128298954168
0.127906228539
0.127464276665
0.126970800331
0.126425930996
0.125822633458
0.125154836787
0.124417665155
0.123611024348
0.122735317343
0.121783870194
0.120748914058
0.119623869003
0.118405700402
0.117130546202
0.115783469812
0.114375440856
0.112802660216
0.11157132884
0.110027048373
0.110640423523
0.109694392587
0.108995220035
0.107811785681
0.10665660865
0.10538632565
0.104051869621
0.102635458207
0.101138659313
0.0995595429316
0.0978995273447
0.0961614244962
0.0943490911943
0.0924684369796
0.0905250449637
0.0885283027973
0.0864851956456
0.0844104447862
0.0823134084407
0.0802200433145
0.0781480415152
0.0761811636551
0.0744316628461
0.0730139837247
0.072005120474
0.071433571271
0.0712829823382
0.0714546752534
0.0718155948422
0.0725722168374
0.0727768743697
0.0727667644084
0.072793952858
0.0728418531269
0.0729044323073
0.0729677970717
0.0730208571584
0.0730682889118
0.0731123315962
0.0731099691032
0.130409353771
0.130412462161
0.130403073902
0.130384291946
0.130351787972
0.130304406415
0.130242240592
0.130165626876
0.13007472151
0.129969360439
0.129849760094
0.129720949106
0.129585623465
0.129433575559
0.129253733718
0.129044990934
0.128810250205
0.128545975993
0.128244265651
0.127904092497
0.127521600105
0.127085660916
0.12659786158
0.126053822161
0.12545284608
0.124788495286
0.124050976333
0.123237193179
0.12234695063
0.121375628884
0.120297139748
0.119093897857
0.117773377212
0.116338755956
0.114784127645
0.113118769033
0.111344745863
0.109332466363
0.107906925629
0.106687827929
0.1073458657
0.106533525399
0.105975682937
0.104920285601
0.103855734851
0.102657729987
0.101378415208
0.100005116106
0.0985434146609
0.0969938871317
0.0953600107472
0.0936461820092
0.0918575436182
0.0900013179265
0.0880838961407
0.0861163107314
0.0841057185562
0.0820693975847
0.0800159652881
0.0779759053903
0.0759651519525
0.0740854199489
0.0724577236482
0.0711950194575
0.0703591199295
0.0699665138547
0.0699941821914
0.0703276020095
0.0708367566076
0.0714246173213
0.0714634865723
0.0714971968741
0.0715493423105
0.0716155565433
0.0716860747294
0.071750091293
0.0718005497862
0.071834358772
0.0718683405312
0.0718787143067
0.12992753784
0.129933263419
0.129929367414
0.129912252413
0.129876970115
0.129825032208
0.129756989046
0.129673206583
0.129573863751
0.129459003897
0.129327884409
0.129180535471
0.129020723758
0.128849068571
0.128655334518
0.128430022933
0.128171561901
0.127877283536
0.12754592194
0.127175403113
0.12675566894
0.126281809746
0.125750353204
0.125157876123
0.124502837233
0.123776236292
0.122971055844
0.122081677372
0.121107859269
0.120022462608
0.118782704043
0.117411691225
0.115902741647
0.114237723685
0.112418674704
0.110461626598
0.108330637931
0.105974196269
0.104569638284
0.10350935189
0.104158842797
0.103426135147
0.102977309349
0.102045032946
0.101070197207
0.0999472310308
0.0987264191691
0.0973987086672
0.0959734545162
0.0944538776281
0.0928457165267
0.0911551782835
0.0893889327477
0.0875557281463
0.0856629100403
0.0837234902228
0.081744689432
0.0797470440179
0.0777378943032
0.0757535748314
0.073807153495
0.0720230115594
0.0705283903391
0.0694310726632
0.0687760992477
0.0685544642073
0.0686474954593
0.0689438371425
0.0699670823683
0.0700332482988
0.0701252965989
0.0701974112199
0.0702718521674
0.0703506138955
0.0704266591776
0.0704932500798
0.0705459368983
0.0705803437942
0.0706090703068
0.0706307957432
0.129481066397
0.129480724507
0.129475943465
0.129454596833
0.129415646962
0.129360872725
0.129289874182
0.129201507506
0.129095736792
0.128972523935
0.128831404056
0.12867139304
0.128491786115
0.128294496529
0.128078398646
0.127838406047
0.127558317905
0.127237971587
0.126877222064
0.126470768252
0.126013593741
0.125501025863
0.12492663935
0.124286958937
0.123578161364
0.122792420127
0.121917476415
0.120953688875
0.119880164595
0.118645285732
0.117262004308
0.115738341887
0.114039957658
0.112150247008
0.110081847924
0.107809483385
0.105381914127
0.102778325649
0.101419905364
0.100360781132
0.101052122444
0.10037694306
0.100015347008
0.0992076723491
0.0983229624395
0.0972749122289
0.0961125030034
0.0948296024983
0.0934393088799
0.0919476827276
0.0903628469072
0.0886929317271
0.0869462996275
0.0851333590605
0.0832625358332
0.0813491497244
0.0794003231689
0.077440712397
0.0754756066735
0.0735488807991
0.0716693027366
0.0699896096257
0.0686387467372
0.0677176790073
0.0672647998088
0.067259418803
0.0675009514673
0.0677037501177
0.068427233192
0.0686568713149
0.0687756315932
0.0688725869955
0.0689610544578
0.0690481260455
0.0691286590302
0.0691986081931
0.069254618427
0.0692898538685
0.0693208726426
0.0693476456854
0.129064202865
0.129055804041
0.129041976563
0.129014742103
0.128972564055
0.128915219278
0.128841531841
0.128750144507
0.128639995226
0.128510214619
0.128360539816
0.12819018405
0.127997790918
0.127781740862
0.127544287126
0.127279407583
0.126971791181
0.126628093785
0.126237722398
0.125796674087
0.125301175737
0.124748416692
0.124132707167
0.123445138794
0.12268413044
0.121833656484
0.120889125913
0.119838887415
0.118639265748
0.117283707415
0.115782621468
0.114110267828
0.112228703293
0.110124386116
0.107776211605
0.105198451838
0.102494141672
0.099577921415
0.0982586923922
0.0970584243231
0.0979064764513
0.0973548204038
0.0970939770441
0.0964276641646
0.0956388466276
0.0946633418818
0.0935552165392
0.0923125401518
0.0909524542717
0.0894840819342
0.0879179426967
0.0862640607198
0.0845325609428
0.0827355475097
0.0808826370442
0.0789917574782
0.077069723299
0.0751463488901
0.073223771582
0.0713555474231
0.0695440808133
0.0679765886502
0.0667771393053
0.0660413594383
0.0657866316104
0.0658850873368
0.0661681655347
0.0673812115295
0.0671590960856
0.0672792539836
0.0674036927526
0.0675197442912
0.0676216725246
0.0677166924651
0.0678016561185
0.0678748389108
0.0679355982875
0.0679757068018
0.0680092297818
0.0680358946725
0.128665950138
0.128653615509
0.128631418377
0.128602110445
0.128556968404
0.128495754484
0.128417612117
0.128322020905
0.128207425602
0.128072479471
0.127915570174
0.127736150693
0.1275326176
0.127302630336
0.127044375991
0.126748754588
0.126420339749
0.126048870908
0.125624316144
0.12515164425
0.124621377515
0.12402942144
0.123368259215
0.122634188347
0.121815119569
0.120896797296
0.119878858197
0.118731779488
0.117432656614
0.115979017469
0.114367624778
0.112550082297
0.110484914372
0.108147943786
0.105519459407
0.102662236086
0.0995681187226
0.0961875299204
0.0944342231789
0.0931700813198
0.0945412928662
0.0943755758288
0.0942678567516
0.0937508061336
0.0930546331219
0.0921404656921
0.0910752834422
0.0898630700119
0.0885246509675
0.0870719265097
0.085517497399
0.0838730238835
0.0821503377326
0.0803631561543
0.0785224000014
0.0766488469468
0.0747487682284
0.0728583456875
0.0709750721833
0.069165075095
0.067421439617
0.0659717015264
0.0649265076675
0.0643840515388
0.0643380963295
0.0645924750949
0.0650320630876
0.0655448592217
0.0656944463655
0.0658646224762
0.0660232624986
0.0661605293095
0.0662783749095
0.066383134774
0.0664744237847
0.0665513241165
0.0666138544555
0.0666638008805
0.0667031541102
0.0667307292238
0.12828923696
0.12827613328
0.128251148013
0.128219773916
0.128170986576
0.128105305804
0.128022081613
0.127920733563
0.127800421852
0.127659592844
0.127496368703
0.127308714676
0.127094191747
0.126849856206
0.126570871421
0.126256160298
0.125903496241
0.125499247577
0.125046733656
0.124542165099
0.123970518602
0.123338604007
0.122637273464
0.121851796827
0.120966302471
0.119987413219
0.118896553459
0.117662533985
0.116277015573
0.114740118609
0.113017791251
0.111044659872
0.108805746217
0.106258481924
0.103421701303
0.100242416226
0.0965758956818
0.0921316960393
0.0887887902669
0.0891921892869
0.0912096102687
0.0916540183747
0.0916839178683
0.0912560125752
0.0906153141784
0.0897351193155
0.0886924426178
0.087495525998
0.0861666990676
0.0847193937094
0.0831675181793
0.081523868591
0.0798018128385
0.0780164930949
0.0761802934996
0.0743170036781
0.0724321427855
0.0705695723022
0.068720105028
0.0669662612446
0.0652876865499
0.0639600720386
0.0630735068794
0.0627151771824
0.0627690001781
0.0630662986796
0.0640939727299
0.0641944733009
0.0643251956467
0.0644964324677
0.0646678761879
0.0648248745621
0.064960372454
0.065080316499
0.0651848940466
0.0652731022409
0.0653436235461
0.0654019513646
0.065442112994
0.0654634786995
0.127939750115
0.127927077864
0.127901631378
0.127866573039
0.127813681783
0.127743329882
0.127654898837
0.127547858176
0.127421361141
0.127274046966
0.127104209477
0.126908651842
0.126684301121
0.126427069027
0.126133272516
0.125799325876
0.125418276863
0.124987591237
0.124505437053
0.123958487432
0.123352499826
0.122686231543
0.121933843451
0.121083456675
0.120149573112
0.119113572102
0.117940173358
0.116632246129
0.11518177039
0.113555160241
0.111707434359
0.10961202601
0.107241739915
0.104566943259
0.101563695727
0.0980937089268
0.0940633579844
0.0884299265633
0.0881196366329
0.0880148599297
0.0889700700975
0.0894740752393
0.0894621231052
0.0890004016504
0.0883495470161
0.0874654387252
0.0864199887993
0.0852204102164
0.0838871435851
0.082433338679
0.0808732080007
0.0792200861208
0.0774886715875
0.0756952875721
0.073854059654
0.0719918761509
0.0701134761624
0.0682718243914
0.066448442422
0.0647465451392
0.0631244235898
0.061917012738
0.06119771238
0.0610376447354
0.0611928755362
0.0616383848458
0.0623981809283
0.0626571736465
0.0629002556845
0.0631264723914
0.0633311660542
0.0635173249475
0.0636803211636
0.0638234896764
0.0639484374029
0.0640543997049
0.0641408917643
0.0642058714826
0.0642434206757
0.064252730576
0.127618650992
0.127606950206
0.127580108404
0.127540268048
0.127484002722
0.127408993974
0.127315443896
0.127203145501
0.127071265299
0.126918232717
0.126741694993
0.126538645376
0.126304844747
0.126036044506
0.125728124518
0.125374760652
0.12496972738
0.124511168099
0.123993159943
0.123411354055
0.122771130392
0.122053566813
0.121242148073
0.120351250747
0.119372443655
0.118259105368
0.117017779296
0.115654533511
0.11412757909
0.11241167831
0.110476346307
0.108289029099
0.105826292045
0.10307139674
0.0999714011709
0.0965004030664
0.0926664405582
0.0879206158204
0.0879485254725
0.0878366584831
0.0877498322134
0.0877810969983
0.0875587118451
0.0869678764997
0.0862518941527
0.0853323070047
0.0842622373186
0.0830434196919
0.0816919167721
0.0802191974854
0.0786389889207
0.0769646913397
0.0752121904627
0.0733987518756
0.0715407057861
0.0696680471304
0.0677851221323
0.0659557644503
0.064149847161
0.0624969623625
0.0609207902471
0.059824977262
0.0592473014281
0.0592010598831
0.0594430869853
0.0603615239802
0.0608654955823
0.0611806424317
0.0614868438135
0.0617649332462
0.0620134521942
0.0622360738112
0.0624372664309
0.0626112188464
0.0627608779483
0.0628860416493
0.0629869757729
0.0630590037082
0.0631033867712
0.063117600091
0.127325085477
0.127314379624
0.127285166328
0.12724198069
0.127182371393
0.12710179976
0.12700282513
0.12688579639
0.126749789024
0.126592577606
0.126410961123
0.126201069976
0.12595849642
0.125678879952
0.125355940743
0.124982095924
0.124552782753
0.124065292471
0.123514623596
0.122896845682
0.122210620187
0.121443366103
0.120592797961
0.11966454512
0.118618199573
0.117435314346
0.116141327252
0.11472131766
0.113129927141
0.111337283775
0.109317169135
0.107058789946
0.104539068765
0.101728919234
0.0986303531464
0.0953065180851
0.0918088867937
0.0878740186166
0.087953040123
0.0877660292536
0.0868849872013
0.0862760108051
0.0858197660567
0.0850917347272
0.0842942564803
0.0833252823224
0.0822175110763
0.0809670281476
0.079585244551
0.0780815675373
0.0764689265774
0.074760567818
0.0729735192671
0.0711257863375
0.0692365723125
0.0673388233667
0.0654374374852
0.0636091678195
0.0618108893141
0.0602078994004
0.0586797123106
0.0577259919586
0.0572899783373
0.0572024296138
0.0574750574999
0.0587744099692
0.059265391273
0.0596747584691
0.060054354734
0.0603961854986
0.0607066869458
0.0609801664158
0.0612259073037
0.0614366086234
0.0616151435143
0.0617628304374
0.061880158892
0.0619596860225
0.0620146677286
0.0620430523276
0.127060482228
0.127049290064
0.127019127102
0.126975626847
0.126909076998
0.126821317465
0.126716921235
0.126596829322
0.126459243527
0.126300485675
0.126116031029
0.125900983933
0.125650265823
0.125358430297
0.125018385629
0.124622248712
0.124165731393
0.123646947141
0.123062323081
0.122412118061
0.12168788578
0.120878049544
0.11998877183
0.119006682227
0.11789542705
0.116659138743
0.115313371595
0.113833695303
0.11217105537
0.110313142565
0.108243354048
0.105922305771
0.1033370356
0.100503819852
0.0974605619578
0.0943102093956
0.0911549556198
0.0880233759306
0.0878527492453
0.0858661754688
0.0855703847817
0.0847109195429
0.0841285032916
0.0833155808525
0.0824512053234
0.0814341361997
0.0802836925828
0.0789933363131
0.0775712428457
0.0760252062182
0.0743674431858
0.0726110433134
0.0707741714116
0.0688753976896
0.0669376233666
0.0649962968426
0.063058493395
0.0612156950435
0.0594101005334
0.0578519714976
0.0563715619948
0.0556315808967
0.0554628438044
0.0554947794725
0.0556045897963
0.0568614480606
0.0575059818942
0.058084894883
0.0585773039752
0.059010565231
0.0593975807026
0.059740795148
0.0600380348284
0.0602904635573
0.0605010178265
0.0606728512972
0.0608063333249
0.0609004707494
0.0609676612655
0.0610077946152
0.1268312654
0.126816131522
0.126787520263
0.126743026838
0.126668685878
0.12657795418
0.126473942354
0.12635686719
0.12622216439
0.126063933333
0.125876405936
0.125653928156
0.125390902641
0.125081321745
0.124717002059
0.124290622974
0.123803090694
0.12325602076
0.122645084105
0.121962097969
0.121197173558
0.120351693159
0.119421978609
0.118381678049
0.117209829248
0.11591542216
0.114516022662
0.112987430954
0.111279129082
0.109369675422
0.1072177565
0.104814235232
0.102202621622
0.0993642752869
0.0963582229732
0.0933072212508
0.0902665028812
0.0871386656045
0.0862880322547
0.0838590992694
0.0839218160482
0.0830781086785
0.0824679848051
0.0816233134993
0.0807139687734
0.0796560763997
0.0784622564143
0.077126442337
0.075655408921
0.0740560663689
0.0723401309984
0.0705206021896
0.0686166869869
0.0666473365266
0.0646399964043
0.0626317301332
0.0606344413537
0.05875586727
0.0569216435335
0.0553936352259
0.0539353601989
0.0533887051039
0.053328436809
0.0535723390992
0.0553460436962
0.0554008685192
0.0559077308097
0.0565000799458
0.0570758803082
0.0576143573686
0.0580889410064
0.0585105142996
0.058870000971
0.0591706078601
0.0594166868732
0.0596140380028
0.0597634330514
0.0598769543505
0.0599551543829
0.0600040662461
0.126643673655
0.126623158569
0.126595984917
0.12655119399
0.126476120906
0.126386455842
0.126287516146
0.12617594751
0.126043128078
0.125881610331
0.125685328449
0.125448516833
0.125165586627
0.124830886421
0.124437870534
0.123983660763
0.123471274961
0.122899041276
0.122259318688
0.121539989658
0.12073735032
0.119852228002
0.118872609398
0.117776922159
0.116554202168
0.115219612727
0.113785388412
0.112205147399
0.110433380327
0.108439193837
0.106197774177
0.103756195264
0.101127190614
0.0982697224271
0.095304356383
0.0923035992693
0.0892870561901
0.0861082674213
0.0847062728945
0.081951075209
0.0822176070965
0.0814591376249
0.0808673023706
0.0800259547138
0.0790889649265
0.0779968327023
0.0767596631543
0.0753736398808
0.0738455928126
0.0721821293199
0.0703945371348
0.068495670885
0.0665054328024
0.0644429181769
0.0623407567751
0.0602361482745
0.0581496866649
0.0562059433329
0.0543142629319
0.0528052553896
0.0513722043216
0.051020701808
0.0508962493262
0.0512563367267
0.0524920977267
0.0531902956169
0.0540102979295
0.0547989813484
0.0555288444153
0.0561945861472
0.0567870733533
0.0572978662674
0.0577312410255
0.0580896245795
0.0583771354523
0.0586030466654
0.0587734337163
0.0589024520159
0.0589887144433
0.0590389753933
0.12649204
0.126469273254
0.126440741762
0.126394551252
0.126320619192
0.126234507513
0.126144033823
0.126035884094
0.125899679714
0.12572851114
0.125517425931
0.125261044354
0.124954686981
0.12459503793
0.124176937291
0.123699649476
0.123164104403
0.122564333398
0.121890879791
0.121136589478
0.120300686806
0.119376782751
0.118351658897
0.117208652124
0.115945743165
0.114576193512
0.113091995268
0.111444796932
0.109593523135
0.10751252982
0.105213955612
0.102744835907
0.100072533469
0.0972101249796
0.094288924794
0.0913276572047
0.0883165892508
0.0850883664957
0.0832399323934
0.0802059351074
0.0805873084383
0.0799261143793
0.0793671334151
0.0785477345636
0.0775929013843
0.0764691472329
0.0751870793278
0.0737456230547
0.0721524273733
0.0704139949544
0.06854092476
0.0665455525937
0.0644476864765
0.062266168847
0.0600388903849
0.0578012336587
0.0555878337434
0.053537099582
0.0515413129833
0.050026195604
0.0486363361666
0.0485876709198
0.0485855217647
0.0490581206097
0.0503308881509
0.0510909000405
0.0520511634254
0.0530311389378
0.0539583672217
0.0547822393703
0.0555059320702
0.0561231596639
0.0566411938955
0.0570661538044
0.0574007965311
0.0576602587498
0.0578569991341
0.0580012686851
0.0580974561427
0.0581469373692
0.12636003667
0.126339377075
0.126308180469
0.126254970876
0.126186617793
0.126116784816
0.126033983421
0.12592298871
0.125776538263
0.125588851068
0.125357227859
0.125077349336
0.124748037683
0.124367564889
0.123930736463
0.123435300713
0.122877384773
0.122250120889
0.121546131344
0.120760766078
0.119890779607
0.11892907432
0.117863492044
0.116681178859
0.115378232792
0.1139619528
0.112414236806
0.110687942557
0.108756661117
0.106605997177
0.10425087242
0.101727407992
0.0990144048206
0.0961755776203
0.0933159470052
0.0904144009767
0.0874359648817
0.0842523352989
0.0819239101322
0.0784947137629
0.0790688967517
0.0785395217839
0.0780128263176
0.0772194018981
0.076248476831
0.0750904633113
0.0737592223308
0.0722560398726
0.0705893543591
0.0687652875794
0.0667930670696
0.0646836664521
0.062455396433
0.0601260087971
0.0577373784943
0.055320791658
0.0529325727833
0.0507187392872
0.0485565631412
0.0469840961561
0.045530072329
0.0455801189491
0.0458462566978
0.0480003481964
0.048016983909
0.0488098489233
0.0499336781402
0.0511575107196
0.0523334886592
0.0533778522355
0.0542661319545
0.0550077181162
0.0556197427708
0.0561193274263
0.0565131911667
0.0568137454152
0.0570367790057
0.0571943699634
0.0573021888111
0.0573508759139
0.126240346822
0.126226819557
0.126197040312
0.126149764195
0.126098135354
0.126035762752
0.125946530397
0.125821339764
0.125654904417
0.125445581948
0.12519520043
0.124899939356
0.124556993155
0.124161691647
0.123709044481
0.123194774256
0.122613723211
0.121959539189
0.12122649301
0.120411346875
0.119509588533
0.118512517896
0.117406948291
0.116183370221
0.114840095656
0.113374106572
0.111758138311
0.109954357
0.10793365028
0.10568790428
0.103260332673
0.100683122235
0.0979398970849
0.0951500161245
0.0923870429443
0.0895833133747
0.0866653379459
0.083468632359
0.0807897586503
0.077088988689
0.0777526923714
0.077360290008
0.0768510751038
0.0760735576144
0.0750806071248
0.0738805280654
0.0724929304881
0.0709207230057
0.0691723594657
0.0672528241346
0.0651688760958
0.0629287741428
0.06054734695
0.0580397375002
0.0554481665521
0.0527964564114
0.0501693946571
0.0477094272633
0.0453075548271
0.0436687725755
0.042091968141
0.0420838221987
0.0425384939997
0.0440691250568
0.0448532871642
0.0460487607191
0.047531142801
0.0491406540605
0.0506477807761
0.0519691807644
0.0530727161826
0.0539685698007
0.0546879306705
0.0552648487201
0.055720472905
0.0560678825406
0.0563222896466
0.0564921844384
0.0566102774443
0.0566632018722
0.126145505158
0.126138374685
0.126114707619
0.126080073364
0.12603637145
0.125965022525
0.125857199001
0.125712423409
0.12553128846
0.125312096032
0.12505138693
0.124744954958
0.12438891311
0.12397861238
0.123508823633
0.122974130514
0.122369529561
0.121689916665
0.120931551539
0.120090596796
0.119159359358
0.118128761584
0.116988792207
0.115730717534
0.114346183633
0.112823023723
0.111134088264
0.109240866736
0.107114053625
0.104768741927
0.102254577711
0.0995741267943
0.0967867783061
0.0940915637827
0.0914885279103
0.0888744542913
0.086103504295
0.0830160462877
0.0800173035752
0.0758677081201
0.076670401945
0.0764407244937
0.0759286181886
0.0751429054631
0.0741142851393
0.0728595942436
0.071405657351
0.0697564419559
0.0679190481626
0.0658960411751
0.0636901607253
0.0613050489002
0.0587496455882
0.0560344224193
0.0531965177993
0.050249124598
0.04730368947
0.0444637326155
0.0416745849387
0.0399070188129
0.0382680457691
0.038640836336
0.0393822762396
0.0403859774761
0.0414473225701
0.0430233977719
0.0449140667854
0.0469726947883
0.0489254082834
0.0505817251043
0.0519400063083
0.0530208039415
0.0538651606114
0.0545265408817
0.0550390319571
0.0554263647113
0.0557126995235
0.0559028802671
0.0560279076203
0.0560945772855
0.126078440579
0.126073046723
0.126053197015
0.126024648294
0.12597875904
0.125890709788
0.125769595337
0.125616918545
0.125428185927
0.125199993314
0.124928656129
0.124610107247
0.124240116461
0.12381384154
0.123325179044
0.12276956821
0.12214641066
0.121451123284
0.120675324131
0.119811801276
0.118853542171
0.117793243513
0.116622858829
0.115331009426
0.113901999159
0.112317950834
0.110552528477
0.108563910521
0.106322630198
0.103851475882
0.101196703848
0.0983703658471
0.0955220264297
0.0929297026329
0.0905729536774
0.0883095602093
0.0858129239589
0.082939755437
0.079690121729
0.0750322381155
0.0759054000155
0.0758455872027
0.0753019718382
0.0744650375524
0.0733747633255
0.0720463735232
0.0705127354953
0.0687781828916
0.0668462925719
0.064715133434
0.0623812246439
0.0598409146116
0.05709402355
0.0541430034537
0.0510139901584
0.0477121528265
0.0443693941081
0.0409989794003
0.0376178464151
0.0353502764816
0.0329849789003
0.0340276393868
0.0374796675916
0.0363306630174
0.0375993072137
0.0396822044752
0.0421351148704
0.0446966491048
0.0471692259373
0.0492441826273
0.0508902050708
0.0521762849772
0.0531591200305
0.0539105279851
0.0544857093484
0.0549119973224
0.0552208988891
0.0554308836066
0.0555654042433
0.0556433469879
0.126028102161
0.126021216
0.126006464479
0.125980903659
0.125928368721
0.125829054263
0.12570199132
0.125541803727
0.125344633806
0.12510687101
0.124824611163
0.124493519546
0.124109160467
0.123666411269
0.123161345218
0.12259429315
0.121963153662
0.121257060081
0.120465191348
0.11958044379
0.118597178861
0.117510207207
0.116313681704
0.114992380473
0.113520374923
0.111875287722
0.110033533609
0.10794966932
0.105582992913
0.102946525229
0.100097594638
0.0970550585797
0.0940803449179
0.0915877638033
0.0895616702039
0.0878958980641
0.0858820565841
0.0833001407212
0.0801242636687
0.0750544928392
0.0756707215272
0.0756760437301
0.0750484598098
0.0740853615786
0.0728830986819
0.0714515144054
0.06982201523
0.0679954263229
0.0659678957165
0.0637299319336
0.0612691708808
0.0585713658954
0.0556225522113
0.0524098761451
0.0489376618978
0.045202673471
0.0413456018717
0.0373073277988
0.0333611094504
0.0305320323421
0.0265233629963
0.0272050450784
0.0301210769527
0.0303174362346
0.0327980975619
0.0359341694004
0.039230734904
0.0424318891354
0.0454472511274
0.0479964443669
0.0499544567538
0.0514496028948
0.0525749380227
0.0534146922431
0.0540497651347
0.0545213484663
0.0548562063157
0.0550796581756
0.0552166441143
0.0552818729322
0.125997855236
0.125991276939
0.125977170199
0.125946903402
0.125887095658
0.125784167219
0.125652077188
0.125484564672
0.125279114555
0.125032044844
0.124739490242
0.124396802051
0.123999140109
0.123543570126
0.123029670903
0.122457730504
0.121822387755
0.121108337184
0.120302508517
0.119399484038
0.118394319486
0.117283725637
0.116067896195
0.114727767955
0.113219660221
0.111514627714
0.109601469516
0.10743652503
0.104933556374
0.10209209027
0.0989855318834
0.0956378410073
0.092425117166
0.090076393312
0.0881526037622
0.0876228467972
0.0864628709626
0.0843668568093
0.0817210578407
0.0764010504318
0.0763485113399
0.0761028671791
0.0752375232169
0.0740204806929
0.0726312003007
0.0710649883557
0.0693301693328
0.0674135981203
0.0652988255329
0.0629660679861
0.0603924622534
0.0575510687144
0.0544101054529
0.0509316217907
0.0470785393297
0.0428060891166
0.0381838555934
0.0331227573186
0.028537317309
0.0254959584322
0.0204391895875
0.0197138689624
0.0194092501004
0.0224905074278
0.0272233098749
0.0319838575725
0.0363965232714
0.0403591985077
0.0439110212996
0.0469084334349
0.0491769041232
0.0508630189665
0.0521171669123
0.0530420234701
0.0537254075786
0.0542295691213
0.0545885135921
0.0548254212842
0.0549633712191
0.0550144786624
0.125983457062
0.125977338324
0.125956656084
0.125919514647
0.125859843213
0.125756293017
0.125620623784
0.125445291625
0.125232081568
0.124977903665
0.124678785711
0.124328156665
0.123921216391
0.123455990729
0.122933504302
0.122358733819
0.121724381782
0.121005832617
0.120189632199
0.119273706589
0.118249183505
0.117118566071
0.115901876104
0.114565228769
0.113029078467
0.111264906851
0.109282292722
0.107040931192
0.104436079629
0.10139071551
0.0979634219334
0.0942367323691
0.0907875439007
0.0882552821156
0.0880508194547
0.0877848848756
0.0868558338353
0.0861863782317
0.0857925599769
0.079836586282
0.0785596158838
0.0772072855019
0.0757473551443
0.0741582741823
0.0725486449798
0.0708527872417
0.0690300422846
0.0670447565051
0.0648667041008
0.0624665859498
0.059812699759
0.0568673782567
0.0535828218965
0.0498948973886
0.0457164108717
0.0409184379465
0.0353611512361
0.0287392652
0.0219140044899
0.0145365795225
0.00522254542876
0.00966638607219
0.00337096867768
0.0129444379265
0.0214389240166
0.0283265915493
0.0339882640505
0.0387066169604
0.0427391358202
0.0461065692805
0.0486223188421
0.0504403177492
0.0517895543925
0.0527844133445
0.0535094731062
0.0540365820515
0.0544113472108
0.0546597882464
0.0548070352673
0.0548649983462
0.125978173174
0.125970484299
0.125940743884
0.125899680261
0.125839478603
0.125750457287
0.125616066911
0.125431607801
0.125214926188
0.124959158364
0.124656560029
0.124299010357
0.123881144515
0.123402720337
0.122870578289
0.12229951364
0.121678621889
0.120966562522
0.120143844693
0.119218844798
0.118188321657
0.117054535439
0.115830045476
0.114483544841
0.112935076155
0.111140404042
0.109114810324
0.106824006621
0.104136471946
0.100918734318
0.0972102279838
0.0933133481977
0.08858009879
0.0882936402494
0.0879956830348
0.0875727418339
0.0868873003905
0.0861764393512
0.0860811995313
0.0860551998696
0.0819596892052
0.078322797225
0.0761042247079
0.0742612477923
0.0725323795015
0.0707745966312
0.0689127831206
0.0668981634288
0.0646936767143
0.0622656723174
0.0595785587418
0.056589960444
0.0532448597064
0.0494666514714
0.0451422437917
0.040090156347
0.0340070005852
0.0262495443816
0.015758822526
-0.00322958923435
-0.0212491659923
-0.00279879488872
0.00124643536659
0.00239119204167
0.0170752318391
0.0258712659598
0.0325224845226
0.0377607537534
0.0420966246229
0.045689248632
0.0483486873291
0.050226971678
0.0516192190781
0.0526530259506
0.0534049155442
0.0539449016241
0.0543256258243
0.0545807150457
0.0547400012081
0.0548059172055
)
;

boundaryField
{
    frontAndBack
    {
        type            empty;
    }
    upperWall
    {
        type            zeroGradient;
    }
    lowerWall
    {
        type            zeroGradient;
    }
    inlet
    {
        type            zeroGradient;
    }
    outlet
    {
        type            fixedValue;
        value           uniform 0;
    }
}


// ************************************************************************* //
