/*--------------------------------*- C++ -*----------------------------------*\
| =========                 |                                                 |
| \\      /  F ield         | OpenFOAM: The Open Source CFD Toolbox           |
|  \\    /   O peration     | Version:  v1806                                 |
|   \\  /    A nd           | Web:      www.OpenFOAM.com                      |
|    \\/     M anipulation  |                                                 |
\*---------------------------------------------------------------------------*/
FoamFile
{
    version     2.0;
    format      ascii;
    class       volScalarField;
    location    "801";
    object      p;
}
// * * * * * * * * * * * * * * * * * * * * * * * * * * * * * * * * * * * * * //

dimensions      [0 2 -2 0 0 0 0];


internalField   nonuniform List<scalar> 
6400
(
0.144117595152
0.144120915594
0.144130434822
0.144149151358
0.144177195688
0.144214591564
0.144261302862
0.144318430806
0.14438717562
0.144469488835
0.144571740462
0.144697348837
0.144843794588
0.145010985788
0.14520087311
0.145416139826
0.145658693324
0.145928663756
0.146223874321
0.146538868344
0.146868262524
0.147213892393
0.147583605361
0.147985477938
0.148424427857
0.148900346036
0.149409795205
0.14995008825
0.150520673077
0.151122036654
0.15175444318
0.152415799765
0.153100073775
0.153801091733
0.154515874876
0.155241819142
0.155979351229
0.1567338093
0.157503616657
0.158280153171
0.159063940827
0.159866096328
0.160692010533
0.161533569053
0.162379434114
0.163221347085
0.164052954747
0.164869169621
0.165665304676
0.166437182533
0.167181178583
0.16789150836
0.168558870415
0.169172348791
0.169729141082
0.17023231689
0.17067732838
0.17105502251
0.171363168414
0.17160859792
0.171797995061
0.171935805772
0.172027289382
0.172088977565
0.17214096093
0.172196350498
0.172251259992
0.172292596225
0.172315337035
0.17232308271
0.172320048148
0.172308878362
0.172291128726
0.172269677045
0.172245689237
0.17222141615
0.172198670114
0.172182548464
0.172171549999
0.172166792364
0.144112808214
0.144116353525
0.144125054979
0.144143328534
0.144172858289
0.144211696124
0.144258876308
0.144314251701
0.144380950185
0.144463004748
0.14456489936
0.144689509016
0.144836245503
0.145004361942
0.145194390568
0.145408292937
0.145650052
0.14592065699
0.14621711031
0.146532556276
0.146860046766
0.147203650577
0.147572831048
0.14797479907
0.148414250265
0.148890915923
0.149400740421
0.149941665214
0.150513201238
0.151115322557
0.151747908597
0.152409750922
0.153094992884
0.153796177465
0.154511093853
0.155237356434
0.155974941262
0.156729997494
0.157501056
0.158278677805
0.159062368295
0.159865362328
0.160694337072
0.161538258331
0.162385446212
0.163228813137
0.164061991784
0.164880080186
0.16567803025
0.166450591481
0.167194098427
0.167905554286
0.168577004953
0.169192599304
0.169751022395
0.170256594418
0.170700356424
0.171075460281
0.17138299446
0.171627380105
0.17181413534
0.171950878533
0.172042670193
0.172105609333
0.17215921747
0.172215266449
0.172269995444
0.172308724104
0.172328356122
0.172333515391
0.172328219171
0.172314898526
0.172294699835
0.172270259735
0.172244294451
0.172218779133
0.172196215457
0.172179368607
0.172168032734
0.172164097841
0.144099254108
0.144105066434
0.144113056471
0.144129914542
0.144158469112
0.144201449744
0.144252180443
0.144305991047
0.144369648947
0.144449993515
0.144551038086
0.144675110559
0.144822154401
0.144991097441
0.145181171137
0.145391745926
0.14563109784
0.145906059642
0.146205385636
0.146519383388
0.146842821356
0.147181557413
0.147549909882
0.14795414236
0.148394601269
0.148871304638
0.149382363837
0.149925099358
0.150498245994
0.151101705197
0.151735196102
0.152398182162
0.153085453281
0.153786542075
0.154500516418
0.155228369587
0.155966526164
0.156721352297
0.157493939499
0.158274957902
0.159064586737
0.159872237714
0.160701966791
0.16154643272
0.162395472819
0.163241316395
0.164077684531
0.16489921222
0.165700764844
0.166477488274
0.167225197151
0.16793880117
0.168609615818
0.169228596491
0.169793667242
0.170301121726
0.170743175975
0.171116529151
0.171422398999
0.171664716091
0.171849528493
0.171983427216
0.172074845436
0.172141834051
0.172201642857
0.172259489644
0.172308954183
0.172341218599
0.172355508806
0.172355750572
0.17234569413
0.17232715058
0.172301907313
0.172273023155
0.172243297243
0.172215144544
0.172191205296
0.172173079682
0.172161396389
0.172156961013
0.144079615991
0.144085633907
0.144092641143
0.144108253022
0.144133515354
0.144176454853
0.144239697159
0.144293775045
0.144352885899
0.144430253167
0.144529866633
0.144653643814
0.14480138567
0.144970433284
0.145160377013
0.145374819058
0.145617947478
0.145890082032
0.14618116338
0.146484468475
0.14680416519
0.14714646605
0.147517359636
0.147922430462
0.148364102542
0.148842322207
0.149355286529
0.149900261386
0.150475728524
0.151081090628
0.151716636929
0.152381277028
0.153070246774
0.153774160226
0.154486250747
0.155211968156
0.155953529044
0.156709627176
0.157481811207
0.158267335548
0.159065045443
0.159879342609
0.160712480714
0.161559360103
0.162411546675
0.163261357472
0.164102316438
0.164928791895
0.1657355606
0.166517682917
0.167270337249
0.167987730522
0.168662271976
0.169286767127
0.169856470191
0.170365469833
0.170807293415
0.171179354009
0.171483092319
0.171722659861
0.171904405973
0.172036636652
0.172131992932
0.172207420005
0.172272175047
0.172326506357
0.17236960862
0.172394014706
0.172399495809
0.172391190176
0.172373096088
0.172346750943
0.172314128553
0.172277661516
0.172240700369
0.172208330679
0.17218239405
0.172160803828
0.172145664037
0.172139371998
0.14404870022
0.144050294169
0.144058889321
0.144075026989
0.144103111914
0.144143895228
0.144202389583
0.144261131656
0.14432379953
0.144401726175
0.144500224369
0.144623934303
0.144772976374
0.144947410464
0.145144611332
0.145359615995
0.145595711835
0.145854901335
0.14613539852
0.146435968857
0.146757020635
0.147100952049
0.14747361786
0.147880482287
0.148323856789
0.148804007732
0.149319095758
0.149866890138
0.150445366315
0.151053793889
0.151691544295
0.152359620164
0.153052437747
0.153754818412
0.154466209536
0.155191279566
0.155931971454
0.156690933166
0.157467560285
0.158259330777
0.159065200953
0.159887046667
0.160725577117
0.161576821058
0.162433738312
0.163289007522
0.164136036655
0.164968986511
0.165782512079
0.166571510069
0.167330738751
0.168054148547
0.168734720722
0.169365560582
0.169940269809
0.170451815138
0.170894266726
0.171265594308
0.17156759418
0.171805035772
0.171985519461
0.172119725463
0.172221919123
0.172304317341
0.172368358289
0.172419285476
0.172455858966
0.172470207136
0.172463069601
0.172441541317
0.172411079746
0.172373433235
0.172329429594
0.172281000898
0.172234738582
0.172195879462
0.172163321188
0.172133460936
0.172114294969
0.172107233868
0.1439929312
0.143993446435
0.144007170587
0.144024191124
0.144055492964
0.144098848581
0.144154022113
0.144213700651
0.144281530861
0.144361971632
0.144459202674
0.144583582353
0.144741564834
0.144924846985
0.145121375973
0.145330158551
0.145556352997
0.145806474664
0.146082035589
0.146380449757
0.146699907461
0.147044290204
0.1474189608
0.147828228751
0.148273931311
0.148755933479
0.149273861298
0.149824727795
0.150407300565
0.151019603941
0.151661732296
0.152332035292
0.15302507263
0.153730979627
0.154440088775
0.155162172379
0.1559047618
0.156668481835
0.157451205093
0.158250443137
0.159065017305
0.159895366761
0.160741100741
0.161598721149
0.162462147133
0.163324489642
0.164179153237
0.165020159379
0.165842046193
0.166639558373
0.16740720738
0.168138825432
0.168827501135
0.169465960536
0.170046646873
0.170562018605
0.171006618942
0.17137894509
0.171681344914
0.171919566485
0.172102608041
0.172242482492
0.172352648516
0.17243659223
0.172498472616
0.172544313281
0.172572754188
0.172574285457
0.172549969072
0.172509592082
0.172461858846
0.172408092768
0.172347074191
0.172282714859
0.17222349881
0.17217330419
0.172128522899
0.172089443508
0.172066324977
0.17205654562
0.143908192839
0.14391498443
0.143936942313
0.14396175253
0.14398958635
0.144033879808
0.144091145119
0.144153584713
0.144225414722
0.144309062129
0.14441072952
0.144539363218
0.144705379502
0.144888027158
0.145080010397
0.145280834617
0.145500749911
0.145748307095
0.146021691717
0.146315253795
0.14663213592
0.146977333137
0.147353828316
0.147765097764
0.14821351585
0.148699535612
0.149219076552
0.14977357563
0.150361082028
0.150980427136
0.151626815811
0.152297724827
0.15299176934
0.153694314
0.154403413505
0.155126880225
0.155873298119
0.15664289404
0.157432832776
0.158240488518
0.159064496262
0.159904408371
0.160759042551
0.161625020584
0.162496849131
0.163368018606
0.164232005866
0.165082771136
0.165914774411
0.166722652221
0.167500760135
0.168242787479
0.168941608588
0.169589370045
0.170177793883
0.170699280171
0.171148942688
0.171525880947
0.171832992432
0.172076621354
0.172266403168
0.172413973973
0.17252848807
0.172612017454
0.172676352348
0.172716185725
0.172728302031
0.172709085164
0.172661584144
0.172597385844
0.172527023498
0.172451220594
0.172367396099
0.172282160406
0.172203566588
0.172134541324
0.172072992759
0.172025651263
0.171999281705
0.171987076845
0.143807598584
0.143820424171
0.143845433864
0.143880392677
0.143911284355
0.143957857191
0.14401392928
0.144079803541
0.144156719825
0.144238865445
0.144349565233
0.144491500306
0.144656142036
0.144835467126
0.145020844203
0.145214721578
0.145433746913
0.145681738054
0.145950414931
0.146239175952
0.146554075669
0.146899606668
0.147277735036
0.147692049875
0.148144118299
0.148633496013
0.14915727914
0.149712457881
0.150307275517
0.150936094075
0.151584811631
0.152253736725
0.152946394869
0.153647648225
0.154356815796
0.155085453427
0.155837990537
0.156614386822
0.157412329848
0.158229282804
0.15906361783
0.15991426432
0.160779459019
0.161655751984
0.162537956665
0.16341984755
0.164295015694
0.165157429781
0.166001515969
0.166821837244
0.167612626597
0.168367384432
0.169078647052
0.169738072087
0.170337120845
0.17086857253
0.171328245056
0.171715547802
0.172032939747
0.172286152688
0.172484481301
0.172637876572
0.172754096976
0.172839786729
0.172902061902
0.172939887285
0.172930025615
0.172880613853
0.172802513495
0.172708108792
0.172608748141
0.172504153616
0.172391983518
0.172277855624
0.172169139543
0.172072417268
0.171993784796
0.171939859383
0.171912558685
0.171901011157
0.143696230731
0.143712578219
0.143738135918
0.143769035694
0.143807679716
0.143863227409
0.143920322715
0.143988516563
0.144074182116
0.144162470266
0.144271802611
0.144423069174
0.144590930395
0.144764948947
0.144944611479
0.145138412428
0.145357071043
0.145602235958
0.145866540269
0.146152637469
0.146466197207
0.146811272881
0.147189559172
0.14760601924
0.148065678497
0.148557399705
0.149085905774
0.149648976905
0.150246027887
0.150876872409
0.151531640623
0.152206256232
0.152890220467
0.153588191964
0.1543026906
0.155038545123
0.155798521398
0.15658273082
0.157389520458
0.158216662438
0.159062344641
0.159925007733
0.160802428057
0.161690994398
0.162585630944
0.16348029638
0.164368715656
0.165244917324
0.166103320865
0.166938430201
0.167744372963
0.168514470585
0.169240996537
0.169915436112
0.170529528696
0.171076831156
0.171553671386
0.171958513636
0.172291247318
0.172556411762
0.172764526493
0.172924353159
0.173043017179
0.173125533267
0.173175569317
0.173203949468
0.173186585049
0.173098561023
0.17297983826
0.17284645039
0.172709401703
0.172569932168
0.172424010921
0.172268589775
0.172112018955
0.171978416358
0.171884583465
0.171829075378
0.171803955006
0.171795885948
0.143572202687
0.143590727875
0.14362046237
0.143650552003
0.143692410115
0.143748708462
0.143808689403
0.143877606093
0.1439643619
0.144070316973
0.144185504677
0.144337595295
0.144506835698
0.144677657707
0.144852041498
0.145048909106
0.145270989488
0.145511437468
0.145770495487
0.146054354448
0.14636776021
0.146713584843
0.147092496712
0.14750815169
0.147974431385
0.148474947931
0.149001436575
0.149571509559
0.150174279987
0.150809888237
0.151468433906
0.152141984529
0.152825819549
0.153522436696
0.154241909161
0.154985897892
0.155754508135
0.156547633715
0.157364209726
0.158202467722
0.159060593245
0.159936659215
0.160828024093
0.161730856253
0.162640080242
0.163549767304
0.164453773954
0.165346214963
0.166221509283
0.167074097318
0.167898029614
0.168686554706
0.16943195403
0.170126051851
0.170761467503
0.171332729329
0.171835728699
0.17226545357
0.172616928417
0.172896600341
0.173121403367
0.173293581605
0.173414506882
0.173484648955
0.17350922487
0.173500447699
0.1734638596
0.173372354106
0.173200882157
0.173012807682
0.172829255843
0.172653874274
0.172471286403
0.172255230364
0.172018214051
0.171834878836
0.171730554927
0.17168285416
0.171664605298
0.17166251372
0.143430092887
0.143447748956
0.143480241499
0.143515772605
0.143566559033
0.143618042154
0.143679324902
0.143751330451
0.14383112818
0.143947101946
0.144077435327
0.144230885912
0.144400988157
0.144573074315
0.144747233805
0.144945343505
0.1451692679
0.145407005863
0.145662273299
0.145943078726
0.146255710199
0.146603812325
0.146988183935
0.147404290595
0.147866680638
0.148380010454
0.148915390485
0.149485962301
0.150091100003
0.150723122436
0.151388871993
0.152066238222
0.152749453437
0.153449158419
0.154175082026
0.154927594648
0.155705649105
0.156508779629
0.157336194594
0.158186558571
0.159058262904
0.159949185073
0.160856287927
0.161775456305
0.162701550031
0.163628731287
0.164550994292
0.165462529664
0.166357723024
0.167230935851
0.168076201768
0.168886910214
0.16965580914
0.170375744536
0.171040762365
0.17164601021
0.172184898117
0.172646663656
0.173020773772
0.173322144886
0.173584368025
0.173781353944
0.173903608112
0.17394852711
0.173926008106
0.173852811436
0.173752332996
0.17364667839
0.173464037616
0.173209795082
0.172968109437
0.172764819925
0.172556222896
0.172249044298
0.171859134985
0.171601651227
0.171502553724
0.171484767915
0.171484734346
0.171497136068
0.143265679019
0.143279836892
0.143306290712
0.143351245117
0.143413223149
0.143465950333
0.143529201554
0.143608434037
0.143687399358
0.143800742017
0.143942921921
0.144100756708
0.144271252576
0.144446370332
0.144628314956
0.144829819868
0.145053018083
0.145288297123
0.14554154017
0.145819584529
0.146128767673
0.14647530479
0.146869496818
0.147297696931
0.147755733065
0.148269691461
0.148814241188
0.149384001175
0.149998717362
0.150636794183
0.151296446009
0.151971557527
0.152658407527
0.153367087955
0.154101667198
0.154863341752
0.155651589133
0.156465791345
0.157305222201
0.158168802201
0.159055245753
0.159962506197
0.160887221631
0.161824899834
0.162770298326
0.163717710598
0.164661298363
0.165595288539
0.166513952388
0.167411533842
0.16828213848
0.169119626473
0.169917862958
0.170671474588
0.171376022332
0.172025734554
0.172610112502
0.173116391511
0.173520950796
0.173853204964
0.174206702711
0.174454493332
0.17457980391
0.174583292826
0.174487690755
0.174318913909
0.174108575142
0.17392508667
0.173719273183
0.173413607641
0.173117036437
0.172920914679
0.172747958856
0.172304580079
0.17155283341
0.171182370418
0.171152607065
0.171228193286
0.171266293358
0.171317138029
0.143078513084
0.143089738524
0.143107170663
0.143157340899
0.143220991057
0.143282449142
0.143350559113
0.143437961727
0.143525498854
0.143638668833
0.14378645356
0.143947686395
0.144118401221
0.144292851342
0.144485176257
0.144697591353
0.144920988647
0.145154517862
0.145407146699
0.145684162307
0.145989875274
0.146330359493
0.146726035804
0.147175526326
0.147641105539
0.148145121608
0.148701358802
0.149278270782
0.149886391638
0.150529134948
0.151192000344
0.151866983802
0.152557929012
0.153275512361
0.154020289715
0.154792425087
0.15559182786
0.156418110609
0.157270822561
0.158149007299
0.159051510668
0.159976564213
0.160920762693
0.161879235224
0.162846558365
0.163817231349
0.164785675518
0.165746103083
0.166692518096
0.167618956474
0.168519716226
0.169389595536
0.170224374135
0.171020946707
0.171775013176
0.172477180319
0.173120455581
0.173714081239
0.174162796089
0.174534290671
0.175184708315
0.17549442756
0.175579262951
0.175479738946
0.175239963162
0.174905977908
0.174512668313
0.174167172014
0.173886797595
0.173542015853
0.173166880897
0.17307423037
0.173198728243
0.172521126322
0.170982983818
0.170434745246
0.170644712994
0.170956037077
0.171015345996
0.171160470504
0.142869708837
0.142882638873
0.142905454758
0.142944742307
0.143003053304
0.143070471401
0.143144796895
0.143237051273
0.143338151384
0.143455148856
0.143607680146
0.14377220265
0.143944757536
0.144119458479
0.144315638509
0.144538448975
0.144766916727
0.145002910461
0.145256947241
0.145534726817
0.14583935615
0.146174685178
0.146566179777
0.147028496803
0.14751104029
0.148013813076
0.148573996734
0.14916055776
0.149766130972
0.150406844795
0.151066791907
0.151743940642
0.152445826156
0.153174367563
0.153930225726
0.154713943755
0.155525798047
0.156365365622
0.157232435499
0.158126613194
0.159046839535
0.159991364927
0.16095690978
0.161938458324
0.162930463756
0.163927732726
0.164925090715
0.165916669491
0.166895955306
0.167856619019
0.168793294531
0.169702380929
0.170582385493
0.171432103653
0.172242454485
0.173001599161
0.173753240311
0.174559691798
0.174913948971
0.174840914107
0.175031801181
0.175257798056
0.175337858003
0.175251099019
0.175039637518
0.174744668764
0.17440460424
0.174067642338
0.173759509112
0.173472133324
0.173320109307
0.1735341678
0.174280661821
0.174086685601
0.168971106777
0.168411790931
0.169764741613
0.170767530496
0.170719424337
0.171117070591
0.142634332215
0.142649045667
0.142682552502
0.142712039285
0.142763940968
0.142833385286
0.142912889626
0.143011511142
0.143128796066
0.143249363922
0.143405660067
0.143573987018
0.143750146789
0.143928662033
0.144128102772
0.144356505334
0.144590608344
0.144831781654
0.145089354921
0.145369204625
0.145674909199
0.146009083912
0.14639253384
0.146853930662
0.147362165274
0.147874741613
0.14842475239
0.149026756282
0.149642904504
0.150270794829
0.150926189104
0.15160952113
0.152321621705
0.153062042714
0.153830418418
0.154627079318
0.155452495933
0.156306786216
0.157189729235
0.15810118939
0.159040726218
0.160006672001
0.16099565553
0.162002590178
0.163022041783
0.164049435615
0.165080273872
0.166108569814
0.167126840211
0.168127979362
0.169107307084
0.170063868582
0.17099934339
0.171911552466
0.172775499557
0.173578726291
0.174249888441
0.174452142286
0.174673037287
0.174852411746
0.174970801614
0.175125576047
0.17518695729
0.175101624403
0.174892001003
0.174593059032
0.174239427282
0.173869261772
0.173514658816
0.173188231894
0.17292590093
0.172756509507
0.172482534279
0.170819872068
0.169254704357
0.169643620233
0.171177852045
0.172198422514
0.169830410904
0.171316204265
0.142367697308
0.142382093549
0.142415163988
0.142447262387
0.142497241484
0.142568916467
0.142651697696
0.142751986067
0.142884918316
0.143018125556
0.143178147912
0.143351331433
0.143533083447
0.143718498327
0.143923162082
0.144155164304
0.14439401306
0.144641284783
0.144903750475
0.145186802472
0.145494439454
0.145829957007
0.146208318666
0.146663220674
0.1471889588
0.147721633093
0.148266110672
0.148862819392
0.149490261762
0.15012499708
0.150777928413
0.151464621627
0.152185798805
0.152938401902
0.153720227418
0.154530907498
0.15537119042
0.156241460031
0.157141852368
0.158072292666
0.159032750716
0.160022067874
0.161036831846
0.162071624085
0.163121150749
0.164182137816
0.1652515894
0.16632321377
0.16738734648
0.168435805491
0.169465628779
0.170479729152
0.171483198176
0.172476007752
0.173355927547
0.173792355351
0.174051918377
0.17430645977
0.174521958068
0.17468669514
0.174781818377
0.174853188792
0.174844929617
0.174715129961
0.174471136937
0.174139143903
0.17374813461
0.173327538135
0.172901652652
0.17248474131
0.172063953831
0.171612969273
0.17104119107
0.170128197437
0.169463477397
0.169586006726
0.170354179768
0.170608340901
0.171640439275
0.173231439243
0.14207162683
0.142085419631
0.142120331098
0.142153769284
0.14220511984
0.142278217289
0.142363943708
0.142462693392
0.142600095818
0.14275142615
0.142920479099
0.143100468307
0.143289963974
0.143486628875
0.143697799008
0.143933685076
0.144177375696
0.144431482444
0.14469977609
0.144987118144
0.145297503692
0.145634784328
0.146010601503
0.146457159605
0.146985841576
0.147548188802
0.148104872319
0.148690301542
0.149314277441
0.149953214796
0.150611476788
0.151306329103
0.152037616203
0.152802544957
0.153598614054
0.15442470734
0.15528107734
0.156168697529
0.157088002614
0.158039204288
0.159022420308
0.160036997047
0.16107996351
0.16214546755
0.163227852334
0.164325616898
0.165438588215
0.16656041632
0.167678100342
0.168781839449
0.169870725393
0.170953207418
0.172046602768
0.173078867496
0.173335048831
0.173588422284
0.173862533564
0.174099931153
0.174282312946
0.174405117075
0.174459709917
0.174452942231
0.174363170841
0.174166697795
0.173864143277
0.173472644741
0.173014297283
0.172511384559
0.171982258388
0.171439385332
0.170852532312
0.170202436951
0.169494533983
0.168716730656
0.168080746385
0.168001025652
0.168622472034
0.169761367753
0.171841538206
0.174141881864
0.141748939904
0.141761167029
0.14179191958
0.141830140601
0.141887831522
0.141962856907
0.142053390486
0.142152701162
0.142290966747
0.142454146492
0.142631831417
0.142818461085
0.143014548651
0.143226226843
0.143448035918
0.143688457998
0.143938001088
0.144200704685
0.144476310889
0.144769206781
0.145083396423
0.145422896393
0.145797820166
0.146237644377
0.146762518853
0.147345191586
0.147925990913
0.148510353754
0.14912541629
0.149762990581
0.150428333619
0.15113234684
0.151874653284
0.152652295009
0.15346357978
0.154306791833
0.155181113502
0.156087483927
0.15702739439
0.158001060783
0.15900892787
0.160051070205
0.161124952771
0.162224158322
0.163341454421
0.164477904145
0.165640554
0.166822690812
0.168001365955
0.169167636323
0.1703216217
0.171484925435
0.172581878978
0.172857886898
0.173120480269
0.173373121072
0.173611593008
0.173804079675
0.17393378372
0.173992413553
0.173972638569
0.173871793726
0.173680204027
0.173386096625
0.172988987489
0.172499687445
0.17193383396
0.171307183982
0.170632038534
0.169915102978
0.169136739395
0.168262381487
0.167306985441
0.166324665495
0.165478436037
0.165072309411
0.165328388062
0.166337474049
0.168603130294
0.170613216467
0.141403484399
0.141414416597
0.141439415683
0.141483003849
0.141546278175
0.141623126768
0.141717837692
0.141822302592
0.141959070794
0.14212945366
0.142313657321
0.14250582684
0.142705795712
0.14292792773
0.143166516607
0.143414792148
0.143671503158
0.143944211054
0.144230190175
0.144530990395
0.144850909883
0.145193359653
0.145568930993
0.146004072385
0.146520057121
0.147104851573
0.147711300766
0.14831198211
0.148926934538
0.149563944774
0.150231290668
0.150942771451
0.151696151241
0.152485880089
0.153313684747
0.154175720175
0.155069049497
0.155996097033
0.156958612018
0.157957150311
0.158991920799
0.160063428316
0.161170182649
0.162306782489
0.163466738081
0.164651238322
0.165866088971
0.167102594701
0.168346187613
0.169593196318
0.170822034212
0.172001118065
0.172316713912
0.172596013711
0.172854664166
0.173083469583
0.173270185585
0.173396611355
0.173448246518
0.173416471462
0.173295307484
0.173080770707
0.172767447854
0.172349635566
0.171827050075
0.17120598766
0.170496039339
0.169706406172
0.168842780137
0.167904107246
0.166882478325
0.165713136075
0.164386627998
0.162972252951
0.161561563665
0.160285020342
0.159208976646
0.158166821926
0.156657541046
0.153620758087
0.141036970736
0.14104781324
0.141071438493
0.14111994304
0.141184093675
0.141260400708
0.141354518018
0.141465919766
0.141601132094
0.141776364094
0.141966322701
0.142164043853
0.142368997429
0.142596088235
0.142849558726
0.143109886526
0.14337626449
0.143658958471
0.143956655151
0.144268637178
0.144597746382
0.144944817473
0.145322429563
0.14575577975
0.146263856686
0.146844103776
0.147464332838
0.148084661249
0.148703653048
0.149342530727
0.150018175472
0.150735840988
0.151498315829
0.152301892729
0.153147160461
0.154028944655
0.154943211977
0.155892833423
0.156879855751
0.157905356533
0.158969731635
0.160073765456
0.161218169585
0.162400734672
0.163612160962
0.1648434095
0.166100165182
0.167388417363
0.168712165333
0.170081064278
0.171364579622
0.171709749065
0.172004528629
0.17228430584
0.172518564432
0.172697490829
0.172811961875
0.172849334848
0.172798619739
0.172652697678
0.172406765681
0.1720572323
0.171600539919
0.171033484788
0.170355365262
0.169568621432
0.168677025384
0.167682988268
0.166584980752
0.165374922752
0.164041401716
0.162497371026
0.160668799237
0.15857536895
0.156204811393
0.153477066474
0.150192361254
0.146014341668
0.140809910471
0.139441033803
0.140646064611
0.140657501575
0.14068241754
0.140736095461
0.140800523336
0.140875470236
0.140966362314
0.141082569272
0.141214491546
0.141392894232
0.141588783016
0.141792372902
0.142003620731
0.142237043741
0.142500728823
0.142773585332
0.143051792758
0.143345372604
0.143654112193
0.143978563785
0.14432046984
0.144675025573
0.145055870431
0.145489864684
0.145992507797
0.146566080514
0.147190556172
0.147825541847
0.148460048376
0.149105372477
0.149788463144
0.150514772725
0.1512844591
0.152096994059
0.152957368738
0.153862055064
0.154801113822
0.155776074595
0.15678949629
0.157843853404
0.158940908534
0.16008227101
0.161272734152
0.162509394948
0.163769396673
0.165039670234
0.166335757842
0.167687173121
0.169134340042
0.17070724487
0.171074079956
0.171362683484
0.17165543567
0.171905477381
0.172086903424
0.172191618083
0.172211936895
0.172138646404
0.171964038552
0.171682887242
0.171291558063
0.170787129751
0.170166767709
0.169427681861
0.168567721481
0.167585356513
0.166478314234
0.165241303491
0.163863270096
0.162324026052
0.160589874854
0.158603093262
0.156190852991
0.153222418407
0.149571917354
0.144872232329
0.138315259187
0.128092532414
0.109019256147
0.0628839054329
0.1402227819
0.140234760546
0.140263193739
0.140322762789
0.140388425309
0.140462739672
0.140552730067
0.140670858901
0.14079886699
0.140977873123
0.141179425337
0.141388967186
0.141606722022
0.141846792769
0.142118820809
0.142403736532
0.142696320179
0.143002219568
0.143321641763
0.14365829622
0.144015507991
0.144381451007
0.144766423847
0.145202583374
0.145703206892
0.146269890315
0.146891800111
0.147531170112
0.14818480637
0.148850552273
0.14954107411
0.150271663823
0.151051712631
0.151878740878
0.152749448189
0.153671965988
0.154637825001
0.155641434685
0.15668537452
0.157771538907
0.158903755664
0.160089954435
0.161338521804
0.162632325574
0.163936242262
0.165245850193
0.166593755222
0.168035390705
0.169485497433
0.170505764288
0.170775298736
0.171008270134
0.171252720725
0.171441683046
0.171542713992
0.171548242246
0.171452205864
0.171248011446
0.170930474954
0.17049603255
0.169941994968
0.169265804982
0.168464494887
0.1675343878
0.166470958453
0.165268313629
0.163917834827
0.162405990675
0.160711414976
0.158801095699
0.156624722818
0.15411379196
0.151059012664
0.147157717627
0.142142351539
0.13544422177
0.125850437953
0.110946976417
0.0858333762711
0.0440475037106
0.139755855648
0.139768312337
0.139800230348
0.139866176393
0.139933051472
0.14001053475
0.14010180344
0.140220304409
0.140348097969
0.140528896103
0.140736292274
0.140951782697
0.141175954894
0.141422268534
0.141700998853
0.141995714319
0.142305096066
0.142625808549
0.142956801323
0.143305448204
0.143678523102
0.144061127816
0.144452427975
0.144890175549
0.145391953794
0.145954303578
0.146572221137
0.147211046322
0.147872985344
0.148563136708
0.149276089958
0.150015498632
0.150794158601
0.151631067282
0.152521281902
0.153461825398
0.154452012254
0.155485600352
0.156562429549
0.157684822897
0.158859288177
0.160102583342
0.161416285582
0.162765632926
0.164122495661
0.165501714681
0.166958957388
0.168464756821
0.169695157324
0.170125324004
0.170372187613
0.170585485199
0.17076578991
0.170866561152
0.170863742547
0.170749161216
0.170517968303
0.170166029372
0.16969027417
0.169088477243
0.168358560127
0.167497890381
0.166502701132
0.165367595659
0.164085011938
0.162644350199
0.161030453731
0.159221278886
0.157184593127
0.154873283899
0.152218359932
0.149117606852
0.14542350924
0.14074349685
0.134564434395
0.126325768281
0.114930924406
0.0984943305351
0.0736856826664
0.0394510976493
0.139236311099
0.139251253233
0.139284968799
0.139351479742
0.139423466415
0.139510287938
0.139607668498
0.139730359412
0.139865729626
0.140044296725
0.140257021237
0.140478638093
0.140709406043
0.1409618631
0.141246274758
0.141547011672
0.141869748833
0.142209323985
0.142555283327
0.142917986683
0.143305946047
0.143709415533
0.144115835436
0.144553049094
0.145055904277
0.145617025031
0.146231978988
0.14687055719
0.147534137212
0.148239525776
0.148977832636
0.149739192743
0.150525767905
0.15136375308
0.152263818165
0.153225293457
0.15424202096
0.155307366563
0.156418712937
0.157581162817
0.158810676512
0.160123124671
0.161502792884
0.162914786667
0.164354169664
0.165858497838
0.167384833017
0.168637269776
0.169242060728
0.169581813744
0.169864098015
0.170058817705
0.170160107231
0.170156048686
0.170032150033
0.169781156351
0.16940025831
0.168887894678
0.168242912314
0.167464142561
0.166549770899
0.165496666842
0.164299761347
0.162951417205
0.161440663753
0.159752088897
0.157864149348
0.155746678656
0.153357323491
0.150636435482
0.147499572597
0.143826093176
0.139443024489
0.134074165012
0.127135752996
0.11788996529
0.105495710571
0.0886050183896
0.0647767491811
0.0346175116548
0.138669851579
0.138688895292
0.138723249331
0.138783724783
0.13886412908
0.138961087558
0.139067900582
0.13919955051
0.139349341612
0.139525337333
0.13974045355
0.139967590973
0.140205278305
0.140464378725
0.140755094581
0.141062588351
0.141393126586
0.141749809902
0.142114304588
0.142494972944
0.142898329534
0.143322443118
0.143755191184
0.144203578631
0.144701253316
0.145260094242
0.145872279579
0.146511525652
0.147175071033
0.147886656975
0.148641660297
0.149431273884
0.150239120805
0.151082211117
0.151986348611
0.152960132237
0.154000985544
0.155100743964
0.156251406106
0.157463959177
0.158762618632
0.160150829363
0.161600469206
0.163091659932
0.164654959814
0.166273712615
0.167538352284
0.168507460189
0.16877049846
0.16905819308
0.169299172827
0.169424935283
0.169426650749
0.169300847959
0.169039497978
0.168638308808
0.168096754262
0.167415395073
0.166594575974
0.16563381078
0.164531173683
0.163282660259
0.161881545832
0.160317677993
0.15857658226
0.156638214102
0.154475156684
0.15205003838
0.149311878604
0.146190917604
0.142591231493
0.138380077994
0.133372542348
0.127310847443
0.119801453927
0.110121202823
0.0973498610606
0.0804535628805
0.0577562381642
0.0303637960046
0.138074032916
0.138093790348
0.138127403661
0.138180206556
0.13826563666
0.138367771398
0.138481615592
0.138619189268
0.13878055642
0.138963301421
0.1391830584
0.1394162225
0.139661468047
0.139927728481
0.140225451932
0.140541674869
0.140881195692
0.141252041267
0.141635435339
0.142038207765
0.142460161258
0.142902396165
0.143359352206
0.14383444317
0.144343696432
0.144898805079
0.145501919336
0.146139498947
0.146801543499
0.147513833681
0.148276728698
0.149084321903
0.149920310525
0.15078189047
0.151694785487
0.152674659432
0.153729956964
0.154860667711
0.156058438805
0.157336000101
0.158714644784
0.160182788163
0.161710443651
0.163300513203
0.164946470869
0.166339051926
0.167450363083
0.168035477389
0.168270096007
0.168481411887
0.168639870675
0.168669467661
0.168553961904
0.168291733878
0.167880374497
0.167319378375
0.166610504456
0.165755984555
0.164757207664
0.163613976802
0.162323907594
0.160881830987
0.159279162984
0.157503169888
0.155536018689
0.153353471243
0.150923051134
0.148201478031
0.14513110521
0.141634989576
0.137610064837
0.132917687196
0.127370633754
0.120715350729
0.112609140773
0.102590306495
0.0898929330628
0.0735989589792
0.0524240428559
0.027253650876
0.137456344919
0.137474519404
0.13750610743
0.137556863185
0.137638144994
0.137739546075
0.137856359893
0.137995540641
0.138163276944
0.138355144104
0.138582644829
0.138822635013
0.139075965924
0.139349549721
0.139654253637
0.13997943826
0.140328474493
0.140712471999
0.141113203371
0.141537178717
0.141983710793
0.14244696228
0.142927810762
0.143421753217
0.143951751148
0.144525382835
0.145132416843
0.145761901297
0.146418564405
0.147128768583
0.147896481014
0.148710858155
0.149565295792
0.150448757947
0.151377851182
0.152370407731
0.153436108774
0.154590541948
0.15583973251
0.157194629024
0.158659638256
0.160209141519
0.161811367971
0.163429710319
0.165046944887
0.166561261016
0.167026353573
0.167313819228
0.167623771533
0.16781112553
0.16786928396
0.167781286659
0.167533514994
0.167123892957
0.166554402839
0.165828356033
0.164949747926
0.163922117339
0.162747456411
0.161425471012
0.159953017033
0.158323562216
0.156526595841
0.154546908699
0.152363645034
0.149949006947
0.147266468958
0.14426833153
0.140892399065
0.137057502757
0.132657503744
0.127553323858
0.121562494989
0.114445737146
0.105890233702
0.0954897008423
0.0827501526272
0.0669949957304
0.0472091858866
0.024165886096
0.136809980707
0.136830634771
0.13685848857
0.136913370931
0.136986956039
0.137083956217
0.137200277222
0.137339198337
0.137509728773
0.137705053616
0.137940175097
0.138186701795
0.138447275707
0.138728192378
0.139040081124
0.139372922713
0.139729597407
0.140126147451
0.14054328292
0.140984446676
0.141453886496
0.141938971674
0.142449649299
0.142971394613
0.143515777739
0.144108115012
0.144739750488
0.145375773295
0.146026334704
0.146731249604
0.147504555434
0.148327689017
0.149191811229
0.150090270562
0.151032807553
0.152037714779
0.15311595405
0.154292571711
0.155594445964
0.157033217738
0.158586328869
0.16020478392
0.161850780104
0.163504062819
0.164861422229
0.165915316792
0.166485631855
0.166705527539
0.166920026937
0.167028933318
0.166976766809
0.166756337137
0.166363053126
0.165797840634
0.165065942734
0.164173670769
0.163126890943
0.161930043119
0.160585289179
0.159091881089
0.157445676315
0.155638676619
0.15365849965
0.15148770518
0.149102890335
0.146473455793
0.143559929762
0.140311717015
0.13666411462
0.132534404063
0.127816799116
0.12237601864
0.116039296968
0.108586800535
0.0997407250355
0.0891542474342
0.0764009474588
0.0609761207539
0.0421713971143
0.021111588596
0.136123125258
0.136145290705
0.136175913674
0.136232977855
0.136305631206
0.136400404563
0.136515226404
0.136653160758
0.13682346347
0.137017395291
0.137257818215
0.137510587913
0.137775817256
0.138063944247
0.138384368032
0.138724829868
0.139086730361
0.139491580095
0.139924534751
0.14038001752
0.140869751972
0.141379078209
0.141912465929
0.142471659393
0.143046241555
0.143657442338
0.144316808598
0.144976619078
0.145626168586
0.146323415904
0.147094039432
0.147927542706
0.148808024748
0.149722767826
0.150673596254
0.151685174348
0.152771490277
0.153966336787
0.155320326102
0.156845361622
0.158485313257
0.160144899873
0.161781117318
0.163391689655
0.164972573095
0.165438377134
0.165679587718
0.165967040506
0.166132160157
0.166132162713
0.165952968772
0.165589650328
0.165042741171
0.164317752031
0.163423046392
0.162367198926
0.161157405611
0.159798560489
0.15829259977
0.156638027455
0.154829545154
0.152857684365
0.150708355441
0.148362240929
0.14579396175
0.14297093927
0.139851867908
0.136384702484
0.132504053245
0.128127874145
0.123153336292
0.117451819465
0.110863060887
0.10318874235
0.0941861592071
0.0835639347471
0.0709792490307
0.0560694007137
0.0382672665682
0.0189266750604
0.135395206359
0.135414829158
0.135453570299
0.135512181543
0.135588660718
0.135685080847
0.135799409736
0.13593672617
0.136105807009
0.136295414915
0.136537964117
0.136797777925
0.137065683618
0.13735760295
0.137688313773
0.138038268057
0.138406245709
0.138813555164
0.139256999488
0.139726314412
0.140231352521
0.140767154183
0.141329816637
0.141917021894
0.142527570326
0.143167054099
0.143857583539
0.144558607329
0.145225513343
0.145915350712
0.146674305827
0.147509170168
0.148404277922
0.149342874236
0.150310787651
0.151325866018
0.152412212883
0.153614549276
0.155013714395
0.156623090441
0.158330628906
0.160042161543
0.161756038049
0.163098734963
0.164021603999
0.16477975485
0.164992253672
0.165166707165
0.165233539424
0.165113735573
0.164795622239
0.164281046523
0.163576334192
0.162691262723
0.161636889041
0.160423405815
0.159058744389
0.157547783872
0.155891883971
0.154088583216
0.152131360491
0.150009370086
0.147707075555
0.145203720943
0.142472582899
0.139479946473
0.136183743709
0.132531789688
0.128459548971
0.123887372642
0.118717173984
0.11282857899
0.106074723213
0.0982781393422
0.0892275048632
0.0786774991323
0.0663495886644
0.0519750145225
0.0350839679911
0.0171560995985
0.134634965444
0.134653838385
0.134695339848
0.13475547879
0.134836098851
0.134935938363
0.135050665584
0.135188227054
0.135357984167
0.135543259472
0.13578377212
0.136051006459
0.136323185118
0.136613912169
0.136951941653
0.137312449228
0.137688635932
0.13809809334
0.138545374725
0.139023578508
0.139541736209
0.140090047368
0.140682140255
0.141302286899
0.141951768441
0.142626270854
0.143348930795
0.144103024814
0.144814045835
0.145512843262
0.146263432027
0.147085628432
0.147983046338
0.148942834374
0.149944879399
0.150975658027
0.152056871726
0.153247046198
0.154675288749
0.156355239459
0.158076813046
0.159779963464
0.161547359303
0.163300398618
0.163599722835
0.163802810057
0.164136358687
0.164281459546
0.164226513957
0.16396950057
0.163503550323
0.162833301074
0.16197040153
0.160928482702
0.159720719733
0.158358271479
0.156849219727
0.155197989512
0.15340508063
0.151466938527
0.149375849294
0.147119777309
0.144682083962
0.142041079346
0.139169365575
0.136032931768
0.132589958624
0.128789288211
0.124568516073
0.119851676008
0.114546523913
0.108541505865
0.101702638254
0.0938708085286
0.0848602685451
0.0744607315219
0.0624394663523
0.0485904264382
0.0325037091734
0.0156934516753
0.133846512182
0.133864854974
0.133905379446
0.133968080963
0.134050890003
0.134152926
0.134267832169
0.134404397988
0.134579234472
0.134767629155
0.134998355752
0.135270710996
0.13554982389
0.135842225949
0.136178052771
0.136545783458
0.136930622953
0.137344695164
0.137796262438
0.138276592533
0.138807060834
0.139365146719
0.139965596216
0.140609884798
0.141291670229
0.142009728664
0.142772041233
0.143583594582
0.144373290226
0.145108978389
0.145866372303
0.146682715437
0.147573446897
0.148535465544
0.149563383139
0.150635477731
0.151733154263
0.152892970254
0.154307586721
0.156060260228
0.157808382947
0.159437509409
0.160829796546
0.162129724824
0.162980194495
0.163069897234
0.163232368798
0.163284131956
0.163104770018
0.162700279943
0.162079132731
0.161251785637
0.160233707103
0.159041254169
0.157688974149
0.156188335134
0.154547028125
0.152768653198
0.150852655716
0.148794359411
0.146584984689
0.144211580553
0.141656822304
0.13889864114
0.135909658519
0.132656398745
0.129098249455
0.125186134392
0.120860861717
0.116051121691
0.110671142159
0.104618087621
0.097769426824
0.089980778275
0.0810849585691
0.0708948047987
0.0592049929295
0.0458451202069
0.0304366855263
0.0144712565253
0.133031755162
0.133049949697
0.133090023825
0.133155822385
0.133237492249
0.133338034398
0.133453092942
0.133586221507
0.133762095244
0.133958822681
0.134178935062
0.134453132253
0.134738337912
0.135037293147
0.135367092787
0.135736317118
0.136127573381
0.136546912543
0.137006957049
0.137490841609
0.138023053106
0.138595517169
0.139200990109
0.139854886596
0.140555536611
0.141300557161
0.142098905834
0.142956773651
0.143846820016
0.144674004048
0.14546179293
0.146289403771
0.147181839079
0.148151391145
0.149189970318
0.150298168552
0.151451593055
0.152613791339
0.153944118428
0.155670432064
0.157508418893
0.159395299436
0.16055821028
0.161436947956
0.162023146497
0.162228301115
0.162289039053
0.162188757725
0.161862771187
0.161304269495
0.160525588675
0.159543359227
0.158376262894
0.157042248933
0.155556385666
0.153929828456
0.152169430501
0.150277702038
0.148252947327
0.146089443194
0.14377756365
0.141303792899
0.138650593587
0.135796110642
0.132713696081
0.129371237255
0.125730261202
0.121744774898
0.117359790634
0.112509487044
0.107114979872
0.101081744071
0.0942968566335
0.0866265234497
0.0779145603841
0.0679846175514
0.0566407078463
0.0437231848966
0.0288600018129
0.0134796997181
0.132193302605
0.13221146286
0.132257524412
0.132323978186
0.132399840708
0.132496171698
0.132610996894
0.132741640989
0.132907925851
0.133107060889
0.133321314027
0.133594439415
0.133883490954
0.134185984656
0.134512528166
0.134881581545
0.135274192921
0.135697204091
0.136165557387
0.136659376449
0.137189743248
0.137768600776
0.138381873319
0.139043776562
0.13975234229
0.140508801406
0.141323983857
0.142205288149
0.143156641892
0.144123128063
0.145009467006
0.145876891462
0.146788383119
0.147766398136
0.148829546436
0.149973206403
0.151193408106
0.152451821833
0.153735243002
0.155231581439
0.156879506404
0.158678446698
0.160558548449
0.160925640284
0.160997887069
0.16121155543
0.161217529186
0.160973607073
0.160492994799
0.159779075907
0.158846249277
0.157715666344
0.156408747713
0.15494433397
0.153337315357
0.151598025127
0.149732164048
0.147741017579
0.145621778212
0.14336784962
0.140969058397
0.138411734203
0.13567864126
0.132748755874
0.129596886034
0.126193119377
0.122502065958
0.118481836075
0.114082668613
0.1092451098
0.103897647247
0.0979537492201
0.0913083605118
0.0838342033295
0.0753784476539
0.0657627281566
0.0547812732359
0.0422580068755
0.0277994711396
0.0127375238821
0.131332568778
0.131352014836
0.131403707643
0.131465039336
0.131535384444
0.131628460977
0.131742447596
0.131871716308
0.132027238103
0.132222250819
0.132429914991
0.132696393877
0.132988492744
0.133289195106
0.13361282221
0.133984591228
0.134376090224
0.134796020288
0.135269215283
0.13577043288
0.136303391588
0.136886261051
0.137501170892
0.138172284406
0.138887967867
0.139651398752
0.140466613373
0.141350637988
0.142308769827
0.143348718872
0.144398664339
0.145377560946
0.14634976915
0.147364568896
0.148452134525
0.149633453404
0.150921183024
0.152312671189
0.153721592598
0.155185072311
0.156322709729
0.157449100398
0.159113563813
0.160060321445
0.16004446187
0.160090319279
0.15999541483
0.159623020424
0.158992551235
0.158126610184
0.157046755278
0.155777590811
0.154342361526
0.152760204057
0.151045305729
0.14920680795
0.14724907951
0.145172172352
0.142972302937
0.140642258244
0.138171675721
0.135547178796
0.132752368706
0.129767681994
0.126570118623
0.123132825558
0.119424485673
0.115408418633
0.111041256217
0.106271018422
0.101034392761
0.0952530274394
0.0888286932967
0.0816374385671
0.0735229872751
0.0642922639215
0.0537087161001
0.0415439722475
0.0273430872461
0.0122964837181
0.130447985957
0.13046751536
0.130508054785
0.130568717511
0.130640977093
0.130733334198
0.130845806181
0.13097194752
0.131121116457
0.131310606626
0.131515400283
0.131765248304
0.132060944484
0.132360570567
0.132678507534
0.133050818722
0.133446996742
0.133862959926
0.134329318791
0.134833181449
0.135365138249
0.135954864275
0.136572297032
0.13723766599
0.137956039221
0.138726479715
0.139542984122
0.140420306456
0.141367855863
0.142397201872
0.14351160545
0.144647843937
0.145747995621
0.146846104192
0.147984060427
0.149202149282
0.15053694385
0.152039236788
0.153728509597
0.15594695867
0.156317467815
0.15656694181
0.157633452633
0.158706932883
0.158908730821
0.158869441059
0.158639575988
0.158135504595
0.157362467894
0.156352179616
0.155135052725
0.153739092382
0.152188479314
0.150502004972
0.148692738557
0.146768397689
0.144731965618
0.142582360197
0.140315041775
0.137922494914
0.135394559262
0.132718612965
0.129879628468
0.12686012567
0.123640034813
0.120196446475
0.116503172201
0.112529975661
0.10824127091
0.103594022987
0.0985345251691
0.0929936704061
0.0868802806952
0.080072244102
0.0724051038188
0.0636606894968
0.0535519130756
0.0417536681968
0.0276933835833
0.0122909640687
0.129543244049
0.129561363925
0.129591635526
0.129651974991
0.12972675595
0.129816062795
0.129923116617
0.130043704094
0.130185021335
0.130368666963
0.130576195177
0.130807134324
0.13110248809
0.13140766148
0.131724445291
0.132084091965
0.132484553414
0.132902452574
0.133356589758
0.133861578617
0.134390424489
0.134972419584
0.135597780418
0.136255009086
0.136968800202
0.137732033482
0.138550332769
0.139421995958
0.14035608675
0.141365191093
0.1424509825
0.143621604659
0.144830344382
0.146042754867
0.14726225226
0.148527839448
0.149871219995
0.151328844618
0.152924607537
0.154751252199
0.156465144598
0.156551489037
0.156876850266
0.157189758172
0.157579604056
0.157533823022
0.15716733162
0.156521805086
0.155609616353
0.154463885647
0.153120723846
0.151610750431
0.149958243682
0.148180991613
0.146290592655
0.144293220968
0.142190527192
0.139980477339
0.137658051046
0.135215773014
0.132644080656
0.129931553099
0.127065042051
0.124029746552
0.120809249567
0.117385479819
0.113738486622
0.109845834337
0.105681345117
0.101212836673
0.09639838851
0.0911805028161
0.0854772563029
0.0791694570072
0.0720821427524
0.063963003189
0.0544527563023
0.0430851637164
0.0291409044429
0.0129550077313
0.128626122405
0.128644440478
0.128681051176
0.128734522939
0.128802171585
0.128883001356
0.128980840123
0.129095141796
0.129227245488
0.129400210981
0.129607408171
0.12982404041
0.130107690729
0.130421787059
0.130740321026
0.131083750964
0.131483598396
0.131901378251
0.132344897091
0.132848133823
0.133379602047
0.133948535918
0.134572230483
0.135223112619
0.135932425068
0.136685294544
0.13749813341
0.138361706108
0.139282695561
0.140272888561
0.141331674007
0.142462917166
0.143669481113
0.144929582308
0.146218038275
0.147528488008
0.148874284521
0.150264658241
0.151702634157
0.153197182128
0.154718398166
0.156172992132
0.156295760186
0.156110444738
0.156233235897
0.156083660451
0.155581335992
0.154790485312
0.153741989376
0.152470457206
0.151013604518
0.149402952818
0.147662074329
0.145807227601
0.143848295371
0.141789894229
0.139632482051
0.137373312008
0.135007184416
0.132527005563
0.129924182221
0.127188899198
0.124310343195
0.121276933804
0.118076581718
0.114696914995
0.111125317919
0.107348539058
0.103351552752
0.0991152753086
0.0946125850826
0.0898017802699
0.0846159850652
0.0789461002681
0.0726124510215
0.0653238836332
0.0566064761513
0.0457576185416
0.0318231196919
0.0141393663779
0.127697877399
0.127715224667
0.127755013633
0.127803005328
0.127860181263
0.127934205112
0.128024927948
0.128133856088
0.128258681326
0.128416551595
0.128617758714
0.128832065004
0.129085618139
0.129403216404
0.129722257714
0.13005557904
0.130446761911
0.130867099291
0.131305025876
0.131795117712
0.13232643151
0.132885767323
0.133506248675
0.134155520984
0.134851326312
0.135598609333
0.136396860501
0.13725149692
0.138159106314
0.139128880136
0.140170282992
0.141276184118
0.142454826736
0.14370157463
0.145009337788
0.146351281247
0.147710999555
0.149065697821
0.150366434299
0.151558082847
0.152498780556
0.153889288436
0.154953805905
0.154812703303
0.154748251393
0.154483156138
0.153862942345
0.152940396103
0.151765867855
0.150380582028
0.148823346355
0.147125516222
0.145309407373
0.143389448073
0.141373705696
0.139265318436
0.137063750293
0.134765807274
0.132366408945
0.129859156749
0.127236749782
0.12449131774
0.121614760696
0.118599175715
0.115437385084
0.112123470827
0.108653109762
0.105023430048
0.101232078663
0.0972751549833
0.0931435439549
0.088816835655
0.0842532005703
0.0793718763002
0.0740201246607
0.0679133042574
0.0604881448706
0.0507146338534
0.0367298024802
0.0154839110858
0.126759890288
0.12677295346
0.126802548303
0.126841547041
0.126898943926
0.1269721153
0.127059408276
0.127163290259
0.127279375573
0.127420287888
0.127607735958
0.127825169912
0.128051450643
0.128352156712
0.128680015197
0.129009966546
0.12937918307
0.129802307513
0.130241089987
0.130712553938
0.131242290069
0.131795491988
0.132400884687
0.133053211649
0.133732554112
0.134474809661
0.135260289569
0.136103208106
0.136998136667
0.137951851771
0.138976223856
0.140068717568
0.141233668475
0.142473049924
0.143786320753
0.145163091771
0.146578367754
0.14799677703
0.149319272484
0.15042775583
0.15047962753
0.151339996264
0.152999359704
0.153243438824
0.15312795326
0.152752766662
0.152023443651
0.15098178206
0.149692147563
0.148204769187
0.146559833402
0.144787620752
0.142908570706
0.140935018185
0.138873181469
0.136724845274
0.134488699091
0.132161363115
0.129738146687
0.127213611409
0.124582004701
0.121837657248
0.118975463976
0.115991545515
0.112884083493
0.109654176592
0.10630645068
0.102849126848
0.0992932992616
0.095651240793
0.0919335528827
0.0881448051388
0.0842768341368
0.0802976581969
0.0761305606761
0.0716139961984
0.0663769013822
0.0596501514346
0.0487901461452
0.0251407041518
0.125819285542
0.125828566182
0.125847667858
0.125871149166
0.125933722085
0.126007310023
0.126090692155
0.126187559143
0.126293288124
0.126417962131
0.126585879129
0.126796248279
0.127019289198
0.127281476552
0.127610648963
0.127945456583
0.12829538056
0.128707394614
0.129149978649
0.129609075709
0.130126829476
0.130681938365
0.131267395123
0.131914505242
0.132589882279
0.133313174891
0.134091630696
0.134921348083
0.135804862043
0.136744251306
0.137751476559
0.138832549521
0.139989085443
0.141227792266
0.142551027499
0.143961172671
0.145458486773
0.147036669121
0.148617731971
0.15043420541
0.150353619032
0.150655979664
0.151015142586
0.15157018912
0.151472584039
0.150960420754
0.150097174663
0.148932737419
0.147533525831
0.145953423576
0.144232061937
0.142397191065
0.140466493959
0.138449873855
0.136351678443
0.134172481503
0.131910415741
0.129562153711
0.127123622357
0.124590548562
0.121958908057
0.11922539718
0.11638808177
0.11344732798
0.110406959791
0.10727539934
0.104066448965
0.100799417248
0.0974984460467
0.0941910727148
0.0909061900503
0.0876716092736
0.0845114613474
0.081443428526
0.0784761594237
0.075609335178
0.0728231413612
0.0701971652684
0.0675010790638
0.0675222893254
0.124882130145
0.124891551742
0.124913680619
0.124937317016
0.124985313048
0.125051600782
0.12512750757
0.125214215018
0.125310435068
0.125420084221
0.12556204332
0.125752767169
0.125978674489
0.126214330021
0.126513160382
0.126856928541
0.127201969128
0.127584020037
0.128031022639
0.128489876818
0.128983918975
0.12954131815
0.130120366659
0.130749923589
0.131425524765
0.132132273044
0.132895519605
0.1337086012
0.134576054182
0.135499075049
0.136487569772
0.137551801137
0.138694064143
0.139923167932
0.141248499574
0.142672443608
0.144206391483
0.145866261469
0.147687186522
0.150051787813
0.150055487363
0.150139678104
0.1500349516
0.150146692529
0.149830623484
0.149127176978
0.148099193111
0.146802266547
0.145297177461
0.143633435565
0.141846593838
0.139960244419
0.137988497985
0.135938551794
0.133812918932
0.131611137401
0.129331001343
0.126969448354
0.124523205342
0.121989308893
0.119365567587
0.11665111966
0.113847278419
0.110958760914
0.107995153451
0.10497223906
0.101912759414
0.0988463323928
0.0958085128568
0.0928392432935
0.0899811181953
0.0872780110065
0.0847747818141
0.0825186688777
0.0805646368225
0.0789862363705
0.0778893474008
0.0774980319514
0.0778794927761
0.0807328409552
0.123951605975
0.123961370276
0.123985514628
0.124025174197
0.124053393978
0.124110254564
0.124177215785
0.124252779693
0.124339275095
0.124431650229
0.124545776856
0.124705065858
0.124912571043
0.125144867181
0.125403733101
0.125737214015
0.12609502498
0.12645939143
0.126887766091
0.127356058467
0.127838094047
0.128380088108
0.128962756885
0.1295768156
0.130239613926
0.130937804116
0.131678754013
0.132474024959
0.133316931996
0.134215068423
0.135178227768
0.136213580877
0.137328789198
0.138531538513
0.139834777212
0.141246176788
0.142771934623
0.144405402655
0.146177943699
0.148140440842
0.149522830875
0.149330363822
0.148930034353
0.148691542206
0.148107342838
0.147200793256
0.146008164004
0.144583720993
0.142982680568
0.141247382441
0.139407269823
0.137480886804
0.135478442758
0.133404420214
0.131259668624
0.129042926555
0.126751880716
0.124383927626
0.121936736891
0.11940874541
0.1167996328
0.114110980294
0.111347346983
0.108517818889
0.105637736818
0.102730054605
0.09982581911
0.0969635468058
0.0941876443882
0.0915463063094
0.0890894578127
0.0868674034302
0.0849308709463
0.0833327186826
0.0821340311812
0.081410705418
0.0812638900572
0.0818548160145
0.0832478561161
0.0860444769262
0.123039444601
0.123046378314
0.123060900818
0.123110213273
0.123140001502
0.123187857571
0.123245018895
0.123308030454
0.12338079916
0.123456182932
0.123546644418
0.123667416003
0.123842659068
0.1240642321
0.124306662547
0.124594720197
0.124957494712
0.125334882921
0.125735647928
0.126203096299
0.126693695638
0.127214419437
0.127790219032
0.128395716571
0.129041238499
0.129727114243
0.130449697156
0.131218880559
0.132035678912
0.132901812041
0.133824900526
0.134816763091
0.135884482188
0.137039341809
0.138295851134
0.139668418411
0.141164884708
0.142777689926
0.144478425649
0.146089177859
0.146056113025
0.147575575079
0.147366586281
0.146992273331
0.14620842259
0.145131675287
0.143798956396
0.142266277034
0.140586552966
0.138795575557
0.136916250245
0.134961967066
0.13293922491
0.130850098208
0.128694107824
0.126469503413
0.124174116005
0.121805984088
0.119363831785
0.116847544552
0.114258658982
0.111601146638
0.108882765298
0.106116946879
0.103324709184
0.100535838862
0.0977887904544
0.0951291923998
0.0926073091592
0.0902750514188
0.0881831613495
0.0863792007368
0.0849067352418
0.0838057147609
0.0831172991992
0.0828819664618
0.0831483535882
0.0839828937312
0.0853720869973
0.0872025053359
0.122157844355
0.122161856705
0.12217185412
0.122214611496
0.122260419817
0.122291435547
0.12233337128
0.122379865274
0.122433728472
0.122494843548
0.122563687589
0.122654818825
0.12278761136
0.122978096065
0.123216257807
0.123474424479
0.123803397572
0.124190708837
0.124589079978
0.125034199027
0.125531975365
0.126049661771
0.126608098266
0.127207309335
0.127838466925
0.128504016872
0.129207481861
0.129948053169
0.130733880243
0.13156106927
0.132434058241
0.133366448528
0.134363222992
0.135440210809
0.136611968735
0.137904596151
0.139343351205
0.140948258698
0.14284578713
0.145404478799
0.145486502188
0.145683152772
0.145537330513
0.145105978645
0.144129351924
0.142897283494
0.1414529249
0.139839938655
0.138105061683
0.136277885342
0.134375256281
0.132405961826
0.130373443079
0.128277974672
0.126118248055
0.123892408297
0.121598704221
0.119235992988
0.116804142128
0.114304503418
0.111740420218
0.109118173041
0.106448665218
0.103749662698
0.101047776648
0.0983792255612
0.0957888542047
0.0933275078054
0.0910483657225
0.0890029698754
0.087237554626
0.0857901994106
0.0846886473924
0.0839490467896
0.0835790400482
0.0835686776344
0.0839223642775
0.0846486189851
0.0856680287656
0.0866650414436
0.121300358935
0.121300337713
0.121309904937
0.121328279795
0.121374392992
0.121404408139
0.121437470416
0.121467257622
0.121500624637
0.121545365444
0.121592507049
0.121660133587
0.121751694188
0.121899720441
0.122112683004
0.122372838083
0.122667653671
0.123038471621
0.123449551426
0.12388358397
0.124361501028
0.124886887832
0.125437035848
0.126020885362
0.126638732647
0.127287214261
0.127963483112
0.128673405958
0.129414512342
0.130189613487
0.130998120624
0.131853467195
0.132759786638
0.133726486122
0.134769930037
0.135916953978
0.13720219497
0.138644673711
0.140349806601
0.142608083535
0.144990134714
0.144204651034
0.143427352078
0.1428904888
0.141799098358
0.140462262861
0.138950548905
0.137296029632
0.135536191044
0.133695634827
0.131787031803
0.129816027797
0.127784151728
0.125690757694
0.123534342144
0.121313384235
0.119026834457
0.116674536247
0.114257569587
0.111778749581
0.109243154269
0.106659288661
0.104041181942
0.101410981875
0.0988008529743
0.0962530405548
0.0938177386257
0.0915491797626
0.0895008718119
0.0877208401093
0.0862474566153
0.0851062214016
0.0843065793108
0.0838391871151
0.0836729637298
0.0837368330837
0.0839944826216
0.0843763517714
0.0849073289514
0.0859810757221
0.120454721083
0.120445903878
0.120444444228
0.120435788527
0.120464447026
0.120512008272
0.120549926389
0.120567064522
0.120581581263
0.120604699955
0.120635305535
0.120672761619
0.120740308344
0.120840513759
0.121011479954
0.121258571254
0.121550641558
0.121892802057
0.122304000169
0.122751696353
0.123220852643
0.123728373066
0.124280464026
0.124852719383
0.125452576635
0.126079646079
0.12672645934
0.127393611818
0.128081229251
0.128790578013
0.129524306307
0.13028708337
0.131085552451
0.131919498589
0.132801397769
0.133757180456
0.134800786746
0.135963991719
0.137332262649
0.139077077864
0.141008476004
0.141763551206
0.140741515395
0.140189567489
0.139137939414
0.137799341953
0.136284806667
0.134635361588
0.132884268877
0.131054316532
0.129157021249
0.127197069089
0.125175560439
0.123091948479
0.120945216772
0.118734620125
0.116460076518
0.114122561329
0.111724413107
0.109269892047
0.106765727895
0.104222585996
0.101657671357
0.0990976576302
0.0965802916571
0.0941534532759
0.0918716439926
0.0897907497303
0.0879623793847
0.0864287285683
0.0852186172932
0.0843450721857
0.0838029529042
0.0835676238476
0.0835864821612
0.0837574787415
0.0839782267323
0.0838932288371
0.0842084527167
0.0847791366599
0.119629171116
0.119607081849
0.119584479874
0.119564500291
0.11956879091
0.119610912982
0.119654076465
0.119670313033
0.119675318096
0.119680068323
0.119694579095
0.119710898526
0.119754217295
0.119823824524
0.119949458805
0.120150562558
0.120442033543
0.120778928605
0.121171445904
0.121624289473
0.122109465181
0.12261101597
0.123144088716
0.123710946356
0.124293377757
0.12488973602
0.125500293549
0.126119203783
0.126752187234
0.127393819824
0.128050111343
0.12871334904
0.12938894326
0.130075991102
0.130779813555
0.131504717055
0.132263893383
0.133077507297
0.133978725227
0.135181386443
0.136871906263
0.138408112412
0.137514474483
0.137043502293
0.136161030192
0.134928111718
0.133476765678
0.131875777415
0.130163722236
0.128365515381
0.12649443872
0.12455637675
0.122553435158
0.120486102929
0.118354449178
0.11615887547
0.113900475027
0.111581459855
0.109205442229
0.106778096471
0.104307716856
0.101807106538
0.099296796874
0.0968082508623
0.0943848964978
0.0920798534429
0.0899508648858
0.0880537797109
0.0864362558556
0.0851326295645
0.084160787084
0.083521510881
0.0831983497073
0.083161842866
0.0833731295242
0.083816167952
0.0843870874663
0.0838401400969
0.0840630417043
0.0841271972486
0.118844747194
0.118810096212
0.118772167009
0.118743577483
0.118723817532
0.11872899707
0.11875645131
0.11878632459
0.118791177726
0.118785397207
0.118779808813
0.1187823396
0.118786960156
0.118837949118
0.118928546987
0.119095593431
0.119344558433
0.119688606867
0.120082535809
0.120524591513
0.121016840708
0.12153343597
0.12206061275
0.122606702557
0.123171051915
0.123738959006
0.12430771315
0.124882509808
0.12545690477
0.126032068192
0.12659834253
0.127157678009
0.127707605587
0.128248299863
0.128771634877
0.129259337822
0.129699949516
0.130078771125
0.130303313782
0.130685954443
0.12966693479
0.133823892784
0.133978587881
0.133666012212
0.132985252137
0.13191961169
0.130576065559
0.129051987014
0.127398854079
0.125646665596
0.123812083973
0.121903517254
0.119925034316
0.11787879319
0.115766341678
0.113589462232
0.111350536606
0.109053059758
0.106701893502
0.104304083838
0.101869401531
0.0994128257612
0.0969584902989
0.0945430381841
0.0922157296757
0.0900345008468
0.0880592393984
0.0863441123
0.0849309364115
0.0838442456523
0.0830891741012
0.0826520221734
0.0825014763785
0.082600220412
0.0829161289369
0.0834441943527
0.0840057244678
0.0852221768251
0.0839309545519
0.0836422980269
0.118110536307
0.118070514225
0.118026083063
0.117983686509
0.117946571934
0.117917183207
0.117913999593
0.117943657431
0.117948382593
0.117933627961
0.117909285421
0.117886798858
0.117866691942
0.117870524278
0.117941270372
0.118064204401
0.118286306173
0.118608623623
0.119025100067
0.119477558661
0.119971091483
0.120487458638
0.121026188505
0.121559667465
0.122096455277
0.122635469263
0.1231683286
0.12369287245
0.124207310508
0.124702731408
0.125177494344
0.125637626791
0.126072375751
0.126473302182
0.126820735998
0.127090370192
0.1272216509
0.127203568724
0.126622897161
0.127694304248
0.128311334065
0.128761993762
0.130173580145
0.130305796602
0.129797483159
0.128879536418
0.127647802056
0.126207377298
0.124619342428
0.122918563769
0.121124916597
0.119249492455
0.117298597605
0.115276282437
0.11318570418
0.111030092032
0.108813116946
0.106539537341
0.104215396254
0.101849060398
0.0994516880882
0.0970405507077
0.0946438000272
0.0923037619367
0.0900756880851
0.0880218443467
0.0862031471879
0.0846706043414
0.0834587579953
0.0825812105373
0.0820294276856
0.0817721899457
0.0817565791403
0.081932387146
0.0822650334208
0.0827509073122
0.0833447314537
0.0833903808318
0.0830202267788
0.0828677337429
0.117420369977
0.117388401251
0.117340997673
0.117289704184
0.117236028424
0.117183268991
0.117142320649
0.117150137543
0.117158093368
0.11713686447
0.117097519738
0.1170467171
0.11699964162
0.116965391233
0.116986382195
0.117067721521
0.117260855493
0.117597047578
0.118006532968
0.11847787438
0.118992744065
0.119514425627
0.120039339468
0.120567379822
0.121079806401
0.121583193848
0.12207633592
0.122546770714
0.122993364684
0.12341185271
0.12381062946
0.124174345314
0.124494401304
0.124755341552
0.124936938856
0.125012545424
0.124923345583
0.12469215489
0.123078717157
0.124791397408
0.126533263482
0.126077099145
0.126893924328
0.127142591403
0.126725633427
0.125897223342
0.124750617235
0.123382536591
0.121854074432
0.120201992993
0.118448099449
0.116605542401
0.114682582381
0.112685019065
0.110617505723
0.108484625938
0.106291232128
0.104043266431
0.101747841968
0.0994145934843
0.0970559752791
0.0946917617905
0.0923546766438
0.090093290472
0.0879689143243
0.0860474849346
0.0843897579577
0.0830423017407
0.0820316774923
0.0813609536837
0.0810101115505
0.0809336423547
0.0810627569352
0.0813187155925
0.0815929891645
0.0820584483526
0.0822137356131
0.0822323670866
0.0821151184771
0.0820486548858
0.116782823962
0.116763603213
0.116716962142
0.116662301807
0.116598540319
0.116526742752
0.116464731767
0.116419351289
0.116419705995
0.116402772151
0.116356437866
0.116284096886
0.116193614168
0.116122472339
0.116057061767
0.11612591794
0.116327655143
0.116670078831
0.117094806817
0.117570693304
0.118081546607
0.118621037568
0.119134561415
0.119638325988
0.120123522673
0.120591257913
0.121034328495
0.121449776718
0.121831934556
0.122188704548
0.122506255698
0.122771638854
0.122975749876
0.12310352896
0.123137499479
0.12306309942
0.122882446048
0.122768993009
0.121060359229
0.121683202104
0.123494519848
0.123562369843
0.123974982305
0.124178722714
0.123797498289
0.123017852222
0.121925548479
0.12060970253
0.119127508144
0.117515262619
0.115795332244
0.113982001049
0.112084868579
0.110111076758
0.108066471818
0.105956775748
0.103787826583
0.101566627125
0.0993012137074
0.0970024473795
0.0946839834453
0.0923684298844
0.0900937669882
0.0879153546182
0.085900385944
0.084117411984
0.082625435939
0.0814650921686
0.0806544157991
0.0801868870469
0.0800348946987
0.0801504052079
0.0804850647589
0.0809303515235
0.0810432834969
0.0812238488568
0.0812646307324
0.0812668216633
0.081233666967
0.0812125141015
0.116213762381
0.11619323762
0.116150237069
0.116095289094
0.116029757875
0.115947892864
0.115860923758
0.115786205594
0.115741470398
0.115739551644
0.11570070695
0.115614732999
0.115484367828
0.115359763456
0.115254956072
0.115213397595
0.115512801965
0.115835753087
0.116288501741
0.116772963763
0.117285481516
0.117807340231
0.118312220337
0.118787466979
0.119237450547
0.119662309243
0.120058437188
0.120417051163
0.120744898465
0.121031181382
0.121262764183
0.121433046263
0.121530919464
0.121540010646
0.121442018916
0.121225621738
0.120891185832
0.120559000095
0.119140279265
0.118714122601
0.119811730019
0.120774030354
0.12123304896
0.121421620456
0.121043185323
0.120275238913
0.119203086411
0.117913284835
0.116458471211
0.114872758859
0.113177618566
0.111387347955
0.10951205267
0.107559632595
0.105536694409
0.103449804464
0.101305531641
0.0991117984271
0.0968773925298
0.0946143886133
0.092337544544
0.0900727917999
0.0878641875904
0.0857743658922
0.0838759125786
0.0822384122025
0.0809167665339
0.0799429801202
0.0793243188388
0.0790440016878
0.079069941924
0.0793506171948
0.0798282530542
0.0803434111591
0.0811107977677
0.0805070952796
0.0803923414429
0.0803632205481
0.0803514854321
0.0803461104665
0.115709170469
0.115674283566
0.11563369964
0.115585753885
0.115526150514
0.115442160378
0.11533201236
0.115225718743
0.115172437348
0.115152196615
0.11514368495
0.115061007325
0.1149060864
0.114766152024
0.114645053832
0.11468895975
0.114803550609
0.115198038774
0.115612598305
0.116108510874
0.11660036204
0.117102797388
0.117578965051
0.11801954269
0.118428558348
0.118804188722
0.119147485519
0.119454161796
0.119717816107
0.119928168884
0.120081287894
0.120169103884
0.120178660923
0.120093768425
0.119892199632
0.119544499608
0.11897103466
0.11810157945
0.117518112478
0.116888868053
0.116977506688
0.118353754835
0.118862627883
0.118966411345
0.118510561454
0.117696818576
0.116602678734
0.115308189476
0.113858627665
0.112283707632
0.11060231151
0.108827486389
0.106968902738
0.105034552246
0.103031310025
0.100966267741
0.0988464460069
0.0966805588088
0.0944779602455
0.0922519756188
0.0900183564697
0.0878070489831
0.0856691294601
0.083674910153
0.0819016758312
0.0804183564883
0.0792733258061
0.0784863455514
0.0780486901673
0.0779279984064
0.0780869960777
0.0784640590303
0.0790048466613
0.0796950051367
0.0796182953796
0.0794636372926
0.0794182361684
0.0794177598147
0.0794258199895
0.0794273795766
0.115257175704
0.115207692238
0.115162877615
0.115136699618
0.115094847588
0.115019967312
0.114905068248
0.114756022905
0.114715546639
0.114692849435
0.114679327792
0.114622860422
0.114430562956
0.114410422734
0.114421438092
0.114473014163
0.114546711855
0.114720723774
0.115146281225
0.115584411901
0.116055082108
0.11650779606
0.116940427544
0.117336330331
0.117693442207
0.118014999101
0.118299654539
0.118544478119
0.118739143237
0.118881143597
0.118966198968
0.118986615029
0.118932825027
0.118791939091
0.11853992041
0.118128548541
0.117443641115
0.116712988616
0.116673204634
0.116553919625
0.11601374958
0.116807372957
0.116975864407
0.116837127389
0.116206097051
0.115284395176
0.114126268022
0.112797245041
0.11133125745
0.109751456851
0.10807261131
0.106305360326
0.104458054073
0.102538141364
0.100552290059
0.0985078294043
0.0964119631112
0.0942741153437
0.092104018769
0.0899163603384
0.0877277490476
0.0855730708351
0.0835113895527
0.0816208422086
0.0799824014315
0.0786628491358
0.077702978918
0.0771098720129
0.0768585537066
0.0768948740861
0.0771476012922
0.0775202045244
0.0781901429783
0.0783510301724
0.0783916377465
0.0783802933204
0.0783955771798
0.0784235314679
0.0784467875419
0.078455789838
0.114851145815
0.114793259525
0.114736438914
0.114751699003
0.114746154652
0.114694541899
0.114584222075
0.114457928058
0.114331670069
0.114372141121
0.114348732861
0.114355311784
0.11434312107
0.114333021353
0.114355362008
0.114386601594
0.11444364994
0.114552739399
0.114806296732
0.115228166552
0.11562785255
0.116021217368
0.116390506704
0.116727319131
0.117025273121
0.117284008901
0.117504398673
0.117681631982
0.117810254947
0.117888418071
0.117913266084
0.117881756954
0.117789824625
0.117630967237
0.117381768629
0.117004372772
0.116427077454
0.116069893985
0.115966049251
0.116556059607
0.115510203891
0.115689384329
0.115377939341
0.114934713243
0.114082298265
0.113013079463
0.111759518171
0.110372138935
0.108871755785
0.107273712537
0.105587658046
0.103820970272
0.101979982135
0.100071091186
0.0981003663257
0.0960751691855
0.0940026596034
0.0918929715413
0.0897560336729
0.0876081112829
0.085466493864
0.0833722267952
0.0813932419262
0.0796151268945
0.0781206351324
0.076971712328
0.0761995852431
0.0758017408473
0.0757529456808
0.0759954615429
0.0764054886361
0.0766990327026
0.0770617597801
0.0771610259729
0.0772279340369
0.0772760286062
0.0773299706095
0.0773801737315
0.0774144937902
0.0774342464576
0.114507465729
0.114413009659
0.114336296972
0.11444470084
0.1144895542
0.114471951911
0.114387213814
0.114306828833
0.114248109375
0.114262766347
0.114237708321
0.114191237869
0.1142665485
0.114309701263
0.114325600404
0.114345356664
0.114383451513
0.114461680379
0.114694954875
0.11498950791
0.11530536397
0.115615855857
0.115913288186
0.116180469594
0.11641122023
0.116603818928
0.116755587829
0.116864098003
0.116926497946
0.116942133457
0.116912304373
0.11683898735
0.116726531256
0.116573614083
0.116368581216
0.116110914504
0.115778666515
0.115414162396
0.115310695227
0.113594930376
0.114185066898
0.114566884393
0.113922017053
0.113177785291
0.11208765343
0.110848895922
0.109478823118
0.108016516406
0.106469166111
0.104843407504
0.103143075892
0.10137172913
0.0995332316127
0.0976326142416
0.0956750941219
0.0936679875478
0.091618249184
0.0895368358998
0.087433695345
0.0853270309187
0.0832345814782
0.0812051811226
0.0793164149988
0.0776605695943
0.0763195928107
0.0753460350222
0.0747546552963
0.0745272516235
0.0746372057501
0.0750204154229
0.0755667786708
0.0763938596878
0.0760346802255
0.0760240696327
0.0760711186067
0.0761349000978
0.076204362072
0.0762689146554
0.076307237517
0.0763324480378
0.114295679657
0.114239092114
0.114243094097
0.11427970971
0.114335585484
0.114338470301
0.11429106938
0.114227237214
0.114200855887
0.114178286072
0.11415691672
0.114146249038
0.11416553416
0.114242023987
0.114286567568
0.114315857092
0.114334301162
0.114433537588
0.114599547414
0.114809452029
0.115038370402
0.115269743327
0.115489049204
0.115684022258
0.115844624684
0.115966637294
0.11604818029
0.116085804819
0.116079220106
0.116030554449
0.115945114185
0.115830067425
0.11569736593
0.115553370988
0.115419193678
0.115302553955
0.115162570643
0.114697483948
0.115512101819
0.113806104603
0.113360171988
0.1136949581
0.112667489606
0.1115447949
0.110177883422
0.108751530647
0.107252839263
0.105707424639
0.104107464772
0.10244976603
0.100731812521
0.0989530945507
0.0971148719062
0.0952207532856
0.0932750435629
0.0912851025366
0.0892576012966
0.0872045736372
0.0851358021146
0.083071962526
0.081030911607
0.0790714017208
0.0772812770306
0.0757586195921
0.074582373973
0.0737931990118
0.0733878805055
0.073322548613
0.0735091988376
0.0738572515983
0.0746899886884
0.0748068751892
0.0747735993375
0.0748024171754
0.0748597570597
0.0749264971853
0.0749912082876
0.0750531436791
0.0750915679701
0.0751087537891
0.114224154132
0.114216133204
0.114218385487
0.114227307318
0.11425811372
0.114259613735
0.114226430021
0.114165375485
0.114176091385
0.114153770621
0.114148324326
0.114143021979
0.114144884745
0.114179705336
0.114222368017
0.1142670742
0.114300912817
0.11438234598
0.114499249237
0.114646562482
0.114803570103
0.114960705272
0.115106337026
0.115228341062
0.115317432161
0.11536790577
0.115376086815
0.115339504015
0.115259434766
0.115140518104
0.114989665308
0.114817382418
0.114645116505
0.114506045211
0.114456129616
0.11453187766
0.114767674208
0.114963730776
0.116261291853
0.114804702513
0.113258597662
0.11307189023
0.111532266369
0.109956424043
0.108280225509
0.106663601773
0.105040225544
0.103416039908
0.101767063215
0.100079778948
0.0983453546636
0.0965594950676
0.0947211675403
0.092832843902
0.0908980994937
0.0889246244321
0.0869188175563
0.0848942068539
0.082860189147
0.0808406468455
0.0788530325855
0.0769686967714
0.0752858302525
0.0739066584897
0.0729040828694
0.0723064140674
0.0721038267287
0.0722486186171
0.0725950053061
0.07283999674
0.0733349629317
0.0734591777438
0.0734930562719
0.0735371837721
0.0735922102358
0.0736487327746
0.0736980937391
0.0737400465991
0.0737738761928
0.0737799197629
0.114211819639
0.114211511579
0.114212321871
0.114207606985
0.114220084373
0.114212546224
0.114186783114
0.114149537155
0.114167601245
0.114143715235
0.114145171295
0.114137627487
0.114133311146
0.114187029
0.114214748489
0.114169885013
0.114236055826
0.114303993007
0.11438782343
0.114485281711
0.114584239005
0.114675180747
0.114752131196
0.114805066385
0.114824178816
0.114802631742
0.114735916434
0.114621205256
0.114461064888
0.114260069177
0.114019860161
0.113755351875
0.113509300362
0.113346325558
0.113349746718
0.113638761073
0.114352218195
0.115775602575
0.117131290411
0.115982880942
0.11352945626
0.112361434004
0.110256628314
0.108247468767
0.106284342374
0.104510517699
0.102792304888
0.101110960112
0.0994277879966
0.097720559415
0.0959754700668
0.0941855695873
0.0923484367843
0.0904660911998
0.0885418336037
0.0865841781068
0.084599345582
0.0826029543056
0.0806037159875
0.078629681545
0.0766970767881
0.0748931837096
0.0733257809425
0.0720984781621
0.0712740123299
0.0708663640251
0.070846998971
0.0711062201402
0.0715403065419
0.0725694822095
0.0722062814265
0.072184515955
0.0721943973149
0.0722297797872
0.072274982453
0.0723198886877
0.0723579314015
0.0723855916495
0.0724096746068
0.072418706328
0.114188467097
0.114205314448
0.114209276489
0.114198541862
0.114194384688
0.114178235011
0.11415346208
0.114127014844
0.114124989111
0.114106010366
0.11411354213
0.114093270952
0.114053727907
0.114086474041
0.114239324487
0.11415913644
0.114180618617
0.11421720409
0.114265820935
0.114320940047
0.114370627465
0.114406865428
0.114422326053
0.114410676671
0.114362694247
0.11426948103
0.114125478082
0.113927874602
0.113678064583
0.113369596446
0.112998522447
0.112604233113
0.1122312202
0.111955448201
0.111906541042
0.112301874963
0.113432654348
0.116516690381
0.117881765359
0.116846091372
0.113519803077
0.110963561179
0.108421071667
0.106184758428
0.104061382195
0.102215861022
0.100463782226
0.0987655251394
0.097073858807
0.095362676142
0.0936164103018
0.0918276135122
0.0899939954201
0.0881181774705
0.086203884635
0.0842611248595
0.082296090411
0.0803272744239
0.078362273013
0.0764345468644
0.0745578731628
0.0728395935341
0.071394918378
0.0703251675708
0.0696814079751
0.069466191434
0.069616125471
0.0699586323066
0.0704726197272
0.0708421370567
0.0708213392376
0.0708259838912
0.0708429908464
0.0708749918373
0.0709135254393
0.0709515487584
0.0709841750847
0.071007452214
0.0710258053284
0.071038860259
0.114191302344
0.114199040395
0.114211481173
0.114197511853
0.114173405668
0.114148764793
0.11412014427
0.114089361847
0.114058158176
0.114060118017
0.114068768582
0.114046697828
0.114005806355
0.114000419402
0.114001905879
0.114062399944
0.114094020611
0.114121244939
0.114143710332
0.114160324818
0.114165443835
0.114153427856
0.114115068621
0.114043828132
0.113931125341
0.113767408766
0.113543903421
0.113257472622
0.112898236628
0.112446558088
0.111920166879
0.11134879738
0.110761129846
0.110224089537
0.109863113028
0.109882442938
0.110614718773
0.112858728698
0.118193944467
0.112376209304
0.111540137675
0.108345133714
0.105674632318
0.103564278225
0.101514291226
0.0997323146924
0.0980311119421
0.0963684021787
0.0947000446281
0.0930037929903
0.0912670950128
0.0894849092184
0.0876569775089
0.0857877670427
0.0838822622504
0.0819527277262
0.0800054835279
0.0780628674766
0.0761307287047
0.0742495455194
0.0724289997097
0.0708016477946
0.0694858080527
0.0685762534907
0.0681131663682
0.0680785867431
0.0683400671227
0.0687920340507
0.0697175403946
0.0695111167614
0.0694480267404
0.0694355293416
0.0694481488008
0.0694765811132
0.0695113562495
0.0695463113287
0.0695770094531
0.0695982013325
0.069616202806
0.0696308644422
0.114189690626
0.114186957181
0.114208481182
0.114178205002
0.114151874774
0.114123293041
0.114091584087
0.114058279228
0.114022460629
0.114026830998
0.114031907024
0.114014772927
0.113988090325
0.113980476815
0.113989646425
0.113992074561
0.114019309536
0.114028730729
0.114025331205
0.114008401383
0.113973949723
0.113917531309
0.113831109542
0.113704835408
0.113530938067
0.113295692842
0.112990582565
0.112604881752
0.112113676118
0.111512104155
0.110810669828
0.110007611936
0.10910439549
0.108138831602
0.107206879823
0.106396286651
0.105833017829
0.105653004442
0.106486965531
0.10354854905
0.106542086948
0.104267035636
0.101951121611
0.100348850612
0.0986461149515
0.097077019374
0.0955108711517
0.0939327825862
0.0923162641115
0.090651056511
0.0889324093609
0.0871604632931
0.085338768153
0.0834747607725
0.0815754907105
0.0796562158689
0.0777234945471
0.075804649345
0.07390284279
0.0720676309106
0.0703024282907
0.0687713710153
0.0675895086361
0.0668434654849
0.0665615310956
0.0666738851367
0.0670109254088
0.0676605847166
0.067924428273
0.0679523779736
0.0679647317554
0.0679826993066
0.0680076973474
0.0680407124027
0.0680767259875
0.0681120061457
0.0681439460318
0.0681668062739
0.0681860556575
0.0682007048249
0.114179201032
0.114170608611
0.114150545767
0.1141551566
0.114132345089
0.11410189967
0.114068145919
0.114034380665
0.113999910596
0.114003994578
0.114006171099
0.113993631344
0.113977741712
0.113974794021
0.113983269878
0.113967813732
0.113961009989
0.113943699347
0.113911691994
0.113865303716
0.113797302686
0.113702073786
0.11357078037
0.113394857805
0.113161242772
0.112855038717
0.112467198754
0.111974601952
0.111356574948
0.110603703424
0.109705243156
0.108625600888
0.107332756883
0.10588830321
0.104323839184
0.102575702036
0.100539347809
0.0980452062714
0.0937833083868
0.0956808125581
0.0973210906689
0.0984301592757
0.0975771973084
0.0967994718407
0.0956132513834
0.0943467719407
0.0929635147564
0.0914968624147
0.0899471960813
0.0883206314252
0.0866228638333
0.0848607922445
0.0830428739373
0.0811802096931
0.0792825409931
0.0773687140699
0.0754455721218
0.0735467281719
0.0716713224504
0.0698806479308
0.0681686986712
0.0667379753546
0.0656919590061
0.0651148018861
0.0650132507713
0.065215485077
0.065659144826
0.0666326137659
0.0664472634581
0.0664483672235
0.06647483092
0.0665103467246
0.0665495089493
0.066591731437
0.0666337646312
0.0666728329927
0.0667070345035
0.0667358815682
0.0667590232892
0.0667747306965
0.114170212433
0.114165325109
0.114157198374
0.114158774976
0.114122820641
0.114086032855
0.114048970761
0.114014506477
0.113983449236
0.113986837071
0.113987268395
0.113977185099
0.113966542635
0.113971415287
0.113955838864
0.113933248779
0.113905493257
0.11386331161
0.113807656289
0.113734983005
0.11363521704
0.113506275132
0.113337597454
0.113115243286
0.112823152722
0.112453096857
0.111985422235
0.111392220097
0.11065344653
0.109750959908
0.108644702848
0.107262828256
0.105621833342
0.103774554137
0.101638831887
0.0990571869963
0.0957866429819
0.0906617335619
0.0886380906973
0.0892067512277
0.0899876067119
0.0929409418041
0.093450129877
0.0933918002169
0.0926663134258
0.0916818914415
0.0904726877894
0.0891125797969
0.0876261249405
0.0860342751348
0.084352661951
0.0825948210017
0.0807742804323
0.0789059176435
0.0770025537825
0.0750870037381
0.0731664273703
0.071282226985
0.0694278365458
0.0676800450652
0.0660190278194
0.0646924185647
0.063780321672
0.0633667010337
0.0634142181232
0.06370600412
0.0643694490926
0.0647920245107
0.0648551030135
0.0649165226996
0.0649771234767
0.0650388449436
0.0650985128061
0.0651573075099
0.0652130119026
0.0652631406692
0.0653053651165
0.0653412273988
0.0653663609204
0.0653795653089
0.114166969608
0.114166299306
0.114162748567
0.114164890048
0.114116200402
0.114072790151
0.114032299798
0.113996975794
0.113970485589
0.113973230792
0.113972726919
0.113963643373
0.113952946693
0.113944298328
0.113931112071
0.113899223189
0.113852680895
0.113791103618
0.113714524467
0.113615109162
0.113491034261
0.113336264133
0.113131784786
0.112863528299
0.11252627544
0.11209999341
0.111554685206
0.110872684378
0.11002856764
0.108979132845
0.107662288403
0.106028051851
0.104129329098
0.101961516432
0.0994206082476
0.0963347223158
0.0924765752925
0.0866704541622
0.0855810438385
0.0848785393023
0.0865650899755
0.0892342088086
0.0901870997863
0.0904641685891
0.0900026781071
0.089202084158
0.0881145681985
0.0868300059507
0.0853866327103
0.0838147414986
0.0821370891214
0.0803723759102
0.0785385648855
0.0766538886961
0.0747344389668
0.0728071264133
0.0708795490319
0.0690026089141
0.0671621757416
0.065456011952
0.063844871597
0.062632898602
0.0618700810196
0.061617986285
0.0616933242798
0.0620297615448
0.0632774972957
0.0632158181136
0.0632972339206
0.0633909226768
0.0634856744628
0.0635799057254
0.063669289156
0.0637533248512
0.063830445962
0.0638984098732
0.0639553503325
0.0639990125993
0.0640252173442
0.0640334161998
0.114165225502
0.114166853984
0.114163700162
0.11416556266
0.114109065296
0.114060313972
0.114016877969
0.113980231101
0.113953391258
0.113963445772
0.113962670879
0.113954641781
0.113946735819
0.113938149406
0.113912937361
0.113867513305
0.113804549227
0.113726066687
0.113629413976
0.113511053943
0.113368637045
0.113186896864
0.112949816127
0.112652595526
0.112279231377
0.111795979921
0.111188518465
0.110436817668
0.109494138065
0.108312545277
0.106826139434
0.105006644342
0.102916563277
0.100532116797
0.0977608208202
0.0944710197426
0.0905367460203
0.0851176426317
0.0850030317389
0.0846113998279
0.085111843313
0.0869978140927
0.0877983101086
0.0880972587001
0.0877072430109
0.0869755658134
0.0859405242021
0.0846871139489
0.0832564705487
0.0816820786518
0.079990271666
0.0782028410116
0.0763410975611
0.0744258464561
0.0724765401618
0.0705240122512
0.0685765968699
0.0666965110803
0.0648602249512
0.063193809604
0.0616301574948
0.06054853598
0.0599734646149
0.0599431549946
0.0601310161399
0.0603878092326
0.0612566572619
0.0614931189919
0.061684656788
0.0618471321586
0.061995436878
0.0621339990916
0.0622648724618
0.062382935221
0.0624876508892
0.0625773374308
0.0626507443142
0.0627042943236
0.0627379368607
0.0627505276995
0.114163299935
0.114168917908
0.114161264098
0.114163030316
0.114101033297
0.114047931253
0.114002583497
0.113964343629
0.113958959299
0.11396106418
0.113957633581
0.113949628355
0.113943833817
0.113937432923
0.113898716283
0.11383689648
0.113758148602
0.113664806935
0.113554377295
0.113421953113
0.11326203718
0.113060950927
0.112806818044
0.112489432365
0.112079086415
0.111552008831
0.110900430797
0.110092424058
0.109073918515
0.107790226588
0.106170038326
0.104219181701
0.102005048537
0.0994947681222
0.0966212857626
0.0933032580406
0.0895081186414
0.0846645031902
0.0849979656842
0.0840284959724
0.084400230762
0.0857004045662
0.0861000298058
0.0862360006544
0.0857832419688
0.0850244505248
0.0839757664206
0.0827070080987
0.0812550310863
0.0796517308072
0.0779238828023
0.076094345701
0.0741865792183
0.0722230188713
0.0702265807144
0.0682314907849
0.066247343464
0.0643491755329
0.0625020264089
0.0608690892213
0.0593449604847
0.0584119549407
0.0580290771764
0.0580938806042
0.0584073564571
0.0599378764978
0.0597226126955
0.059864783323
0.0600752703613
0.0602944582629
0.0605075736841
0.0607039480986
0.0608852234417
0.0610450308182
0.0611831425115
0.0612990697177
0.0613921405052
0.0614576390585
0.0615023278515
0.0615251350214
0.11415639603
0.11416489947
0.114148939506
0.114151862798
0.114089807018
0.114036210897
0.113995318046
0.113966867728
0.113957444599
0.113959294379
0.113955063178
0.113946037368
0.113940336632
0.113935278569
0.113884200952
0.11380802951
0.113714105643
0.113606226982
0.113483958913
0.11334493868
0.113178320291
0.112967988397
0.112704062767
0.112368413047
0.111932140616
0.111379787011
0.11069912434
0.109850155591
0.108773146774
0.107417956947
0.105715838881
0.103681490513
0.101393345227
0.0988220015408
0.0959213196314
0.0926459407188
0.0890149953409
0.0845171889419
0.0851876233064
0.084237210173
0.0840265457958
0.0849351820825
0.0849098149306
0.0847922704414
0.0841955760153
0.0833415061332
0.0822255906718
0.0808998924753
0.0793936621556
0.0777343268592
0.0759468649801
0.0740535882992
0.072079001443
0.0700462401988
0.0679819019806
0.0659227413799
0.063880657849
0.0619443690661
0.0600643203689
0.0584476411608
0.0569374561692
0.0561712907173
0.0560040826258
0.0561742053899
0.0566876741568
0.0574935135458
0.0577166754624
0.0580492129477
0.0583863324436
0.0587095081243
0.0590112153198
0.0592858550361
0.0595283777805
0.0597375925354
0.0599143529787
0.0600599629174
0.060174389622
0.0602570104213
0.0603145704237
0.060347036607
0.114142711287
0.114131676987
0.11413075158
0.114134826361
0.114072150727
0.114020584308
0.113982729509
0.113960743239
0.113955190767
0.113958665982
0.113953587808
0.113942191522
0.11393470647
0.113929933386
0.113873101498
0.113778596107
0.113668051691
0.113548948606
0.113421862334
0.113280479144
0.113112047221
0.112903517248
0.112638596506
0.112292982728
0.111843137526
0.111276624081
0.110579508709
0.109711608465
0.108611234301
0.107221310841
0.105463188699
0.103382349363
0.101066072517
0.0984779961308
0.0955900439281
0.0923819215291
0.0889043963557
0.0847138157497
0.0854632407439
0.0845658818866
0.0839666089265
0.0844991304984
0.0840806996633
0.0836791919099
0.0828967929099
0.0819049034678
0.0806831047952
0.0792669723084
0.0776775725188
0.0759366202242
0.0740659548773
0.0720862175435
0.0700219962291
0.0678963064034
0.0657397681521
0.0635905224551
0.0614650451735
0.0594667191856
0.0575288343212
0.0559066904839
0.0543660092462
0.053729065355
0.0536537320881
0.0539339949118
0.0551608898346
0.0554721695972
0.0557401115626
0.0561719887347
0.0566461439994
0.0571004128159
0.0575115586276
0.057879918007
0.0581973468733
0.0584649389404
0.0586857943435
0.0588640480518
0.0590010534645
0.0591041755777
0.0591742351948
0.0592147894059
0.114135266621
0.114115154382
0.114117693084
0.114117441944
0.11405807057
0.114013864947
0.113983654256
0.113962702471
0.113959015645
0.113961357731
0.113953177447
0.113937519179
0.113926057344
0.113913933506
0.113851569151
0.113748131714
0.113625422518
0.113496513307
0.11336575115
0.113226515245
0.113065647675
0.112863912336
0.112600449428
0.112253866425
0.111805061745
0.11124435854
0.11055409298
0.109686185765
0.108580689921
0.10717868211
0.105407855915
0.103324122676
0.101009764828
0.0984322711243
0.0955718758408
0.0924217653962
0.0890499749361
0.0850765705079
0.0857593955663
0.0849603534795
0.0840873608697
0.0842596704097
0.0835024942996
0.0828229680669
0.0818407643547
0.0806887041282
0.0793360017477
0.0778045662974
0.0761082829877
0.0742630023768
0.0722867204866
0.0701976465438
0.0680195378272
0.0657745873953
0.0634977240651
0.0612269272128
0.0589870238422
0.0568971518295
0.0548758090243
0.0532444161722
0.0516829577231
0.0511894905508
0.0509887532252
0.051271524458
0.052925401184
0.0531357847865
0.0536069116378
0.0541910600739
0.0548467733596
0.0554643467102
0.0560178445911
0.0564979356776
0.0569055312944
0.0572428203168
0.0575146334062
0.0577291943137
0.0578924873927
0.0580144447685
0.0580953904842
0.0581399764935
0.114125493003
0.114107314693
0.114109898004
0.114109427153
0.114052199532
0.114011883005
0.113984659535
0.113964785592
0.113962642404
0.113963293473
0.113952553568
0.113931386951
0.113911720665
0.113858582562
0.113841680583
0.113725152025
0.113583036505
0.113438225453
0.113302511831
0.113175185331
0.113036991245
0.112851306636
0.112595849882
0.112255053303
0.111817138888
0.111274713655
0.11060250257
0.109752831584
0.108668105114
0.107289882146
0.1055556962
0.103503787731
0.101215220865
0.0986671001756
0.0958354726265
0.092713500826
0.0893729649033
0.0854800295751
0.0860255816862
0.085371889142
0.0843126580693
0.0841381391208
0.0831017767154
0.0821696810295
0.080990311374
0.079669301642
0.0781712561196
0.0765073628554
0.0746858778482
0.0727171447503
0.0706148990399
0.0683942740605
0.0660771322962
0.0636841537751
0.0612544321356
0.0588237778915
0.0564304620558
0.0542070289942
0.0520592988422
0.0504057367365
0.0488852888502
0.0487770764046
0.0487479056878
0.0486797936798
0.0500961690744
0.0506753024265
0.0513528988103
0.0521302678613
0.0529915096491
0.0538215837261
0.0545452163014
0.0551606595355
0.0556740285115
0.0560924981471
0.0564223832699
0.0566779754061
0.0568713020178
0.057012075791
0.0571047672623
0.0571518134271
0.114099802367
0.114103166194
0.114102212002
0.114096800976
0.114050705543
0.114014949069
0.113988670467
0.113967690238
0.113966307127
0.113963539739
0.113952028219
0.113927695726
0.113902093196
0.113872552729
0.113884786788
0.11372105467
0.113540321088
0.113370845034
0.113232515037
0.113127566678
0.113025677616
0.112862467545
0.112620912809
0.112294343626
0.111875210827
0.111357041309
0.110714063525
0.109896879354
0.108858003273
0.107546085285
0.105897574929
0.10391449211
0.101679846634
0.0991824911586
0.0963805918292
0.0932497372346
0.0898463588075
0.0858506673561
0.0862285369287
0.0857434939299
0.0845920460061
0.0840964783477
0.0828369731659
0.0816843264877
0.0803181628273
0.0788273515569
0.0771772957676
0.0753704740253
0.0734107978673
0.0713035814342
0.0690579346273
0.0666851676569
0.0642038254426
0.0616321034684
0.0590119050458
0.0563745029459
0.0537787358275
0.051364236727
0.049024772478
0.0472857686751
0.0456855317393
0.0457502094185
0.0460700404173
0.0485045443112
0.0477952088479
0.0482316296947
0.0490128023871
0.0499939384935
0.0510808200639
0.0521732416214
0.0531124194318
0.0538895732084
0.0545240602451
0.0550345871983
0.0554336338006
0.0557367350449
0.0559605403383
0.0561186319073
0.0562239168544
0.0562730442679
0.114091042752
0.11409761629
0.114088165853
0.114074759834
0.114059625496
0.114025315026
0.11399709187
0.113976340675
0.1139663817
0.113961275415
0.113952021327
0.113930302438
0.113908932149
0.113896176233
0.113907069986
0.113720156949
0.113488206335
0.113290629724
0.113165270496
0.113089350477
0.113036580914
0.11290014616
0.112670314883
0.112357428626
0.111962911448
0.111480945221
0.110881438015
0.110117203014
0.109143015802
0.107920476283
0.106405060199
0.104547935356
0.102409175063
0.0999994676573
0.0972450808478
0.0940801599416
0.090509641329
0.0861464681491
0.0863561527975
0.0860325604502
0.0849110630854
0.0841272740464
0.0826796227141
0.0813376163971
0.0798016954141
0.0781472535179
0.076345268576
0.0743910960769
0.0722854049483
0.0700291302173
0.0676264202832
0.0650838031845
0.0624146836831
0.0596332421547
0.0567805827751
0.05387999217
0.0510174628125
0.0483294619007
0.0457244714296
0.0438785605913
0.0420989145934
0.0420376478838
0.0424605250934
0.0443274383442
0.0445386066455
0.0453501056364
0.0464568453497
0.0477484525279
0.0491259509233
0.0505133289418
0.0517265190293
0.0527018280604
0.0534763550277
0.0540864762879
0.054559102874
0.0549145417714
0.0551724341464
0.0553468883702
0.0554636444637
0.0555177355492
0.114075781676
0.114071862735
0.114076506022
0.114074404716
0.114073980322
0.114034669401
0.114001866193
0.113976012969
0.113952995395
0.113969364167
0.113952568964
0.113930833325
0.113908647516
0.113895789375
0.113852271108
0.113719430734
0.113426063179
0.113202137134
0.113105420569
0.113084994534
0.11306589615
0.112945492461
0.112733461032
0.112437696698
0.112067229002
0.111629781681
0.111090102202
0.110395124963
0.10949947963
0.108389161083
0.10704908988
0.105390146494
0.103415117901
0.101159703958
0.0985113993881
0.0953356362746
0.0915143856173
0.0862944459486
0.086397549364
0.0861691350745
0.0852096572327
0.084176421883
0.082577440533
0.0810968645666
0.0794255816408
0.0776220282086
0.0756725804519
0.0735705027509
0.0713150479234
0.0689035392086
0.0663346239439
0.0636086373007
0.0607316385427
0.0577117559011
0.0545838790889
0.0513598733851
0.0481510030922
0.0450566934903
0.0420419883566
0.0400467969105
0.0382332444212
0.0385879184686
0.0389577100901
0.0401411538894
0.0409143000312
0.042167253598
0.0437147341605
0.0454133746415
0.0471502618842
0.0488624074676
0.0503959921577
0.051610505779
0.0525478989039
0.0532681623424
0.0538141799262
0.0542184549077
0.0545105044173
0.0547055322907
0.0548313407569
0.0548966378632
0.114069955597
0.114067707724
0.114074122521
0.114075906792
0.114076196679
0.114035420135
0.114003090078
0.113978221209
0.113960600108
0.113970463984
0.113939728098
0.113925155703
0.113898987616
0.113879636124
0.113872529014
0.113826802279
0.113326102518
0.113093311687
0.113084144452
0.113073673639
0.113049172245
0.113011429375
0.112812741528
0.11252010503
0.112160559232
0.111780048229
0.111322572946
0.110718514596
0.109903242539
0.108896170922
0.107750522775
0.10638456708
0.104721339691
0.10271432687
0.100303729474
0.097270386921
0.0932944963217
0.0866223778329
0.0864174593213
0.0859667023844
0.0850870470077
0.0841036690943
0.0825218654063
0.0809824035787
0.0792105455177
0.0772648364112
0.0751659394147
0.0729136841993
0.0705067909164
0.0679382682457
0.0651995642931
0.0622823292738
0.0591821018676
0.055897607455
0.0524515713281
0.0488466285979
0.0452127918353
0.041559947412
0.0379211911642
0.0353902604129
0.0328641315299
0.0339444695399
0.0376448560486
0.0360142961007
0.0369410834282
0.0386962672015
0.0408183716563
0.0430337249964
0.0452045952155
0.0472726812948
0.0491431697047
0.050628254244
0.0517458367411
0.052584908058
0.0532106379268
0.0536641536417
0.0539842467041
0.0541984861562
0.0543335977172
0.0544083626801
0.114066335682
0.114067127236
0.114072779325
0.114075445936
0.114073261697
0.114029741305
0.113998045123
0.11397149576
0.113947168344
0.113910627072
0.11394228974
0.113922793079
0.113888102704
0.113871151676
0.113822615285
0.113531584146
0.113050116719
0.113061435361
0.113075011933
0.113013392148
0.1129511634
0.112915810527
0.112817761381
0.112569049485
0.112212208064
0.111905268787
0.111559942039
0.11108391004
0.110333106772
0.10936362363
0.10840944339
0.107385449986
0.106209761784
0.10471791494
0.102745923228
0.100311038782
0.0971112274045
0.0925825909981
0.0866664279232
0.0818742451434
0.0839765291845
0.084199936214
0.0828080371063
0.0811527610446
0.0792247085738
0.0771002690703
0.0748314653746
0.0724223276748
0.0698652778727
0.0671445920017
0.0642410898379
0.0611340738913
0.0578037459503
0.0542321131884
0.0504189113587
0.046357084628
0.0421840886264
0.0378367216021
0.033593703128
0.0304392232918
0.0261923214817
0.0268315329461
0.0300095067183
0.0297988196508
0.0319814406299
0.0348184592207
0.0378059672942
0.0406858939792
0.0433607484202
0.0458095617109
0.0480122974598
0.0497747960519
0.0510764430927
0.0520337901905
0.0527379497518
0.0532453553129
0.0535960164282
0.0538249936176
0.0539633547364
0.0540278562062
0.11406563925
0.114065231539
0.114068771396
0.114066293211
0.114057138076
0.114015524859
0.113987400586
0.113964690845
0.113945572471
0.113928694108
0.11394579645
0.113914729589
0.113861320308
0.113784494496
0.113640777627
0.113269246884
0.113084237824
0.113108827922
0.113133001883
0.11293285609
0.112795679859
0.11279975389
0.112755053566
0.112605648393
0.112042631792
0.111924545587
0.111759537275
0.111563081812
0.110827949748
0.109689172967
0.108884022705
0.108199270917
0.107559859482
0.106778801985
0.105701979304
0.104111143952
0.102134747254
0.0992329701185
0.0949068695211
0.0850728784083
0.0852109704669
0.085490753501
0.0838603838394
0.081754429215
0.0794881686898
0.0771121013136
0.0746507426232
0.072086324993
0.0693920252231
0.0665371875692
0.0634889911118
0.0602118214681
0.0566663976664
0.0528082574038
0.0485945562845
0.0439754789949
0.0390164693288
0.0336242253554
0.0287178048401
0.0253493553993
0.0200547024099
0.0190077270708
0.0187870280374
0.0217163170173
0.0262392437592
0.0307466776326
0.0348751214033
0.0385303115963
0.0417395806772
0.0445609493363
0.0470645588489
0.0490797431389
0.0505485727671
0.0516163855769
0.0523878580634
0.0529392970734
0.0533191316643
0.0535626461093
0.0537025536539
0.0537553061812
0.114065326058
0.114065467238
0.114065365815
0.114054360688
0.114039467531
0.113982857115
0.113964744494
0.113950389376
0.113935341185
0.113919313484
0.113904149197
0.113886227513
0.113839945458
0.113777880394
0.113613783096
0.113360681508
0.113250231581
0.113317737506
0.113278193579
0.112736524853
0.112760811115
0.112771075272
0.112668006922
0.112396508784
0.112142478359
0.112089424529
0.111915761939
0.111710903073
0.111547303958
0.109679888604
0.108982464649
0.108722610777
0.108657683454
0.108679777221
0.108698448157
0.108699797028
0.108677498762
0.108589990371
0.108120567576
0.09401264235
0.090679756993
0.0883425985472
0.085466888113
0.0825581073906
0.0798376269897
0.0772018675269
0.0745736102841
0.0718883204337
0.069093718613
0.0661436637167
0.0629932327247
0.0595941057601
0.0558896416625
0.0518081349263
0.0472556348871
0.0420969626531
0.0361863975681
0.0292125066375
0.0220415493472
0.0143216078148
0.00471664314178
0.00919771284704
0.00234121458179
0.0119882737311
0.0203315650499
0.0269997496893
0.0323950440447
0.0368138546387
0.0405047503077
0.0436442827669
0.0463781940466
0.0485767588119
0.0501739335685
0.0513296494062
0.0521559129802
0.0527400753427
0.0531415498311
0.0533993925258
0.053547958332
0.053605239587
0.114066146224
0.114067259251
0.114060561433
0.114044747589
0.114020085761
0.113990139683
0.113969173956
0.113952447012
0.113936117742
0.113919607579
0.113902927561
0.113884609424
0.11387702695
0.113833227845
0.11370239796
0.113494090358
0.113335437396
0.11325579646
0.113121009026
0.112908477504
0.112836511623
0.112812483863
0.112686181858
0.112448844688
0.112217390455
0.112034065105
0.111782385202
0.111477210701
0.110786019079
0.109843339694
0.109285939936
0.109054645308
0.108954622825
0.108905889139
0.108886153461
0.108900749206
0.108958020651
0.109079967081
0.109379982366
0.10916352146
0.0989613181172
0.0910728400591
0.0864760781906
0.082990701443
0.0800153425474
0.0772526972121
0.0745494035503
0.0718122008184
0.0689755933431
0.0659861294418
0.0627934822565
0.0593437472534
0.0555724928824
0.051395094085
0.0466912769679
0.0412726941416
0.0348287328892
0.0267069723288
0.0158368183527
-0.00359870735479
-0.0220137270265
-0.00312396051406
0.000457001340065
0.00142020020406
0.0159287209944
0.0245040512709
0.0308929154576
0.0358335499621
0.0398268121452
0.0431563585241
0.0460255205975
0.0483192706393
0.0499800689493
0.0511839766047
0.0520431329389
0.0526458750817
0.0530575764373
0.0533237814049
0.0534834602741
0.0535471966476
)
;

boundaryField
{
    frontAndBack
    {
        type            empty;
    }
    upperWall
    {
        type            zeroGradient;
    }
    lowerWall
    {
        type            zeroGradient;
    }
    inlet
    {
        type            zeroGradient;
    }
    outlet
    {
        type            fixedValue;
        value           uniform 0;
    }
}


// ************************************************************************* //
