/*--------------------------------*- C++ -*----------------------------------*\
| =========                 |                                                 |
| \\      /  F ield         | OpenFOAM: The Open Source CFD Toolbox           |
|  \\    /   O peration     | Version:  v1806                                 |
|   \\  /    A nd           | Web:      www.OpenFOAM.com                      |
|    \\/     M anipulation  |                                                 |
\*---------------------------------------------------------------------------*/
FoamFile
{
    version     2.0;
    format      ascii;
    class       volScalarField;
    location    "654";
    object      p;
}
// * * * * * * * * * * * * * * * * * * * * * * * * * * * * * * * * * * * * * //

dimensions      [0 2 -2 0 0 0 0];


internalField   nonuniform List<scalar> 
6400
(
0.147428913293
0.147431964489
0.14744068381
0.147457750855
0.147483136357
0.147516793452
0.147558701958
0.147609945103
0.147671469841
0.147744827379
0.147836108673
0.147948549436
0.148079476415
0.148228812263
0.148398461356
0.148590950273
0.148807914737
0.1490493003
0.149313012906
0.149593678329
0.149885666725
0.150190392333
0.150515262439
0.15086807489
0.151253697518
0.151672006865
0.15211952375
0.152593588675
0.153093737323
0.153620547305
0.154174400916
0.154753326882
0.155351275188
0.155962088415
0.156582948227
0.157211018286
0.157846553003
0.15849555768
0.159156652596
0.159820678451
0.160488508538
0.161172648579
0.161879461852
0.162600816224
0.163325598695
0.164046081903
0.164756389196
0.165452011742
0.166128843745
0.166783303707
0.16741244959
0.168010940148
0.168569979184
0.16907876286
0.169535361036
0.169944671359
0.170302868305
0.170600661317
0.170836080019
0.171017116744
0.171150889047
0.171242304209
0.171296063539
0.171326660218
0.171346569705
0.171357838217
0.171353051244
0.171330486521
0.171295904685
0.171254995111
0.171210120326
0.171161338036
0.171108726245
0.171056832303
0.171006605433
0.17096058725
0.170920826615
0.170894129308
0.170876704641
0.17086930628
0.147424468696
0.147427715177
0.147435643774
0.147452314423
0.147479179127
0.147514268016
0.147556642991
0.147606183541
0.147665726763
0.147738879632
0.147829808476
0.147941203845
0.148072403119
0.148222668984
0.14839248666
0.148583615944
0.148799812646
0.149041863037
0.14930690893
0.149588163138
0.149878219542
0.150180799965
0.150505021167
0.150857795352
0.151243857725
0.151662918491
0.152110754308
0.152585412664
0.153086510846
0.153614070183
0.154168017643
0.154747372029
0.155346311187
0.155957225665
0.156578195095
0.157206523609
0.157841936451
0.158491436958
0.159153703933
0.159818563077
0.160485678018
0.1611703146
0.161880527511
0.162604469048
0.163330588026
0.164052547064
0.164764415663
0.165461936351
0.166140575347
0.166795472181
0.167423665664
0.168023281106
0.168587282973
0.169098363977
0.169556654429
0.16996886984
0.170325592601
0.170620344267
0.17085526027
0.171035373617
0.171166379494
0.171257108083
0.171311302906
0.171342909089
0.171364413336
0.171376666557
0.171371103909
0.171345422406
0.171307238469
0.171262956915
0.171214996401
0.171163124534
0.17110699589
0.171051158515
0.170999167189
0.17095283747
0.170914869908
0.170888217248
0.170870916069
0.170865071205
0.147411951964
0.147417309764
0.147424519713
0.147439864084
0.147465844321
0.147504845104
0.147550613723
0.147598718811
0.147655405846
0.147726948065
0.147817049223
0.147927872787
0.148059324891
0.148210369807
0.148380237986
0.148567997459
0.148781824311
0.149028605971
0.149296719095
0.149576601794
0.14986248084
0.150159799992
0.150482937354
0.150837987472
0.151224955625
0.151643883656
0.152092921159
0.152569386392
0.153072058907
0.153600915154
0.154155686228
0.154736096664
0.15533713556
0.155947745516
0.156567484708
0.157197498894
0.157833161917
0.158481908077
0.159145438507
0.159813518555
0.160486808666
0.161176138694
0.161886455124
0.162610417359
0.1633381154
0.164062343162
0.164777343728
0.165478305351
0.166160610788
0.166819913402
0.167452651633
0.168054434462
0.168617034329
0.169131667059
0.169597614527
0.170011793622
0.170366496992
0.170659468937
0.170892871199
0.171071207607
0.171201043707
0.171289461989
0.171343485182
0.171379153548
0.171405902674
0.171418550434
0.171409331431
0.171377906786
0.171332240267
0.171280202844
0.171224600715
0.171165072595
0.171103282341
0.171043532386
0.170988301161
0.170940501382
0.170903137534
0.170876731793
0.170860167508
0.170854128278
0.147394026402
0.147399530644
0.147405712683
0.147419874366
0.147442802986
0.14748171191
0.14753930757
0.147587583089
0.147640091454
0.147708825982
0.147797553843
0.147908045956
0.148040100274
0.14819112899
0.148360904469
0.148552934794
0.148770920241
0.149014967352
0.149274825923
0.1495435513
0.149825277354
0.150126112505
0.150451691734
0.150807376768
0.151195446377
0.151615825499
0.152066728566
0.152545384298
0.153050323764
0.153580985175
0.154137790327
0.154719757554
0.155322362705
0.15593605157
0.156553379593
0.157180509235
0.157819634533
0.158469048803
0.159131073132
0.159803295342
0.160484819067
0.161180781421
0.161894116402
0.16262006054
0.163350584465
0.164078548796
0.16479801336
0.165503881601
0.166191448383
0.166856286254
0.167494127293
0.168099766486
0.168666163991
0.169186712158
0.169657497204
0.17007310201
0.170427601656
0.170719430802
0.170951023263
0.17112727349
0.171255078768
0.171342627752
0.171400788656
0.171444451826
0.17147590713
0.171486415284
0.171471112844
0.171429985592
0.171371828523
0.171306882142
0.171239841391
0.171170945645
0.17110125401
0.171032349095
0.170969202234
0.170919187284
0.170883006805
0.170855022904
0.170835880329
0.170828082168
0.147365895408
0.147367150949
0.147374749241
0.147389340421
0.147414836203
0.147451668026
0.147504617318
0.147557390943
0.147613193694
0.147682508091
0.147770178866
0.14788057096
0.148013800493
0.148170270125
0.14834753026
0.148540342905
0.148751521735
0.148982554717
0.149231507397
0.149497307673
0.149780293312
0.150082542283
0.150409667643
0.15076696298
0.15115658625
0.151578803893
0.152031731436
0.152513140804
0.153020983882
0.153554658057
0.154113542832
0.154699044715
0.155305713027
0.155917180064
0.156533428218
0.157159255972
0.157796390605
0.158448045656
0.159114013961
0.159792099784
0.160481589459
0.161184865774
0.161903191776
0.162633067989
0.16336795932
0.164101104295
0.164826461682
0.165538730087
0.166233087311
0.166904942413
0.167549573377
0.168161469787
0.168734170176
0.169261380581
0.16973733248
0.1701555215
0.170510767809
0.170802173164
0.171032690169
0.171207991723
0.17133604684
0.171426694626
0.171491886983
0.171541865312
0.17157202233
0.171580330539
0.171559794982
0.171506871752
0.171431003448
0.171346765335
0.171262809873
0.171179228582
0.171093275075
0.171008243466
0.170936685224
0.170883826449
0.17084434352
0.170809987518
0.170789167972
0.170782083786
0.147314794102
0.147314998837
0.147327411087
0.147342699152
0.147371026388
0.147410238412
0.147459928976
0.147513565665
0.147574142604
0.147645786307
0.147732137262
0.147843189908
0.14798533875
0.14815054694
0.148327213604
0.148513946155
0.148715238228
0.148937130707
0.149181175356
0.149444790538
0.149725913941
0.1500283101
0.150357190819
0.150716683526
0.151108458772
0.151532325497
0.151988035925
0.152472385642
0.152984242324
0.153521632043
0.154084978839
0.1546726085
0.155279060052
0.155894206296
0.156507168201
0.157128674242
0.157766874417
0.158422667917
0.15909419002
0.159779259724
0.160477042592
0.161188412214
0.161913476003
0.162649259331
0.163390245432
0.164130132808
0.164862900226
0.165583125108
0.166285885567
0.166966446956
0.16761982479
0.168240351505
0.168821621699
0.1693568754
0.169839073956
0.170261272841
0.170618959178
0.170911950265
0.171143927387
0.171321554959
0.171453797463
0.171551297633
0.171625213598
0.171676435111
0.171705028672
0.171708524669
0.171680044853
0.171612706874
0.171514116218
0.171403502997
0.171294664151
0.171185131705
0.171071432235
0.170967184742
0.170885823189
0.170826935952
0.17077955339
0.170741412146
0.170721013551
0.170712871881
0.147237010107
0.14724307208
0.147263274647
0.147285748277
0.147310586436
0.147350470842
0.147402211789
0.14745819656
0.147522427036
0.147596989076
0.147687583711
0.147802567805
0.147952613429
0.148117280965
0.148289442896
0.148468174488
0.148663082628
0.148882490947
0.149124486841
0.149383059016
0.149661343353
0.149964319403
0.150294742793
0.15065592334
0.151050154279
0.151478017754
0.151935031682
0.152422966054
0.152939592762
0.153484154182
0.15405166264
0.154639562357
0.155246739919
0.155857354489
0.156469416353
0.157091305956
0.157732544692
0.158393541105
0.159071642193
0.159764508688
0.16047113744
0.161191502007
0.161924900018
0.162668499216
0.163417405211
0.164165725607
0.16490754374
0.165637411672
0.166350364595
0.167041582184
0.167705917818
0.168337514519
0.168929661867
0.16947489636
0.169965370286
0.170394139212
0.17075742503
0.171055821425
0.171293613145
0.171477855231
0.171617826768
0.171724025924
0.171803642325
0.171855179943
0.171889728438
0.171888746118
0.171843606738
0.171753469408
0.171625812946
0.171480637541
0.171333007655
0.171181121965
0.171030153552
0.170903119982
0.170808265666
0.17073938417
0.170684311939
0.170647712771
0.170631111914
0.170623464586
0.147144930356
0.147156606753
0.147179710228
0.147211736814
0.147239228345
0.147280976669
0.147331469102
0.147390463666
0.147459366409
0.147532217452
0.147631343385
0.147759148715
0.147907711423
0.148069128125
0.148234570707
0.148406196079
0.148600189656
0.148820141573
0.149057295636
0.149310875058
0.149586951901
0.149890028627
0.150221816752
0.15058579052
0.150983432833
0.151414381439
0.151875630472
0.152363677366
0.152887838276
0.153442089321
0.154011403979
0.154596467884
0.155201678821
0.155809924557
0.156420803233
0.157047189609
0.15769380555
0.158360827023
0.159046166259
0.15974757102
0.160463783867
0.16119416583
0.161937438635
0.162690711688
0.163449421012
0.164207990101
0.164960660872
0.165702050264
0.166427217868
0.167131312479
0.167809071839
0.168454402416
0.169060143226
0.169618187033
0.170120298055
0.170559875874
0.170933877844
0.171243240288
0.171491642995
0.171685282518
0.171833270946
0.171945817469
0.172028686609
0.172085625471
0.172122455197
0.172128240875
0.172064368058
0.17194142954
0.171774247673
0.171580351397
0.171374664017
0.171161385612
0.170962439244
0.170804638645
0.17069163891
0.170612175658
0.170558982725
0.17053056685
0.170522919883
0.170520661065
0.147043297158
0.14705831304
0.147081883688
0.147109764743
0.147144482176
0.147194798011
0.147245897674
0.147306823419
0.147383799748
0.147462309537
0.14755964414
0.147696390651
0.147847897191
0.14800390448
0.148163539713
0.148334896569
0.148528361047
0.148745396975
0.148978021162
0.149228769899
0.149503259308
0.149805542375
0.150137136649
0.150502897828
0.150908200417
0.151341011599
0.151806934688
0.152303061043
0.152828982882
0.153384611387
0.15395976867
0.154550542401
0.1551450635
0.155748675058
0.156364169686
0.156997019231
0.157650249465
0.158324199245
0.159017483137
0.159728177996
0.160454850365
0.161196385851
0.161951062906
0.162715846278
0.163486302442
0.164257074194
0.16502259741
0.165777630284
0.166517313451
0.167236810923
0.167930792093
0.168592954467
0.169215756266
0.169790715531
0.170309622754
0.17076637761
0.171158173723
0.171484860416
0.171747164894
0.171950023979
0.17210460193
0.17222427737
0.172313586389
0.172373064134
0.172402461804
0.172410604066
0.172355563753
0.172192877715
0.171972872211
0.17171213404
0.171421772056
0.171121097964
0.170854157366
0.170652729011
0.170518350787
0.170437746694
0.170401531182
0.170392866319
0.170399644379
0.170406812893
0.146930448276
0.146947590559
0.14697503392
0.147002082011
0.147039600687
0.147090530248
0.14714403067
0.147205381793
0.147282807031
0.147378065505
0.147480733761
0.147617940207
0.147770495792
0.14792292737
0.148077053327
0.148251231698
0.148447953003
0.148659999713
0.148887177373
0.149135517703
0.149409626606
0.149712257661
0.150044081797
0.150408566189
0.15082033933
0.151261900126
0.151724805695
0.152228184955
0.152759500361
0.15331972019
0.153898004225
0.154486611825
0.155080017389
0.155680838827
0.156300385011
0.156940491829
0.157601406848
0.158283263791
0.158985289915
0.159706051165
0.16044413072
0.16119805925
0.161965713426
0.162743856935
0.163528079708
0.164313177241
0.165093791657
0.165864877889
0.166621704142
0.167359494718
0.168072935123
0.168755672942
0.169400077325
0.169997745737
0.170540866665
0.171023579881
0.171441782245
0.17179168525
0.172068437403
0.172278971337
0.172441214857
0.172575646572
0.172676542729
0.172734176446
0.17274683178
0.172725335187
0.172669612176
0.172529656333
0.172243844783
0.171890445183
0.171481933952
0.171052125636
0.170678170985
0.170413840688
0.170261225042
0.170201615198
0.170204882713
0.170232255109
0.17026050354
0.170279960645
0.146801470985
0.146817806804
0.146847700359
0.146879876226
0.146925837246
0.146971744253
0.147026144506
0.147090145182
0.147160403931
0.147264771838
0.147381648928
0.147519797283
0.14767281572
0.147825938489
0.147979409687
0.148154395288
0.148352636085
0.148561622233
0.148784762262
0.14902984184
0.149302981845
0.149607487444
0.149944378026
0.150308856385
0.150715914968
0.151170615771
0.151642179616
0.152145406769
0.152678559663
0.153233755486
0.153819222682
0.154410718886
0.155002145222
0.155604946806
0.156229969048
0.156877591583
0.157546873005
0.158237594696
0.158949268176
0.159680920804
0.160431378922
0.161198997195
0.161981265649
0.162774680109
0.163574790356
0.164376528739
0.165174763664
0.165964664309
0.166741641959
0.167501038144
0.168237709886
0.1689455748
0.169617465296
0.170245732239
0.170823223118
0.171343168607
0.1717967392
0.17217521896
0.172466954357
0.172686114815
0.17286003911
0.173027981468
0.173152244947
0.173204915144
0.173184000864
0.173106208433
0.17299757372
0.17287336208
0.172609642326
0.172160000555
0.17158297792
0.17094069911
0.17038316205
0.170029727411
0.16987685
0.169877975663
0.169960287605
0.170048531481
0.170108629398
0.170146913994
0.146652550154
0.146665517949
0.146689428149
0.146730407056
0.146787016716
0.146833627842
0.146889523129
0.146960015324
0.147029089412
0.147130365451
0.147258239113
0.147400103892
0.147552981775
0.147708454279
0.147869005408
0.148046730886
0.148243717259
0.148449778572
0.148670524631
0.148912559445
0.149181989037
0.149484454747
0.149830766537
0.15020713884
0.150609087369
0.151063893377
0.151544372604
0.152045627443
0.152588668568
0.153149519469
0.153727234621
0.154314792531
0.154908527788
0.155519569771
0.156152230489
0.15680788246
0.157486153765
0.158186674103
0.158909027693
0.159652508775
0.160416316765
0.161198931335
0.16199752313
0.162808207208
0.163626451639
0.16444736922
0.165266090733
0.166077980376
0.166878561173
0.167663344322
0.168427583251
0.16916598498
0.169872749936
0.170541970985
0.171167082236
0.171737393656
0.172234007511
0.172653202893
0.172966791542
0.173196768503
0.173377119417
0.173622666653
0.173803172473
0.173852500309
0.173777412373
0.173615853396
0.17341331758
0.173232557971
0.17301263083
0.172567714313
0.171803588625
0.170768334934
0.169850059692
0.169380775275
0.169283924616
0.169429973639
0.169671079162
0.169862265705
0.169960872329
0.170033344538
0.14648327456
0.146493349584
0.146508399174
0.146554234325
0.146612061914
0.146666716291
0.146726925868
0.146804711866
0.146881574073
0.146982119186
0.147114881886
0.147259410133
0.147411841066
0.147565954907
0.14773594991
0.147923646681
0.1481200428
0.148323776017
0.148543403547
0.148784009485
0.149049627831
0.149345622031
0.149692548537
0.150090015879
0.150498974952
0.150942641137
0.151434867063
0.151942669081
0.152477712395
0.153042806794
0.153622676757
0.154208689395
0.154805103236
0.155423963124
0.156065669041
0.156730516209
0.15741858852
0.158129750973
0.15886390272
0.15962045243
0.160398736857
0.16119758892
0.162014180272
0.162844231654
0.163683020982
0.164525903338
0.165368357704
0.166205893471
0.167034026515
0.167848437587
0.168645061896
0.169420146309
0.170170596978
0.170893600363
0.17158240003
0.172217175813
0.172762896577
0.173272590003
0.173633046332
0.173875266818
0.174017695685
0.174530193061
0.174848263473
0.174869965314
0.174664024286
0.174336636824
0.173964500765
0.173637220857
0.173395492485
0.173155397832
0.172278273661
0.170548661892
0.168963729973
0.168350805359
0.168400335832
0.168837205693
0.169387198677
0.169738398037
0.169832580058
0.169977413257
0.146294697631
0.146306308757
0.146326498272
0.146361573784
0.146413977888
0.146474035706
0.146539803598
0.146621642591
0.146711106436
0.14681460731
0.14695128968
0.147098295425
0.147251746597
0.147405395437
0.147578166045
0.147775258779
0.147975748444
0.148181107961
0.148401433126
0.148642201213
0.148906248144
0.149196738347
0.149538816235
0.149948202568
0.150373510765
0.150815063132
0.151310814594
0.151827633058
0.152358826382
0.152921050296
0.153496223848
0.154082810159
0.154689300165
0.155317944485
0.15596942092
0.156644429377
0.15734346176
0.158066300627
0.158813103048
0.159583924504
0.160378184484
0.161194743412
0.162030967489
0.162882448942
0.163744311591
0.16461221209
0.165482080344
0.166349465591
0.167209616025
0.168058284587
0.168892376824
0.169710627018
0.170514297954
0.171305383898
0.1720749076
0.172791590554
0.173410477446
0.174181938065
0.174541430432
0.174668246737
0.174147144561
0.174294653128
0.174554483213
0.174611477941
0.174456097992
0.174195575705
0.173912900553
0.173669818791
0.173535488416
0.173784378635
0.173527325248
0.17037274477
0.166453834338
0.166038700776
0.166823302494
0.167965521655
0.169231111378
0.169797671338
0.169711474468
0.170053022372
0.146082240589
0.146095438951
0.146125780859
0.146151116411
0.146197086356
0.146258823118
0.146329155066
0.146416564989
0.146521103407
0.146627160075
0.146766676001
0.146916571212
0.14707265493
0.147229255839
0.147404329585
0.147605992601
0.147810977592
0.148020407386
0.148243301321
0.14848528323
0.148749664695
0.149038530693
0.149371994324
0.149779251137
0.150229537138
0.15067997936
0.151164401965
0.151696698056
0.152237647304
0.152784771123
0.153353864108
0.153945322657
0.154560727355
0.155199824327
0.15586231325
0.156548664934
0.157259539793
0.157995319341
0.158756106318
0.159542232258
0.16035382962
0.161189842331
0.162047562803
0.162922539634
0.163809985389
0.164706123226
0.165607516609
0.166509610903
0.167406833678
0.16829455466
0.16917110031
0.170038733465
0.170904238587
0.171775638973
0.172645850404
0.173521130558
0.173857184217
0.174061871208
0.174286446512
0.174431399737
0.174394286097
0.174337717674
0.174436989162
0.174441442821
0.174278904885
0.174007970049
0.173688653716
0.173360245754
0.173000638243
0.172495551223
0.170989654595
0.168535321568
0.166929822726
0.166862336508
0.167626504068
0.168771224347
0.170089715898
0.170878313052
0.169015866919
0.170353216363
0.145841567539
0.145854317287
0.145883835336
0.145911517613
0.145955354787
0.14601897434
0.146092009712
0.146180423092
0.146299402353
0.146416762846
0.146558990867
0.146712725177
0.146873281823
0.147035742724
0.147214970681
0.147419134431
0.147627674875
0.147841960414
0.148068572804
0.148312685262
0.148578010934
0.148867467061
0.149195309182
0.149595126462
0.150061575942
0.150530916521
0.151008434187
0.151534262289
0.152085751564
0.152638419446
0.153203460065
0.153796843223
0.154419815584
0.15506946675
0.155743652355
0.156442146475
0.157165935912
0.157915639312
0.158691754743
0.159494649079
0.160324911347
0.161182070522
0.162063395915
0.16296409037
0.163879463317
0.164806985793
0.165744602382
0.166687208023
0.167626822231
0.168558052817
0.169481960508
0.170404260343
0.17133474527
0.172288810704
0.173217511673
0.173419888412
0.173651479869
0.173914671572
0.174126031545
0.174250854522
0.174233212862
0.1741519324
0.174117600716
0.174027571504
0.173815491064
0.173498244094
0.173109338659
0.172662669389
0.172132244817
0.171370436616
0.170125697993
0.168575543171
0.167391080342
0.167027541302
0.167411649866
0.168256020004
0.169228961229
0.169645487763
0.170693086049
0.172211706273
0.145574529553
0.145586586761
0.145617556101
0.145646228504
0.145691051988
0.145755674461
0.145831036879
0.145917354339
0.1460397626
0.146173872847
0.146323911187
0.146483293921
0.146650317787
0.146822760762
0.147007186715
0.147213982801
0.147426080194
0.147645860624
0.147876964133
0.148124103916
0.148390994665
0.148681150706
0.149005677857
0.14939631516
0.149864156347
0.150361837829
0.15084990364
0.151363146885
0.151909664217
0.152464918237
0.153033647386
0.153633936453
0.154265518589
0.154925726832
0.155612201273
0.156324015766
0.157061644842
0.157826361337
0.158618945908
0.159440095866
0.160290544521
0.161170383836
0.162077442268
0.163006494853
0.163952353062
0.164914174393
0.16589254082
0.166881628406
0.167869292772
0.16884878672
0.169825649725
0.170807700273
0.171809717919
0.172768507963
0.173020151847
0.173255423924
0.173476833504
0.173699697161
0.173862858584
0.173937675229
0.173906460686
0.173801752274
0.17366657853
0.173469668146
0.1731716883
0.172770356961
0.172279283591
0.171701477196
0.171019395329
0.170150063806
0.168983413883
0.16762104262
0.166480188108
0.165939658123
0.166044808115
0.166636218158
0.167574949846
0.168825420632
0.170875862208
0.173116409228
0.145283722598
0.145294214845
0.145320983176
0.145353842619
0.145404423146
0.145470421959
0.145549846255
0.145636121255
0.145758614839
0.145903344282
0.146060755582
0.146225549193
0.146397834175
0.146583730153
0.146777212724
0.146987123934
0.147203637106
0.147430538501
0.147667412762
0.147918637624
0.148187947374
0.148479009786
0.148801567533
0.149184587979
0.149647524711
0.150163741127
0.150674104798
0.151184471317
0.151720375025
0.152272478463
0.152846600206
0.153454414735
0.15409523931
0.154766156906
0.155465661035
0.156192280538
0.156945394059
0.157726176417
0.158536590274
0.159377299885
0.160249421486
0.161153890703
0.162089051215
0.163049163753
0.164027165708
0.16502483864
0.166050430033
0.167096322673
0.168136926658
0.169166780881
0.170201363476
0.171255413692
0.172257584198
0.172545061449
0.172804768295
0.17303455483
0.173232911621
0.173396129716
0.17349398973
0.173503173788
0.17341385671
0.17323779512
0.172993196183
0.172671925371
0.172253640251
0.171730701222
0.171105115579
0.170374433669
0.169523833523
0.168529562049
0.167324753275
0.165967856657
0.164750892664
0.163934963057
0.163597232729
0.163706211271
0.16428128451
0.165454520469
0.167801915089
0.169812944502
0.144972649442
0.144981845494
0.145002983524
0.145040618779
0.145096213209
0.145163443206
0.145246293437
0.145336993373
0.145457240709
0.145608081828
0.145770843626
0.145939965809
0.146114881415
0.14630952601
0.146518012797
0.146734148067
0.146956195655
0.147191405081
0.147436893873
0.147694295621
0.147967708718
0.148260127501
0.148581931975
0.148959096987
0.149412051581
0.149928439001
0.150462380346
0.150986668494
0.151520592362
0.15207053432
0.152644809662
0.153258282216
0.153908251
0.154588833803
0.15530246475
0.156045305835
0.156814520233
0.157612982738
0.158442859746
0.159305183958
0.160200755244
0.161131015355
0.16209559623
0.16309025987
0.164109208852
0.16515399618
0.166229916448
0.167323901913
0.168417108047
0.169506955702
0.170611413205
0.171701792353
0.172014201034
0.172283958516
0.172530594764
0.17273517001
0.172885798514
0.172975082904
0.172986679007
0.17290470518
0.172722179617
0.172443036848
0.17207472361
0.171614588698
0.171051944649
0.170379030587
0.169592410831
0.168687033832
0.167652501456
0.166476844247
0.165144437132
0.163655719561
0.162158157005
0.160839921491
0.159758524399
0.158875556997
0.158128890672
0.15735609611
0.156118113807
0.153392728729
0.144642732564
0.144651765164
0.144671442592
0.144713600341
0.144769705585
0.144835947032
0.144917667729
0.145014544616
0.145132492761
0.145287127317
0.145454490885
0.145627937809
0.145806547393
0.146004593374
0.146226206997
0.146452517486
0.146682378497
0.146925632493
0.147180855089
0.147447421356
0.147728102911
0.148023249901
0.148345335687
0.148719142241
0.149162878891
0.149673084269
0.15021834693
0.150759588328
0.151294726957
0.151844528354
0.152425566873
0.153043087052
0.153700011756
0.154392154418
0.155120643685
0.155880230351
0.156667101591
0.157484730945
0.158335517395
0.159221017948
0.16014222053
0.16110087685
0.162099399145
0.163137800356
0.164207724342
0.165298549708
0.166414130091
0.16755467837
0.168717621899
0.16988313656
0.171083820487
0.171426334319
0.171705731295
0.171964443202
0.172180573943
0.172332680728
0.172410641472
0.172407414996
0.172312839502
0.172116871176
0.171814355029
0.171405786372
0.170893477134
0.170275499392
0.169545110405
0.168694919005
0.167718428634
0.166607980086
0.16535331828
0.163943658659
0.162378540455
0.160611558606
0.158656337089
0.156612584698
0.154461026103
0.1520382638
0.149066266307
0.145196213311
0.140311160499
0.139262869163
0.144290765235
0.144300268069
0.144321014526
0.144368021263
0.14442406456
0.144488602221
0.144566746897
0.144667752418
0.144781789776
0.144938603755
0.145110718817
0.14528877255
0.145472320506
0.145675171625
0.145905245258
0.146142105643
0.146381771138
0.146633806196
0.146897855208
0.147174609853
0.147465820368
0.147766248228
0.148089428556
0.148461898143
0.148898546667
0.149400471992
0.149947899547
0.150500925641
0.151048858716
0.151602178618
0.152188663056
0.152812733917
0.153474240466
0.154172285223
0.154912808528
0.155692292838
0.156500430558
0.157339591976
0.158212607941
0.159122522669
0.160071802884
0.16106308536
0.16210381473
0.163193964066
0.164310225502
0.165438351549
0.166593877633
0.167801675652
0.169087692547
0.170366402407
0.170757507203
0.1710604792
0.17133976264
0.171568923024
0.171727383303
0.17180244334
0.171785703481
0.171670869877
0.171451422624
0.171121285121
0.17067680425
0.170117012746
0.169441574136
0.168647777284
0.167729544526
0.166678705795
0.165485762447
0.164139050471
0.162623754538
0.160922029316
0.159015205393
0.156861900043
0.15434253032
0.151394310374
0.147890855672
0.143421535254
0.137132382858
0.127202179621
0.108461668105
0.0627340569678
0.143909224469
0.143919160625
0.143943106285
0.14399561343
0.144052514005
0.144116101885
0.144192982474
0.144295234092
0.144404838205
0.144561420273
0.144738017438
0.144920735057
0.145109400007
0.145317305615
0.145553928087
0.145800805848
0.146052655987
0.146314689294
0.146587014833
0.146873491823
0.147177364852
0.147486626673
0.147811453283
0.14818372934
0.148616251487
0.149109427017
0.149652289871
0.150206758172
0.150770797848
0.151341458307
0.15193242031
0.152558130619
0.153227642469
0.153937634748
0.154684598299
0.155478086359
0.156309213679
0.157172723705
0.158071737268
0.159008390436
0.159987295761
0.161018352376
0.162113278887
0.163256358143
0.164411356222
0.165576175732
0.166791410226
0.168115088558
0.169623235309
0.170043699333
0.170344292341
0.170652793878
0.170904471877
0.17107342687
0.171150614041
0.171126879294
0.17099500689
0.170750366578
0.170389164572
0.16990795113
0.169304176935
0.168576122399
0.167721678327
0.16673664224
0.16561375659
0.16434274253
0.162910270931
0.16129912939
0.159486858582
0.157444164356
0.155131977567
0.152501438043
0.149366266332
0.145463717277
0.140543790805
0.134015324819
0.12463939682
0.109993839759
0.0851913442691
0.0437986312052
0.143487603011
0.143497931241
0.143525054435
0.143583413742
0.143641150025
0.143707434776
0.143785145814
0.143887032355
0.143995772681
0.144153305505
0.144334533622
0.144521891407
0.14471557565
0.144928111467
0.145169610619
0.145424234961
0.145690496559
0.1459646982
0.146245980987
0.146541770259
0.1468584489
0.147181398573
0.147509760672
0.147881019341
0.148312158142
0.148798732133
0.149335373437
0.149886606579
0.150455446641
0.151047210562
0.151657269084
0.152288672259
0.152953397372
0.153670316901
0.154433792955
0.155241065839
0.156092070584
0.156980688492
0.157907345634
0.158874623653
0.159889982617
0.160973095888
0.1621281056
0.163319619226
0.164520425221
0.1657500512
0.167067764447
0.168430377466
0.169429912961
0.16970095381
0.169945885576
0.170198644624
0.170382277639
0.170464521119
0.170437235072
0.170293439884
0.170027790036
0.169637413523
0.169120431826
0.168475019806
0.167699232832
0.166790683681
0.165745678087
0.164558072722
0.163218361352
0.161713113938
0.160024308323
0.158128046689
0.155992432053
0.153574241746
0.150813192216
0.147620621578
0.143865507886
0.139175864819
0.13305885992
0.124948081023
0.113732712386
0.0975227361242
0.0730020257272
0.0391308509579
0.14301743993
0.143030082627
0.143058811869
0.143117427685
0.143179690176
0.143254506273
0.143337589772
0.143442694553
0.143558081897
0.14371271003
0.143898019402
0.144090166993
0.144289025285
0.144506067094
0.144751393633
0.145010036081
0.145287108153
0.145577238897
0.145870675742
0.14617752232
0.146505654152
0.146846031229
0.147186365575
0.14755400026
0.147983584791
0.148466265999
0.148997315662
0.14954561603
0.150112803478
0.150716194423
0.151347593396
0.151997393147
0.152666476648
0.153380771798
0.154150359001
0.154974528121
0.155847318268
0.156762430991
0.157717600563
0.158718743251
0.159783601751
0.16093055471
0.162144543673
0.163390923432
0.164669621727
0.166029083393
0.167439641857
0.168525219816
0.169006317899
0.169259008306
0.16947760181
0.169659848148
0.169750650978
0.169724576213
0.169573329639
0.169292088894
0.168877885815
0.16832956318
0.167646612667
0.166828147327
0.165872358635
0.164776024692
0.163533785623
0.162137238785
0.160574034221
0.158826989031
0.156872960168
0.154681096132
0.152210096099
0.149403933408
0.146184983008
0.142442552516
0.138016001028
0.132636877564
0.125735604582
0.116586588901
0.104343965161
0.0876562302506
0.0640972958638
0.0342733703887
0.142503960846
0.142520427578
0.142549679815
0.142602363738
0.142672309377
0.142756349129
0.142847966215
0.142960926874
0.143089415775
0.14324074561
0.143427349358
0.143623707103
0.143828033858
0.144050030893
0.144299726823
0.14456300385
0.144845339346
0.145149683494
0.145458586938
0.145779895214
0.146119752709
0.146477208177
0.146840008104
0.147215172282
0.147636253224
0.148113813837
0.148639337747
0.14918538051
0.149749181561
0.150355135352
0.15099900752
0.151672840031
0.152358963649
0.153074285715
0.153843783448
0.154675751955
0.155567620421
0.156511567416
0.157499771361
0.158544970854
0.159673336397
0.160889230471
0.162163867683
0.163478930296
0.164874240014
0.166352563615
0.167580078649
0.168101087488
0.168412881618
0.168711281213
0.168911409107
0.169008298823
0.168989573712
0.168838966103
0.168549066008
0.168117713132
0.167544626295
0.166830382294
0.16597550913
0.164979565302
0.16384046807
0.162553923767
0.161112764034
0.159506143528
0.157718625946
0.155729112553
0.15350942026
0.151022206335
0.14821786221
0.145029844378
0.141367596499
0.137105779212
0.132068232895
0.126006170582
0.118528491778
0.108922126959
0.0962750208625
0.0795578515708
0.0571088235483
0.0300246450135
0.141963221081
0.14198033087
0.142008859369
0.142054239238
0.142128662006
0.142217275282
0.142315216415
0.142433303931
0.142572164541
0.14272911272
0.142919187009
0.143120231679
0.14333061241
0.143558046389
0.143812769176
0.144082514817
0.144371295225
0.144686909745
0.145011435779
0.145351018771
0.145705827991
0.146077644478
0.146460145464
0.146857513973
0.1472857358
0.147756227121
0.148269616312
0.148810987574
0.149369773023
0.149972699215
0.150620270983
0.151307182828
0.152017041513
0.152746134471
0.153520070264
0.154353207122
0.155254030038
0.15622292373
0.157252278053
0.158356626548
0.159558757743
0.16084571207
0.162184805489
0.163577005112
0.165015730567
0.166214416931
0.167255339515
0.167626669661
0.167873078816
0.168107290396
0.168237393679
0.168233419226
0.168090580187
0.167801009554
0.167360885484
0.166770774485
0.166032738202
0.165148851648
0.164120341397
0.16294679494
0.161625500946
0.160150873919
0.158513832596
0.156701051997
0.154694046524
0.152468005495
0.149990219891
0.147217854534
0.144094739831
0.140546740589
0.136475076512
0.131746746791
0.126181062706
0.119531080134
0.111459893934
0.101509090903
0.0889193821382
0.0727809815601
0.0518241723679
0.0269312844236
0.141401801975
0.141417389124
0.141444040641
0.141487475245
0.141557882344
0.141645626381
0.141746178559
0.141865483894
0.142009894284
0.142174849734
0.142371368102
0.142577892792
0.142794838757
0.143027904776
0.143287677319
0.143564097693
0.143859829201
0.144185679763
0.144524227921
0.144881201824
0.14525661256
0.145644923683
0.146046467345
0.146457602691
0.146901382983
0.147385237121
0.147898491177
0.148428611425
0.148978760338
0.14957574442
0.150223791321
0.150912431424
0.151635627104
0.152381496017
0.153166736056
0.154007858243
0.154913648552
0.155900245817
0.156975445898
0.15815170419
0.159434005237
0.160793527885
0.162194495125
0.163593236983
0.164913205636
0.166020788948
0.166714188836
0.166995404174
0.167241280465
0.167413770747
0.167447384218
0.167325703069
0.167046333318
0.166607381139
0.166009578529
0.16525628042
0.164351471961
0.163298354028
0.162098496008
0.160751161331
0.159252730047
0.157596171541
0.155770472727
0.153759937156
0.151543285833
0.149092471859
0.146371072485
0.143332064278
0.139914725899
0.13604033799
0.131606256646
0.1264778479
0.12047774597
0.113371979111
0.10485275908
0.0945184302283
0.0818808314133
0.0662688008212
0.0466796942989
0.023883273709
0.140812952171
0.14083077735
0.140854089299
0.140901396359
0.140964573018
0.141048147148
0.14114816574
0.141267099
0.141413824551
0.141581623524
0.141784583816
0.141996423771
0.142219203259
0.142458013987
0.142723147599
0.143005037623
0.143305980838
0.143641474194
0.143993021867
0.14436336787
0.14475724882
0.145162323411
0.145588131906
0.146021361214
0.146473663522
0.146970231269
0.147502485792
0.148034754927
0.148575793614
0.149163537121
0.149812701596
0.150505070083
0.151232343771
0.151987638534
0.152780666767
0.153629005317
0.154542052533
0.155545385473
0.156668186666
0.157923572979
0.159288345865
0.160708812887
0.162143918561
0.16357139732
0.164757858853
0.165770797628
0.166101763154
0.166359308937
0.166553408999
0.16662402023
0.166537258533
0.166281470282
0.16585477089
0.165259537955
0.164500498589
0.163583473568
0.162513896186
0.161295633118
0.159930213296
0.158416268928
0.156749068139
0.154920067046
0.152916401722
0.15072024171
0.148307932619
0.145648844796
0.142703817449
0.139423051532
0.135743266427
0.131583897416
0.126842077941
0.121386147795
0.115047493919
0.107610731741
0.0988026038782
0.0882809566142
0.0756247642818
0.0603353976283
0.041715735987
0.0208764366765
0.140185479868
0.140204675511
0.140230639976
0.140280033513
0.140342388077
0.140423925452
0.140522582274
0.140640608129
0.140786940373
0.140953259317
0.141160641788
0.141377645649
0.141603938257
0.141848546797
0.142120455251
0.14240785582
0.142711862595
0.143052954004
0.143416782116
0.143797586633
0.144207057722
0.144630874373
0.145073698871
0.145537913214
0.146013695921
0.146522806809
0.147075482016
0.147625822949
0.148161767383
0.148737879533
0.149379745721
0.150077052469
0.150814444135
0.151579886116
0.152375183052
0.153224715072
0.15414050791
0.155157035806
0.156327737478
0.157666169698
0.15911332477
0.160565115778
0.161973878632
0.16330849666
0.164459390424
0.165193985985
0.165419889539
0.165633922782
0.165759306636
0.165718505892
0.165498901071
0.165097665726
0.164516701431
0.163762270561
0.162842332009
0.161764686042
0.160535728221
0.159159527809
0.157637208592
0.155966524913
0.154141515383
0.152152149487
0.149983893873
0.147617130109
0.145026358965
0.142179121344
0.139034551094
0.135541454849
0.131635795472
0.127237443972
0.122246072497
0.116536107937
0.109950789411
0.102295638535
0.0933320479808
0.0827730197717
0.0702806657509
0.0554974638059
0.0378654545583
0.0187223770032
0.139518345362
0.139535233358
0.139568797056
0.139619747827
0.139685761559
0.139768972073
0.139867361047
0.139985012537
0.14013018809
0.140292521228
0.140501524921
0.140724565269
0.140952694966
0.141200098442
0.141480526175
0.141775358903
0.142083405336
0.142424530766
0.142795459567
0.143186220858
0.14360652344
0.144051348151
0.144517570362
0.145003189524
0.145507529412
0.146036737569
0.146611915609
0.147195380505
0.147742541752
0.148307371931
0.148933070568
0.149626338998
0.150371520224
0.151153579089
0.151958651681
0.152805359521
0.153716149412
0.154735615338
0.155948788773
0.157371970302
0.158887101082
0.160387072913
0.161850469881
0.1630522003
0.164029190387
0.164471708173
0.164704397044
0.164850718485
0.164861741727
0.164691336352
0.164328570478
0.163774655887
0.163036335333
0.162123470958
0.161046458036
0.159814451496
0.158434292918
0.156909821207
0.155241444821
0.153425870412
0.151455881383
0.149320082629
0.147002545501
0.144482295955
0.141732593443
0.138719946657
0.135402804748
0.131729853037
0.127637835693
0.123048833803
0.117866955838
0.111974472299
0.105227570655
0.0974521938904
0.0884407629957
0.0779520434928
0.0657120824646
0.0514565996115
0.034724012466
0.0169765134599
0.138819069966
0.138835340383
0.138871576825
0.138924137867
0.138994182378
0.139080839376
0.139180008459
0.139298337675
0.13944431816
0.139602880881
0.1398098499
0.140039424756
0.140271099467
0.14051686477
0.140803133633
0.141106529172
0.141420755305
0.141761677052
0.142133492958
0.142529747991
0.142959020694
0.143411779034
0.143901592804
0.144412913839
0.144947543509
0.145502449109
0.146100252913
0.146725576418
0.147308224618
0.147876296624
0.148489051109
0.149164624025
0.149905688364
0.150700066639
0.151529995131
0.152383483281
0.153283176636
0.154285887914
0.155527264043
0.157025198398
0.158563256261
0.160062773934
0.161521564842
0.162888290181
0.163459721607
0.163633319417
0.163858207946
0.163950589444
0.163844575361
0.163535666533
0.163023708809
0.162314774757
0.161420263912
0.160353277666
0.159126056241
0.157748524623
0.156227485173
0.154566180911
0.152764078971
0.150816760955
0.148715824599
0.146448723329
0.143998488215
0.141343288078
0.1384557891
0.135302275464
0.131841488416
0.12802313535
0.123786020113
0.119055757678
0.113742074882
0.107735780893
0.100905640498
0.0930956685905
0.0841236318691
0.0737831461476
0.0618458772446
0.0481098412781
0.0321730344386
0.0155315820027
0.13809071173
0.138106641968
0.138142220033
0.13819733794
0.138269743105
0.138358914269
0.138458910219
0.138577067955
0.138728101073
0.138889942596
0.139088163608
0.139322315156
0.139560254937
0.139807308305
0.140090721334
0.140399665633
0.140720600437
0.141063821252
0.141437126385
0.141832648096
0.142270244611
0.142728607492
0.143221792729
0.143750509738
0.144309628732
0.144898536007
0.145525389542
0.146195397523
0.146843027589
0.147437853173
0.148051190592
0.148715354274
0.149443575208
0.150231265176
0.151075350744
0.151956935526
0.152862613785
0.153828883322
0.15505596511
0.156639007226
0.158237861491
0.159721887475
0.160992658839
0.161725637457
0.162619970607
0.162835036135
0.162949355524
0.162932613907
0.162702401282
0.162250731529
0.16158677392
0.160723804807
0.159677545735
0.158463598506
0.157095388841
0.15558304488
0.15393289443
0.152147299837
0.150224656385
0.148159440326
0.145942225087
0.143559606838
0.140993997753
0.138223256386
0.135220129911
0.131951482628
0.128377279533
0.124449287147
0.120109450942
0.115287920248
0.109900726803
0.103847204834
0.0970073806129
0.0892398480047
0.0803808534629
0.070247129031
0.0586378080603
0.045386500245
0.0301228503431
0.0143201891951
0.13733434855
0.13735032044
0.137385751025
0.137443909056
0.13751586213
0.137604463822
0.137705494489
0.137821546997
0.137974299277
0.138144418091
0.138333606567
0.138569601481
0.13881331571
0.139066382484
0.139343647755
0.139653026389
0.139978650135
0.140324977818
0.140703899592
0.141100243007
0.141536343077
0.142004557614
0.142497958918
0.14303094782
0.143602622551
0.144210387152
0.144863537047
0.145568189727
0.146298518956
0.146967927745
0.147599837913
0.148267061692
0.148988929902
0.149775473075
0.150617333997
0.151517015666
0.152456416477
0.153411307084
0.154541088248
0.156106643231
0.157850570806
0.159571164675
0.161078531537
0.161330826243
0.161501913685
0.161852331606
0.161951318555
0.16180803636
0.161437407195
0.160838377126
0.160022850676
0.159009852135
0.157818883643
0.156467294439
0.154968986933
0.153333747984
0.15156706755
0.149670237401
0.147640550589
0.145471491983
0.143152854135
0.140670736984
0.138007405292
0.13514098735
0.1320450019
0.128687696136
0.125031167075
0.121030224356
0.116630942316
0.111768850584
0.106366738664
0.100332119361
0.0935545240538
0.0859030993142
0.0772251604156
0.0673484649093
0.0560818416199
0.0432700512582
0.028550077464
0.0133320348848
0.136551430626
0.136567657273
0.136608605627
0.136667741393
0.136735406908
0.136821287522
0.13692326706
0.137038360267
0.137183696287
0.137356995529
0.13754204559
0.137777637483
0.138025310016
0.13828185484
0.138555987441
0.13886453551
0.139190188534
0.139538340262
0.139922994589
0.14032605343
0.140757081501
0.141227464638
0.141723981314
0.142260300226
0.142834474263
0.143447377664
0.14411009194
0.144829205875
0.145607571736
0.146394726277
0.147104592548
0.147795224468
0.148524707602
0.149309557805
0.150161590621
0.15107582244
0.152049382817
0.153063519551
0.154116562772
0.15541839357
0.157057001933
0.15865173905
0.160090978187
0.160755928828
0.160703111529
0.160832312915
0.160837364337
0.160570833525
0.16005349892
0.159303507488
0.158338958175
0.157182437502
0.155855845037
0.154377444225
0.152760949847
0.151015329685
0.149144963062
0.147149981965
0.145026643357
0.142767637997
0.140362287272
0.137796604469
0.135053210831
0.132111104046
0.128945276428
0.125526169523
0.12181893099
0.117782413637
0.113367831425
0.108516974373
0.103159889929
0.0972119887543
0.09057062838
0.0831115374406
0.0746856054396
0.0651190454425
0.0542115983207
0.0417926061308
0.027479244724
0.0125849120965
0.135742260648
0.135759843036
0.13580600119
0.135861410659
0.13592535124
0.136009642851
0.136112314933
0.136227861273
0.13636528986
0.136536305328
0.136717045091
0.136947692638
0.137198906765
0.137454418533
0.137726189878
0.13803677515
0.138360370624
0.13870434712
0.139091502079
0.139498733523
0.139928971929
0.140399377473
0.140893407257
0.141434063054
0.14200985573
0.142624612481
0.143281893966
0.143997225834
0.144775479499
0.14562279192
0.146472623616
0.147251640494
0.148022212252
0.14882723133
0.149690154609
0.150622363745
0.151628510772
0.152705484703
0.153823350663
0.155027047334
0.156405682107
0.15769238489
0.158364036304
0.159567232925
0.15976064817
0.159760978964
0.159616734681
0.159214600232
0.158550914907
0.157651646588
0.156543300099
0.155251759798
0.153800117416
0.152206672751
0.150484364439
0.148640971166
0.146679595157
0.144599218207
0.142395211948
0.140059736011
0.137581995925
0.134948355369
0.13214230958
0.129144331664
0.125931597682
0.12247757539
0.118751426477
0.11471712866
0.110332181793
0.105545727842
0.100295894267
0.0945061833002
0.0880807663464
0.0808988344374
0.0728081844241
0.0636210675479
0.0531074721708
0.0410463793226
0.0269957731741
0.0121288577134
0.134904407104
0.134922326363
0.134959483611
0.135015058423
0.135081957106
0.135167184818
0.135270325506
0.135385279632
0.13551934381
0.135687386321
0.13586741774
0.13608498332
0.136340516336
0.136596042875
0.136863307557
0.137174177887
0.137501228547
0.137840469076
0.138219480118
0.138626356874
0.139052710181
0.139525799766
0.140018283105
0.140548985312
0.141122461495
0.14173902695
0.142392013036
0.143095917979
0.143859270892
0.144691848349
0.145596473861
0.146514962836
0.147392396143
0.148262918734
0.149162081896
0.150118292339
0.151148770436
0.152268683071
0.153479432668
0.154835959227
0.156296144842
0.157628312716
0.157994905283
0.1582131464
0.158593785522
0.158595017286
0.1583005685
0.157745884873
0.156933870633
0.155889613013
0.154644872318
0.153228198333
0.151662950136
0.149966632679
0.148150887869
0.146222043224
0.144181862951
0.142028275653
0.139755984073
0.137356922679
0.134820558345
0.132134046791
0.12928226836
0.126247769253
0.1230106208
0.119548174075
0.115834633011
0.111840306828
0.107530340831
0.102862668761
0.0977848705018
0.0922295756247
0.0861079778142
0.0793012750107
0.0716495329778
0.0629409585805
0.0528963244603
0.0412012537802
0.0272984084566
0.0120959220018
0.134040155479
0.134057179985
0.134086171238
0.134142431337
0.134213026372
0.134297598658
0.13439832933
0.134511061191
0.134641085181
0.134806508141
0.134991232653
0.13519439554
0.13545111783
0.135712967624
0.135980057322
0.136279890517
0.136610297553
0.13695028945
0.137316252015
0.137721451179
0.138142078869
0.138604454317
0.139099852656
0.139618059121
0.140182488711
0.140786917058
0.141436441425
0.142130184103
0.14287632141
0.143686719318
0.14456227752
0.145511365717
0.146489597398
0.147465507904
0.148440362919
0.149447699608
0.150508481156
0.151642112072
0.152861676763
0.15427198657
0.155854113868
0.156941451861
0.157455667334
0.157298965659
0.157414367411
0.157317564054
0.156882591527
0.156170076124
0.155207984367
0.154024302899
0.152652329778
0.151121514461
0.149454588729
0.147667594543
0.145770479278
0.143767972707
0.141660539009
0.139445222395
0.1371163168
0.134665856052
0.132083942942
0.129358948222
0.126477620843
0.123425150944
0.120185202814
0.116739880355
0.113069512433
0.109152065643
0.104961918226
0.100467652566
0.0956284158588
0.0903882491201
0.084667486559
0.0783503561889
0.0712668928129
0.0631725033577
0.053717473854
0.042452231214
0.0286731252965
0.012718224051
0.133155032068
0.133172707906
0.133207825702
0.133259564077
0.133325969679
0.133405683405
0.133501248311
0.133611578599
0.133736901571
0.133896234504
0.134083634041
0.134277218914
0.134525689146
0.134797172486
0.135067266206
0.13535335545
0.135682858048
0.13602178713
0.136376330134
0.136777252438
0.13719687222
0.137643081684
0.13813219731
0.138639551142
0.139194447372
0.139783370784
0.140422608798
0.141103109387
0.141831964005
0.142620837605
0.14346919286
0.14438023904
0.145357816938
0.146382810703
0.147432268396
0.148502539637
0.14960810602
0.150758300498
0.151957293111
0.153207982678
0.154520346104
0.155546289029
0.156349026003
0.156229700132
0.156156950563
0.155916641434
0.155344766895
0.154482711188
0.153376493075
0.152061933364
0.150573548787
0.148940436314
0.147183959669
0.145318244591
0.143351312434
0.141286266669
0.139122392648
0.136856068983
0.13448146064
0.131991019725
0.129375833636
0.126625870058
0.123730180286
0.12067711916
0.117454599577
0.114050320311
0.110451810383
0.106646047929
0.102618344214
0.0983501097983
0.093814972011
0.0889724327829
0.083757570033
0.0780646167719
0.0717191425399
0.0644390303229
0.0557619069764
0.0450110575229
0.0312433221304
0.0138383829189
0.132248772624
0.132266168532
0.132304886946
0.132353884947
0.13241385582
0.132490525422
0.132583176961
0.132692372413
0.132815254007
0.132965530801
0.133151525439
0.133346310197
0.133571875794
0.133848432035
0.134121157786
0.134399458775
0.134721196173
0.135061306161
0.135409071416
0.135795364761
0.136210759447
0.136643774347
0.137124642976
0.137624984177
0.138161341872
0.1387389352
0.139358123964
0.140023716959
0.140734479869
0.141498833534
0.14232684665
0.143212030983
0.14416395071
0.145180194265
0.146258939189
0.147381736668
0.148545166978
0.149745517056
0.150963706363
0.152131926405
0.153099548148
0.153238860417
0.154709127805
0.154916281247
0.154778573745
0.154398513723
0.153690310581
0.152686720999
0.151444901715
0.150009347031
0.14841598038
0.146692630086
0.144858571304
0.142925646009
0.140899829279
0.138782656358
0.136572409676
0.134265045221
0.131854875201
0.129335062228
0.126697981343
0.123935518411
0.121039389887
0.118001559574
0.114814762794
0.111473038562
0.107972061193
0.104308993233
0.100481557701
0.0964860039915
0.0923135271788
0.0879444029488
0.0833381881774
0.0784170414346
0.0730332491336
0.0669121292233
0.059503505246
0.0498114057915
0.0359669569435
0.0150718606842
0.131321103013
0.131335536385
0.131366995853
0.13141072572
0.131473551211
0.131552670684
0.131646148433
0.131755191405
0.131875315885
0.132016035236
0.132194879955
0.132396547912
0.132602662146
0.132867242393
0.133149896915
0.133426899443
0.13372978254
0.134071163354
0.13441776491
0.134784185422
0.135193615545
0.135616160877
0.136077732247
0.136574317937
0.137088492485
0.137654375403
0.138254064264
0.138902073373
0.139593821981
0.140336318921
0.141142653599
0.142010981488
0.142947778075
0.143957596808
0.145045550231
0.146211472137
0.147448855218
0.14875646963
0.150120454337
0.151470790566
0.152653612813
0.152964815416
0.153236598383
0.153550050817
0.15335593017
0.152806095837
0.151938499267
0.150790478354
0.149419388218
0.14787271021
0.146185908188
0.144384325362
0.142484367296
0.140495256726
0.138420878124
0.136261320634
0.134014073983
0.131674919255
0.129238571514
0.126699154545
0.124050574706
0.12128688255
0.118402735322
0.115394050437
0.112258836353
0.10899804022
0.105616140783
0.102121190037
0.0985240662837
0.0948367778914
0.0910696671039
0.0872272623177
0.0833019083558
0.0792637953897
0.0750406308066
0.0704822518012
0.0652335925365
0.0585662078585
0.0478155801227
0.0246569712461
0.130376949181
0.130389081669
0.130413428098
0.130447019549
0.130516588169
0.130599674976
0.1306943199
0.130802514408
0.130919539418
0.131052221346
0.131219921995
0.131421045953
0.131628720707
0.131864557706
0.132150737009
0.132434109234
0.132720901156
0.133051585522
0.133399055954
0.133751119705
0.13414522028
0.134563418369
0.135000263265
0.135484475384
0.135987581938
0.136528175206
0.137113210562
0.137740791171
0.138413711455
0.139135557243
0.139918438213
0.140769460645
0.141692759577
0.142697129455
0.143790080188
0.144980237855
0.1462776584
0.147683658309
0.14921313682
0.150874084986
0.152105552364
0.152441828345
0.15224022726
0.152257364266
0.151870948826
0.151129630364
0.150088653667
0.14879431681
0.147301615552
0.145655248296
0.143887480453
0.142019977442
0.14006569773
0.138031067092
0.135917948771
0.133725178348
0.131449691915
0.129087339272
0.126633464566
0.124083354706
0.121432625245
0.118677657069
0.115816229949
0.112848449067
0.109777898118
0.106612763576
0.103366580761
0.100058301917
0.0967115543243
0.0933531414856
0.0900109864691
0.0867118551543
0.0834790247438
0.080330971802
0.077279341721
0.0743372728181
0.0715056339264
0.0689268652419
0.0664321379708
0.0673175526154
0.129420027453
0.129433444189
0.129462208371
0.129498068287
0.129559202302
0.129640508073
0.129734056418
0.129839764839
0.129955216137
0.130081926745
0.13023449268
0.130425465449
0.130641133817
0.130859510421
0.131123715001
0.131416790024
0.131700570344
0.132004811348
0.132352630659
0.132700390853
0.133068128048
0.133480971368
0.133904568079
0.134365136028
0.134859776514
0.135375979174
0.135938057289
0.136541257555
0.137190905062
0.137888737441
0.138645720059
0.139473546282
0.140375894503
0.141364072717
0.142452310781
0.143648134781
0.144967338011
0.146419613631
0.14804201699
0.149770192537
0.150984923482
0.151508086316
0.151111176128
0.150880702588
0.150260603725
0.149326184102
0.148119762157
0.146689493985
0.145088705128
0.143357351768
0.141522842016
0.139602476125
0.137605594623
0.135535917732
0.133393513789
0.131176238687
0.128880742885
0.126503181585
0.124039722683
0.121486968805
0.118842357656
0.116104688083
0.113274956432
0.110357587288
0.107361896439
0.104303394157
0.101204490423
0.0980943175472
0.0950076679949
0.0919832940773
0.0890620217353
0.0862853440393
0.0836950706808
0.0813362282417
0.0792624948368
0.0775595590257
0.0763492315072
0.0759391565349
0.076516346161
0.0801721946294
0.128451297575
0.128466413254
0.128499450467
0.128550936048
0.12860067847
0.128678557509
0.12877031202
0.128873498605
0.128988156572
0.129108678373
0.129246055941
0.12941818524
0.129626031117
0.129847245856
0.130082826797
0.130369452039
0.130664627245
0.130952899612
0.131281592801
0.131631708089
0.131982774855
0.132374565615
0.132792341552
0.133229723393
0.133702921107
0.134201832539
0.134733988544
0.135311452797
0.135928714236
0.136594407329
0.137319791178
0.138111736487
0.138979509633
0.139934380103
0.140994597494
0.142174477983
0.143491238045
0.144950185728
0.146598713281
0.148254431739
0.148920237357
0.149998082268
0.149614932665
0.149271925835
0.14845944755
0.147356437094
0.146008995764
0.144464889211
0.14277616937
0.140978173881
0.139093092845
0.137133811967
0.135106306988
0.133011965018
0.130849447821
0.128615985237
0.126308235898
0.123922889049
0.121457100509
0.118908896003
0.116277589988
0.113564420264
0.110773625162
0.107914005081
0.105000652038
0.102056277676
0.0991116189539
0.096204690337
0.0933790406392
0.090681413563
0.0881593897029
0.0858596519934
0.0838271537541
0.0821074230095
0.0807501275298
0.0798306090154
0.079441402313
0.0798530446005
0.0812145557221
0.0843619233191
0.127478241254
0.127492831676
0.12752175509
0.127584347544
0.127640180119
0.127715689282
0.127805623176
0.127906081555
0.128018206394
0.12813441768
0.128261704007
0.12841146965
0.128600657764
0.128820468456
0.129047557501
0.12930079644
0.129599917362
0.129896990395
0.130198794761
0.130541554527
0.130892196054
0.131256605245
0.131658075553
0.132077466631
0.13252481998
0.133002026682
0.133507191416
0.134050559555
0.134634073733
0.135261882964
0.135940335157
0.136681426406
0.137494948051
0.138394956971
0.13939994398
0.140532062771
0.141817345968
0.143290184955
0.14506636159
0.147195768913
0.147626791565
0.148195170363
0.147806742043
0.147405737115
0.146437866537
0.14519598996
0.143739618924
0.142111595676
0.140360496482
0.138517312953
0.136599463526
0.134615935591
0.132569964283
0.130461216977
0.128287474647
0.126045758862
0.123733047499
0.121346781682
0.118885240874
0.116347942354
0.113736083941
0.111053314322
0.108307099834
0.105510638767
0.102684781157
0.0998591772198
0.0970720912563
0.0943687726451
0.0917987575435
0.089412635993
0.0872589568692
0.0853816792031
0.0838178183122
0.0825971076278
0.0817374846824
0.0812499673434
0.0811070711508
0.0814710552207
0.0822489548944
0.0837995012034
0.126508236838
0.126522432744
0.126550768369
0.126612507257
0.126685733819
0.126755133397
0.126840144905
0.126935859122
0.127042838778
0.127158119311
0.127279405069
0.127415394783
0.127580120027
0.127783670981
0.128013421581
0.128246102681
0.128518685497
0.128820641225
0.129115476921
0.12943267606
0.129779142795
0.130130593857
0.130505927479
0.130907705919
0.131330537557
0.1317780845
0.132255003849
0.132761727637
0.133308010682
0.133890222263
0.134512224469
0.135188960544
0.135926112687
0.136740825217
0.137648897025
0.138679954465
0.139866809553
0.141242849312
0.142895284551
0.144869124141
0.146378645889
0.146407852465
0.145699386706
0.145223817641
0.14415810222
0.142823247664
0.141299689948
0.139624618468
0.137841044244
0.135976368252
0.134044510498
0.13205165741
0.129999259223
0.127886062874
0.125709588237
0.123467102703
0.121156215775
0.11877532148
0.116323930522
0.113803087959
0.111215845007
0.108568205394
0.105870844841
0.103141393751
0.100406432971
0.0977022154419
0.0950735904965
0.0925712432811
0.0902479052909
0.0881542009833
0.0863349767697
0.084826259336
0.0836525480894
0.0828269841791
0.0823411904215
0.0821563171785
0.0821503724621
0.0822813372423
0.0817690997682
0.0824576303862
0.125533226766
0.125546364919
0.125577105351
0.125625403318
0.125705132997
0.125781802405
0.125867792725
0.125959834043
0.126061571854
0.126175894987
0.126293400563
0.126423628502
0.126568041706
0.126747563607
0.126965626433
0.127202859872
0.127449151141
0.127734188284
0.128032228545
0.128331362133
0.128650971329
0.128995566787
0.129351021254
0.129726592665
0.13012469439
0.130544976053
0.130986096075
0.131455087062
0.131950258681
0.132474536949
0.133027663673
0.133623201282
0.134265846464
0.134964772472
0.135734502558
0.136601731933
0.137599624613
0.138744535572
0.140072371956
0.141755944748
0.143396882921
0.144008489203
0.143120758971
0.142639938977
0.141581133639
0.140225700483
0.138687355293
0.137006725356
0.13522261911
0.133360657889
0.131433290618
0.12944547229
0.127398043184
0.125289715644
0.123118391859
0.120882031656
0.118579165617
0.116209313907
0.113773295818
0.111273693419
0.108715355629
0.106106579433
0.10346126246
0.100801556559
0.0981597799839
0.0955784292304
0.0931079377062
0.0908026258438
0.0887158309611
0.0868949585252
0.0853775049936
0.0841876530458
0.0833342217363
0.082813778728
0.082601903993
0.0826829671351
0.0830699889984
0.083712842174
0.0822663006624
0.0831296885633
0.124541302904
0.124549995893
0.124575718
0.124609214153
0.124681497903
0.124778641732
0.124878325532
0.124972144013
0.125071696217
0.125183315916
0.125302642959
0.125426511164
0.125565942218
0.12572208698
0.125916201499
0.126147818369
0.12639109866
0.126650067444
0.126938875704
0.127237098687
0.12753614505
0.127852643526
0.128194134467
0.128545361303
0.128914434022
0.129303048797
0.129706224268
0.130125412279
0.130560910839
0.131014644637
0.131489061477
0.131990385644
0.132524902345
0.133089853558
0.13369499248
0.134359889271
0.135093687024
0.135919244183
0.136895383774
0.138057173604
0.139739640775
0.140978557959
0.140087227285
0.139657122262
0.138712693
0.137418864153
0.135919705525
0.134272931354
0.132517814856
0.13068051818
0.128774151457
0.126804079977
0.124771689329
0.122676477263
0.120517299593
0.118293192671
0.116003844194
0.113650032389
0.111233927722
0.108759635867
0.106233730771
0.103666756213
0.101075907864
0.0984880349008
0.0959412515063
0.0934839279116
0.0911710558869
0.0890588779047
0.0871991269833
0.0856336114952
0.084390409723
0.0834800309934
0.0828935650595
0.0826017526043
0.0825382117196
0.0826798987101
0.0830114687036
0.0835301673035
0.0856981513838
0.0840240464483
0.123538582211
0.12353984672
0.12355402773
0.123582977704
0.123641943432
0.123741349026
0.123856197353
0.123962846312
0.124068973347
0.124181849122
0.124305894054
0.124431658387
0.1245709039
0.12471961321
0.124891144871
0.125095988014
0.125336408739
0.125584676432
0.125849582435
0.126137352193
0.126432703354
0.126727695032
0.127038033046
0.127368400586
0.127708296422
0.128056640523
0.128414945081
0.12877907694
0.129154843354
0.129537103397
0.129933880405
0.130336478351
0.130749863496
0.131172976525
0.131610011434
0.132051626752
0.132489499324
0.132953180865
0.133493015039
0.134163345304
0.135098966161
0.137262360894
0.136738416469
0.136392093587
0.13562201567
0.134453279875
0.13303527054
0.131451444507
0.129747266873
0.127951310994
0.126078704425
0.124136378881
0.122127107019
0.120051764072
0.117910566455
0.115703897093
0.113432756381
0.11109925921
0.108706931275
0.106261369907
0.103770791925
0.101247977427
0.0987135887848
0.0961994516272
0.0937495748044
0.0914177837811
0.0892625237504
0.0873402590423
0.0856991779889
0.084373894736
0.083382835485
0.0827250149127
0.0823810296406
0.0823055855972
0.0824041126869
0.0825889630167
0.0825118953278
0.082800895063
0.0835483796668
0.0832536816024
0.122542884784
0.122537238497
0.122543387213
0.12256954909
0.122615079831
0.122693239703
0.122806052122
0.122935246721
0.123056209564
0.123177570123
0.123305589209
0.123440559942
0.123576022587
0.123729274243
0.123891111993
0.124076258918
0.124289336881
0.12453232099
0.124783371558
0.125047509187
0.125329267733
0.125616991865
0.125904620847
0.12620224609
0.12651118073
0.126821195066
0.127130689922
0.127445625243
0.127759278262
0.128074062972
0.128379794381
0.128678800225
0.128971699358
0.129262451896
0.129545470994
0.129802329935
0.130026407939
0.130205715663
0.130203025274
0.130495621781
0.129267249372
0.13284437769
0.133292176108
0.13307096673
0.132442569123
0.131408112927
0.130086935022
0.128578924106
0.126936832177
0.125191758059
0.123360844334
0.121452890511
0.11947239762
0.117421894084
0.115303151524
0.113118030135
0.110868904079
0.108559246012
0.106193901147
0.103779914033
0.101327058765
0.0988503994774
0.0963743537116
0.0939361148588
0.0915857026639
0.0893818806031
0.0873852733769
0.0856506715739
0.0842205511764
0.0831204700986
0.0823586026019
0.0819237156194
0.0817936124263
0.0819357038001
0.0823414016174
0.0829321842931
0.0824410713313
0.0826160240642
0.0826554561818
0.0825272027273
0.12156218742
0.121554401516
0.121558587542
0.12157841125
0.121615670095
0.121674093929
0.121770257525
0.121909253571
0.122045210018
0.122176864488
0.12231033815
0.122450983758
0.122592278266
0.122740836562
0.122904848663
0.123075932437
0.123267637113
0.123485924465
0.123730663122
0.123980803096
0.124242997472
0.124510337418
0.124787353855
0.125057608754
0.125329348707
0.125602013933
0.125870443728
0.126131907588
0.126383376438
0.126615870282
0.126828405267
0.127031983345
0.127217357343
0.127382254319
0.127516652703
0.127614830758
0.127658820778
0.127602757784
0.126842513887
0.128334363918
0.12865821191
0.128761616346
0.12987174635
0.129865276695
0.129306316674
0.128361938281
0.127125491509
0.125691293051
0.124112692798
0.122421285206
0.120635238232
0.118764857575
0.116816290243
0.114793715507
0.112700461674
0.110539866452
0.108315648487
0.106032606545
0.103696832733
0.10131676941
0.0989036629748
0.0964749898029
0.0940593537445
0.0916998206835
0.0894525429069
0.0873806214285
0.0855454880481
0.0839982379791
0.0827731042486
0.0818836574338
0.0813242881717
0.0810684159982
0.081087945232
0.0813479722955
0.0818460020348
0.0824478742363
0.0836610375166
0.0823397913222
0.0819867204416
0.0818274436369
0.120591531729
0.120591090895
0.1205960387
0.120612346362
0.12064213922
0.120689322609
0.120765048606
0.120893162169
0.121042817935
0.121185317473
0.12132638354
0.121470182537
0.121620702119
0.121770134748
0.121931253573
0.12209463732
0.122270742374
0.122472790927
0.122692897632
0.122930448086
0.123181690348
0.123431593204
0.123680734257
0.12392969132
0.124168148328
0.124400844237
0.124626577242
0.124831842003
0.125013145782
0.125167198291
0.125307433908
0.125416266531
0.125487957519
0.125515894078
0.125494477065
0.125426993802
0.125303279211
0.125199710985
0.123727218867
0.125486116265
0.127355371267
0.126514794963
0.126865530651
0.126800649478
0.126252374291
0.125357751092
0.124186393655
0.122817253377
0.121297795065
0.119657959636
0.117916041275
0.116083393144
0.114167552242
0.112174183878
0.110108038091
0.107973830875
0.105776520718
0.103522160176
0.101217983402
0.0988737855188
0.0965022004603
0.0941233451201
0.0917705880443
0.0894934511154
0.0873542977424
0.0854199068965
0.0837512863984
0.0823943537945
0.0813735653539
0.080688347104
0.0803137496956
0.0801974040053
0.0803033272013
0.0805910482233
0.0810723175778
0.0816853200305
0.0817564614694
0.0813636688608
0.0811686681987
0.081073841379
0.119637879449
0.119647955847
0.119655481804
0.119670857288
0.119696027151
0.119735236939
0.119798548973
0.119897313415
0.120047017566
0.120204134279
0.12035583299
0.120506169708
0.120658888984
0.120815649182
0.120969131357
0.121138134371
0.121307817376
0.121496076587
0.121697076224
0.121913353807
0.122142223067
0.122381050784
0.122603968275
0.122821636301
0.123028173664
0.123224238736
0.123400209543
0.123549818915
0.123667314159
0.123764596854
0.123823898608
0.123830033937
0.123779540305
0.123664254344
0.123481543665
0.1232490102
0.123010824237
0.123195252758
0.121300503722
0.122069562532
0.123869444031
0.123738931317
0.123896410319
0.123786051935
0.123258602533
0.122409785521
0.121293030287
0.119979426154
0.118511616858
0.116917806351
0.115216178846
0.113418853891
0.111534477497
0.109569954256
0.107531232118
0.105424237251
0.103255005616
0.101030745272
0.0987597009901
0.0964529907846
0.0941245479176
0.0917974779848
0.089510622967
0.0873205324881
0.0852956538939
0.0835055180239
0.0820094462285
0.0808474047526
0.0800349544102
0.0795605008069
0.0793836570879
0.0794287029524
0.0796276851182
0.0798373031383
0.0803136895081
0.0805304672419
0.0805700930732
0.080433483979
0.0803428593262
0.080297393166
0.118716078113
0.118726176056
0.118735968435
0.118749764441
0.118772859629
0.118807106905
0.118861919519
0.11894326859
0.119066563
0.1192331569
0.119400504933
0.119560558768
0.119717915732
0.119876734964
0.120033946656
0.120197585232
0.120373780183
0.120546396243
0.12073606182
0.120934174273
0.121140763401
0.121353745888
0.121556317077
0.121743183159
0.121916896057
0.122074204053
0.122206687484
0.122304157311
0.122374691805
0.122404181857
0.1223746085
0.122280239416
0.122111217047
0.121855637782
0.121506910429
0.121085355001
0.120639222319
0.120562714161
0.118817771183
0.118667957973
0.119832678765
0.120495404447
0.120865526556
0.120832251045
0.120347812638
0.119542377094
0.118468818852
0.117198134252
0.115771053859
0.114214652726
0.112546887706
0.110780347166
0.108924444356
0.106987008517
0.104974895843
0.102895029884
0.100754319324
0.0985610201094
0.0963242343072
0.094056401849
0.0917726579833
0.08949959567
0.0872823520932
0.0851849773847
0.0832815056675
0.0816427003041
0.0803241133177
0.0793578444813
0.0787503435524
0.0784835999814
0.0785213752876
0.0788145893577
0.0792695818306
0.0792707154683
0.0795339933877
0.0795624158296
0.0795747386443
0.0795380016541
0.0795067973101
0.0794893739477
0.117825524776
0.117825911998
0.117835317825
0.117847700699
0.117869475103
0.117902086965
0.117947903144
0.118021265668
0.118128275234
0.118276340417
0.118459251038
0.1186341313
0.118800484803
0.118964144119
0.119129021404
0.119291356786
0.119458142289
0.119630053872
0.11980557823
0.119990307181
0.120175505436
0.120361751135
0.120538890448
0.120698783369
0.120841316675
0.120959520549
0.121048990687
0.121105077901
0.1211190143
0.121075126788
0.120966992427
0.120783569328
0.120510794833
0.120132752102
0.119635187203
0.119016883392
0.118251226738
0.117556760712
0.116295699206
0.116173415922
0.116473103204
0.117476187436
0.118020769562
0.11804956673
0.117576833686
0.116788423855
0.115736556079
0.114490764325
0.113089846295
0.111559571268
0.109917192756
0.108175268546
0.10634352247
0.104430326109
0.102443105535
0.100389546448
0.098277198537
0.096115267096
0.0939135402525
0.0916858237358
0.0894483378055
0.0872318504748
0.0850887065248
0.0830907872246
0.0813168925684
0.0798371366803
0.0787006096788
0.077927623034
0.0775099503366
0.0774168313029
0.0776103820123
0.0780325291596
0.0785840403405
0.0795125513468
0.0788116853661
0.0786719843403
0.0786425941108
0.0786382818929
0.0786377907062
0.0786321221379
0.116955621887
0.1169476176
0.11695370249
0.116968133085
0.116991521518
0.117026219458
0.117072409416
0.117134411919
0.117234596532
0.117359687571
0.117528363438
0.117721088301
0.117902847635
0.118077397657
0.11824761391
0.118416680841
0.118579652628
0.118745032609
0.118913548119
0.119081747668
0.119245839408
0.119405516819
0.119557678006
0.11969240424
0.119801237625
0.11988146657
0.119928454781
0.11993671535
0.119891483386
0.119786731624
0.119612960741
0.119357391638
0.11900509462
0.118538736583
0.117932956933
0.11714496435
0.116071230303
0.114990328824
0.113955911313
0.114439491283
0.114538275661
0.115104438069
0.11550479183
0.115500897121
0.114983952064
0.114171660613
0.113112218556
0.111869211044
0.11047733894
0.108960147891
0.107333392245
0.105608904685
0.103796153728
0.101903621155
0.0999389379711
0.0979103202587
0.0958257163172
0.0936952136445
0.0915291003246
0.0893426572721
0.0871530361107
0.0849960949306
0.0829323090043
0.0810414458085
0.0794059017442
0.0780933432422
0.0771447382126
0.0765670368098
0.0763351509086
0.0763964487371
0.0766788570554
0.0770899814039
0.0777769117176
0.077874556039
0.0777159899789
0.0776695901364
0.0776771041131
0.0777009114723
0.0777199095956
0.0777248614895
0.11609678876
0.116088294529
0.116094798055
0.1161185779
0.116150947052
0.116192173517
0.116242469142
0.1163019334
0.116383477524
0.116501400655
0.116639080079
0.116821616436
0.117015617623
0.117207960003
0.117390138995
0.117564732485
0.117734610042
0.117894233907
0.1180519161
0.118204528202
0.118349905207
0.118487457366
0.118613939325
0.118719054403
0.1187938656
0.118835161186
0.118838654497
0.118797195549
0.118701458174
0.118544685613
0.118317161779
0.118008103448
0.117605348535
0.117090308539
0.116423013697
0.115544191957
0.114370145874
0.113111048669
0.112292503235
0.112303361465
0.112754562894
0.113170687411
0.113303733394
0.113187810102
0.112578614138
0.111701329836
0.110602425211
0.109338420227
0.107937586126
0.106419920172
0.104798683551
0.103084164795
0.101284946282
0.0994091729439
0.0974643205247
0.0954589376496
0.093401136784
0.0913018781182
0.0891717515471
0.0870277173609
0.0848876542559
0.0827937180628
0.0808153463288
0.0790397587323
0.0775509889744
0.0764115314179
0.0756522246851
0.0752692589407
0.0752337922003
0.0754827006799
0.0758931438626
0.0762570715823
0.0765711740649
0.0766288620518
0.0766119602783
0.076627731662
0.0766711642003
0.076718475332
0.0767508384634
0.0767699609626
0.115267873883
0.115258660152
0.115280396873
0.115320281427
0.115367060991
0.115416861679
0.115470055158
0.115528047043
0.115593306127
0.11569648014
0.115819185963
0.115966638266
0.116139167585
0.116352426843
0.116551235028
0.116738783559
0.116911863192
0.117073430825
0.117220798317
0.117358875783
0.117485934357
0.117600759071
0.117701201307
0.117774501935
0.117814752026
0.117818387585
0.117779415521
0.117692480729
0.117550799442
0.117348591197
0.117079216722
0.116734963815
0.116307542456
0.115775149347
0.115095447449
0.114235699799
0.113114694216
0.111554867473
0.111415767447
0.109890572177
0.110911208717
0.111560381958
0.111424908023
0.111114160767
0.110358333392
0.109374335255
0.108203854163
0.106895599675
0.105468783958
0.103938051034
0.102312994256
0.100601492402
0.0988106188445
0.0969477764675
0.0950199732723
0.0930359636982
0.0910038176622
0.0889354459963
0.0868415288782
0.0847410410089
0.0826523187313
0.0806254278264
0.0787394898775
0.0770883637929
0.0757551041659
0.0747926539435
0.0742157558291
0.0740055800902
0.0741306498851
0.0745200668605
0.075057421479
0.0758216173984
0.0754994442163
0.0754748203101
0.0754898065177
0.0755362221297
0.0756001422307
0.0756655209976
0.0757034163761
0.0757298047365
0.114520776453
0.114523695544
0.114555567354
0.114605046234
0.114661333489
0.114715344456
0.114766540019
0.114817286323
0.114870007874
0.114937810731
0.115050888608
0.11519001525
0.115346088937
0.115526530687
0.115731136318
0.115932692352
0.116115431486
0.116275588981
0.11642147947
0.116544790498
0.116653340853
0.116746082006
0.116818135652
0.116859977944
0.116866096835
0.116831978439
0.116752498974
0.116622252136
0.116437441121
0.11619474241
0.115890725522
0.115520912896
0.115082425608
0.114553690825
0.113927731171
0.113177653616
0.11221117177
0.110608701578
0.111421128214
0.109620842076
0.109734605996
0.110390097431
0.109892281728
0.109272935827
0.108303323177
0.107171821734
0.105901301464
0.104529344247
0.103062980488
0.101509335334
0.0998731157188
0.098159026412
0.0963721406358
0.0945188404998
0.0926054602678
0.0906409469804
0.088633169292
0.0865951846949
0.0845375282261
0.0824816884398
0.0804460795919
0.0784907868762
0.0767051379756
0.0751886348226
0.0740209973964
0.073242998771
0.0728517110757
0.0728032167026
0.0730088327426
0.0733802593573
0.0742061968977
0.074272926276
0.0742400228017
0.0742628587179
0.0743093149548
0.0743696640596
0.0744325768797
0.0744974683418
0.0745374586901
0.0745548051723
0.113856807572
0.113884026711
0.113921330789
0.113977733448
0.114037290148
0.114088900951
0.114131914572
0.114170009294
0.11420801123
0.114248707557
0.114323442964
0.114453056613
0.114624597271
0.11478217934
0.114963626127
0.11515337508
0.115340933293
0.115506647422
0.115648179868
0.115762253586
0.11585369892
0.115923281032
0.115966135353
0.115976256431
0.115948476444
0.115877287342
0.115757699341
0.115585110186
0.11535807042
0.115076079587
0.114736978697
0.114338477901
0.113883641045
0.113380205841
0.112854966957
0.112297098066
0.111687221293
0.110617723859
0.112016437472
0.110193991606
0.109308591671
0.109625500482
0.108641935237
0.10760760292
0.106362752775
0.105054114545
0.103666014282
0.102219470021
0.100706497415
0.0991247924535
0.097473280701
0.0957530870506
0.0939671031862
0.0921206491777
0.0902193552034
0.0882725049788
0.0862876720695
0.0842794049361
0.0822578121122
0.0802475905133
0.0782666592386
0.0763877875066
0.0747105058925
0.0733382344495
0.0723442652223
0.0717568439831
0.0715653759479
0.0717163468484
0.0720662679915
0.0723686619925
0.0728254321193
0.0729338653457
0.0729711110644
0.0730170730986
0.0730718652354
0.0731284151423
0.0731781969045
0.0732218207914
0.0732586595529
0.0732630584232
0.113223400358
0.113281346274
0.113340032006
0.113413197895
0.113476085476
0.113522457257
0.11355433046
0.113577388569
0.113598746578
0.113625642832
0.113665707978
0.113747761781
0.113898088096
0.114082448126
0.114257863196
0.114426721792
0.114597982476
0.114759291351
0.114895438666
0.115004989369
0.115084814702
0.115128637888
0.115143668122
0.115124369996
0.115064005151
0.114956717958
0.114797344712
0.114582165189
0.114311666636
0.113986045684
0.113596644546
0.113146235216
0.112663117701
0.112188291852
0.111771923563
0.111483850535
0.111391894195
0.111311235875
0.11295095832
0.111313225323
0.109441074012
0.109063061409
0.107508014411
0.105999565438
0.10444834188
0.102958919554
0.101456397772
0.0999387054795
0.0983817110127
0.0967731861753
0.095106349691
0.0933790533795
0.0915923434065
0.0897507846389
0.0878595120243
0.0859284790165
0.0839649434321
0.0819854648596
0.0799993645612
0.0780354750821
0.076110355985
0.0743127973144
0.0727516772388
0.0715315256962
0.0707151147955
0.0703164924786
0.0703061875104
0.0705726862239
0.07101680864
0.0719855964061
0.0716869794729
0.071674623203
0.0716933632527
0.071735604174
0.0717859573586
0.0718347537149
0.0718755526494
0.0719048030313
0.0719315415369
0.0719410691849
0.112614969096
0.11269846448
0.112794367322
0.11288670682
0.112952323675
0.112994549193
0.113017276795
0.113027298938
0.113032886501
0.113043841852
0.113067723803
0.113113421436
0.113207846625
0.113369025629
0.113562477084
0.113740065569
0.113902526988
0.114046492222
0.114169775901
0.114270241997
0.114336672319
0.114364833339
0.114355014027
0.11430791314
0.114216848343
0.114073619041
0.11387350249
0.113613457892
0.113294612905
0.112904555243
0.112430439223
0.11190796477
0.111369699782
0.110872981226
0.110522313449
0.110483513324
0.110956480936
0.112294173343
0.113967421089
0.112593242529
0.109860528138
0.108322592313
0.10617037715
0.104247469911
0.102434643716
0.100807362912
0.099224282867
0.0976578811094
0.0960709220448
0.0944437417802
0.0927656630591
0.0910326073153
0.0892447685253
0.0874066625685
0.0855234006939
0.0836061282251
0.0816618311959
0.079709796678
0.0777580730244
0.0758408423854
0.0739720617523
0.0722607044534
0.0708227633681
0.069760288727
0.0691241572277
0.0689160047167
0.069066592987
0.069408054719
0.0699689399438
0.0703118467276
0.0703161053266
0.0703363540461
0.0703664248218
0.0704093233334
0.0704565928652
0.0705013496778
0.0705388640293
0.0705650014262
0.0705860269521
0.0706013536693
0.112118800637
0.112175086031
0.112285409031
0.112377825018
0.112444384296
0.11248668258
0.11250786773
0.112510395207
0.11250370206
0.112499386103
0.112508741397
0.112539956098
0.112601081787
0.112713999499
0.112877897798
0.113073821813
0.113241275471
0.11338007632
0.113491593647
0.113572948674
0.113621118871
0.113633790693
0.11360372252
0.113530434028
0.113408725157
0.113230314054
0.11298705243
0.112677919585
0.112291641227
0.111803322811
0.11123203922
0.110606367424
0.109951124484
0.109333652746
0.108899982881
0.108896869532
0.109764336987
0.113053491775
0.114931690559
0.113373150262
0.109660563691
0.106672108964
0.104146819251
0.102096384956
0.100191877827
0.0985287208675
0.0969307033149
0.0953556249826
0.0937623038253
0.0921297906608
0.0904472823918
0.0887111248395
0.0869222265281
0.0850860739361
0.0832084372092
0.0813023149509
0.0793745009592
0.0774479306048
0.0755287001842
0.0736579210766
0.0718452888955
0.0702251459772
0.0689162133949
0.0680140298063
0.0675584704493
0.0675304650989
0.0677954670038
0.0682523967359
0.0691246085649
0.0689836877129
0.0689557968972
0.0689673515291
0.0689978384986
0.0690406094759
0.069086742317
0.0691304925817
0.0691676685961
0.0691925596408
0.0692139491005
0.0692317415846
0.111715827117
0.11172706068
0.111805950266
0.11189623644
0.111964265726
0.112005269424
0.112022697611
0.11202121716
0.112007587337
0.111991276608
0.111987957779
0.112011054207
0.112064092552
0.112151675451
0.112289125751
0.112454516963
0.112611711837
0.112751178554
0.112854237061
0.112920818886
0.112949962936
0.112942930036
0.11289399234
0.11279528528
0.112643983416
0.11242630077
0.112136713936
0.111766675676
0.111289494202
0.110703228564
0.110022477006
0.1092483786
0.108389749156
0.107495601696
0.106657814586
0.106097213259
0.106245885554
0.10797131044
0.114991137671
0.10509283043
0.106268628413
0.10353350308
0.101158538232
0.0993982136565
0.0976606986348
0.0961002069266
0.0945670999937
0.0930295120079
0.0914558812576
0.0898320728777
0.0881518683127
0.0864147761506
0.0846241674135
0.0827875838989
0.0809122189737
0.0790136268594
0.0770984857879
0.0751945020936
0.0733048503397
0.0714796144157
0.0697220306766
0.0681981253055
0.0670229333317
0.0662843741893
0.0660091543283
0.0661221155462
0.0664563590445
0.0671436532773
0.0673893863287
0.0674510165866
0.0674964249551
0.0675411019364
0.0675866482807
0.0676360950192
0.0676850277104
0.0677303184171
0.0677699123136
0.0677974313851
0.0678205081036
0.0678383249602
0.111354652347
0.111334077996
0.111364130555
0.111466424649
0.111537271349
0.111571227591
0.111575613653
0.111561930965
0.111538924851
0.111517300959
0.111504873311
0.111523040422
0.111578225529
0.111656390034
0.111763488621
0.111894172217
0.112040759096
0.112163372202
0.112251089315
0.112308867192
0.112324171947
0.11229810471
0.112226385236
0.112104772793
0.111920794748
0.111661074568
0.111322387589
0.110881807984
0.110321991866
0.109639040413
0.108828959547
0.10786501893
0.106724352168
0.105397124095
0.103929369814
0.102352139135
0.100541567186
0.0980869016929
0.0923385834316
0.0962511425368
0.0997257620526
0.0990145480032
0.0974053088365
0.0962650914115
0.0949160347232
0.0935740201754
0.0921674946636
0.090701460882
0.0891659366504
0.0875598827625
0.0858852781024
0.0841468687633
0.082351853258
0.0805106583709
0.0786325917187
0.0767363884485
0.0748286654167
0.0729432192486
0.0710789717885
0.0692976730286
0.0675929977431
0.0661693268412
0.0651296326362
0.0645602205744
0.064465713587
0.0646742101046
0.0651212593358
0.0660407488711
0.065925094122
0.0659720805993
0.0660361620369
0.0661006872822
0.0661620703979
0.0662217443238
0.0662773784842
0.0663268386784
0.0663688124325
0.0664034620909
0.0664310476535
0.0664499521922
0.111037355304
0.111005505631
0.110987704839
0.111096167107
0.111166583855
0.111188856687
0.111176529599
0.111142629741
0.111100965864
0.111066550797
0.11105571035
0.111075889925
0.111132525376
0.111214381728
0.111300221053
0.111399560075
0.111521105591
0.111626379825
0.111699241146
0.111740701214
0.111737345253
0.111696093537
0.111607036298
0.111459029917
0.111238297076
0.110943743759
0.110555791062
0.110050011577
0.109413474173
0.108634777938
0.107682252511
0.106500954916
0.105050971908
0.10331242171
0.101316642973
0.0989154253204
0.09582167075
0.0906617104828
0.0888715747166
0.0894991836141
0.0909806267875
0.0936302697787
0.0934956566912
0.0930753827753
0.0921600816688
0.091064070231
0.0897987657475
0.0884118923933
0.0869176361868
0.0853291682461
0.0836575215986
0.0819132851027
0.0801080560582
0.078255489429
0.0763675255063
0.0744665322757
0.0725591258627
0.0706867104954
0.0688422580839
0.0671030000688
0.0654487890967
0.0641294008933
0.0632246815729
0.0628202548704
0.0628692088608
0.063163492905
0.0638613980556
0.0642919894314
0.0643855809783
0.0644841863062
0.0645788496774
0.0646689214801
0.0647507713188
0.0648271946249
0.0648968096929
0.0649576846794
0.0650078629391
0.0650500006632
0.0650793116163
0.0650947516614
0.110787994172
0.110765541627
0.110717403937
0.110795873511
0.1108535345
0.110856453684
0.110823599874
0.110769343863
0.110706960628
0.110654443727
0.110637771269
0.110666809826
0.110736849065
0.110820897668
0.110908117741
0.110988962246
0.111063810161
0.111141072065
0.111199438765
0.111215724486
0.111197029873
0.111140955433
0.111030560583
0.110851439312
0.110608463597
0.110282590558
0.109844472232
0.109284277076
0.108584007326
0.107707576463
0.106605972006
0.105229731766
0.103522824672
0.101495581489
0.0991381768974
0.096290317125
0.0927503525665
0.0875777200576
0.0865854288306
0.0864616323613
0.086481484737
0.0895283115769
0.0902195086461
0.0902362767513
0.0896084613865
0.0886908312831
0.0875328165114
0.0862055918939
0.0847396842958
0.0831586081621
0.0814806297302
0.0797213172552
0.0778964124318
0.0760226176289
0.074114848412
0.0721993249317
0.0702828248128
0.0684160723253
0.0665841469346
0.0648850818659
0.0632790283751
0.0620725725871
0.0613175880192
0.0610790996763
0.0611629808962
0.0615118773606
0.0627066032704
0.0627348534535
0.0628690803713
0.0630049748178
0.063133699629
0.0632556495429
0.0633669119646
0.0634683211213
0.0635593155852
0.0636381918158
0.0637035396111
0.0637532228358
0.0637826164159
0.0637911870987
0.110597135751
0.110597420835
0.110539719392
0.110575798569
0.110597533647
0.110571213452
0.110514758063
0.11044138033
0.11035957175
0.1102904012
0.110273229146
0.110300198822
0.110376363822
0.110478929239
0.110569495722
0.110640056685
0.110685810278
0.110718977437
0.110742532758
0.110738752898
0.110704938555
0.11062509112
0.110488377809
0.110296865155
0.110038316891
0.1096758292
0.109200617494
0.108602645508
0.107840733997
0.106876013647
0.105659957287
0.104128750183
0.102238009128
0.10002468449
0.0974597800334
0.0944168457958
0.0907838176451
0.0858119625616
0.0855502025079
0.0852571361453
0.0852486956629
0.0871607402621
0.0878018763265
0.0879036408975
0.0873747033945
0.0865320845329
0.0854228295594
0.0841192659892
0.0826575288676
0.0810657993832
0.0793664920257
0.0775784489314
0.0757207462525
0.0738125498134
0.0718719864919
0.0699290582633
0.067991070131
0.0661199253245
0.0642909311044
0.0626300642227
0.0610685562422
0.0599868587653
0.0594103140505
0.0593770385811
0.0595675753521
0.0599046474667
0.0607968714621
0.0610769215068
0.0613141878103
0.0615157249687
0.0616958186015
0.06186013563
0.0620121495626
0.0621468326467
0.0622647536081
0.0623647652547
0.0624461021512
0.0625049306544
0.0625415946335
0.0625546848376
0.110443519609
0.110454838362
0.110401654617
0.110415660114
0.110389361685
0.110328676597
0.110252514601
0.110178176371
0.110120399946
0.110093939569
0.110089192335
0.110097085741
0.110126705948
0.110198928199
0.110279974467
0.11033727316
0.110364558041
0.110364516736
0.11034459941
0.11030800509
0.110248747187
0.110149027808
0.110002010779
0.109804158658
0.10952204875
0.109134769578
0.108639954311
0.108012763927
0.107207066429
0.106177754976
0.104872592774
0.103232709028
0.101231991705
0.098915453804
0.0962613458937
0.093183002264
0.0896407908646
0.085032026926
0.0852850872514
0.0843171620077
0.0846079216045
0.0858185236417
0.0860807771948
0.0860488930061
0.0854784370972
0.0846182229115
0.0834973385167
0.0821766554767
0.0806898873176
0.0790649687958
0.0773254304877
0.0754915257811
0.0735846301388
0.0716255728565
0.0696359173323
0.067649020855
0.0656733380128
0.0637835806438
0.0619434251578
0.0603158657366
0.0587930892884
0.0578576173453
0.0574650333219
0.0575017545211
0.0577879311744
0.0593052921047
0.0592697482463
0.0594959739328
0.0597611722694
0.0600198830339
0.0602636610122
0.0604838381571
0.0606846570267
0.0608597235968
0.0610098162236
0.0611350642339
0.0612351885213
0.0613047574524
0.0613523755629
0.0613767654117
0.110312203782
0.110316074171
0.110290110624
0.110294201082
0.110215533743
0.110113463904
0.110010552464
0.109922364334
0.109855208123
0.109852465878
0.109854780342
0.109855710346
0.109873410298
0.109966066533
0.110037810853
0.110077051887
0.110079614047
0.110052142183
0.110000811112
0.109933485336
0.109846466927
0.109729049647
0.109575787916
0.109366651596
0.109069664665
0.108673867383
0.108169204875
0.107523814377
0.10668705055
0.105618933911
0.104270983508
0.102565320252
0.100502395011
0.0981496082743
0.0954837614055
0.0924531181728
0.0890656404322
0.084805535604
0.0854087215212
0.0844392537769
0.0842010306452
0.0849997032346
0.0848588336277
0.0845911152013
0.0838930110233
0.0829478228014
0.081764828515
0.0803893151159
0.0788483422172
0.0771663703021
0.0753657287672
0.0734664960962
0.0714913196427
0.0694618498034
0.067403396389
0.0653518926451
0.0633180802294
0.0613904879415
0.0595182218999
0.0579084934298
0.0564024249922
0.0556401360268
0.0554751855745
0.0556350785811
0.0561151856813
0.0568931534253
0.0573177695284
0.05774406528
0.058135592605
0.0584956577392
0.0588248763357
0.0591210254796
0.0593803730518
0.0596026612394
0.0597895140581
0.05994286861
0.0600628730926
0.0601488587933
0.060209194023
0.0602438671551
0.110241431241
0.110223073289
0.11021363388
0.110205107895
0.110068821501
0.109932851889
0.109824081498
0.10978837936
0.109775746539
0.109768689384
0.109763691417
0.10976421208
0.109781549763
0.109808305266
0.109852553765
0.109858194028
0.1098255349
0.109766612082
0.109692424056
0.10960537619
0.109497712687
0.10936954573
0.109208815563
0.108989424231
0.108686578302
0.108288579746
0.107784069597
0.107139212676
0.106301925683
0.105226352237
0.103850944774
0.102113157295
0.10004198674
0.0976988550136
0.0950654796016
0.0921168604655
0.0888933966208
0.0849686753674
0.0856651666186
0.0847657577339
0.0841103640769
0.0845047032393
0.0839870836679
0.083446340829
0.0825753399517
0.0815028652145
0.0802210073702
0.0787599354924
0.0771387876429
0.0753769217132
0.0734939782422
0.0715086980812
0.0694440607509
0.0673217657664
0.0651712723562
0.0630299986198
0.0609132967345
0.0589245770954
0.0569958676891
0.0553829034507
0.0538503606792
0.0532235965752
0.0531514335778
0.053426464551
0.0547079486735
0.0550462080404
0.055447318628
0.0559620417574
0.0564697796475
0.0569524166925
0.0573844281353
0.0577697380839
0.0581002585414
0.0583779178087
0.0586063430788
0.0587902477582
0.0589308912683
0.0590370211546
0.0591094332661
0.0591524010082
0.110201923678
0.110156526219
0.110167632129
0.110145111066
0.109975160655
0.109830226182
0.109787665786
0.109774739182
0.109767154627
0.109755868333
0.109742892097
0.109729135745
0.109718381875
0.109733251707
0.109731672403
0.109691503163
0.109619071132
0.109523894935
0.109415347398
0.109298941937
0.109179711395
0.109051131944
0.108889093431
0.108668825971
0.108371383827
0.107987187831
0.107502064345
0.106871563096
0.1060453454
0.104973874511
0.103600634373
0.10188620104
0.099849373462
0.097538512944
0.0949558316659
0.0920872663127
0.0889903785641
0.0853099627781
0.085955003856
0.0851763475592
0.0842049886467
0.0841970318378
0.0833533723724
0.0825418820488
0.0814812920444
0.0802595268896
0.0788553445756
0.0772861168045
0.0755635907489
0.0737015137819
0.0717159850449
0.0696235976763
0.0674467541608
0.0652065327807
0.062936872237
0.0606751525853
0.0584451297117
0.056366173782
0.0543553738879
0.0527347423813
0.0511846450149
0.0507054398453
0.0505108275032
0.0508021041445
0.0524181428003
0.052760137104
0.0533648392026
0.054067665438
0.0547523251245
0.0553849207333
0.0559510290779
0.056440886429
0.0568564977805
0.0572001955217
0.05747668563
0.057694562568
0.0578598856024
0.0579838525423
0.0580663293064
0.0581125913731
0.110161443595
0.110144557503
0.110148593667
0.110127236557
0.109937722634
0.109799607052
0.109781059633
0.10977466238
0.109763919235
0.109745427796
0.109726134402
0.109703048385
0.109678280411
0.109680062209
0.109645711413
0.109563011982
0.109444379892
0.109301577822
0.109148799625
0.109004970269
0.108882285025
0.108762833169
0.10861251414
0.108405628492
0.108127437192
0.107768348757
0.107307090937
0.106700536256
0.105901524649
0.104861358844
0.10353773231
0.101885792157
0.0999058236946
0.0976500692489
0.0951243074986
0.0923131261378
0.089275889024
0.085701409243
0.0862212221312
0.0856024149331
0.084401858546
0.0839936581782
0.0828813622595
0.0818224784168
0.080572797518
0.0791941580278
0.0776555059465
0.0759635078438
0.0741237796958
0.0721446054916
0.0700380701156
0.0678179804469
0.0655051252295
0.0631193084262
0.0606988448036
0.058279090194
0.0558973346333
0.0536865509396
0.0515507128653
0.0499087086736
0.0483995719484
0.0482978584386
0.0482666261273
0.0482414796716
0.0497559341369
0.0503878099859
0.0511710092904
0.0520717859024
0.0529932226768
0.0538168192999
0.0545395808345
0.0551550654618
0.055669595331
0.0560898670906
0.0564210478243
0.0566776681865
0.0568718832455
0.057013604857
0.0571072780201
0.0571550671852
0.11013164973
0.110131908353
0.110130536592
0.110107582327
0.109919553231
0.109801058005
0.10978044542
0.109770275042
0.109753390999
0.109724010908
0.1097025269
0.109678657136
0.109651887839
0.109611924726
0.109584326393
0.109462490442
0.109289151591
0.109087433545
0.108886020519
0.108720177902
0.108605302545
0.108511245921
0.108383124391
0.108198392241
0.107945915614
0.107616035944
0.107185393307
0.106612750907
0.105860451202
0.104887496213
0.103652135645
0.102097530922
0.100206665031
0.0980318552631
0.0955698107801
0.0927882300328
0.0897254641529
0.0860635724245
0.086424591098
0.085977692764
0.0846594859919
0.0838489042806
0.0825124842006
0.0812414012845
0.0798166140148
0.078285353692
0.0766101544259
0.0747883859815
0.0728211463889
0.0707119507806
0.0684686568258
0.0661016406001
0.0636287210603
0.0610675066213
0.0584593711407
0.0558352973854
0.0532532975675
0.0508536719119
0.0485279751632
0.0468027899327
0.0452157967296
0.0452803238171
0.0455918158801
0.0480081221565
0.0474434169381
0.0479811073946
0.0488731895676
0.049973492707
0.0511658712041
0.0522494510273
0.0531688724145
0.0539334797877
0.0545601705727
0.0550668905688
0.0554641357327
0.0557663293737
0.0559897625251
0.0561476171756
0.0562536179414
0.0563026489899
0.110092161977
0.110095496581
0.110106320567
0.110073435957
0.109955365212
0.10985561779
0.109794664791
0.109768497311
0.109711826387
0.109673708661
0.109659863183
0.109640740614
0.109619432619
0.109599923254
0.109596560256
0.109405488072
0.109159338732
0.108886441069
0.108629881752
0.108449159892
0.108353112533
0.108299791888
0.108198964413
0.108038639007
0.10781643464
0.10752288355
0.107131756839
0.106607779424
0.105916083414
0.105025099248
0.103907369199
0.102505337091
0.100761840578
0.0987020968536
0.0963268037707
0.0935650010459
0.0903958231619
0.0863507287186
0.0865487517773
0.0862415676254
0.0849189483713
0.0836853634427
0.0821661208616
0.0807471815094
0.0791846681822
0.0775180363526
0.0757127711611
0.0737605262836
0.0716603292273
0.0694122149068
0.0670197691305
0.0644891209136
0.061833372667
0.0590664549798
0.0562292217277
0.0533448476345
0.0504986889092
0.0478280242252
0.0452388126111
0.0434101949483
0.041649084366
0.0415928796332
0.0420181305319
0.0438584113134
0.0442137220788
0.0451348898255
0.0463535938805
0.0477600899091
0.0492609069534
0.0506715190788
0.0518447308958
0.0527930084352
0.0535489368064
0.054148046694
0.0546151327915
0.0549680195914
0.05522480313
0.0553978756319
0.0555150648049
0.0555688746339
0.11005205665
0.110062271475
0.110087803569
0.110055003866
0.109978349059
0.10987812726
0.109799411969
0.109736782796
0.109654967022
0.109649412751
0.109637500859
0.109621063426
0.109605228866
0.109599272759
0.109589319283
0.109370478954
0.109042142534
0.108668351349
0.108340365158
0.108152055464
0.108095856932
0.108132411978
0.108066064934
0.107929007488
0.107736882865
0.107481867929
0.107136991001
0.10666914399
0.106047278071
0.105256559007
0.104286299562
0.103075019169
0.101558985077
0.0996932541921
0.0974647399586
0.0947734532212
0.0914882783345
0.0866184850497
0.0865899494702
0.0861118067391
0.0847656539526
0.0833193096043
0.0817685425299
0.08031474285
0.0786735598548
0.0768943878664
0.0749670475882
0.0728856269452
0.0706499066942
0.0682575559352
0.065707480955
0.0630002169767
0.0601419808106
0.0571410164382
0.0540322607448
0.0508276700618
0.0476380968304
0.0445637645036
0.0415666987517
0.0395905956086
0.037791954048
0.0381455928726
0.0385518851263
0.0397647030576
0.0406335118881
0.0419887551753
0.04364505607
0.0454570726794
0.0473176568838
0.0490983074289
0.0505795600797
0.0517475761513
0.0526537239939
0.053354532913
0.0538897466547
0.0542887581332
0.0545791349586
0.0547728224174
0.0548985705052
0.0549644590231
0.110013990889
0.110029617306
0.11005689802
0.110012119459
0.109974220913
0.109875827518
0.10979497119
0.109728620612
0.109668972176
0.10963678134
0.109625599626
0.109603769673
0.10958455538
0.109580627485
0.109550854548
0.109334078573
0.108922626323
0.108457599661
0.108188267238
0.108103176288
0.108089762225
0.108108867346
0.108008090155
0.107861120484
0.107693248717
0.107480763792
0.107186808522
0.106782776233
0.106234006045
0.105539026885
0.104727253462
0.103744585277
0.102560049951
0.101043241502
0.0990760836128
0.0966664632583
0.0936940410701
0.0897665502325
0.0866960942796
0.0816549086085
0.0832807482604
0.0828134410271
0.0814615097634
0.0800275703287
0.0783304604991
0.0764404422095
0.0743870255672
0.0721735001755
0.0698004176721
0.0672620376551
0.0645507779689
0.0616590583527
0.0585830330779
0.0553219119027
0.0518987712928
0.048316561395
0.0447051593234
0.0410753033415
0.0374572075971
0.0349491809499
0.0324358327433
0.0335095249945
0.0371901746833
0.0356645566603
0.0366895747483
0.0385472646764
0.040776879655
0.0431043301326
0.0453933554483
0.0475670936542
0.0493969047182
0.0508095075274
0.0518818366369
0.0526919838171
0.0533014186073
0.0537464714153
0.0540633129328
0.0542765392756
0.0544118110293
0.054487875932
0.109966633599
0.109974832698
0.109993150565
0.109972051036
0.109951516069
0.109856319596
0.10978032366
0.10971374052
0.109660378747
0.109625097471
0.109605083999
0.109584004497
0.109553087953
0.109541133165
0.109473011246
0.109326189001
0.108920040242
0.108472919281
0.108145123173
0.108080479877
0.108064002884
0.108031534536
0.107961262511
0.107821491308
0.107675794242
0.107507092654
0.107262363469
0.106931702422
0.106451754014
0.105815614119
0.105156743746
0.104423344649
0.1036093848
0.102623528716
0.101147835433
0.0991357924647
0.0966519689733
0.0932546487276
0.0888713446515
0.08096126464
0.0824645009543
0.0828284020307
0.0816123968045
0.0800656332515
0.0782316445611
0.0761862377941
0.0739834981442
0.0716298134562
0.069119761661
0.0664395136061
0.0635715008893
0.0604963442509
0.0571953092518
0.053651249055
0.0498645504851
0.0458286894699
0.0416812259668
0.0373598472479
0.0331411371923
0.0300155628563
0.0257873078481
0.0264297531301
0.0295864785541
0.0294795234061
0.0317566940855
0.0346942747637
0.0377879505834
0.040778977809
0.0435675942474
0.0461392030211
0.048326238791
0.0499952115918
0.0512387668629
0.0521577280432
0.0528396633612
0.053335860083
0.0536818922246
0.0539095853208
0.0540479949411
0.0541129469682
0.109939311132
0.109936311038
0.109935388373
0.109909270528
0.109884874135
0.109819193795
0.109752816398
0.109684604966
0.109635271811
0.109600719638
0.109573765496
0.109552025997
0.109511157587
0.109492643736
0.109442190207
0.10933949985
0.108987651569
0.108536383579
0.108211181103
0.108034445259
0.108002190967
0.107988136345
0.107931231319
0.107695697404
0.107609409838
0.107535758963
0.10732328107
0.107115958826
0.106712630269
0.106016104213
0.105484166216
0.104978442447
0.104540482965
0.104007960274
0.103397565146
0.102157422366
0.100533315154
0.0978864657808
0.0938649090462
0.0839342936706
0.0838808052923
0.0840128059776
0.0825067253385
0.0805338837612
0.0783898083655
0.0761179050579
0.0737425379131
0.0712487840224
0.06861303647
0.0658074655296
0.0628015756592
0.0595616142079
0.0560497816292
0.0522228011145
0.0480387741013
0.0434486598807
0.0385182806475
0.0331551022711
0.02827560763
0.0249354992397
0.0196556339014
0.0186424157632
0.0184350979381
0.0214282090141
0.0260369057963
0.0306418841633
0.0348758896326
0.0386429490768
0.041968330358
0.0449219604676
0.047426457488
0.0493333106419
0.0507324430096
0.0517539959993
0.0524971607478
0.0530336743806
0.0534072367403
0.0536490998643
0.0537889192528
0.0538413387867
0.109923216918
0.109915177091
0.10988187531
0.109858989531
0.109828100708
0.109773680652
0.109716745697
0.109624177115
0.109582211864
0.109558357482
0.109536129873
0.10949301875
0.109500687614
0.109483210817
0.109421955953
0.109325731331
0.109119327499
0.108468086748
0.108134896857
0.107941521268
0.107974314753
0.107951272367
0.107829181414
0.107705724427
0.107656405422
0.107617353163
0.107358235098
0.107169994293
0.107048958886
0.106034596515
0.105551843807
0.105313469091
0.105173894818
0.105145075253
0.10512701731
0.105134293107
0.105075714709
0.104998742422
0.104521639147
0.0917740443741
0.0887899582874
0.0865653808644
0.0839141508536
0.0812110323081
0.0786546617068
0.076148267954
0.0736224707027
0.0710192738241
0.0682914966701
0.0653968772943
0.0622934591046
0.0589352138035
0.0552672959938
0.0512194420159
0.0466988955628
0.0415715317704
0.0356925169951
0.0287515563589
0.0216129084652
0.0139275958078
0.00434387290363
0.00881889795282
0.00201496753041
0.0117074372876
0.0201389021158
0.0269059702712
0.0324082217732
0.0369407429493
0.0407509154812
0.0440290519227
0.0467748421355
0.0488570015747
0.0503726878958
0.0514763488661
0.0522700011169
0.0528359909144
0.053229251436
0.053484558949
0.0536332300308
0.0536909857856
0.109916342949
0.109905175836
0.1098510372
0.109831978417
0.109803956064
0.109781728908
0.109715581104
0.109610907727
0.109577846968
0.109557721444
0.109537325574
0.109517782849
0.109514143476
0.109499959887
0.109426873791
0.109262485056
0.108919942305
0.108516405812
0.108248864176
0.108105902998
0.108055027419
0.108000297607
0.107873499466
0.107748855412
0.107646737374
0.107518462305
0.107291284025
0.107064606055
0.106645756504
0.106073502535
0.105691004319
0.105494153651
0.105375581207
0.105309312109
0.105268633124
0.105258623513
0.105269231268
0.105327343779
0.105510381373
0.105265435683
0.0961678721571
0.0890043149967
0.0848042906179
0.0815818338769
0.0787950200549
0.0761740581928
0.0735805183674
0.0709302454675
0.0681638899123
0.0652323898994
0.0620886737604
0.0586813119566
0.054947802146
0.0508050683057
0.0461341433753
0.0407478825627
0.0343369341812
0.0262506990466
0.0154209475947
-0.00395609578732
-0.0223240177267
-0.00346089602478
0.000130330424046
0.00110254709661
0.0157312138018
0.0244126096459
0.0309115801701
0.0359680001644
0.0400833845132
0.0435583776808
0.0464421446046
0.0486131324226
0.0501862240948
0.0513352294353
0.0521598339203
0.0527425216551
0.0531445363058
0.053407562653
0.0535676299322
0.0536323703564
)
;

boundaryField
{
    frontAndBack
    {
        type            empty;
    }
    upperWall
    {
        type            zeroGradient;
    }
    lowerWall
    {
        type            zeroGradient;
    }
    inlet
    {
        type            zeroGradient;
    }
    outlet
    {
        type            fixedValue;
        value           uniform 0;
    }
}


// ************************************************************************* //
