/*--------------------------------*- C++ -*----------------------------------*\
| =========                 |                                                 |
| \\      /  F ield         | OpenFOAM: The Open Source CFD Toolbox           |
|  \\    /   O peration     | Version:  v1806                                 |
|   \\  /    A nd           | Web:      www.OpenFOAM.com                      |
|    \\/     M anipulation  |                                                 |
\*---------------------------------------------------------------------------*/
FoamFile
{
    version     2.0;
    format      ascii;
    class       volScalarField;
    location    "128";
    object      p;
}
// * * * * * * * * * * * * * * * * * * * * * * * * * * * * * * * * * * * * * //

dimensions      [0 2 -2 0 0 0 0];


internalField   nonuniform List<scalar> 
6400
(
0.147573900278
0.147575843224
0.147581299791
0.14759158784
0.147606022129
0.147624301753
0.147646580919
0.147674009398
0.147706375975
0.147743297153
0.147789892492
0.147848764502
0.147916182228
0.147992368202
0.148079304495
0.14817908067
0.148291940086
0.148417015832
0.148553297661
0.14869661168
0.148840445862
0.148984016843
0.149132086143
0.149290729044
0.149464580663
0.149653543593
0.149854071171
0.150063913701
0.150283369202
0.150513753948
0.150756300324
0.151009951267
0.151268846767
0.151527410618
0.151784490196
0.152035791138
0.152279493968
0.152525447055
0.152773203588
0.153009452143
0.153235740605
0.153470464392
0.153723643175
0.153986724781
0.154251993848
0.15451531374
0.154773401161
0.155025227385
0.155270156078
0.155507877488
0.155739376507
0.155959510836
0.156163204691
0.156342145577
0.156498452921
0.156645269106
0.15677903195
0.156886547567
0.15696524785
0.157023103761
0.157064020355
0.157088534987
0.157099346508
0.15709593443
0.157074397941
0.157021475817
0.156932136711
0.156821013681
0.156706963718
0.156597496425
0.156492070404
0.156386839696
0.156279176109
0.156175379699
0.156075350392
0.15598319809
0.155902163477
0.155846851111
0.155810113798
0.155794434646
0.147570921456
0.147572929675
0.147577687489
0.147587753049
0.147603654245
0.147623442693
0.147646282015
0.147672220213
0.147702846207
0.147739899143
0.147786188998
0.147843669159
0.147911344525
0.147988671946
0.148076111622
0.148174594696
0.148286825679
0.148412690615
0.148550946469
0.148696056473
0.148838267933
0.148979418779
0.149126379753
0.149284114577
0.149458057024
0.149648006351
0.149848507453
0.15005877482
0.150279330121
0.150510636241
0.15075280991
0.151006622926
0.151267017335
0.151525629525
0.151783371705
0.152035090671
0.152278077695
0.152524543849
0.152773220709
0.153008064117
0.153227687493
0.153459428673
0.153719793314
0.153987301275
0.154254321801
0.154519465007
0.154778915198
0.155032323388
0.155277931297
0.155512793322
0.155738402527
0.155958780985
0.156174615722
0.156356079261
0.156513538451
0.156666249583
0.15679608891
0.15689749272
0.156975716483
0.157033614901
0.157073197647
0.157099423665
0.157111545685
0.157108814754
0.157088399964
0.157036962208
0.156946609101
0.15683309524
0.156716390271
0.156603989016
0.156495610018
0.156386984385
0.15627469595
0.15616481376
0.156062026703
0.155969063357
0.155891152449
0.155835120843
0.155798142946
0.155785464174
0.147562805053
0.147566246357
0.147570269265
0.147579453741
0.14759493102
0.147617546283
0.147643137594
0.147668402743
0.147697110039
0.147733120145
0.147778773346
0.14783555425
0.147903320651
0.147981329086
0.148069049438
0.148164184494
0.148274648301
0.148408212972
0.148550731985
0.148694922527
0.148832728264
0.148966878876
0.149111411518
0.149271995923
0.149446346507
0.149635072896
0.149836876943
0.150049277715
0.150271511833
0.150504279294
0.150747199312
0.151001794347
0.151265477005
0.151523074521
0.151778510105
0.152034436561
0.152276357919
0.152519143164
0.15276825523
0.153005209523
0.153232832201
0.153469205877
0.153723359397
0.153987155211
0.154253370251
0.154518428885
0.154779476673
0.15503484559
0.155282881996
0.155522109019
0.155752384699
0.155972986746
0.15617948397
0.156365300252
0.156536710946
0.156690704835
0.156816831455
0.156917509334
0.156995980174
0.157054493675
0.157095914519
0.157123274838
0.157135616252
0.157136470944
0.157118868782
0.157067069532
0.156977390367
0.156861989879
0.156738613146
0.156618375121
0.156501756976
0.156384358702
0.156265933848
0.156151404889
0.1560436636
0.155947692661
0.155869700766
0.155812410421
0.155775732826
0.155762004021
0.147552036398
0.147555394544
0.14755823546
0.147566641486
0.147580244916
0.147602751486
0.147637027935
0.147662132336
0.147688549333
0.147722701654
0.147767438783
0.14782383784
0.147891884169
0.147969418889
0.148057813113
0.148160349044
0.148277700732
0.148409178112
0.148544602223
0.148675996545
0.14880739327
0.148944694419
0.149091259619
0.149251329445
0.149426458297
0.149616705982
0.149820682407
0.150035491948
0.150260296115
0.150494778752
0.150740430451
0.15099671004
0.151261540577
0.151526103321
0.151777281647
0.152026504326
0.152274696641
0.152514719393
0.152753629262
0.152991629363
0.15322823442
0.153470972007
0.153725352472
0.153988229756
0.154254574176
0.154520665429
0.154783613536
0.155041362709
0.155292200441
0.155534693064
0.155767819049
0.155990059778
0.156198601186
0.156390532879
0.156565727144
0.156719545338
0.156846921728
0.156948892775
0.157028525189
0.157088547101
0.157131615784
0.157159761289
0.157174823779
0.157182017818
0.157169286346
0.15712076547
0.157029143229
0.156906831641
0.156772378588
0.156639748392
0.15651242468
0.15638690951
0.156260944732
0.156134060611
0.156013296104
0.155912138237
0.155833764343
0.155769501581
0.155724205627
0.155705283579
0.147535472015
0.147535524474
0.147539073014
0.147547703372
0.147562823822
0.147583874867
0.147614363906
0.147643006717
0.147671766203
0.147706863144
0.147751092691
0.14780741319
0.14787643128
0.147960484807
0.148058072505
0.148163007108
0.14827574779
0.148395111743
0.148518384551
0.14864618087
0.148778924454
0.148916667302
0.149063775265
0.1492248243
0.149401145689
0.149593350709
0.149799375761
0.150017366467
0.150245140424
0.15048337277
0.150731239646
0.150992838301
0.151264997888
0.151523783259
0.151774383246
0.152019938638
0.152258688582
0.152497254471
0.152737265346
0.152978538902
0.153221388228
0.153469454512
0.153725907751
0.153989579722
0.154257078256
0.154524992544
0.154790405995
0.155051066377
0.155305207282
0.155551369229
0.155788189132
0.156013958802
0.156226464647
0.156423391263
0.156602229973
0.156758268871
0.156888044063
0.156992626259
0.157075043901
0.157138087621
0.157184203913
0.157215548125
0.157235295822
0.157249637927
0.157238947266
0.157193857314
0.157103238615
0.156973793142
0.156824263144
0.156674261334
0.156532439404
0.156393814675
0.156248996902
0.156099688205
0.155964646638
0.155854910422
0.155763873464
0.155678985903
0.155623781117
0.1556032661
0.147503939576
0.147503231564
0.147510292668
0.147518913988
0.147535492065
0.147558586677
0.147586036649
0.147615676363
0.147647616381
0.147684591619
0.147727730098
0.14778528816
0.147863970273
0.147956654886
0.148054702579
0.14815496744
0.148258522027
0.148368808326
0.148488340425
0.148615004468
0.148744960829
0.148881643174
0.149029716261
0.149192504921
0.149370728576
0.149564024253
0.14977368684
0.149994669804
0.150227160399
0.150469006381
0.15072319172
0.150988230427
0.151258680736
0.15152508705
0.151767813322
0.152001449437
0.152236746532
0.15247603872
0.152718675927
0.152963945348
0.153212113936
0.153465190477
0.153724965983
0.153990921647
0.154260678571
0.154531239747
0.154799755642
0.155063907076
0.155321940779
0.155572427975
0.155813924124
0.156044684491
0.15626254792
0.15646482019
0.156647922414
0.156807550833
0.156941428708
0.157050751568
0.157138160706
0.157206243325
0.157257396509
0.157295165659
0.157324871121
0.157342543538
0.157336839151
0.157293382328
0.157201822038
0.157064849977
0.156898000931
0.156726383625
0.156563584557
0.156399160286
0.156222121461
0.156047164634
0.155893699975
0.155765075333
0.155646779098
0.155539457816
0.155473819742
0.155445040401
0.147455379949
0.147458698254
0.147471856657
0.147485096063
0.147498672301
0.147521570416
0.147551145407
0.147581664401
0.147616180623
0.14765531759
0.147702403725
0.147763108284
0.14785003954
0.147943580184
0.148038256648
0.148130718917
0.148227700124
0.1483368027
0.148456360274
0.148577610914
0.148704117984
0.148841052246
0.148989974479
0.149153489328
0.14933353459
0.149532257492
0.149742354404
0.149968203623
0.150205604683
0.150456507694
0.150716437947
0.150981456271
0.151253370497
0.151510300907
0.151747770702
0.151976393043
0.152210930457
0.152452129876
0.152698028561
0.152947415748
0.153200538636
0.153458618807
0.153722590636
0.153992044469
0.154265137189
0.154539214622
0.154811549298
0.155079881611
0.155342558891
0.155598239946
0.155845474787
0.156082424836
0.156306670937
0.156515013589
0.156703534999
0.156868612259
0.157008846078
0.157125373439
0.157220147951
0.157294988063
0.157353003322
0.157400553309
0.157440328754
0.157462389214
0.157474449892
0.157435572544
0.157337227356
0.157186682822
0.156999063835
0.156799809259
0.15660238845
0.15639646598
0.15618010247
0.155975536198
0.155794015011
0.155631172642
0.155475281725
0.1553461929
0.155269128275
0.155231126669
0.147398673738
0.147405632102
0.147421603346
0.147442218425
0.14745736818
0.147480092055
0.147508923323
0.147540943
0.147578917867
0.147616220788
0.147670180308
0.147742967396
0.147828695332
0.147920476579
0.1480084129
0.148093499185
0.148190302069
0.148302044946
0.148416712618
0.148532908305
0.148656998068
0.148794075301
0.148944192273
0.149110358046
0.149293704985
0.149495101126
0.149710994
0.149935019978
0.150182972535
0.150447144072
0.150706627756
0.150966501826
0.151236642077
0.151485075633
0.151714951307
0.151945588846
0.15218217609
0.152425728136
0.152674952721
0.152928570156
0.153186626932
0.153449906752
0.153718823571
0.153992828766
0.154270289218
0.154548786537
0.154825757728
0.155099100829
0.155367323879
0.155629185784
0.155883222558
0.156127429512
0.156359033466
0.156574463941
0.156769920949
0.156942600883
0.157091718916
0.157217891078
0.157321523433
0.157403274641
0.1574683193
0.157525840428
0.157576440775
0.157615699387
0.157643871747
0.157629400871
0.15752607269
0.157352683509
0.157133657145
0.156893036896
0.15664501499
0.156385672063
0.156125153649
0.155881485409
0.155657684912
0.155445684631
0.155251456798
0.155098651466
0.155009936682
0.154967907097
0.147337020284
0.147346459255
0.147363036537
0.147379715078
0.147400330912
0.147430270239
0.147458289774
0.147491252741
0.14753495666
0.147576734796
0.147628056006
0.147709330975
0.147797880196
0.147885071518
0.147967179117
0.148052064395
0.148148678182
0.14825835671
0.148368645503
0.148482271912
0.148604683601
0.148740431926
0.1488900394
0.149057509162
0.149251084204
0.14945328622
0.149675265089
0.149909910071
0.150158901366
0.15042212222
0.150688770887
0.150957404697
0.151206627276
0.151444872904
0.151676531889
0.15191052446
0.152150138162
0.152396451694
0.152649063457
0.152907044429
0.153170255127
0.153439098025
0.153713643662
0.15399316144
0.154276011335
0.15455989255
0.154842445387
0.155121794689
0.155396616177
0.155665735508
0.155927635786
0.156180104927
0.156420038237
0.156643709528
0.156847742195
0.157030168775
0.157190399384
0.157327588165
0.157439376844
0.157525895198
0.157598836883
0.157674203193
0.157748966527
0.157810752846
0.157848895236
0.157859978825
0.157783472769
0.157576242682
0.157310047604
0.15701050178
0.156693769138
0.156370568561
0.156057346388
0.15576133866
0.155478588236
0.155207770379
0.154972722128
0.154794689938
0.15468988727
0.154644176132
0.147269693823
0.147281233386
0.147300621428
0.147317229661
0.14733880194
0.147369800331
0.147398549406
0.14743160435
0.147473583724
0.14752919775
0.147585252261
0.147666482676
0.147755936503
0.147838625576
0.147915198007
0.148002904787
0.148103949473
0.148208210562
0.148313306945
0.148425017186
0.148547516329
0.148682945289
0.14883241908
0.148998001451
0.14919907737
0.14941126207
0.149626414397
0.149872562699
0.150126970555
0.15039621368
0.15066434452
0.150927779233
0.151172034855
0.151401218469
0.151633753766
0.151871382301
0.152114476695
0.152363966022
0.152620087327
0.152882507482
0.153151141337
0.153426051456
0.153706951031
0.153992902689
0.154282189981
0.154572546337
0.154861795546
0.155148325845
0.155430966321
0.155708525514
0.155979360908
0.15624103162
0.156490187025
0.156723166967
0.156937230383
0.157131104827
0.157303534107
0.157450178909
0.157563990476
0.157651492528
0.157742044279
0.157855559635
0.157972621834
0.15806553631
0.158116135174
0.158119036726
0.158055741463
0.15787788667
0.157539698027
0.157153688302
0.15675050061
0.156353226911
0.155974577645
0.15561065519
0.155252230807
0.154911021989
0.154623870838
0.154410913653
0.154277491761
0.154217895223
0.147193907352
0.147205361839
0.147226052337
0.147247467996
0.147275664654
0.147301017866
0.147329599198
0.147364373875
0.147399562735
0.14746127345
0.147529285236
0.147611101641
0.147700882187
0.147782419369
0.14785791834
0.147945644197
0.148048578258
0.148149400243
0.148250764381
0.148359715667
0.148482338119
0.148619428746
0.148773738294
0.148939130526
0.149132765133
0.14936278236
0.149587595506
0.149832341982
0.150087453191
0.150345787785
0.150624751303
0.150887704789
0.151124906883
0.151352110872
0.15158684821
0.151828005835
0.152074829954
0.152327947603
0.152587835806
0.152854726094
0.153128968543
0.153410470779
0.153698508942
0.153991860835
0.154288696412
0.154586771174
0.154884083905
0.155179239682
0.155471133196
0.155758448274
0.156039306735
0.156310994282
0.156570024143
0.15681306092
0.15703811476
0.157244112145
0.157426733152
0.157572583851
0.157676330535
0.157772120681
0.157906912348
0.158092177753
0.158276074747
0.158413492702
0.15847469519
0.158447584011
0.158339786832
0.158166218559
0.157831394277
0.157334965265
0.156819206914
0.15633217053
0.155873681267
0.155427503169
0.154974658413
0.154535749022
0.154170511119
0.153901491756
0.153725292941
0.153642516141
0.147107806158
0.147116837601
0.147131950957
0.147159807019
0.147197618126
0.147221565721
0.147250255854
0.147289135302
0.147322974373
0.147381081668
0.147458270154
0.147542607435
0.147631675816
0.147713564645
0.147794636542
0.147884173754
0.14798511187
0.14808241497
0.148181365635
0.148287733387
0.148407424493
0.148542220202
0.148706233723
0.148885061471
0.149072292066
0.149302342931
0.149536523394
0.149775093488
0.15004560063
0.150310592395
0.150577015531
0.150827526167
0.151061832182
0.151296093234
0.151534855114
0.151779759117
0.152030636162
0.152287898943
0.15255205425
0.152823527922
0.153103364769
0.153391892649
0.153687947839
0.153989749799
0.154295342124
0.154602585287
0.15490964883
0.155215241873
0.155518158329
0.1558167759
0.156108780917
0.1563910687
0.156660222923
0.156913525915
0.157149645584
0.157365758952
0.157546871039
0.157671463758
0.157764067213
0.157894890031
0.158122165366
0.158426115485
0.158708523407
0.15890951108
0.158980475665
0.158910276771
0.158716151077
0.158453469206
0.158089540149
0.157531364739
0.156900183415
0.156304292295
0.155752551225
0.155218437449
0.154643043862
0.15404599147
0.153560595303
0.153218765669
0.15300115282
0.152903842627
0.147011059936
0.14701755798
0.147024423748
0.14705621808
0.147093834565
0.147123792286
0.14715555949
0.147199099271
0.147238642371
0.147295055611
0.147376127955
0.147461769176
0.147549228373
0.147628205497
0.147716439565
0.147814589564
0.147912762557
0.148007018183
0.148104506665
0.148209795841
0.14832630019
0.148455227267
0.148617294648
0.148819962465
0.149014157133
0.14922881879
0.149478628393
0.149723984598
0.149981984491
0.150252333626
0.150517548054
0.150761996127
0.150993914391
0.151232965745
0.151476722296
0.15172604895
0.151981227338
0.152242805812
0.152511899645
0.152788725592
0.153074304877
0.153369899516
0.153674626275
0.153986054734
0.15430180942
0.154619925098
0.154938823763
0.155257179083
0.155573407942
0.155885263732
0.156189646052
0.15648287281
0.156761854411
0.157024626716
0.157269809346
0.157486949716
0.157642925812
0.157731673403
0.157823391295
0.158041817285
0.158435611536
0.158920573109
0.159344117173
0.15964945887
0.159733716257
0.159581674835
0.159241851904
0.158799990071
0.158306413845
0.15767668023
0.156960182756
0.156259246558
0.155606605985
0.155013627227
0.154279549795
0.153388747446
0.152720570573
0.152313752591
0.152068424405
0.151981605249
0.146904593525
0.146912171978
0.146924110442
0.146945273257
0.146977800749
0.147011566178
0.147047270348
0.147092930439
0.147142384238
0.147199449132
0.147282968898
0.147369459648
0.147456186916
0.147533558645
0.147621591461
0.14772769238
0.147827517485
0.147921816838
0.148019067782
0.148124296905
0.148239594789
0.14836432975
0.14852135826
0.148734758417
0.148944796887
0.149156388995
0.149411468847
0.149664924429
0.149916461159
0.150184948544
0.15043680006
0.150676346856
0.150917064132
0.151162380617
0.151411568442
0.151665854018
0.151926281913
0.152192644728
0.152466355715
0.15274901398
0.153041291769
0.153344340117
0.153658050982
0.153980018046
0.154307456655
0.15463849466
0.15497183893
0.15530594853
0.155638506578
0.155966233686
0.156284594456
0.156589018898
0.156876845588
0.15714664795
0.157395923643
0.157593207288
0.157691858708
0.157739688398
0.157831046466
0.158276724224
0.158923253593
0.15968403384
0.16029034145
0.160770560623
0.160755336568
0.160388756689
0.159801807325
0.159092077479
0.158388844558
0.157702457507
0.156930673771
0.156159386852
0.155431998197
0.154913225394
0.154003003251
0.15244765673
0.151513257267
0.151124052294
0.150855352646
0.150834429132
0.146785276631
0.146793699963
0.146814613854
0.146826403733
0.146852626822
0.146887462364
0.146926333103
0.146975682908
0.147037474308
0.147094363431
0.147178668201
0.147266048045
0.147353068028
0.147431899857
0.147520565911
0.147629455795
0.147731081466
0.147826980508
0.147925115194
0.14803048254
0.148145603004
0.148269724218
0.148419159521
0.148627405547
0.14886339104
0.149083394326
0.14932459443
0.149598560551
0.149859475072
0.150103717612
0.150345507907
0.150586359364
0.150832506289
0.151083631102
0.151338856325
0.151598829708
0.151864337755
0.152136357307
0.152415544996
0.152703719891
0.153003033454
0.153314396957
0.153637682092
0.153970846877
0.154311290658
0.154657511994
0.155008450562
0.155362279263
0.155715503015
0.156062664468
0.156397286834
0.156713960449
0.157009146972
0.157279977927
0.15752001982
0.15764307932
0.157664331823
0.15771389888
0.157967526661
0.158798641556
0.159711084048
0.160810937477
0.161227483176
0.161334095224
0.16135820399
0.161050844582
0.160373584489
0.159456323588
0.158446932424
0.157453019544
0.156738833122
0.156027312969
0.154939950082
0.155113371403
0.154051471788
0.150962219076
0.149710370859
0.14961578631
0.149226733745
0.149458305887
0.146650572068
0.14665797982
0.146676343969
0.146690142037
0.146713655138
0.146750043324
0.146790336239
0.146838776175
0.146912570436
0.146977650538
0.147061886435
0.147150787511
0.14723935061
0.147322144224
0.147413136328
0.147522543494
0.147625264618
0.147723425083
0.147823116221
0.147929021224
0.148043839464
0.148168620878
0.148313973926
0.148514073983
0.148764852544
0.149000939632
0.149232715563
0.149498685752
0.149770616329
0.150017256006
0.150251843796
0.150491399217
0.150741116578
0.150997934139
0.151259056879
0.151524347727
0.151795381249
0.15207281314
0.152358080887
0.152652462015
0.152958754541
0.15327886328
0.153612560642
0.153957555671
0.154311663582
0.15467508452
0.155048027419
0.155427607078
0.155806707074
0.156177155513
0.156532715814
0.156865495568
0.157167543039
0.157431278894
0.157648649165
0.157613824573
0.157616742655
0.157715815455
0.158443199752
0.159844412984
0.160079793675
0.16044504892
0.160934723236
0.161121971054
0.161013635985
0.160588270632
0.159876273444
0.158998344587
0.158087557167
0.15722236407
0.156448354056
0.155770161774
0.155801958997
0.157469435563
0.157380013486
0.146974465083
0.145695000532
0.147684591124
0.146898050892
0.148037926607
0.146502820097
0.146509166661
0.146527585408
0.146541116416
0.146564215156
0.146600905146
0.146642089284
0.146686887371
0.146761245781
0.146840392184
0.146929491135
0.147021409645
0.147112929165
0.147203311755
0.147296989963
0.147406526613
0.147510297233
0.147611446164
0.147713213616
0.14782017348
0.147935009642
0.148059508701
0.148202130248
0.148393284629
0.148642563694
0.148906410145
0.149145778294
0.149397533307
0.149662013433
0.149906040948
0.150139670697
0.150385160986
0.150640662635
0.150903340963
0.151170780782
0.151442331492
0.151718784576
0.152001980492
0.152293147734
0.152594249464
0.15290776576
0.153236208628
0.153580711576
0.153938859993
0.15430771195
0.154690077483
0.155089243006
0.155500870108
0.155912415314
0.1563133099
0.156699359606
0.157058389131
0.157366835442
0.157584900493
0.157672558591
0.157569043463
0.157558123606
0.157867198443
0.158660755018
0.159372512912
0.160046482868
0.160301458421
0.160551062588
0.160612670012
0.160409909789
0.159950245683
0.159264572249
0.158422495338
0.157508721082
0.156600019878
0.155726628233
0.154956036459
0.154419408808
0.153877828955
0.150511854211
0.14751376407
0.149223852095
0.150013195106
0.141905103539
0.146945505797
0.146344077094
0.146348917004
0.146363073295
0.146377956002
0.146405076851
0.146441618797
0.146485023334
0.146528154773
0.146600833373
0.146688295113
0.146781668992
0.1468760483
0.146968956314
0.147069483261
0.147169361974
0.147278772386
0.147384161504
0.147489964286
0.147594650352
0.147703296458
0.147818701542
0.147942576395
0.148082902436
0.148267107686
0.148512147295
0.14879271259
0.149050176288
0.149296009238
0.149545890709
0.149782985312
0.150018113962
0.150268080587
0.150528944217
0.150797032396
0.151070960733
0.151350196549
0.151633820701
0.151922677084
0.152220308943
0.152527919756
0.152848642635
0.15318632808
0.153542154938
0.153913670657
0.154294960488
0.154695195311
0.155131883497
0.155596189025
0.156049814186
0.156488398707
0.156922177448
0.157335058847
0.157683444919
0.157872009936
0.157660294393
0.157476974607
0.157420940734
0.157655470121
0.158569950474
0.159106073581
0.15954034845
0.159756970209
0.159856639741
0.159786202236
0.159486179947
0.158952631447
0.158211360296
0.157312319981
0.156318014374
0.155287831833
0.154241666849
0.153157182712
0.152003890683
0.150635911096
0.148537148477
0.146765315412
0.146178365483
0.14428832044
0.145816282648
0.153233617244
0.146176589028
0.146180245993
0.14618947316
0.146206135764
0.146236865919
0.146272660258
0.146317442004
0.146363370468
0.146431825767
0.146523403211
0.146619364915
0.146715186264
0.146807445818
0.146912307289
0.147024040269
0.147135899323
0.147243457881
0.147354663973
0.147464968067
0.147576783492
0.147694060615
0.147817031796
0.147955399515
0.14813367335
0.148369392846
0.148646027382
0.148924364645
0.149178723803
0.149423570458
0.149656859814
0.149888480167
0.15014107616
0.150407295873
0.150677431243
0.150959265881
0.15124699991
0.151536628773
0.151832541077
0.152137621497
0.15245366217
0.152782084781
0.153127247645
0.153492772875
0.15388122668
0.154293490603
0.154734861564
0.15521289769
0.155709861799
0.15620632288
0.156717505877
0.157251985374
0.157815854308
0.158357807596
0.158756139072
0.158554786246
0.157045860078
0.15707395213
0.157519114522
0.158205516587
0.158644745203
0.158911955608
0.159014228978
0.158955035751
0.158717921143
0.158276097296
0.15762473178
0.156781133471
0.15577838419
0.154656278226
0.153448728067
0.152175210112
0.150764161232
0.149153519719
0.14732004642
0.145124472354
0.1427527639
0.140956086102
0.13987207116
0.141692606389
0.133310350306
0.146000786552
0.146004020006
0.14601161577
0.146031389366
0.146061802318
0.146095025311
0.146136894336
0.146187927377
0.146251974585
0.146345066001
0.146442884023
0.146540136107
0.146633091255
0.14673760714
0.146859104191
0.146976768454
0.147088213357
0.147203614035
0.147320223865
0.147437662233
0.147559525842
0.147682346898
0.147818789012
0.147992724066
0.148219437602
0.148488900839
0.148774479333
0.14904095373
0.149277719448
0.149507112462
0.149745218342
0.149996970793
0.15026634542
0.150543939
0.150834220478
0.151129449531
0.151425864833
0.151729517681
0.152042734873
0.152367634683
0.152705665308
0.153060698997
0.153442603094
0.1538633028
0.154321452197
0.154798150926
0.155298348425
0.155827279427
0.156398689584
0.157037094874
0.15776857667
0.15865470957
0.159663893603
0.161145410752
0.16143501516
0.157588964383
0.156495420465
0.157284626938
0.157887557247
0.158096654733
0.158131347227
0.158035304239
0.157784895913
0.157361941071
0.156751124209
0.15594625011
0.154954206175
0.153791959213
0.152479595917
0.151030983355
0.149447605031
0.147661775173
0.145545430743
0.143035008041
0.140043781431
0.136572583943
0.132855489398
0.12841483698
0.12314280669
0.11588203809
0.145814100971
0.145817222046
0.14582522455
0.145849665529
0.14587896026
0.145909218743
0.14594599003
0.146000502342
0.146058955878
0.146151857593
0.146251627451
0.146350548587
0.146445383441
0.146551397211
0.146677864081
0.146801608867
0.146918582091
0.147038707584
0.147159895319
0.14728332618
0.147412278596
0.147537099537
0.147671371053
0.147842062109
0.148061083764
0.148322287702
0.148608620074
0.148880935395
0.149126031537
0.149351095547
0.149592875624
0.14984847577
0.150115317099
0.150389816229
0.150684188662
0.150992653992
0.151299870402
0.151613244971
0.151934346227
0.152267917152
0.152617541333
0.152987112928
0.15339627165
0.153861455642
0.154353007587
0.154850794635
0.15537723105
0.155970732636
0.156672163853
0.157485950149
0.158442040072
0.159623798659
0.160465583791
0.160394796584
0.160415921177
0.159624518008
0.157873517129
0.157534466704
0.157551206425
0.157430423592
0.157194814742
0.15685869097
0.15638916658
0.155758783246
0.154950610796
0.15395502816
0.152769756834
0.151397694951
0.149841379286
0.148095217943
0.146136293705
0.143918890044
0.141256103622
0.137949343071
0.133863978248
0.128727543573
0.121971774678
0.111816931347
0.0941269959677
0.0531365497977
0.145611150765
0.145613975382
0.14562410099
0.145654412639
0.145683049251
0.145711132567
0.145745209529
0.145799579359
0.145852311814
0.145942901481
0.146044568784
0.146145255679
0.146242195079
0.146349775757
0.146479111536
0.146608395678
0.146733122984
0.146858697856
0.146983440423
0.147111989444
0.147249153677
0.147379086266
0.147510896841
0.147678539457
0.14789181113
0.148143823162
0.14842462615
0.148691329006
0.148949091263
0.149186364588
0.149425884461
0.149678111303
0.149950572466
0.150233668253
0.150521331314
0.150832921872
0.151153040988
0.151477681254
0.151811388229
0.152154855121
0.152514408892
0.152907711913
0.153361743541
0.153866591106
0.154376112022
0.154896093509
0.155481579111
0.156198344057
0.157069096146
0.158010304536
0.158926764787
0.159636662308
0.159988367046
0.160224148298
0.159950672719
0.159162034741
0.157955702402
0.157283011952
0.156924656168
0.156542320667
0.156064430281
0.155485087657
0.154779639243
0.15392106956
0.152889764493
0.151671605618
0.150255904219
0.148632944046
0.146789323423
0.144701122519
0.142325231806
0.139590737478
0.136349965299
0.132280493006
0.127047378048
0.120219182269
0.110851746423
0.0968706984414
0.0743300649491
0.0377458425883
0.14538440488
0.14538698548
0.145399066006
0.145435056126
0.145462694934
0.145492087761
0.145525253654
0.145576673554
0.145626633575
0.145716585592
0.145820466701
0.145922910527
0.146021936621
0.146130633034
0.146260980858
0.146393504976
0.146528040231
0.146660464626
0.146788938773
0.14692189793
0.14706620271
0.147205374013
0.147336077702
0.147499421422
0.147708871824
0.147953016347
0.148226504516
0.148485977204
0.148740680326
0.148995362285
0.149249234968
0.14950129712
0.149759528923
0.150044640513
0.150345286821
0.150658121022
0.150985868921
0.151320896069
0.151666189026
0.152022898109
0.15240167656
0.152833366916
0.153334885008
0.15386379964
0.154396778141
0.154969450006
0.155657364948
0.156515222221
0.157475020572
0.158269306917
0.159038416333
0.159345300993
0.159556411193
0.159567943641
0.159219518042
0.158540123052
0.157626506725
0.156814904662
0.156147577499
0.155483762224
0.154747494068
0.153914240734
0.152960088036
0.151858423303
0.150586168068
0.149123584316
0.14745179681
0.145549826784
0.143390206043
0.14093265554
0.138115721529
0.134845615926
0.130985117214
0.126236962966
0.120100459092
0.112014438532
0.101148136549
0.0859749420219
0.0638065908437
0.0337159534074
0.145127299539
0.145131848969
0.14514442169
0.145179462621
0.145209892495
0.145246048851
0.145282102225
0.145333159403
0.145387425024
0.14547229088
0.145577860224
0.145682077456
0.145783264565
0.145892841468
0.146022948834
0.146155079932
0.146295203527
0.146438103301
0.146573185813
0.146711800026
0.146861000554
0.147012037698
0.147150446917
0.147304418344
0.147510815751
0.147749221552
0.148015435474
0.148269706259
0.148517172634
0.148778453521
0.149046946483
0.149312634988
0.149568628235
0.149842334106
0.150140724466
0.150461963632
0.150798766813
0.151145474525
0.151500000362
0.151871981709
0.152284774433
0.152767192532
0.153303453508
0.153857734615
0.154434856294
0.155087858137
0.155865880719
0.15664235889
0.157463384825
0.158385452164
0.158780072411
0.158930394687
0.15897482721
0.15883664036
0.15842494123
0.157743750677
0.156869502785
0.155957079199
0.155072859716
0.154170368671
0.153197122809
0.152124012629
0.150927305506
0.149581733328
0.148062435819
0.146345129063
0.144404022006
0.142208778306
0.139720315711
0.136884909373
0.133626203924
0.129834458553
0.125351178948
0.119953189358
0.11320188509
0.104417861656
0.0927838535487
0.0772688418159
0.0560076651454
0.0294763617741
0.14484447351
0.144852826065
0.144865107659
0.144892827288
0.144929622732
0.144972696781
0.145014508864
0.145069573109
0.145133446663
0.145212090547
0.145316281647
0.145421546648
0.145525011321
0.14563572053
0.145765825266
0.14589827074
0.146038070275
0.146190001019
0.146334807668
0.146481307652
0.146635539131
0.146797954794
0.146953923719
0.147109886261
0.147301741034
0.147534005474
0.147793678774
0.148044024475
0.148283425721
0.148542825763
0.148817027024
0.14910202232
0.14936734333
0.149633014497
0.149921825278
0.150240436847
0.150583460051
0.150943638061
0.151312556257
0.15171071832
0.152171007881
0.152700334988
0.153267879601
0.15385534602
0.15448935391
0.155200434128
0.155836717898
0.156444306694
0.157431423347
0.15807665429
0.158256898298
0.158341800499
0.15826707261
0.157987499532
0.157473655972
0.156731974507
0.155814285827
0.154802234794
0.153744539916
0.152632583386
0.151437828985
0.150135749655
0.148703920498
0.1471180932
0.14535223837
0.143378458804
0.141165317104
0.138675021879
0.135859504563
0.132655024773
0.128974895267
0.12469974939
0.119664406895
0.113639489326
0.106313381899
0.0971703590605
0.0854336891406
0.07016801751
0.0500663616317
0.0259803232968
0.144549485081
0.144558494866
0.144569493958
0.144588894151
0.1446294986
0.144675241766
0.144721112835
0.144778167845
0.144848611934
0.144928974118
0.145033363037
0.145139857683
0.145245898789
0.145358024406
0.145488586908
0.145622960336
0.145764195023
0.145922262597
0.146076879545
0.146235124287
0.146398254089
0.146568910044
0.146736988837
0.146909243571
0.147101741092
0.147322945446
0.147568411696
0.147814060004
0.148044106817
0.148296276525
0.148569323488
0.148858917354
0.149144443105
0.149414934491
0.149700008743
0.150007159415
0.150344251416
0.150711846635
0.151105289034
0.15154202998
0.152054627117
0.152626444553
0.153226353694
0.153849507251
0.154501454699
0.15511722543
0.155692878902
0.156017311284
0.157128665083
0.157422548237
0.157636342021
0.157642477712
0.157426752099
0.157003544552
0.156369294319
0.155531789088
0.154524779334
0.15339620083
0.152179644188
0.150879032183
0.149480080667
0.147963843589
0.146309593253
0.144493711512
0.142489315309
0.14026585672
0.137787692808
0.135011598456
0.131883243897
0.128332425707
0.124266740475
0.119563315164
0.114058047047
0.107531714
0.0996921301993
0.0901564442901
0.078404459292
0.0636900772448
0.0449891683149
0.0230685037417
0.144246864466
0.14425423958
0.144263158152
0.144280371606
0.144316395824
0.144360202104
0.144407322141
0.144463538512
0.144536379355
0.144620752152
0.144727691227
0.144835847158
0.144944665356
0.145058267502
0.145189344619
0.145325792982
0.14546886742
0.145632015082
0.145795193165
0.14596442935
0.146142516153
0.146321966623
0.146501651109
0.146678549429
0.146879061791
0.147107909016
0.147350306913
0.1475836973
0.147802515944
0.148044648882
0.148313973297
0.148596994702
0.148889240979
0.149169192214
0.149457360333
0.149764461024
0.150092514464
0.150459957003
0.150879388061
0.151364715067
0.151928165367
0.152539478834
0.153166307492
0.153776329383
0.154387485016
0.155033919984
0.155756915866
0.156705584818
0.156611169939
0.156879264289
0.156973031241
0.15682471519
0.156457008651
0.155885322471
0.15511541183
0.154157844244
0.153035856518
0.151779472202
0.150411379342
0.148937744436
0.147350920788
0.145636023644
0.143773931068
0.141741484396
0.139511202566
0.137050741318
0.134321628452
0.13127712524
0.127859189217
0.123994421908
0.119588823015
0.114521144129
0.108634629627
0.101726970155
0.093538488578
0.083739015216
0.0719116313157
0.0575978847793
0.0400743558865
0.0201810781431
0.143930532105
0.143939890964
0.143945213618
0.143966283976
0.143994247519
0.144033164402
0.144078800955
0.144133149613
0.144206135652
0.144290164257
0.144399652595
0.144509287528
0.144619992566
0.144735133286
0.144867218582
0.145004654213
0.145148000582
0.145315794572
0.145486646475
0.145662751008
0.145852314755
0.14603954041
0.146235997811
0.146426953125
0.146625691939
0.146858953601
0.147116176675
0.147349205118
0.147558673038
0.147787095291
0.148055253196
0.14833731034
0.148625212945
0.148907255098
0.149193175036
0.149499127364
0.14982304123
0.150191886183
0.150636373858
0.151172647156
0.151783496029
0.152423299186
0.153026394781
0.15360872915
0.154221285766
0.154876443564
0.155974141547
0.156561596206
0.156370745011
0.156327045725
0.156207706577
0.155886457945
0.155359087477
0.15463342262
0.153718833576
0.152627905525
0.151377857798
0.149988130686
0.148473588232
0.146839037826
0.145079109678
0.14318107882
0.141126881991
0.138893638296
0.136453483257
0.133773009026
0.130812145488
0.127522357369
0.1238441162
0.119703595681
0.115008519714
0.109643121675
0.10346224247
0.0962847789118
0.0878870027398
0.0779973379998
0.0662924337808
0.0524254428718
0.0358610154728
0.0177350310582
0.143591532533
0.143601749775
0.143609008294
0.143631515749
0.143657500401
0.143693405945
0.143736562683
0.143788548138
0.143859414558
0.143939676674
0.144050221236
0.144161406086
0.144271808474
0.14438871624
0.144523324911
0.144661892964
0.144803863895
0.144972456116
0.145150360999
0.145330376299
0.14552805908
0.145725235613
0.145928981538
0.146143895145
0.146357502038
0.146594904505
0.146865454102
0.147113326204
0.147314336014
0.147527381856
0.14778429876
0.148067708293
0.148360063419
0.148646336051
0.148926140027
0.149225883731
0.149542311998
0.149909248978
0.150376470121
0.150959913105
0.151610264577
0.152230106659
0.152807747812
0.153385966873
0.153976601159
0.154398252495
0.155763170367
0.155811414609
0.155795513274
0.15564371807
0.155326495398
0.154825924852
0.154133436353
0.153251156966
0.152189058514
0.150959871825
0.149577040418
0.148053435081
0.146398214587
0.144613692851
0.142694516013
0.140628669748
0.13839857682
0.135981513146
0.133349474968
0.13046864877
0.127298437025
0.12378996705
0.119884053225
0.115508602578
0.110575475488
0.104976866657
0.0985813928867
0.0912302865222
0.0827344217663
0.0728739613413
0.0613998969961
0.0480687419176
0.0324773057551
0.0158997647148
0.143229394398
0.143236593081
0.143250756367
0.143273662271
0.143301733166
0.143337727838
0.143378980749
0.143428851412
0.143496826806
0.143571237376
0.143680598289
0.143794305663
0.143903103689
0.144019162039
0.144158161697
0.144299882724
0.144441976856
0.144605694721
0.144785573351
0.144969810896
0.14517141417
0.145382725974
0.14560229627
0.14582839155
0.146061276696
0.146307572748
0.146589919288
0.14686812785
0.147074991002
0.147273173044
0.14750875474
0.147785801705
0.148080553028
0.14837911464
0.148661108157
0.148950500591
0.149257735168
0.149615259977
0.150098815633
0.150725874447
0.151397584804
0.151981894557
0.152543267895
0.153159639456
0.15381448555
0.155204740819
0.155129001022
0.155220158021
0.155128491027
0.154820337368
0.154323060207
0.153645124183
0.152785242669
0.15174670144
0.150538606871
0.149172069808
0.14765751661
0.146003388636
0.144214576773
0.142290735322
0.14022550576
0.138006730354
0.135616929602
0.13303350923
0.13022860248
0.127168582339
0.123813229921
0.120114524593
0.116015045415
0.111446002657
0.10632495542
0.10055334737
0.0940141124943
0.0865698305636
0.0780621625273
0.0683143106365
0.0571348112908
0.0443550018951
0.0296539210688
0.0143441396261
0.142850386053
0.142856568197
0.142872684559
0.142895974047
0.142926380514
0.142963870061
0.143003925596
0.143052360165
0.143118794461
0.143187457206
0.143292586449
0.143409313119
0.143518384037
0.143629553288
0.143770813021
0.143916909256
0.144061385539
0.144219966709
0.144395971562
0.144580990911
0.144786252252
0.144998851529
0.145236375421
0.145479181998
0.145731623932
0.145990960615
0.146283480095
0.14659401777
0.146832856631
0.147028451748
0.147246567506
0.147500172745
0.147788879699
0.148094553964
0.148398378896
0.148685186723
0.148979238627
0.149314834264
0.149801936008
0.150458559575
0.151103599097
0.151679237577
0.152232059565
0.152817309716
0.153200404976
0.154759383057
0.15465043772
0.154544773434
0.154308595799
0.15384767853
0.153186879381
0.152341969609
0.151320677197
0.15013091292
0.14878184795
0.147282742663
0.145641341447
0.143862760965
0.141948602948
0.139896089114
0.137697525683
0.135340228244
0.132806647468
0.130074395779
0.127116049162
0.123898704423
0.120383281402
0.116523558519
0.1122649446
0.107543018115
0.102281910619
0.0963926809245
0.0897719570104
0.0823013078505
0.0738480343572
0.0642689573558
0.0534148810181
0.0411685175283
0.0272659036602
0.0129916398688
0.142455967608
0.142461479153
0.142476652422
0.142501445134
0.142532658397
0.142570792404
0.142609767313
0.14265587907
0.142724497489
0.142794159751
0.142888383059
0.143006297896
0.143118381674
0.143228247153
0.143363039496
0.143510821398
0.143658222518
0.143814188741
0.143987443601
0.144167543684
0.144377204097
0.144591038834
0.144824806221
0.145077475611
0.145345266845
0.145628580964
0.145936875578
0.14627792109
0.146576441963
0.146788788165
0.147002279792
0.147240347216
0.147512654006
0.147803845513
0.14811557103
0.148425959089
0.148722244679
0.149028501911
0.14948113417
0.15016409144
0.15077494663
0.151327569483
0.151917492226
0.152549456032
0.154060188811
0.153784410064
0.153929104959
0.15378551567
0.153378175402
0.152753067635
0.151930400303
0.150925167004
0.149750384352
0.148417008324
0.146934239875
0.14530962154
0.143548450024
0.141653110523
0.13962258156
0.137452013616
0.135132415379
0.132650513862
0.129988710797
0.127124993514
0.12403270886
0.12068016802
0.117030072251
0.113038754803
0.108655244975
0.103820184235
0.0984646595216
0.0925090979708
0.0858624638803
0.0784222042656
0.0700755519353
0.0607036469438
0.0501861274096
0.0384378774142
0.0252372846975
0.0117927188284
0.142046490687
0.142051732664
0.142066263633
0.142093106384
0.142122684445
0.142158826217
0.142197303073
0.142239679668
0.142307676452
0.142382825657
0.142465651749
0.142582270484
0.142696985351
0.14281035756
0.142935234276
0.143080057749
0.143228597821
0.143382999631
0.143557884981
0.143735638183
0.143939409184
0.144160073611
0.144388457957
0.144640224383
0.144914885365
0.145208119874
0.145531767954
0.145891829587
0.14626424099
0.146539784129
0.146755790545
0.146992069066
0.14725149028
0.147542926118
0.147841719241
0.148159195508
0.148478467359
0.148782959816
0.149145447455
0.149795976538
0.150414576591
0.150940096058
0.151464020324
0.151633099258
0.153555940209
0.153342346999
0.153195516544
0.152896351166
0.152330512989
0.15154396053
0.150563027694
0.149405251959
0.148086373249
0.14661865827
0.145010929139
0.143269128208
0.141396372
0.139392747156
0.137255119792
0.134976969162
0.132548233731
0.12995518911
0.127180343343
0.12420229423
0.120995500857
0.117529944864
0.113770670589
0.109677196658
0.105202794336
0.100293641801
0.0948878938075
0.0889147672424
0.0822938464046
0.0749349866095
0.0667394380887
0.0576035092598
0.0474233338352
0.0361289288447
0.0235320097289
0.0107248522418
0.141622653306
0.141627732188
0.141646716657
0.141673683453
0.141698335513
0.141730843474
0.141769097234
0.141809411007
0.141868494269
0.141944153446
0.142020607497
0.142134088542
0.142249704139
0.142363694944
0.142481927572
0.142622816176
0.142767969616
0.142920480618
0.143097376568
0.143278913623
0.143472739854
0.143691728576
0.143919296866
0.144171313032
0.144444246214
0.144737385405
0.145063816841
0.145427681806
0.1458302297
0.146224411322
0.146496588149
0.146733725512
0.146993067364
0.147274398262
0.14758168532
0.147903873628
0.148240114167
0.148591067645
0.148920043324
0.149371910564
0.150033606759
0.150613964888
0.151255575182
0.152830410316
0.152502949662
0.152619459257
0.152399513962
0.151908093409
0.151177223765
0.150232136442
0.149097852278
0.147795518944
0.146342044281
0.144749614929
0.143026123402
0.141175886053
0.139200064993
0.137096817252
0.134861332138
0.132485821271
0.129959467348
0.127268342489
0.124395299367
0.121319825248
0.118017841942
0.114461439339
0.11061852802
0.106452390104
0.101921098642
0.0969767809099
0.0915647088625
0.0856222700749
0.0790779181144
0.0718504468062
0.0638491690826
0.0549762489615
0.0451317880907
0.0342430474098
0.0221474051886
0.0097826928288
0.141184761825
0.141190840415
0.141214027643
0.141236611445
0.141256949235
0.141286926082
0.141324623623
0.141364224929
0.141414060561
0.141485433534
0.141555644247
0.141662146903
0.14177810271
0.14188819729
0.1420011111
0.142140762354
0.142280457071
0.142425797359
0.142602154485
0.142784221791
0.142973380187
0.14318907305
0.143410874456
0.143665330166
0.143936505742
0.144229451336
0.144546218228
0.144900866979
0.145294377164
0.145732992141
0.146152425297
0.146450493049
0.146729561358
0.147015326897
0.147325056265
0.147660652123
0.148021910716
0.148400689551
0.148767017987
0.149140479794
0.149638757554
0.150175162483
0.150310608852
0.152537737661
0.152027937416
0.151854266683
0.151492678945
0.150827460652
0.149929350701
0.148828012563
0.147547017131
0.146108742102
0.144530141162
0.142822495973
0.140992332615
0.139042301988
0.13697182571
0.134777475214
0.132453163429
0.129990227676
0.127377441929
0.12460097414
0.121644304796
0.118488115179
0.115110150438
0.111485048907
0.107584114618
0.103374987192
0.0988211409215
0.0938811405855
0.0885075635682
0.0826455738238
0.076231085819
0.069188813932
0.0614305907441
0.0528550949423
0.043352641071
0.0328245769657
0.0211213331635
0.00897917124761
0.140730453154
0.140736991829
0.140751597915
0.140773150579
0.140795122395
0.140824629827
0.140861314388
0.14089896968
0.140943832476
0.141010156838
0.141077774077
0.141169875454
0.1412864542
0.141393521196
0.141499421943
0.141636226078
0.141776089268
0.141914528731
0.142079579014
0.142257958265
0.142440229625
0.142656450847
0.142875083346
0.14311626622
0.143383371334
0.143677717246
0.143988030891
0.144329701549
0.144707699553
0.14512693659
0.145590939282
0.146046753346
0.146418338016
0.146756328051
0.147089982481
0.147439685505
0.147815659767
0.148211530304
0.148596358197
0.148988142499
0.149454720744
0.149961355772
0.15030842189
0.15125872805
0.151378402103
0.151065328884
0.150498356468
0.149663186724
0.148600389944
0.147344865444
0.14592317356
0.144357076289
0.142662199905
0.14084823094
0.138919977432
0.13687838938
0.134721341409
0.13244413568
0.130039774916
0.127499093184
0.124810800775
0.121961476517
0.118935529631
0.11571515588
0.11228029894
0.108608608363
0.104675348871
0.100453179601
0.0959116883116
0.0910165484738
0.085728126195
0.0799994256887
0.073773103196
0.0669777078206
0.0595231906207
0.0512966669415
0.0421652360991
0.0319757704015
0.0205680550139
0.00837885449486
0.140260619046
0.140266228524
0.140272958844
0.14029419424
0.140318382265
0.140346134692
0.140379264119
0.140413548497
0.140452994285
0.140514652824
0.140584272178
0.140660622613
0.1407748429
0.140884468657
0.140987988829
0.141110833624
0.14125083924
0.14138803854
0.141536729553
0.141710964715
0.141885977215
0.14208879267
0.14230960094
0.142535787557
0.14279334018
0.143073769749
0.143381249246
0.143713927967
0.14407673342
0.144479840139
0.144917523467
0.145401234086
0.145886512377
0.146340736225
0.146750498689
0.147155552708
0.1475710237
0.148002698309
0.148433327361
0.148875556515
0.149374651323
0.149838557253
0.151784795706
0.150608577345
0.150625809182
0.150237612753
0.14945676075
0.148430950994
0.147199819037
0.14579273001
0.144236204341
0.142549986628
0.140747187759
0.138835238492
0.136816968547
0.134691644363
0.132455793253
0.130103743374
0.127627922353
0.125019000505
0.122265951201
0.119356071913
0.11627500529
0.113006791091
0.109533967106
0.105837691983
0.101897815413
0.0976927678581
0.0931991042135
0.0883905249916
0.0832360829219
0.0776974392226
0.0717243366557
0.0652485684961
0.0581750331547
0.0503718920019
0.0416685288871
0.0318284706817
0.0206649327949
0.00811532155008
0.139778610779
0.139784354251
0.139795689291
0.139811772674
0.139831618905
0.139854301606
0.139881670781
0.13991249297
0.139946176157
0.1400002051
0.140069431247
0.140134414572
0.140238323439
0.140352923305
0.140456662138
0.140562932298
0.140699038739
0.140832322603
0.140966736808
0.141134768292
0.141307489934
0.141491340993
0.141704262465
0.141918571805
0.142166813067
0.142431317453
0.142730802432
0.14305177003
0.143400709482
0.143788931466
0.144211479166
0.144665705918
0.145156169022
0.145665352445
0.146164311395
0.146653596847
0.14715364463
0.147673472164
0.148212365648
0.148724645897
0.149170552266
0.149014674238
0.151287473311
0.15056087472
0.149999804517
0.149332029434
0.148347419277
0.147130309692
0.145730264996
0.144176355065
0.142492019663
0.140693629248
0.138791094797
0.136789185828
0.134688638316
0.132487131305
0.130180063905
0.127761070979
0.125222307263
0.122554584735
0.119747436684
0.116789170233
0.113666958725
0.110367022919
0.106874909221
0.103175815824
0.0992548422947
0.0950969913774
0.0906867246443
0.0860068784641
0.0810366033675
0.0757481157159
0.0701008754939
0.0640330469903
0.0574461468432
0.0501843143978
0.042011142358
0.0325408684857
0.0214904479076
0.00807994038016
0.139283691889
0.139288799775
0.13930239482
0.139315130871
0.139328762487
0.139347813078
0.139371254413
0.139399480811
0.13942940451
0.139473221633
0.139538323366
0.139601783603
0.139682616053
0.139797652583
0.139900041056
0.139996239436
0.140121855431
0.140252778821
0.140378417063
0.140529290206
0.140695294201
0.140864053717
0.141067666961
0.141274965794
0.141503686521
0.141758346349
0.142038571207
0.142347122956
0.142682777567
0.143051565334
0.143463631059
0.143906105736
0.144387678499
0.144903389651
0.145454719605
0.146026863399
0.146627936154
0.147270110467
0.147965652275
0.148659514236
0.149351095948
0.150368817074
0.150132351684
0.149968250388
0.149283126152
0.148338343348
0.147148187566
0.14574937272
0.14418818021
0.142495798024
0.140692479817
0.138790667894
0.136796835623
0.134713000438
0.132537862713
0.130267693654
0.127897010492
0.125419025417
0.122825895495
0.120108844715
0.11725823322
0.114263644754
0.111114071759
0.107798255268
0.104305179842
0.100624621535
0.0967475734028
0.0926663311171
0.0883740607489
0.0838637266862
0.0791260466217
0.0741467260409
0.0689004022857
0.0633428331288
0.0573914791633
0.0508955366266
0.0435661304046
0.0347885830046
0.0237410562565
0.00815695562921
0.138774927431
0.1387775362
0.138784740036
0.138792490634
0.13880712241
0.138826553383
0.138848769751
0.138874839801
0.138900535386
0.138933735283
0.138989933071
0.139056410864
0.139116872669
0.139218057825
0.139325010147
0.13941708167
0.13952133899
0.139650026125
0.139772109925
0.139899946642
0.140057759492
0.14021466081
0.140397467174
0.140601309077
0.14080603582
0.141050752549
0.141312155621
0.141607163434
0.14192790559
0.142280194809
0.142679082111
0.143117297403
0.143600384371
0.144130843589
0.144715161512
0.145358013682
0.146059639807
0.146831871475
0.14767839655
0.148520266738
0.149104630411
0.151050541115
0.149822251355
0.149340882894
0.148474104355
0.147267476987
0.145859181229
0.144281772554
0.142568943857
0.140748450711
0.138836382912
0.136840816672
0.134764654988
0.13260724173
0.130365426524
0.128034317493
0.125607817176
0.123078980928
0.120440220817
0.117683416068
0.114799991272
0.11178105367
0.108617692379
0.105301514992
0.101825379804
0.0981841585654
0.0943752676115
0.0903987452563
0.0862567433423
0.0819525018127
0.077488709647
0.0728661578315
0.0680796587507
0.0631170277803
0.0579470848306
0.0525101785807
0.0466552421491
0.0399143649815
0.0311070299587
0.0144733352478
0.138254981645
0.138255591858
0.138256508629
0.138255606264
0.13827428969
0.138295003185
0.138316100593
0.138339215146
0.138360165778
0.138384186244
0.13842816016
0.13849048358
0.138549090286
0.138621946974
0.138727491791
0.138821248108
0.138907055986
0.139022272576
0.139141395548
0.139252466948
0.13939278784
0.13954359243
0.13969894483
0.139889382555
0.140083950849
0.140302963873
0.140552342522
0.14082998437
0.141136633905
0.141475536029
0.141859076109
0.142292060969
0.142777334363
0.143322618515
0.143937472926
0.144634559461
0.14543336103
0.146345238724
0.147363888794
0.148393833302
0.148564177194
0.150419066782
0.149557081152
0.148652208522
0.147512663469
0.14607336428
0.144458227803
0.142712794433
0.140862537945
0.138927806686
0.136919465774
0.134841230792
0.132692626501
0.130470614388
0.128170513179
0.125786580233
0.123312396849
0.120741128501
0.118065684127
0.115278821823
0.112373249352
0.109341827988
0.106178022173
0.102876665636
0.0994349416682
0.0958532926537
0.0921359208435
0.0882906266291
0.0843280133644
0.0802603094454
0.076099973742
0.0718603254598
0.0675534673787
0.0632013675312
0.0588340095105
0.0545275598648
0.0504096142406
0.0466172775434
0.0436660128041
0.0425806428365
0.137725353902
0.137726572799
0.137729937684
0.137730087683
0.137740993962
0.137758524928
0.13777673364
0.137795525795
0.137812953003
0.137829780684
0.137858258686
0.137908774846
0.137970275654
0.138024053042
0.138106583404
0.138203882154
0.138283214269
0.138369596606
0.138484998016
0.138588681299
0.138699137429
0.138841982446
0.138982290995
0.139147901027
0.139334972572
0.139528736111
0.139756923825
0.140013312271
0.140303068145
0.140625432072
0.140992531442
0.141416813368
0.141898637874
0.142450124007
0.14309171424
0.143836786382
0.144719929231
0.145798155359
0.147143281444
0.148887717676
0.150375887283
0.149770953874
0.148979059945
0.147787923747
0.146363232053
0.144712057042
0.142916612603
0.141024769252
0.139056978622
0.137025575847
0.134935867191
0.132787631623
0.130577552453
0.128300707536
0.12595131957
0.123523165388
0.121009820366
0.118404832588
0.115701844605
0.11289470929
0.109977625093
0.106945435947
0.103794273992
0.100522597823
0.0971323976851
0.0936301398771
0.0900269926755
0.0863381320456
0.082581300532
0.078775002808
0.0749368799203
0.0710853847156
0.0672381487072
0.0634348686878
0.0597316902444
0.0562973491038
0.0534121693852
0.0513742703914
0.0505552773775
0.0472582376965
0.137186116203
0.137188204626
0.137193957631
0.137204757502
0.13720558394
0.137218648498
0.137233330915
0.137247771339
0.13726218077
0.137271630251
0.137284764643
0.137316566451
0.137367362716
0.137418957133
0.137472858904
0.13755965238
0.137643247023
0.137710847086
0.137803782956
0.137904519322
0.137995295402
0.138114208591
0.138246369183
0.138386264275
0.138550611409
0.138728791417
0.138928432749
0.13916386746
0.139426449075
0.139725328485
0.140074620844
0.14047859766
0.140945926481
0.141489568384
0.142135813979
0.142909054461
0.143852759885
0.145036252126
0.146595107585
0.148899535872
0.149787778147
0.148996888458
0.148046135405
0.146604176979
0.144956705035
0.143139346746
0.141205990393
0.13920056947
0.137140957572
0.135033747611
0.132879683014
0.130675517667
0.128415924947
0.126094763216
0.123705675797
0.1212423643
0.11869872538
0.116068963075
0.113347688831
0.110530063562
0.107611984333
0.104590516422
0.101464791851
0.0982373586521
0.0949155661462
0.0915123563211
0.0880459223167
0.0845380982342
0.0810119533363
0.0774888372406
0.0739860707063
0.0705192533043
0.067097082412
0.0637536341094
0.0605305091706
0.0576785072824
0.0554623572163
0.053714593265
0.0529210891888
0.0569398141888
0.136641802833
0.136643248399
0.13664541078
0.136662604519
0.136666483905
0.136675944716
0.136686965149
0.136696908837
0.136706704162
0.136710208846
0.136712497748
0.136722513669
0.13675399423
0.136799462173
0.136841171001
0.136894529886
0.136975439207
0.137044977335
0.137107043757
0.13719570352
0.137281747821
0.137368810054
0.137481411388
0.137601015249
0.13773831918
0.137895422626
0.138070176425
0.138274873795
0.138510893688
0.138783954353
0.139098567792
0.139468603122
0.13990558811
0.14042527887
0.141051531238
0.141813763904
0.142745597012
0.143918134913
0.145425307239
0.147417543964
0.148423380817
0.147466526032
0.146577598969
0.145035462595
0.143258637565
0.141332896915
0.139310244269
0.137229504303
0.135107091975
0.132946760417
0.130746514551
0.12850132257
0.126204818117
0.123850373369
0.121431592992
0.118942510888
0.11637766349
0.113732175176
0.111001854389
0.108183383056
0.105274569616
0.102274965345
0.099187097585
0.0960181733588
0.0927815566142
0.0894971739851
0.0861902274771
0.0828883240921
0.0796176999873
0.076398440986
0.0732423550343
0.0701558556857
0.0671262429678
0.0641687319736
0.0613229782644
0.0590026797293
0.0571716792644
0.0551982430531
0.0544944141658
0.0566044683989
0.136096931254
0.136097856974
0.136099190761
0.13611430983
0.13612886997
0.13613221556
0.136137321125
0.136141153757
0.136144165305
0.136144040278
0.136138406467
0.136133682822
0.136141168477
0.136168169658
0.136205789018
0.136236015391
0.136288281346
0.136354172052
0.136403444786
0.136462187787
0.136537939943
0.136607480756
0.136689875794
0.136788544537
0.136898935313
0.137025281375
0.137173586939
0.137344591682
0.137552499289
0.137791647184
0.138065089073
0.138394193461
0.138783108784
0.139252449554
0.139819219221
0.1405205343
0.141383514036
0.142463578714
0.143824091171
0.145410733028
0.146638226094
0.145553730617
0.144661819246
0.143090592245
0.141268643896
0.139292964301
0.137227852555
0.135109465973
0.132953382182
0.130762660001
0.128534441012
0.126263215823
0.123942539195
0.121566001974
0.119127679298
0.116622312128
0.114045365036
0.111393122629
0.108662801184
0.105852810151
0.102963086524
0.0999959658553
0.0969578521207
0.0938613119583
0.0907265204213
0.087580995847
0.0844570230353
0.0813872370826
0.0783989792804
0.0755067952052
0.072711465074
0.0699970264322
0.067305696274
0.0646571511671
0.0621553660367
0.0602286337517
0.0582512861145
0.0578515118177
0.0580321272203
0.0586079718496
0.135545545352
0.135545746164
0.135548590172
0.135553805054
0.135571090971
0.135576978241
0.135579993179
0.135578266298
0.13557427708
0.135569871236
0.135557692828
0.135544331227
0.135530384472
0.135532797177
0.135554398827
0.13558084448
0.135603830147
0.135647483595
0.135691290954
0.135726240566
0.135769818507
0.135826093372
0.135883367202
0.135951366641
0.136033445497
0.136131090647
0.13624344728
0.136381227094
0.136543709432
0.136736012638
0.136958008799
0.137229258369
0.137556264069
0.137950378767
0.138428703771
0.139023222604
0.139766442007
0.140648223861
0.141755797931
0.142647234715
0.144142125195
0.143184926411
0.142345801847
0.140806152524
0.139007783798
0.137035340335
0.134969328478
0.132846676985
0.130683439353
0.128483435236
0.126244409895
0.123961495517
0.121628987863
0.119241297328
0.116793401279
0.114281063542
0.111700915894
0.109050603743
0.106328930461
0.103536220984
0.100674751578
0.0977499708203
0.0947727307996
0.0917617889538
0.0887450504888
0.0857583355474
0.0828412508222
0.0800312572578
0.0773559161488
0.0748234677745
0.0724237430404
0.0700951593612
0.0676985235283
0.0652838570144
0.0628625199861
0.0605514002855
0.0603117001323
0.0606522749295
0.0606281950844
0.0608061213418
0.134979762163
0.134977213118
0.134976652478
0.134971698655
0.134982332694
0.134999256858
0.135008076416
0.135004208993
0.13499507698
0.134984410841
0.134968926344
0.134945731326
0.134922325319
0.134899958356
0.134895380634
0.134908976362
0.134920512075
0.134933542694
0.134960119351
0.134985011054
0.135001007163
0.135023068592
0.135059417441
0.135096970843
0.135145387331
0.135208125052
0.135282076779
0.135371262796
0.135477922771
0.135607755448
0.13576429358
0.13596215948
0.136216069024
0.13652284725
0.136897638601
0.137376377715
0.137944785521
0.138598638949
0.139414328827
0.139638717777
0.141143550965
0.140484654106
0.139742707788
0.138261364489
0.136523331835
0.134590434731
0.132554794088
0.130454178237
0.128305741093
0.126114665738
0.123880116157
0.121598601183
0.119265739362
0.116877204596
0.114429203646
0.111918764246
0.109343863905
0.106703659367
0.103998673841
0.101231301744
0.0984063405615
0.0955326941337
0.0926262985297
0.0897130117567
0.0868294119109
0.0840202817979
0.0813328132622
0.0788092749474
0.0764773025901
0.0743427067129
0.072393571304
0.0705287409254
0.0686284461098
0.0667479309043
0.0640849761097
0.0620648036387
0.0630795877001
0.0630288570154
0.0629324680196
0.0629222148571
0.134402995824
0.134396150202
0.134388305035
0.134380162481
0.134381270455
0.134397153262
0.13441190605
0.134412274815
0.134403155184
0.134388453235
0.134370655168
0.134342983164
0.134312994517
0.134277575566
0.134247975448
0.134231564081
0.134230364189
0.134224187561
0.134220873815
0.134225945209
0.134228022106
0.134220166941
0.134217880173
0.134226840243
0.13423983604
0.134256681894
0.134282104243
0.13431401852
0.134363057752
0.134425270195
0.134519237668
0.134637029091
0.134793470802
0.134995924179
0.135262611143
0.135596428983
0.135995604082
0.136494636733
0.137160642965
0.137358117696
0.138161481699
0.137629874896
0.136962078834
0.135534883862
0.13386728077
0.131993241801
0.130008503982
0.127948809123
0.12583202827
0.123664648858
0.121447510876
0.119178842808
0.116855906609
0.114475912094
0.112036507883
0.109536148027
0.106974270783
0.104351639601
0.1016705737
0.0989356396983
0.0961542840192
0.0933391893668
0.0905120280198
0.0877066357276
0.0849690306492
0.0823533175926
0.0799142390699
0.077698577367
0.0757336338403
0.0740238775844
0.0725425222471
0.0711646133642
0.0700876218209
0.0694049352893
0.0662848791838
0.0674325852962
0.0659271095029
0.0652742060171
0.0649084515774
0.0647589348911
0.133825822901
0.133815186701
0.133802455107
0.133792232164
0.133783983713
0.13378501067
0.13379518639
0.133804704303
0.133800020588
0.133785331244
0.13376396385
0.133736022723
0.13369632799
0.133656481129
0.133610106103
0.133569150485
0.13353681957
0.133514161454
0.133487275415
0.133460974441
0.133438634908
0.133412309713
0.13337744439
0.133345118757
0.133318158381
0.133288932889
0.133258571948
0.133237933002
0.133221717465
0.133220856323
0.133227138191
0.133248138281
0.133293041789
0.133380613783
0.133517376154
0.133687173582
0.133919998799
0.134215991773
0.134607246875
0.134969527991
0.135378042715
0.134711418769
0.134056848784
0.132675915497
0.131081401791
0.129276145239
0.127354883343
0.12534878187
0.123275820727
0.121143473398
0.118954200423
0.116708001347
0.114403878978
0.112040690599
0.109617627609
0.107134656667
0.10459272981
0.10199426
0.0993433755569
0.0966468583279
0.0939148500887
0.0911640929575
0.088422604665
0.0857329086332
0.0831508086873
0.0807393913683
0.0785601070582
0.0766633779193
0.0750777784211
0.0738111154881
0.072805909469
0.0718967209572
0.071195154898
0.0696563887631
0.071290294776
0.0690719845617
0.0676673605084
0.0668438136893
0.0663765044005
0.0661615081977
0.133252574674
0.133241076997
0.13322722344
0.133212796937
0.133198567599
0.133186051321
0.133183700342
0.133194320556
0.13319301443
0.133178762741
0.133154332833
0.133122494187
0.133078848396
0.133027621256
0.132973552453
0.132911492784
0.132851053147
0.132797779591
0.132751642187
0.132699612336
0.132647102681
0.132588410959
0.132530116419
0.132458651605
0.132384155719
0.132307110831
0.132227127653
0.132144375443
0.13206022544
0.131969852111
0.131875160355
0.131801898627
0.131742253019
0.131702015808
0.131672654369
0.131653257707
0.131647726467
0.131648855075
0.13165532433
0.131566720897
0.132311459001
0.131664610496
0.131043621496
0.129715658675
0.12819828679
0.126467560354
0.124616975495
0.122672305882
0.120651349406
0.118562241448
0.116408878513
0.114192909821
0.111915014745
0.10957567749
0.107175631811
0.104716372009
0.102200359297
0.099631651243
0.0970161377348
0.094362797353
0.0916844200746
0.089002035511
0.0863505409878
0.0837815943629
0.0813605283963
0.0791581003741
0.0772400753596
0.0756573224541
0.074438327592
0.0735950483949
0.0730783181533
0.0729368058234
0.0732325877852
0.070832173939
0.0713357715955
0.0696949596483
0.0685615487869
0.067786694086
0.0673211609864
0.0671038761726
0.132680681066
0.132673257743
0.132659718091
0.132642735455
0.132623227383
0.13260272759
0.132586611269
0.13258654421
0.132586887204
0.13257257415
0.132545634096
0.132508004173
0.132461567388
0.13240162454
0.132335583411
0.132256885328
0.132173439801
0.132093833801
0.13201493188
0.131937028766
0.131857985382
0.131768237437
0.131669389032
0.131562415985
0.131440868588
0.131310992908
0.131175454808
0.131023432992
0.130855282967
0.130671233017
0.130500842204
0.130323360768
0.130139482594
0.129946537384
0.129735043979
0.12950230769
0.129250825353
0.12899577309
0.128738508106
0.128416048038
0.129143860705
0.128537909804
0.12796091248
0.126687539192
0.125247279695
0.123592775435
0.121815947364
0.11993681332
0.11797282199
0.115932465577
0.113820852283
0.111641080009
0.10939534763
0.107085652965
0.104714187799
0.102283925946
0.0997987781808
0.097264403342
0.0946883490187
0.092081724185
0.0894598243076
0.0868481663311
0.0842889870019
0.0818432289248
0.0795848969719
0.0775902459887
0.0759258679844
0.0746383793627
0.0737491603345
0.0732504843893
0.07306927397
0.0733068478959
0.0736337666526
0.0749643868239
0.0721018587417
0.0701537925808
0.0690026808664
0.0682830249042
0.0678442363709
0.0676401708313
0.13211390336
0.132111847687
0.132099462767
0.132081316679
0.132058126564
0.132031594646
0.132006351241
0.131987481517
0.131981779641
0.131968255701
0.131939713316
0.131897463101
0.131843279363
0.131778002501
0.131696061756
0.131608837421
0.131508164707
0.131405104749
0.131295080681
0.131185512833
0.131071958877
0.130952639876
0.130811356388
0.130658515749
0.13048932601
0.13030700717
0.130104411826
0.129878046253
0.129625770024
0.129374197214
0.129104424746
0.128803080213
0.128479048655
0.12812588009
0.127737720838
0.127312501726
0.12688018442
0.126414277787
0.125948860585
0.125372674437
0.126012631304
0.125385924575
0.124839532617
0.123618307456
0.122252620957
0.120673387738
0.118970603678
0.117158437859
0.115253912985
0.113265621174
0.111199671783
0.109060400046
0.106851338275
0.104575838079
0.102237407188
0.0998403995939
0.0973900662101
0.0948935933302
0.0923600360036
0.0898025399707
0.0872386846453
0.084698699233
0.0822325805161
0.079910429857
0.0778135265056
0.076020825028
0.0745958065225
0.0735769910186
0.0729752924659
0.072762902307
0.0728768480267
0.0733190502157
0.073174800764
0.0742525726868
0.0717061780551
0.0700584948021
0.0690212560547
0.0684033295661
0.0680441047561
0.0678702129799
0.131560239923
0.131557880719
0.131546068673
0.131526272838
0.131500645824
0.131469916868
0.131437978486
0.131406571776
0.131382994374
0.131366840212
0.131338292215
0.131292485232
0.131231225365
0.131155998089
0.131064812787
0.130962186212
0.130851661697
0.130722795919
0.130589413102
0.130447900462
0.130297985688
0.130138533355
0.129958507118
0.129756829291
0.129537546781
0.12929753344
0.129030071276
0.128728635783
0.128411414286
0.128066839599
0.127678018939
0.127250947946
0.126782855038
0.126269448651
0.125706382198
0.125107379818
0.124492131025
0.123831368995
0.123071267016
0.122175267129
0.122851382871
0.122216375893
0.121697755276
0.120528022722
0.119234031891
0.117727740646
0.116097474613
0.114351848094
0.112507473793
0.110572832052
0.108554844657
0.106458893131
0.104289671995
0.102051724345
0.0997497056361
0.0973892200214
0.0949767059969
0.0925207853187
0.0900318313444
0.0875249371374
0.085019688788
0.0825513647173
0.080178165028
0.0779790089333
0.0760406779976
0.0744416639692
0.0732381613447
0.0724559299834
0.0720886722424
0.0720920797594
0.0724450836505
0.0730548205736
0.0732499194128
0.0726345666302
0.0709468209796
0.0696816530936
0.068821480211
0.0683037106279
0.0680177289126
0.0678898967757
0.131019046128
0.131011796504
0.130998841408
0.130977076131
0.130949110842
0.130915498932
0.130877052846
0.130838824582
0.130802470224
0.130771690781
0.130741794397
0.130694209217
0.130627763255
0.130544047966
0.130444561893
0.13032769928
0.130196906824
0.130051514252
0.129892053462
0.129723346616
0.129538660352
0.129335508459
0.129111639709
0.128863749111
0.128593102245
0.128292684149
0.127957878656
0.127590517391
0.127187377104
0.126733802392
0.126231573972
0.125676073303
0.125065752226
0.124396733963
0.123668601951
0.122903698676
0.12207253909
0.121153916921
0.120063234433
0.118965431835
0.11966535996
0.119044739689
0.118554654667
0.117434724436
0.116208445025
0.114771667604
0.113211124244
0.111530284065
0.109745400858
0.107864660007
0.105895614656
0.103844519224
0.101717091271
0.0995189309113
0.097255679785
0.094934057397
0.0925615080511
0.090147992771
0.0877049832981
0.0852494663603
0.0828027265478
0.0804056442207
0.0781251453077
0.0760484972084
0.0742660311219
0.0728527436546
0.0718542479886
0.071280782471
0.0711040669731
0.071253216796
0.0716617078519
0.0721220059746
0.0731785204617
0.0715752624857
0.0701910734815
0.0692010886853
0.0685191416899
0.0681006324592
0.0678754912406
0.0677464339764
0.130485254456
0.130474038152
0.130458406865
0.130435744512
0.130406425887
0.130371386253
0.13033048124
0.130284674548
0.130241149992
0.130194263232
0.130150725304
0.130101010813
0.130031768009
0.129942151607
0.129832874381
0.129705066886
0.129556566785
0.129391540423
0.129210151799
0.129011666207
0.128790638219
0.12854648187
0.128278380172
0.127984576644
0.127658670015
0.127295403208
0.126891361522
0.126445423061
0.12594528906
0.125390846839
0.124775903103
0.124096234899
0.123347938563
0.122531844502
0.12164853522
0.120692184229
0.119624714389
0.118420294116
0.117180712171
0.115877193696
0.116519217878
0.115892171722
0.115425350688
0.114353035118
0.113190115741
0.111818877049
0.110324464211
0.108705711929
0.106978630837
0.105150987876
0.1032307935
0.101225003914
0.0991402440095
0.096983074524
0.0947599916535
0.0924787193799
0.0901475144409
0.0877775973527
0.0853812922487
0.0829774927468
0.080588853842
0.0782627222498
0.0760753643746
0.0741218235686
0.0724939878362
0.0712605107564
0.0704535945379
0.0700670994478
0.0700590659205
0.0703664820488
0.0708944286276
0.0712144239444
0.0713611157413
0.0702892098798
0.0693536192259
0.0686471107535
0.0681526096242
0.0678431014925
0.0676718012764
0.0676089884956
0.129955397572
0.129944030913
0.129927456087
0.129906469302
0.129878421656
0.129843598066
0.12980176452
0.129752275462
0.129698023355
0.129642464085
0.129579223536
0.12951606783
0.129440800209
0.12934717204
0.129230281813
0.129090941866
0.128929562082
0.128744250657
0.128538658337
0.12830993905
0.128056056903
0.127772855471
0.127461553847
0.127116610848
0.126732385603
0.12630504369
0.125827171973
0.125295175685
0.124703575353
0.12404818528
0.123320791396
0.122516025439
0.121634882727
0.120674673951
0.119619015923
0.118445624633
0.117174981212
0.115785414914
0.114415968379
0.11276069327
0.113395330168
0.112761691309
0.112317770678
0.111293951884
0.110191207919
0.108881557526
0.107449186215
0.105889082948
0.104217245295
0.102440996906
0.100568656084
0.0986076990705
0.0965655445173
0.0944496436684
0.0922672539591
0.0900270389937
0.0877378827357
0.085412227187
0.0830629799959
0.0807110524873
0.0783801137855
0.0761252342935
0.0740326329059
0.0722043705443
0.0707318516233
0.069675012765
0.0690508555716
0.0688351232135
0.0689635792902
0.0693468465761
0.0698737521957
0.0707031286221
0.0699879354441
0.0691860644868
0.0685375754363
0.0680545647147
0.0677354598984
0.0675436182503
0.0674417124283
0.0674244890093
0.129440534837
0.1294297565
0.129417149545
0.129399545969
0.129374076118
0.12933978091
0.129296410213
0.129243574412
0.129180532224
0.129114969982
0.129039413738
0.128954392831
0.12886005997
0.128760562998
0.128636333398
0.128487511249
0.128311342524
0.128108712694
0.127878280921
0.127620967798
0.12733303375
0.127012185458
0.12665555865
0.126257107727
0.125814357806
0.125320743172
0.124768975985
0.12415402284
0.12347039028
0.122714013158
0.121876786422
0.120953411952
0.119941478718
0.118826343027
0.117574413695
0.11621482193
0.114757173235
0.11314339838
0.111505256504
0.109563638877
0.11026171721
0.109658500866
0.109243145163
0.108269051366
0.107223380001
0.105971091117
0.104596143487
0.103090565379
0.101470603839
0.0997432065762
0.0979168964968
0.0959994827553
0.0939990494755
0.0919238722562
0.0897819069874
0.0875827482205
0.0853357452185
0.0830545931635
0.0807524943266
0.0784526188149
0.0761792506437
0.0739969179897
0.0720022720063
0.0703032112492
0.0689879614707
0.0681050442303
0.0676577824797
0.0676120558076
0.0678782973212
0.068317559683
0.0688816400731
0.0690480829892
0.0686130572416
0.0681264528764
0.0677206024733
0.0674273710644
0.0672501176563
0.0671686693673
0.0671220402101
0.067113796958
0.128963699461
0.128956217682
0.128945430394
0.128928057234
0.128902445871
0.128866471687
0.128819490151
0.128761182548
0.128690977852
0.128610397481
0.128525074205
0.128427600611
0.128317965561
0.128195080676
0.12805578917
0.127895359296
0.127705180942
0.127483547349
0.127232022672
0.126944865127
0.126623753356
0.126264299638
0.125862241653
0.12541017689
0.124908165773
0.124349831571
0.123724388701
0.12302682285
0.122253488196
0.121399054718
0.120454210675
0.119408747703
0.118260070059
0.116963532691
0.115527517795
0.113975052868
0.112258108542
0.11036700219
0.108524481649
0.106460011103
0.107167076468
0.106606559871
0.106219197434
0.105291683596
0.104298132163
0.103098141547
0.101775397097
0.100319603803
0.0987474170119
0.0970655284048
0.0952826321579
0.0934067057716
0.0914463619174
0.0894106208181
0.0873080893873
0.0851493369683
0.0829440446264
0.0807072888644
0.0784522535694
0.0762047766984
0.0739892812682
0.071882081033
0.0699905338236
0.0684268745354
0.0672727431611
0.0665610015671
0.0662781222651
0.0663769129267
0.0667591891302
0.0673068695009
0.0679947165242
0.0677223244252
0.0674255932784
0.067128286266
0.0668921519838
0.0667270356444
0.0666202962471
0.0666078928912
0.0666229096605
0.0666155880161
0.128525499291
0.128523359192
0.128511601636
0.12849267949
0.128464319615
0.128424108011
0.128371326867
0.128305766688
0.12822716813
0.128134448817
0.128034093112
0.127926772624
0.127809644126
0.127665514342
0.127505223246
0.127322467582
0.127113568266
0.126873667158
0.126599256091
0.126284448583
0.125930540995
0.125532978858
0.12508318117
0.124578447521
0.12401849538
0.123394254883
0.122697660088
0.121920831824
0.121060095771
0.120111236299
0.119059925118
0.117888464237
0.116574896519
0.115097205775
0.113480530856
0.111693335488
0.109759279304
0.107654781913
0.105721523239
0.10350563062
0.104166271281
0.103629915164
0.103262160695
0.102374111964
0.101425804398
0.100272232658
0.0989960120866
0.0975848293911
0.0960557358184
0.0944152976719
0.0926724305749
0.0908351789833
0.0889125696555
0.0869142743474
0.0848495091474
0.082729900379
0.0805653514397
0.0783725622047
0.0761643497943
0.073969824529
0.0718129332511
0.0697847680869
0.0680032043076
0.0665828911669
0.0655964550537
0.0650627896176
0.0649482108425
0.0651375365573
0.0654941688323
0.0663400246277
0.0665082082053
0.06642611684
0.0662842897096
0.0661374106805
0.066019368531
0.0659308917589
0.0658593935118
0.0658317003953
0.0658618804695
0.0657963285367
0.128105901181
0.12810914994
0.128100389346
0.128082597297
0.128051694326
0.128006616333
0.127947397222
0.127874258346
0.127787226453
0.127685980536
0.127570574639
0.127445460662
0.127312622011
0.12716215994
0.126984037116
0.126777102386
0.12654354287
0.126279974057
0.125978501425
0.125637796544
0.125253602516
0.124814061363
0.124319544233
0.123764689231
0.123148635237
0.122463558055
0.121697230425
0.120844632479
0.119903079072
0.118865012961
0.117697378993
0.116374751378
0.114897953305
0.113260830908
0.11145068243
0.109481602481
0.10737288079
0.105071157429
0.103058962396
0.10066158373
0.101271676429
0.100739893685
0.100382161991
0.0995255286089
0.0986148145795
0.097501436496
0.0962658982763
0.0948939632021
0.0934029081954
0.0917992793483
0.0900923383628
0.0882901875663
0.0864022181641
0.0844386664726
0.0824093264786
0.0803269873562
0.0782016777708
0.0760520895592
0.0738902595437
0.0717493961752
0.0696521195129
0.0677080389157
0.0660443260578
0.0647745990694
0.0639591703804
0.0636074187348
0.0636794466257
0.0640514727162
0.0645345258313
0.0650449949558
0.0651888859199
0.0652085256259
0.0651791059245
0.0651394542682
0.0651044511163
0.0650737501044
0.0650434710828
0.0650110191687
0.065024861837
0.0650161234453
0.127702548352
0.12770812433
0.127704490588
0.127688261754
0.12765489469
0.127605825313
0.127541480491
0.127462082313
0.127367661585
0.127258093601
0.127132521228
0.126990768639
0.12683601529
0.126667969637
0.126476885861
0.126254357012
0.125998706918
0.1257071804
0.125377945519
0.12500856638
0.124588625378
0.124112884137
0.123576693633
0.122975227917
0.122306730188
0.121561018891
0.120729845825
0.119805649742
0.118787654968
0.117646486343
0.116332239459
0.114869196539
0.113249372224
0.111450021789
0.10947476997
0.107348506767
0.10504187366
0.102574537029
0.100514912864
0.0979276785012
0.0984811615849
0.0979379463705
0.0975831605037
0.0967517548367
0.0958716320072
0.0947924782246
0.0935919105599
0.0922538635383
0.0907955896333
0.0892236789755
0.0875479067707
0.0857765157041
0.0839193076954
0.0819870288632
0.0799900544401
0.0779424547784
0.0758542962253
0.0737467657975
0.0716306130459
0.0695442202801
0.0675077146294
0.0656537277897
0.0641158222811
0.0630027461937
0.0623623431108
0.0621814369303
0.06233254712
0.0627125417877
0.0637260212768
0.0638156416124
0.0639536785772
0.0640407014369
0.0640897919579
0.0641248031027
0.0641497808232
0.0641654272053
0.0641713461554
0.0641558406409
0.0641691102379
0.0642011765303
0.12732894565
0.12732870954
0.127324253772
0.127304168029
0.12726757828
0.127216146536
0.127149408462
0.127066196494
0.126966336101
0.12684963456
0.126715480826
0.126562773699
0.126390581584
0.12620010626
0.125989341891
0.125753404558
0.125477869814
0.125162397308
0.124806176605
0.124403591502
0.123948933656
0.123436826808
0.12286015275
0.122214337624
0.121494897229
0.120693511145
0.119796438176
0.118804201444
0.117695613112
0.116414800445
0.1149780978
0.113396987913
0.111637615312
0.109688543001
0.107571269694
0.105259747617
0.10280612548
0.100221190323
0.0980776390163
0.0952506307972
0.0957766093009
0.0952183820029
0.0948642422755
0.0940559846406
0.0932015174892
0.0921513779741
0.0909803078626
0.0896707999976
0.0882398757653
0.0866941988158
0.0850442237143
0.0832984731036
0.0814673019422
0.0795619600597
0.0775934744454
0.0755773235154
0.0735235435392
0.0714564729457
0.069384949805
0.0673539746486
0.0653797385744
0.0636231499623
0.0622182282296
0.0612647096306
0.0608038926438
0.0608049214365
0.0610850692728
0.0614995938357
0.0622335031832
0.0625378817526
0.0627439746844
0.0628962352153
0.0630004907236
0.0630855232679
0.0631518626815
0.063201500204
0.0632343754941
0.0632325546025
0.0632583126295
0.0633110330673
0.126979787142
0.126972013995
0.12695918498
0.126933752979
0.126894382354
0.126840854511
0.126771998176
0.126686449466
0.12658311356
0.126461036869
0.126319793323
0.126158443245
0.125975516294
0.125768988176
0.125540182742
0.125282872195
0.124982884658
0.124646533939
0.12426361254
0.123829724483
0.123340230528
0.122791330458
0.122176630036
0.121486471752
0.120718728551
0.119856505012
0.118894988508
0.117822825053
0.116594936936
0.11520755781
0.113676256081
0.111980660093
0.110090455824
0.10800471415
0.105715513898
0.103244819213
0.100689929048
0.0979432539883
0.0956931635002
0.0926202080637
0.093134503213
0.0925722863853
0.092223857689
0.0914415165791
0.0906102136814
0.089584540277
0.0884374476244
0.0871508779047
0.0857415370167
0.0842161503189
0.0825859651049
0.0808599247078
0.0790491433827
0.0771654091346
0.0752205690919
0.0732316339729
0.071208589865
0.0691797389282
0.0671512528833
0.0651767585094
0.0632669177792
0.061617206833
0.0603548920047
0.0595708347376
0.0592813602032
0.0593402549067
0.059638213917
0.0608216868452
0.0610332517618
0.0613269393018
0.0615746773008
0.061768482698
0.0619087125361
0.0620253261781
0.0621183536943
0.0621910072024
0.0622479332438
0.0622681629932
0.0623014765749
0.0623508006884
0.126644890092
0.126633536131
0.126613033566
0.126585810105
0.126543900507
0.126487114073
0.126414583782
0.126325714237
0.126218932385
0.126092860453
0.125945872355
0.12577724293
0.125585262774
0.12536749566
0.125121641915
0.124838263401
0.124521033602
0.124160867943
0.123747918881
0.12328603003
0.12276572504
0.122181954751
0.121526096151
0.120793702933
0.119972193605
0.119046690329
0.118016806573
0.116853185581
0.11553438231
0.114061883812
0.112440417073
0.110629227439
0.10860110334
0.106353322096
0.103892141298
0.101314978021
0.0986129000009
0.0957230743862
0.0932600747685
0.0899189926058
0.0905203259705
0.0900021547506
0.0896699419929
0.0889162425847
0.088105689487
0.0870995625311
0.0859702705807
0.0847003713343
0.0833062463045
0.0817945941618
0.0801774715751
0.078464335762
0.0766672818645
0.0747986832205
0.0728714903559
0.0709043421254
0.0689072294776
0.0669133362255
0.0649252216497
0.0630079125161
0.0611644981706
0.0596317380014
0.0585233686886
0.0579345936398
0.0578572559838
0.0580381149978
0.0583074257133
0.0592436234256
0.0597269637899
0.0601059962173
0.0604160432358
0.0606516914345
0.0608280754504
0.060970011181
0.0610832384854
0.0611701495924
0.0612351213183
0.061286741626
0.0613355604015
0.0613843655486
0.12632713074
0.126315121289
0.126292140453
0.126263118746
0.126218097108
0.12615759599
0.126080928175
0.125987436288
0.125876198506
0.125745621355
0.125593835708
0.125418839009
0.125218187945
0.124988940606
0.124726363712
0.12442858015
0.124092063959
0.123704065228
0.123267960338
0.122779174977
0.122222687769
0.121603587837
0.120912447987
0.120133955579
0.119250966589
0.118269571376
0.117171863001
0.115926531679
0.11452733009
0.112981230118
0.111261523263
0.109312250693
0.107141065812
0.104734459159
0.102164059047
0.0994471667612
0.0965243261076
0.0934212706643
0.0906637768998
0.0873265138794
0.0879879493549
0.087539616064
0.0872236799732
0.0864932948501
0.0856977227183
0.084704832595
0.0835861677266
0.082325775078
0.0809397099737
0.0794344775762
0.0778228563987
0.0761148493857
0.0743237319821
0.0724624897905
0.0705455856941
0.0685933167758
0.0666158526852
0.064652149429
0.062699867432
0.060838907877
0.0590615462533
0.0576540881252
0.0567114900331
0.0563209800553
0.0563501384866
0.056596291587
0.0578015378849
0.058125177427
0.058557155565
0.0589547075651
0.0592956906669
0.0595744722373
0.059787192515
0.0599595157478
0.0601003579059
0.0602121763085
0.0602956251018
0.0603686791734
0.0604198911214
0.0604502090683
0.126031764168
0.126020210976
0.125996938565
0.125964728907
0.125916260569
0.125851946714
0.12577113235
0.125673195535
0.125557201826
0.125421742535
0.125265093005
0.125084209009
0.124876155074
0.124637033628
0.124363157886
0.124050791485
0.123692491055
0.12328420125
0.122824019554
0.122299395637
0.121714475905
0.121066943067
0.120330795744
0.119493435779
0.118567421555
0.117534270672
0.116358055006
0.115042396466
0.11358244818
0.111949489488
0.110105043312
0.108037647724
0.105742504393
0.103226018964
0.100527214541
0.0975985751953
0.094439441688
0.0910733819695
0.0882975194543
0.0850884319356
0.0856499956153
0.085221638049
0.0849045426624
0.084184776533
0.0833951990065
0.0824082363
0.0812924424109
0.0800336725675
0.0786477306752
0.0771407750872
0.0755261542898
0.073814413881
0.0720201716426
0.0701570136946
0.0682414607072
0.0662954074828
0.0643296114636
0.0623895924141
0.0604664761418
0.058658628469
0.056940548623
0.0556590354288
0.0548939095832
0.0547164160801
0.0548644418069
0.0552880628001
0.0559871938175
0.0567541528167
0.0573364349053
0.0578185961481
0.0582108955299
0.0585387519955
0.058798287887
0.0590080714091
0.0591824677872
0.0593249372267
0.0594396694386
0.059524066696
0.0595677608897
0.0595627178303
0.125759996426
0.125749381843
0.125725037981
0.125688763772
0.125637574538
0.125569551062
0.125484771424
0.125382884677
0.125262964701
0.125123433382
0.124962027444
0.124775897973
0.124561069068
0.124313517447
0.124029259849
0.123702188207
0.123326000533
0.122897451346
0.122409308363
0.12185698699
0.121244713919
0.120553701083
0.119766353487
0.118894827932
0.117929697654
0.11682465647
0.115585022975
0.114216532108
0.112679303678
0.110953049397
0.109014567303
0.10684301997
0.10443455512
0.101804008627
0.098945654751
0.0958313506125
0.092492515106
0.0889882789426
0.0863407908139
0.083092882574
0.083521381178
0.083053746834
0.0827170369851
0.0819968332979
0.0812045034357
0.0802165050109
0.0790960413289
0.0778307019631
0.0764363090914
0.0749186637806
0.0732915224881
0.0715659723717
0.0697580959727
0.0678820277374
0.0659570342968
0.0640064303804
0.0620423942178
0.060117819006
0.0582160403875
0.0564580387918
0.054788997101
0.0536274108487
0.0530166832801
0.0529476950652
0.053155209466
0.0541442151826
0.0548568620108
0.0555407723158
0.0561738878065
0.0567150433931
0.0571647006429
0.0575396279361
0.0578547427269
0.0581072295228
0.0583146235582
0.0584814857525
0.058613900843
0.0587042929991
0.058759306005
0.0587647257263
0.12551118168
0.125501523246
0.12547526939
0.125436292649
0.125382503012
0.125310073042
0.125221161159
0.125115881178
0.124993233216
0.124851101443
0.124686527804
0.1244959514
0.124275284216
0.12402039532
0.123725372346
0.123382992321
0.12298848245
0.122538383093
0.122026523743
0.121447386054
0.120798411625
0.120066788694
0.119248559815
0.11834705614
0.117322422361
0.116154279678
0.114865920382
0.113441802473
0.111837951465
0.110027153495
0.107987394856
0.105718777675
0.103211791033
0.100459590392
0.0974639471991
0.0942079639461
0.0907579685112
0.0872271235026
0.0845951199126
0.0811609112151
0.0815321572321
0.0810163169463
0.0806559642834
0.0799320621614
0.0791309653743
0.0781359669397
0.0770038905665
0.0757237680134
0.0743118463146
0.0727737521765
0.0711234981957
0.0693727261556
0.0675390508765
0.0656370733838
0.0636896183815
0.0617210642224
0.0597464078914
0.057826710789
0.0559373065375
0.0542277791337
0.0526054534192
0.0515890345237
0.0511319096912
0.0510482970025
0.0513362629736
0.0525331523035
0.0534830752764
0.0542980061609
0.0550172535209
0.0556290698732
0.0561513529195
0.0565815069541
0.0569482562717
0.0572440383842
0.0574841196245
0.0576758885072
0.0578242800007
0.0579162355793
0.0579838052723
0.0580188224225
0.12528669218
0.125276658602
0.125249768603
0.125210811489
0.125151360905
0.12507319697
0.12498023288
0.12487308126
0.124750008241
0.124607694663
0.124442091785
0.12424878724
0.124023125936
0.123760021348
0.12345281865
0.123094019135
0.122679075283
0.12220520105
0.121667919794
0.12106588152
0.120389546282
0.119626185062
0.118779184018
0.117834102247
0.116754631501
0.11554105779
0.114206378848
0.112724236871
0.111045093793
0.10915808734
0.107049388184
0.104682460468
0.102051301752
0.0991930002763
0.0960844771653
0.092719808735
0.0892165015435
0.0856911370409
0.0828845560518
0.0792004451457
0.0796209946952
0.079096221893
0.0787203497078
0.0779952035574
0.0771815480373
0.0761739473556
0.0750235660384
0.0737204060597
0.0722814188046
0.0707123524997
0.0690273064124
0.0672384739215
0.0653649709187
0.0634217681512
0.0614361266306
0.0594328722317
0.0574319374816
0.0555030471321
0.0536135840645
0.0519465307766
0.0503671856942
0.0495502678261
0.0493161441219
0.0493154518685
0.0496371199842
0.0511319469983
0.0521320567483
0.0530647828151
0.0538739617927
0.0545619224813
0.0551521869365
0.0556516684636
0.056064147425
0.0563998431437
0.056669244389
0.0568823455216
0.0570420869179
0.057148221736
0.0572287916845
0.0572808766228
0.125092177589
0.125078758163
0.125053433643
0.125013890962
0.124948065613
0.124867876335
0.124775902939
0.124672146211
0.124552547302
0.124411953913
0.124245292441
0.124047509659
0.123813498493
0.123537679773
0.123212441199
0.122830733572
0.122392531362
0.121898227348
0.12134269745
0.120717218227
0.120011404428
0.119223967164
0.118348977194
0.117359484024
0.116232565529
0.114972090453
0.113591066885
0.112063077981
0.110336804868
0.108387947845
0.106172872524
0.103681006215
0.100965125171
0.0980170068454
0.094784168298
0.0913531046138
0.0878041571929
0.0841960647723
0.0811522515025
0.0773237224287
0.077801955595
0.0773045758107
0.0769203027066
0.0761959795225
0.075366205822
0.0743396707625
0.0731638251368
0.0718291061527
0.0703530512925
0.0687417722636
0.0670092075134
0.065168017666
0.0632386163891
0.0612362530897
0.059193448309
0.0571345123489
0.055087425478
0.0531307935362
0.0512246211203
0.0495880379671
0.0480359866262
0.0474122008649
0.0472550425909
0.0474094545413
0.0490116587461
0.0498739612199
0.0508806000512
0.0518559880291
0.0527354247868
0.0535164285744
0.054169368815
0.0547302577601
0.0551913828699
0.0555648459156
0.0558607729743
0.0560915837189
0.0562586073917
0.0563878635817
0.056478536128
0.05654240727
0.124933095542
0.124915078196
0.124891189979
0.124851607778
0.124785584737
0.124706893514
0.124619929491
0.124521699867
0.124404754149
0.124262662932
0.124090097279
0.12388190014
0.12363297929
0.12333809085
0.122991127991
0.122589006221
0.122133469778
0.121622123541
0.121047113312
0.120396332351
0.119664530619
0.118850066366
0.117939616553
0.11691049454
0.115748313867
0.114461708304
0.113056606132
0.111485190896
0.109697613464
0.107656506535
0.105328625943
0.102759992772
0.0999717383715
0.096889222579
0.0935546955057
0.0900810069647
0.0864864997472
0.0827857684706
0.0795187662714
0.0756108188923
0.0761231674927
0.075667898062
0.0752744488541
0.0745482655979
0.0736973837534
0.0726441979082
0.0714347120276
0.0700594511629
0.0685359229254
0.0668706130928
0.065076901668
0.0631676564125
0.0611641148838
0.0590817401404
0.0569588982547
0.0548180406446
0.0526994583259
0.0506898343767
0.0487440305018
0.0471280338518
0.0456149235503
0.0452006647529
0.0450013028866
0.0453269519878
0.0465121903969
0.048107447613
0.0494483274901
0.0506088208444
0.0516045806902
0.0524692410428
0.0532102692526
0.0538265848625
0.0543376011095
0.0547517975435
0.0550758363723
0.0553247275529
0.0555073062022
0.0556484018068
0.0557423757688
0.0558005196313
0.124804544817
0.12478473528
0.124759851344
0.124719336508
0.124654660562
0.124579532524
0.124500463921
0.124405989247
0.124287214215
0.124138169476
0.123954467994
0.123731327908
0.123464526538
0.123150872334
0.122785520752
0.122367269696
0.121896190577
0.121366265307
0.120768227304
0.120094370452
0.119341862611
0.118502817196
0.117562729717
0.116503408743
0.115318193087
0.11401348513
0.112575229121
0.110952512272
0.109095926701
0.106967878244
0.104566798243
0.101932181257
0.099031621958
0.095829790596
0.0924392902446
0.0889314477997
0.0853003495721
0.0815037465778
0.0780349142034
0.0741252180277
0.0746339385543
0.0742168378321
0.073805579693
0.0730681644506
0.0721885600251
0.0710995696425
0.0698472139581
0.0684220446289
0.0668405039253
0.0651091108669
0.0632400779343
0.0612459277259
0.0591478380831
0.056961371547
0.0547307591764
0.0524751589176
0.0502530790824
0.0481555126127
0.0461331124331
0.0445156736528
0.0430586811735
0.0429084268901
0.0427682669289
0.0433776463175
0.0451929525161
0.0466439576154
0.0480668773598
0.04937412558
0.0505166353181
0.0514728778448
0.0522862355153
0.0529633366089
0.053523040251
0.0539781076064
0.0543305745729
0.0546007181919
0.0548049044472
0.0549551609506
0.0550564986763
0.055106930918
0.124692567424
0.124674716379
0.124647699548
0.12460149116
0.124541958131
0.124481181697
0.124409290517
0.124313195575
0.124186677491
0.124024776016
0.123825061139
0.123583707591
0.123299522348
0.122970762318
0.122592627618
0.122162672856
0.121677000917
0.121128974912
0.120511242468
0.119818345553
0.119045568702
0.118184455496
0.117221562954
0.116142246446
0.114938117534
0.113609043839
0.112131381445
0.110453473721
0.10853715759
0.106351164631
0.103889809091
0.101167949285
0.0981508597947
0.0948703510037
0.0914477007924
0.0879081272608
0.0842413642577
0.0804084217134
0.0767283365836
0.0728934234839
0.0733766975852
0.072979767944
0.0725351818819
0.0717710479813
0.0708523852608
0.0697176322291
0.068412715593
0.0669283583423
0.0652786900618
0.0634695594302
0.0615111752171
0.0594147842742
0.057200090915
0.0548823004848
0.05251012767
0.0500980816057
0.0477312606656
0.0454991507233
0.0433532206476
0.0416999663499
0.0402266958116
0.0401518721
0.0402025204065
0.0421490074082
0.0435249986061
0.0451463028995
0.0467001592057
0.0481446647976
0.0494382276438
0.0505290467311
0.0514267689572
0.0521634868914
0.0527679463383
0.0532641504417
0.0536546650039
0.0539516273992
0.0541734939817
0.0543289218978
0.0544395562982
0.0544834638619
0.124590972146
0.124579308953
0.124553621517
0.124512752754
0.124467955061
0.124413963794
0.124337129517
0.124229705498
0.124087148454
0.123908035502
0.123693869463
0.123441256837
0.123147619305
0.122808811553
0.122420327203
0.121978167278
0.121477483342
0.120912255807
0.120276739488
0.119566788372
0.118776814386
0.117897276498
0.116914375814
0.115816396176
0.114596815173
0.113245938607
0.111732313714
0.11001115722
0.10804045406
0.105790223931
0.103269523577
0.100478474746
0.0973641923425
0.0940214979581
0.0905754125822
0.0870136594315
0.0833246314433
0.0794525493867
0.0756638762917
0.0720009443402
0.0723911421714
0.0719736301358
0.0714764452312
0.0706684371706
0.0696994916552
0.0685093728731
0.0671426515311
0.0655906243345
0.0638639134613
0.0619666825121
0.059906084787
0.0576907851338
0.0553371736348
0.0528590995003
0.0503060477334
0.0476859209812
0.0451175483955
0.0426781547052
0.0403513145364
0.0386757469412
0.0371774402556
0.037054485407
0.0373141582156
0.0388596505001
0.041305258896
0.0434237968745
0.0452950358632
0.046944446262
0.048393280552
0.0496254770134
0.0506331207689
0.0514424439405
0.0520922707581
0.0526207720292
0.0530466321001
0.0533757864638
0.0536198175109
0.0537769699759
0.0538931595096
0.0539396414601
0.124510556609
0.124504384632
0.124484036935
0.124454198711
0.12441648118
0.124355278507
0.124263199823
0.12413986694
0.123985777137
0.1237994092
0.123577814136
0.12331736499
0.123014667891
0.122665664157
0.122265768178
0.12181020382
0.121294442972
0.120713663568
0.12006388053
0.119340687447
0.118536218371
0.117641012992
0.116644277969
0.115535341039
0.114302700801
0.112929601457
0.111384555223
0.109622786121
0.107601687881
0.105305406277
0.102737165935
0.0998554289481
0.0966567203815
0.0932861738803
0.0898197120357
0.0862515456945
0.0825768136517
0.0787520712716
0.0749818331527
0.0712984908324
0.071639323786
0.0711975589289
0.0706375187107
0.0697701430708
0.0687393791805
0.0674848652168
0.0660480512651
0.0644213339648
0.0626107581202
0.0606174368239
0.0584441084214
0.0560951095036
0.0535814205244
0.0509141682644
0.0481385986103
0.045255628837
0.0424163698303
0.0396503453679
0.0370164050436
0.0352932277691
0.0338835952783
0.0340952789183
0.0345674335604
0.0371286488755
0.0394211301704
0.0417439614517
0.0438838615752
0.0457870157017
0.0474242848664
0.0487968977134
0.0499186093391
0.0508120003594
0.0515134791463
0.0520749084276
0.0525219886398
0.0528688673106
0.0531350499514
0.053307643842
0.053422868249
0.0534855980001
0.124453777683
0.124449114615
0.124432121349
0.124407665599
0.124368408558
0.12429346918
0.124190659568
0.124061250944
0.123901474668
0.123708461252
0.123479108597
0.12320997252
0.122897452051
0.122537418217
0.122124713497
0.121655421281
0.121128661171
0.120540174246
0.119882423958
0.119148633547
0.118331860087
0.117424533211
0.116417977175
0.115300254176
0.114054939774
0.112661649308
0.111090399425
0.109295992685
0.107237045915
0.104900046969
0.102274327017
0.0993100344112
0.0960508638074
0.0926524855684
0.0891662049386
0.085600693561
0.0819739432217
0.0783026869589
0.0746150719789
0.0708192658899
0.0711161844623
0.0706662453774
0.0700374689217
0.0690901581641
0.0679809941235
0.0666518034595
0.0651376194735
0.0634314442613
0.0615334480875
0.0594398609791
0.0571471450041
0.0546527787082
0.0519593027145
0.0490721773283
0.0460273523922
0.0428261409531
0.0396482757231
0.0364313030875
0.0333424759104
0.0313070058746
0.0294591861455
0.0303641572713
0.0334726055134
0.034636269877
0.03715015349
0.0398851108686
0.04241626255
0.0446377358758
0.0465190770267
0.0480583813361
0.0492952247607
0.0502762057982
0.0510341586132
0.0516280739723
0.0521012896473
0.0524631024554
0.0527365041667
0.052925106707
0.053046214706
0.0531202808879
0.124411211948
0.124405329439
0.124392736489
0.124370963467
0.124326358539
0.124242240001
0.124134807488
0.123999569531
0.123833329121
0.123633097767
0.123395643638
0.123117371716
0.122794582491
0.122423017975
0.121999377229
0.121523724431
0.120994045112
0.120401284828
0.119736265644
0.11899262391
0.118164906796
0.1172477259
0.116234637641
0.115111678844
0.11385612895
0.11244574849
0.110854462761
0.109038048691
0.106950497412
0.104573124633
0.101892113696
0.0988528984975
0.0955378860273
0.0921085203359
0.0885912051411
0.085011397734
0.0814188193473
0.0778988706912
0.074623604551
0.0708423912078
0.0709520347764
0.0704400164375
0.0697077844237
0.0686414654314
0.0674270290257
0.0660110800843
0.0644148214507
0.0626285984799
0.0606449035952
0.0584530468955
0.0560411240865
0.0533964691845
0.0505081333628
0.0473676111897
0.0439898522511
0.0403783043912
0.0367308283009
0.0329376171667
0.0295182078245
0.0273012167179
0.0242273949845
0.0248583448259
0.0279988793326
0.0308852692953
0.0342873144324
0.0377502416469
0.0408727338029
0.0435156182147
0.045686626708
0.0474177262872
0.0487749585854
0.0498368837003
0.0506521285125
0.0512746292252
0.0517699235159
0.0521569897715
0.0524433402388
0.0526388741052
0.0527584409546
0.052818021997
0.124385658043
0.124380077156
0.124368108051
0.124342481512
0.124291919409
0.124205019427
0.124093670963
0.12395268413
0.123780017892
0.12357267506
0.123327511873
0.123040728083
0.122708361538
0.122327973634
0.121899134161
0.121421896824
0.120891754588
0.120296339943
0.119625032602
0.118873047942
0.118035954627
0.117110382195
0.116094668562
0.114972456656
0.113710427642
0.112284134053
0.110678187918
0.108853733317
0.106744811052
0.104326071786
0.1015921329
0.0984900511435
0.0951267062723
0.0916520576289
0.0880756434796
0.084430895893
0.0807998598241
0.0774626061809
0.075204980543
0.0717373188671
0.0714247817109
0.0705868016874
0.0696422282505
0.068407347561
0.0670629951892
0.0655548339092
0.0638801530669
0.0620215100271
0.0599624054491
0.0576841658889
0.0551655418924
0.052381505525
0.0493027164032
0.0458944229445
0.0421265020082
0.0379623060159
0.0335198162458
0.028700108004
0.0248136800714
0.0227694087411
0.0192120187577
0.0188581382037
0.0225836657218
0.0267719775344
0.0312821182401
0.0355942999477
0.0393873432791
0.0425033877814
0.0449899688777
0.0469080788245
0.048371130789
0.0494977055259
0.0503599975512
0.0510154605361
0.051522783751
0.0519202189606
0.0522192624279
0.0524252387957
0.0525435567352
0.0525865215748
0.12437350422
0.124368333506
0.124350878366
0.124319544876
0.124269250927
0.124182015532
0.124067887701
0.123920653533
0.123741885376
0.123529104286
0.123279116827
0.122986573701
0.122647596004
0.122260587364
0.12182636624
0.121348674802
0.120821406127
0.120225126022
0.119549186894
0.118791599462
0.117945610748
0.117012536051
0.116003618847
0.1148931293
0.113626195589
0.11218144707
0.110559297064
0.10872735147
0.106616198009
0.104171433531
0.101384343813
0.098237071545
0.0948328243506
0.0913017809689
0.0876333488936
0.0838275840344
0.079884632542
0.0758771214138
0.0753049689519
0.0746215757614
0.0726734431547
0.070984591094
0.0697175214676
0.0683187600638
0.0668584199054
0.065275388477
0.0635419234135
0.0616311174171
0.0595187518208
0.0571795773792
0.0545847656293
0.0516987379634
0.048475139836
0.0448503788999
0.0407370079176
0.0360021705664
0.0305116036904
0.0239285013842
0.0174249215512
0.0103049245187
0.00287912135652
0.00995541831178
0.0155306278529
0.0223153924769
0.0284123665398
0.0336900947004
0.0381518303555
0.0417122829605
0.0444781380379
0.0465765520462
0.0481060475394
0.0492500435851
0.050143362375
0.0508322210002
0.0513566454313
0.0517600385758
0.0520642054715
0.0522750633708
0.0524031539767
0.0524547871004
0.124369042344
0.124362561391
0.12433750994
0.124302927184
0.12425224512
0.124177310862
0.124064389969
0.123909695585
0.123728211314
0.123514325245
0.123261742178
0.122963918455
0.122616625492
0.122219816771
0.12177901768
0.121305298246
0.120789417025
0.120199261954
0.119519930566
0.118757386793
0.117909188031
0.116976451489
0.115965979922
0.114853985746
0.11358615552
0.112133214076
0.110501230324
0.10866494941
0.106548675151
0.10408616448
0.101277157574
0.098109745667
0.0946772010115
0.0911033978552
0.0873547673594
0.0834072619006
0.0788802360093
0.0767481182795
0.0754987143002
0.0740256589592
0.0733747596237
0.0713031583158
0.0697774839277
0.0682959412328
0.0667818502369
0.0651659218152
0.0634075195573
0.0614749782449
0.0593406090294
0.056976294164
0.054349918864
0.0514212598031
0.0481362232139
0.0444172729246
0.040146912229
0.0351306301905
0.029035351605
0.0211219188761
0.0101793981369
-0.0108532244343
-0.0296260940414
-0.0150678692343
0.00659659705759
0.0181666120509
0.0262927897132
0.0324548029594
0.0373981590396
0.0412608973795
0.0442218512823
0.046452474838
0.0480068881464
0.0491323480922
0.0500265254275
0.0507349717343
0.0512739338078
0.051680862277
0.0519852211828
0.052200539267
0.0523411175714
0.0524015112088
)
;

boundaryField
{
    frontAndBack
    {
        type            empty;
    }
    upperWall
    {
        type            zeroGradient;
    }
    lowerWall
    {
        type            zeroGradient;
    }
    inlet
    {
        type            zeroGradient;
    }
    outlet
    {
        type            fixedValue;
        value           uniform 0;
    }
}


// ************************************************************************* //
