/*--------------------------------*- C++ -*----------------------------------*\
| =========                 |                                                 |
| \\      /  F ield         | OpenFOAM: The Open Source CFD Toolbox           |
|  \\    /   O peration     | Version:  v1806                                 |
|   \\  /    A nd           | Web:      www.OpenFOAM.com                      |
|    \\/     M anipulation  |                                                 |
\*---------------------------------------------------------------------------*/
FoamFile
{
    version     2.0;
    format      ascii;
    class       volScalarField;
    location    "1000";
    object      p;
}
// * * * * * * * * * * * * * * * * * * * * * * * * * * * * * * * * * * * * * //

dimensions      [0 2 -2 0 0 0 0];


internalField   nonuniform List<scalar> 
6400
(
0.143402166268
0.143405424157
0.143414788542
0.143433279909
0.143461192476
0.143498630848
0.143545558895
0.14360299762
0.143672300744
0.143755640333
0.143859025923
0.143985730451
0.144133672439
0.144302788589
0.144494910303
0.144712641573
0.144957999866
0.145231323621
0.14553063475
0.145851022534
0.146187950221
0.146543503275
0.146925157884
0.147340439888
0.147793830655
0.14828526805
0.14881172888
0.149370795694
0.149961908682
0.150585434368
0.15124150983
0.151928148346
0.152639946739
0.153371338239
0.15411949415
0.154882237136
0.15566001878
0.156456967501
0.157271388136
0.158095858248
0.158930368901
0.159783507209
0.160659062336
0.161549530372
0.162444324132
0.163335316364
0.164216106777
0.165081349991
0.165926059273
0.166745690668
0.167536130768
0.16829152171
0.169002959799
0.169660493338
0.170260755549
0.17080490167
0.171288347336
0.17170334861
0.172048074406
0.172327950718
0.172548814695
0.172714965222
0.172832551164
0.172916665093
0.17298749234
0.173060437582
0.173135996536
0.173200001686
0.17324447849
0.173272213424
0.173288133018
0.173296122682
0.173298559814
0.173297054749
0.173292677596
0.173286740394
0.17328016453
0.173275068271
0.17327135748
0.173269718529
0.143397534137
0.143401023572
0.143409628038
0.143427670435
0.14345691101
0.1434956474
0.143542995758
0.14359881255
0.143666214139
0.143749265136
0.143852322213
0.143978171008
0.144126385662
0.144296320449
0.144488537372
0.144705036593
0.144949653184
0.145223507997
0.145523842235
0.145844517208
0.146179784527
0.146533654433
0.146914953396
0.147330447366
0.147784346819
0.148276458219
0.148803308756
0.149362980465
0.149954952435
0.150579172166
0.151235488133
0.151922619447
0.152635279299
0.153366895779
0.154115224854
0.154878342337
0.155656361059
0.156453989612
0.15726965726
0.15809536359
0.158930332418
0.159784576684
0.160662741123
0.161555294366
0.162451424424
0.163343881803
0.164226272681
0.165093368122
0.165939901868
0.166760530473
0.167551088712
0.168307689381
0.169022320067
0.169681730755
0.17028350295
0.170829491375
0.171312067359
0.171725132306
0.17206914569
0.172347885192
0.172566426414
0.172731163761
0.172848418237
0.172933156273
0.17300477322
0.173077878269
0.173153025513
0.173214534247
0.173256111219
0.173281552989
0.173295578171
0.173301965896
0.173302850035
0.173299646196
0.173293933058
0.173286958403
0.173279960586
0.173274258974
0.173270245317
0.173268802263
0.143384342116
0.143390014229
0.143397992738
0.143414678598
0.143442949961
0.143485613433
0.143536285315
0.143590567061
0.143655056462
0.143736471042
0.143838737051
0.143964128173
0.14411265919
0.144283365759
0.144475607
0.144689158885
0.144931574848
0.145208972701
0.145511682013
0.145830999705
0.146162792416
0.14651270402
0.146893514629
0.14731104729
0.147765953086
0.148258258159
0.148786257117
0.149347566335
0.149941025866
0.150566493899
0.151223707812
0.151911953926
0.152626401709
0.153358145652
0.154105930251
0.154870483829
0.155649365169
0.156447320649
0.157264707119
0.158093735776
0.158934007841
0.159792590244
0.160672158626
0.161565879755
0.16246418473
0.163359352494
0.164245008563
0.165115569288
0.165965684168
0.166790264746
0.167584731398
0.168343651736
0.169058652533
0.169721252111
0.170328403794
0.170876161414
0.171357568576
0.17176911614
0.172111419695
0.172387850297
0.172603746688
0.172765244569
0.17288118015
0.172968175306
0.173044235722
0.173118611885
0.173188102206
0.173242948935
0.173279805781
0.173301262845
0.173311690278
0.173314341567
0.173311358103
0.173304764307
0.17329651417
0.173287690769
0.173279386222
0.173272592292
0.173268081573
0.173266294399
0.143364989627
0.143370908537
0.143378061543
0.143393574343
0.143418656722
0.143461328601
0.143523850962
0.143578463821
0.143638512541
0.14371708345
0.14381799922
0.14394314601
0.144092378234
0.144263275146
0.144455345086
0.1446719551
0.144917359454
0.145192125886
0.145487519371
0.145797754108
0.146126602332
0.146479763177
0.14686296041
0.147281447112
0.147737562319
0.148231305339
0.14876106672
0.149324445208
0.149920052069
0.150547329965
0.151206429899
0.151896269875
0.152612381874
0.153346522115
0.154093149466
0.154856515838
0.15563854708
0.156438277493
0.157256348096
0.158089900143
0.158937522752
0.159802355178
0.160685631691
0.161582262931
0.162484095736
0.163383503089
0.164273921145
0.165149534048
0.166004899356
0.166834833215
0.167634226406
0.168397094165
0.169115934496
0.169783633184
0.170395118169
0.170944603227
0.171425950042
0.17183624141
0.172176231462
0.172449360337
0.172661237112
0.172819727295
0.17293725953
0.173029981151
0.173109120466
0.173179433705
0.173242160202
0.173289497035
0.17331860595
0.173332867223
0.173336489362
0.173332452664
0.173323548347
0.173312218325
0.173299945897
0.173288341864
0.173278171992
0.173269123062
0.173262613478
0.173259841395
0.143334424271
0.143336222309
0.143344972568
0.143361060516
0.143388919125
0.143429566293
0.14348774484
0.143546679959
0.143610172044
0.143689210464
0.143789054542
0.143914154268
0.144064648839
0.144240279074
0.144438573513
0.144655442489
0.144894358424
0.145157657585
0.145443911696
0.145751896296
0.146082073939
0.14643692145
0.146821944772
0.1472422378
0.147700043518
0.148195630541
0.148727410366
0.149293402181
0.149891824524
0.150521926457
0.151183139174
0.151876010219
0.152595451006
0.153328866383
0.154075318744
0.154838784947
0.155621095998
0.156424076268
0.157246745791
0.158086456334
0.15894184952
0.159814002289
0.160702879735
0.16160429632
0.162511261449
0.163416455351
0.164313194529
0.165195464631
0.166057695714
0.166894537312
0.167700510541
0.168469415441
0.169194215391
0.169868005987
0.170484367194
0.17103649091
0.171518532452
0.171927939427
0.172265626516
0.172535415842
0.172744062161
0.172901897328
0.173023173985
0.173120376929
0.173198093623
0.173263838624
0.173319015453
0.173356381833
0.173374119499
0.173376748924
0.173369363701
0.17335579721
0.173339221681
0.173321293816
0.17330380998
0.173288237936
0.173274110717
0.173260490875
0.173251232315
0.173247582097
0.143279689161
0.143280504779
0.143294155725
0.143311223121
0.1433423465
0.143385482205
0.143440625082
0.143500478504
0.143568965509
0.143650431447
0.143749184372
0.143874869185
0.14403333203
0.144216918991
0.144414509714
0.144625682416
0.14485575178
0.145111025173
0.145392856287
0.145698969381
0.146028006107
0.146383582414
0.146770678065
0.147193360764
0.147653457915
0.148150922917
0.148685339694
0.149254236317
0.149856439295
0.150490182338
0.151155280842
0.151850285099
0.152570355173
0.153306915588
0.15405228606
0.154814330684
0.155599193054
0.15640713993
0.157235959021
0.158083054719
0.158946946502
0.159827499599
0.160723751983
0.161631906302
0.162545783179
0.16345842592
0.164363123594
0.165253711218
0.166124482692
0.166969921094
0.167784309679
0.168561337097
0.169294054008
0.169975232884
0.170597466095
0.171153410408
0.171637444766
0.172047274069
0.172384073995
0.172652407765
0.172860490925
0.173020411304
0.173145962419
0.173242875954
0.173317154709
0.173376954892
0.173423445628
0.173448106753
0.173449700059
0.173434746143
0.173411533519
0.173385196442
0.173357942138
0.173331277711
0.173307252615
0.173285867629
0.173265264959
0.173245660293
0.173232939212
0.173227220963
0.143196699965
0.143203543414
0.143224995218
0.143249629214
0.143277679998
0.143321925578
0.143378979623
0.14344171801
0.143514125596
0.143598743816
0.143701648438
0.143831396857
0.143997117106
0.144180024449
0.144373516265
0.144577628777
0.144802193017
0.145055098921
0.145334881846
0.145636861816
0.145963889009
0.146320474549
0.146709529211
0.14713435596
0.147597180725
0.148098329002
0.148634511948
0.149206762282
0.149813565717
0.150453538307
0.151122580829
0.151818484606
0.152539778081
0.15327442282
0.154020655539
0.154784905369
0.155574022266
0.156387999049
0.15722407319
0.158079555648
0.158952798661
0.159842900228
0.160748218874
0.161665056585
0.16258773731
0.163509621419
0.164424032656
0.165324711264
0.166205834326
0.167061742521
0.167886547374
0.168673797525
0.1694163623
0.170106526843
0.170736247082
0.171298025847
0.171786544619
0.172199784209
0.17253917736
0.172809825255
0.17302074695
0.173184180171
0.173310539489
0.173404805156
0.173477966763
0.17353069973
0.173561796068
0.173567144124
0.173546616941
0.173508314726
0.173463727273
0.173419542441
0.173377602428
0.173340790692
0.17330906783
0.17327947616
0.173249745296
0.173223143408
0.173205906556
0.173197526385
0.143097892775
0.143110543667
0.143134883148
0.143169178107
0.143200366981
0.143247065343
0.143303121799
0.14336935108
0.143446722718
0.143530202838
0.143641649046
0.143783720369
0.143948287731
0.144128147043
0.144315852295
0.144513924666
0.144737715653
0.144990916599
0.14526663344
0.145564542865
0.145890065868
0.146247247521
0.146638101963
0.147065979495
0.147532378134
0.148036847784
0.148576917945
0.149150327575
0.149763541525
0.150411850525
0.151083489629
0.151778414203
0.152499070854
0.153233549856
0.153980999639
0.154750574295
0.155545948277
0.156366870352
0.157211024777
0.15807581947
0.158959381359
0.159860260193
0.160776307138
0.161703763659
0.162637220261
0.163570272346
0.164496309982
0.165409027828
0.166302508853
0.167170965048
0.168008349069
0.168808017075
0.16956254429
0.170263806969
0.170903535264
0.171474509243
0.171971901385
0.172393770308
0.172741002656
0.173018146258
0.173233537421
0.173398601965
0.17352294812
0.173615055042
0.173682676302
0.173729144563
0.173739637862
0.173718989173
0.173670428699
0.173600995575
0.173525409111
0.173454758818
0.173394712935
0.173347453603
0.173307709247
0.173268027386
0.173227007749
0.173191587022
0.173168630053
0.173157747609
0.142988168348
0.143004134811
0.143029047787
0.143059798125
0.143098434563
0.14315355674
0.143210941543
0.143279632781
0.143365491782
0.143454940124
0.14356554157
0.143716318065
0.143884029207
0.144059258517
0.144241961917
0.144440174812
0.144663786349
0.144914560648
0.145186552875
0.145482293664
0.145806927103
0.146164112208
0.146555545831
0.146985784913
0.147459049029
0.147966152399
0.148510587482
0.149090972134
0.149706667331
0.150357422836
0.151034721773
0.151734798579
0.152449445657
0.153182230918
0.153935128775
0.154711893793
0.155514756669
0.156343606745
0.157196701574
0.158071728525
0.158966662591
0.159879625548
0.160808062698
0.161748077
0.162694359132
0.163640654015
0.164580430222
0.165507369758
0.166415468257
0.16729880034
0.168151150206
0.168965665001
0.169734672113
0.170449915317
0.171103432624
0.171688785938
0.172201721123
0.172639446428
0.173000387588
0.173287712084
0.173508318556
0.173674328842
0.173795317851
0.17387890083
0.173931252083
0.173964031269
0.173963774358
0.1739142968
0.173831704979
0.173718200299
0.17359274745
0.173483210691
0.173402850572
0.173347774924
0.173303071984
0.173252938593
0.173196546517
0.173149075738
0.173117848274
0.173103839183
0.142865611918
0.142883568729
0.142912503439
0.14294254278
0.142984444303
0.143040373258
0.143100800166
0.143170431487
0.143257878823
0.143364028421
0.143480352873
0.143632203387
0.143801487001
0.143974252106
0.144152487904
0.144353695826
0.144580557974
0.144827399874
0.145094938418
0.145388910337
0.145713728405
0.146072087852
0.146464594528
0.146894684792
0.147374152681
0.147889321864
0.148432948928
0.149019499007
0.149640665739
0.150295933011
0.150977231217
0.151677394266
0.152392826807
0.153125667982
0.153883846534
0.154668688392
0.155480174823
0.156318009214
0.157180976068
0.158067173219
0.158974581497
0.159901006319
0.160843529546
0.161798065469
0.16275930991
0.163721097171
0.164676970278
0.165620610389
0.166545911691
0.167446780847
0.168316823245
0.169149029219
0.16993567485
0.170668816464
0.171341423826
0.171948332303
0.172485583619
0.172947638802
0.17332826721
0.173631995727
0.173861801858
0.17403077584
0.174144632715
0.174208338184
0.174230572725
0.174227517503
0.174207717827
0.174165981736
0.174049813466
0.173866842543
0.173655815153
0.17348991945
0.173389350066
0.173336796965
0.173299392233
0.173239963494
0.173156427411
0.173089542159
0.173044297009
0.173025068342
0.142724883242
0.142742001848
0.142773685039
0.142808878173
0.142859211752
0.142911014982
0.142972973853
0.143045774687
0.143127182201
0.143243153697
0.143373922483
0.143527404354
0.143697878274
0.143872376727
0.144050880456
0.144253627166
0.144482502647
0.144727320021
0.144991774853
0.145283297268
0.145607741406
0.14596869688
0.14636666927
0.146797771079
0.147274659202
0.147801201467
0.148353157881
0.148940864585
0.149564731564
0.150218120647
0.150905970373
0.151610375769
0.152326478334
0.153063034643
0.1538278075
0.154621132859
0.155442019149
0.156289865775
0.157163717797
0.158062065201
0.158983070542
0.159924375383
0.160882727166
0.161853802668
0.162832249677
0.163811976499
0.164786606883
0.165749805333
0.166695317692
0.167616837837
0.16850780366
0.169361180785
0.170169526383
0.170925742919
0.171624285482
0.172261370675
0.172832759027
0.173328872841
0.173737824375
0.174075952728
0.17432507453
0.17450110611
0.174600816281
0.174627430924
0.174593836521
0.174528679522
0.174453009302
0.174439358047
0.174353179646
0.174072356902
0.173694225951
0.173441495249
0.173328720438
0.173307693103
0.173311853016
0.173245011964
0.173099252848
0.17299963642
0.172931498232
0.172907877593
0.142561813075
0.142575678307
0.142601893255
0.142646081744
0.142706913346
0.14276030612
0.1428244511
0.14290438408
0.14298535247
0.143099382908
0.14324154473
0.143399602175
0.143570979519
0.143748910561
0.143935154377
0.144141619785
0.144370417712
0.144613576493
0.144876680623
0.145166118076
0.145487868237
0.145848074151
0.146255507062
0.146697918969
0.14717180911
0.147699596745
0.148260223898
0.148848399005
0.149480709212
0.150139960843
0.150823901394
0.151527771503
0.152248249108
0.152993409674
0.153766708151
0.154569116667
0.155400096479
0.156258938216
0.157144769619
0.158056331544
0.158992067861
0.159949679945
0.160925649961
0.161915351541
0.162913359039
0.163913696057
0.16491009993
0.165896185122
0.16686546483
0.167811359373
0.168727180214
0.169606106
0.170441443767
0.171227372782
0.171959688658
0.172634889801
0.173249987801
0.173795295475
0.174245393867
0.174666209109
0.174959802974
0.175151364125
0.175230531224
0.175198798352
0.175072600287
0.174912467579
0.174702789055
0.174760663166
0.17482900295
0.174382536434
0.173657979041
0.173272187873
0.173175444859
0.17325542302
0.173389399326
0.173318142056
0.17299678629
0.172856908922
0.17275708005
0.172745071862
0.142376005236
0.142387196688
0.142405162117
0.142454324348
0.142517020492
0.142578821594
0.142647795674
0.142735810933
0.142825149052
0.142939515966
0.14308732888
0.143249122456
0.14342135853
0.143599404897
0.143795933247
0.144013184831
0.144243038936
0.144485329866
0.144748521716
0.14503759157
0.145356739663
0.145712144098
0.146122021846
0.146584123743
0.147065604235
0.147585826132
0.148157139676
0.14875249406
0.149380319823
0.150044242289
0.150732033753
0.151437060221
0.152162352694
0.152916277719
0.153699506789
0.154512166723
0.155354113982
0.156224874438
0.157123827576
0.158049866054
0.159001580586
0.159976897244
0.16097225718
0.161982739732
0.163002799762
0.164026655418
0.165048252745
0.166061122384
0.167058411164
0.16803317058
0.168978681936
0.169888763041
0.170758069658
0.171581947303
0.172355444546
0.17307181128
0.173742084241
0.174376199391
0.174885764527
0.175608933065
0.175916820707
0.176085057676
0.17608877867
0.175922574549
0.175573691669
0.175166615223
0.174638984441
0.174752348403
0.174912058829
0.174895203865
0.17330548384
0.172727571007
0.172766720742
0.173102068885
0.17364131939
0.173558798961
0.172773680455
0.172637935668
0.172477375388
0.172538244987
0.142168549759
0.142181405682
0.142204399148
0.142243645748
0.142301559173
0.142369131013
0.142444216658
0.142537248861
0.142639566107
0.142758111566
0.14291088778
0.14307636721
0.143251038764
0.143430028391
0.143631088146
0.143858767495
0.144094295151
0.144339804921
0.144605157714
0.144895731897
0.145214635306
0.145566022832
0.145973113657
0.146448072682
0.146945855762
0.147466122652
0.148041676217
0.148646556344
0.149273495255
0.149936501454
0.15062329062
0.151331618046
0.152067299777
0.152831801095
0.153625772036
0.154449682453
0.155303723783
0.156187468102
0.157100537294
0.158042304019
0.159011491756
0.160006071815
0.161022577928
0.162055978089
0.163100671442
0.164151190504
0.165201845007
0.166246054385
0.167276392896
0.168285395867
0.16926648404
0.170214871215
0.171127441417
0.171999743377
0.172820486261
0.173571886062
0.174331549575
0.175133543121
0.175344197069
0.175520923016
0.175722931921
0.17585687324
0.175856662338
0.175719399891
0.175472043525
0.175174183879
0.174885268377
0.174759626337
0.17467050926
0.17402893692
0.173228433814
0.17291885756
0.173071324907
0.173577616377
0.174490554865
0.174802308035
0.171697107169
0.172211367522
0.17199232078
0.172338537217
0.141934758638
0.141949370589
0.141982374957
0.142012699679
0.142064799294
0.14213439933
0.142214590389
0.142313953132
0.142431713317
0.142554277269
0.142711204066
0.142880900855
0.143059711764
0.143242970612
0.143447919568
0.1436817292
0.143923619057
0.144175097639
0.144444842992
0.144738421334
0.145059357161
0.145410530224
0.145811347224
0.146287175291
0.146809386886
0.147339857667
0.147907758374
0.148526853029
0.149164321624
0.149818058055
0.150502176585
0.151217066436
0.1519627797
0.152738781281
0.153544793135
0.154381145115
0.155248268789
0.156146228302
0.157074722582
0.158033392906
0.159021489574
0.160037093456
0.161076673958
0.162135140362
0.163207034044
0.164287497148
0.165371492709
0.166452344047
0.167521688444
0.168571177263
0.16959465649
0.170590068933
0.171558004465
0.172491581659
0.173363193883
0.174119362694
0.174792958526
0.175000933208
0.175216436225
0.175421213027
0.175605721955
0.175724180351
0.175720583985
0.175585521694
0.175339920222
0.175025239753
0.174691171342
0.174399839825
0.174117582521
0.173655862015
0.173135134477
0.172798193676
0.172782416403
0.173020863261
0.173318529965
0.172781417617
0.172936863016
0.173171242338
0.17073238054
0.172280881483
0.141670154093
0.141684573579
0.141717465251
0.141750243411
0.141800683313
0.141872463023
0.141955963844
0.14205727199
0.142190006426
0.142324948433
0.142486036905
0.142660962957
0.14284581109
0.143036267682
0.143246974964
0.143485200237
0.143732716157
0.143991162134
0.144266789653
0.144564691237
0.144888776456
0.145242382783
0.145639671325
0.14611119024
0.146651245898
0.147201697846
0.147766482982
0.148382361756
0.149031064716
0.149692343637
0.150375714284
0.151094706966
0.151849510709
0.152637309131
0.153456216981
0.154305979882
0.155187298798
0.156100563179
0.157045831968
0.15802288045
0.15903134523
0.160069747372
0.161134536072
0.162220351463
0.163321900506
0.164435523201
0.165557583678
0.166681257864
0.167796360392
0.16889320924
0.169966445363
0.1710184798
0.172056570958
0.173075184592
0.174053626835
0.17436438838
0.174603058513
0.174853947235
0.175067173273
0.175244853047
0.175376302424
0.17543182772
0.175378243434
0.175207869471
0.174937144038
0.174597515683
0.174224906584
0.173849143964
0.173456967981
0.172991706469
0.172473290535
0.1720465745
0.171846660966
0.171829668279
0.171865832988
0.171745765051
0.171877681088
0.171491387911
0.172439076246
0.174026535632
0.141376444523
0.14139036044
0.141425147971
0.141459268138
0.141511122564
0.141584374405
0.141670857565
0.141771058114
0.141908513674
0.142060724024
0.142230847497
0.142412829279
0.14260575494
0.142807527142
0.143025352404
0.143268403855
0.143521746148
0.14378796769
0.144070550858
0.14437404188
0.144702326036
0.145059190427
0.145455623153
0.145921194129
0.14646634043
0.147045853484
0.147624047243
0.148231622782
0.148879073616
0.149545886956
0.150235543693
0.150962726318
0.151727406352
0.152527060079
0.153359502988
0.154223818939
0.155120350631
0.156050052584
0.157013347111
0.158010312324
0.159040787727
0.160103750408
0.161195987549
0.162311761497
0.163445553733
0.164595323981
0.165759993616
0.166932990968
0.168101606695
0.169253936702
0.170383869289
0.171498916762
0.172616292675
0.173658181377
0.173891115836
0.174138652335
0.174413412624
0.174648150525
0.174829345683
0.174958567841
0.175025102012
0.175008733411
0.174889992422
0.174663382735
0.174339750857
0.173940744942
0.17349094502
0.173009479087
0.172497920786
0.171947368335
0.17135910226
0.170805757075
0.170388235031
0.170113451178
0.169941024447
0.169828249023
0.169966331956
0.170635550234
0.172618335173
0.174966662955
0.141056462426
0.141068917731
0.141099876431
0.141138599658
0.14119646115
0.141271693707
0.141362863762
0.14146380542
0.141602433768
0.141766034062
0.141944751364
0.142133609198
0.142333543429
0.142550243615
0.142779141561
0.143027770751
0.143288024188
0.14356381283
0.14385498003
0.14416552189
0.144499303168
0.144860256391
0.14525781642
0.145719132193
0.146263041249
0.146863926872
0.147466805282
0.14807605899
0.148717689619
0.149385276717
0.150082854648
0.150819406426
0.151594867886
0.152406687995
0.153253412624
0.154133609752
0.155046794955
0.155994052059
0.156976753852
0.157995114905
0.159049308756
0.160138941728
0.16126116843
0.162409735262
0.16357792258
0.164765878751
0.165978493854
0.167209626296
0.168440247207
0.169658041875
0.170851412607
0.172040995224
0.173147165193
0.173423877174
0.173679351598
0.173921434664
0.174159521197
0.17435016861
0.174477630432
0.174536752173
0.174518222965
0.174408988146
0.174197823125
0.17388184337
0.173468645749
0.172973348202
0.172413340592
0.171802758691
0.171147701444
0.170449140823
0.169717907709
0.168966000493
0.168244250038
0.167599895507
0.167035211943
0.166577684786
0.166462470101
0.167089322848
0.169197791648
0.171176805435
0.140714132412
0.140725347502
0.140750862402
0.140794678679
0.140857794616
0.140934863003
0.141030058277
0.141135881154
0.141273416954
0.141443981914
0.14162916586
0.14182375412
0.142028063306
0.142255587226
0.142501251576
0.142758629996
0.143027182923
0.143314085001
0.143616938658
0.143937066188
0.144278514065
0.144644700648
0.145045347174
0.145504816604
0.146043140331
0.146649374357
0.147279042208
0.147906640268
0.148550838822
0.149219879955
0.149921001863
0.150665490395
0.151451737853
0.152275215885
0.153137141744
0.15403448693
0.154965103018
0.155931351161
0.156935026223
0.157976763096
0.159056693296
0.160174831623
0.161329135663
0.162513931371
0.163722823739
0.164956332595
0.166219340098
0.167505658155
0.168805337725
0.170109851626
0.17137577412
0.172564567523
0.172879803732
0.173159135668
0.173414522328
0.173634870873
0.173816439453
0.173938786785
0.173986307961
0.17395112277
0.173825998444
0.173602738681
0.173274916941
0.172841271893
0.172306976653
0.171681994107
0.170977744762
0.17020357781
0.169364334584
0.168461018954
0.167499123921
0.166441469758
0.165295773703
0.164104661218
0.162854731059
0.161526331461
0.160173016866
0.15877271867
0.156962168918
0.153619190657
0.140351405435
0.14036250483
0.140386663121
0.140434948739
0.14049883055
0.14057537514
0.14066999649
0.140782211006
0.140918430343
0.141093670796
0.141284462074
0.141484646539
0.141694218485
0.141927343545
0.142187962951
0.142458055417
0.142737358717
0.143035622727
0.143351710283
0.14368486338
0.144037650988
0.144411145447
0.144816801913
0.145277806484
0.145812019505
0.14641765148
0.147064188725
0.147713946688
0.14836576134
0.149039091332
0.149749242871
0.150500737134
0.151295958644
0.1521321655
0.153009768324
0.153924784748
0.154874156646
0.155860707988
0.156886757916
0.157953583803
0.159061621166
0.160211193583
0.161401853645
0.16263002484
0.163886926779
0.165165764359
0.166472187155
0.16781175934
0.169194098814
0.170633631648
0.171923168542
0.17226908442
0.172563034296
0.172842358822
0.173073750182
0.17324600285
0.173353765106
0.17338519673
0.17332863042
0.173176822092
0.172924287798
0.172565828685
0.172097651587
0.171519025617
0.170832834479
0.170044493491
0.169159736709
0.168182158348
0.167111369716
0.165942280765
0.164670392166
0.163222572711
0.161529805934
0.159584721887
0.157309516871
0.154538305467
0.15104284121
0.146543961987
0.141000021176
0.139259554821
0.139965396855
0.139977008168
0.140002269337
0.140055134583
0.140119105524
0.140194162193
0.140285557848
0.140402035943
0.140535050029
0.140713235556
0.140909636082
0.141115550062
0.141331455373
0.141571261761
0.141842479837
0.142125725122
0.142417857902
0.142728471935
0.143057474494
0.143405257333
0.143773294002
0.144157337043
0.144569827556
0.14503546262
0.145568655583
0.14617224549
0.146827198102
0.147495345281
0.148165663187
0.148848716778
0.149567754913
0.150328416702
0.151131066327
0.151975801849
0.15286667906
0.153801303487
0.154772105182
0.15578081656
0.156830527071
0.157923915127
0.159062713547
0.16024801815
0.161482249694
0.162760917326
0.164065024983
0.165384754519
0.166734038433
0.168134434772
0.169640009657
0.171261994444
0.17162998091
0.171917566349
0.172209509453
0.172458069173
0.172636019434
0.172734570045
0.172747516486
0.172666776937
0.172484698903
0.172195949995
0.171796613068
0.171283286437
0.17065336364
0.169905661858
0.169040460917
0.168058572511
0.166959595907
0.165739749212
0.16438955161
0.162891190309
0.161214317238
0.159305731977
0.156991241295
0.154122929126
0.150532307536
0.145798826496
0.139087222596
0.128608403171
0.109228411293
0.0627604105319
0.139548745139
0.139560779022
0.139589174752
0.139647247447
0.139712053817
0.139786085279
0.139876211131
0.139994145665
0.14012306682
0.140301582742
0.140503134448
0.140714641386
0.140936875069
0.141183508079
0.141463494726
0.141759400356
0.142066784214
0.142391245131
0.142733071046
0.143095598549
0.143481861033
0.143880776773
0.144301685611
0.14477427693
0.145310694361
0.145913006978
0.146570808675
0.147248771585
0.147941894474
0.148648138263
0.149377319284
0.150143793698
0.150956142409
0.15181322515
0.152712886478
0.153662121151
0.154655080851
0.155688028785
0.156764217131
0.15788636342
0.159058144483
0.160285492535
0.161573302038
0.162906148999
0.164255664669
0.165618637811
0.167024992306
0.168507905857
0.169931297844
0.171066407922
0.171328689463
0.171561893295
0.171804040745
0.171988629015
0.172084594107
0.172083508209
0.171979476895
0.171766718592
0.171440468266
0.17099729057
0.170434514555
0.169749617422
0.168940081547
0.168003415366
0.166936819895
0.165736213834
0.164394601857
0.162899883781
0.161232099672
0.159359819142
0.157234296162
0.154787921461
0.151802528615
0.147965659441
0.142987109935
0.136261949504
0.126556165128
0.111461319831
0.0861086591153
0.0440495839337
0.139090970106
0.139103307988
0.139134728219
0.139198444459
0.139263864502
0.13934023962
0.13943092668
0.139548682404
0.139676715873
0.139856458398
0.140063086397
0.140279901175
0.140508094689
0.140760917982
0.141047963047
0.141354275773
0.141679221662
0.142020064959
0.142375767778
0.142753212269
0.143158947657
0.143578541289
0.144010724636
0.144490605172
0.145034447585
0.145639178736
0.146299770715
0.146983791986
0.147691207557
0.148425306036
0.149179177725
0.149956177188
0.150768352255
0.151633189685
0.152547716393
0.153510470165
0.154522175618
0.15557927446
0.156683122845
0.157837198412
0.159047531779
0.160326726642
0.161674385817
0.163061356388
0.164463290691
0.165891274617
0.167405287174
0.168970373733
0.170231173009
0.170670262484
0.17091950057
0.171132883259
0.17131084769
0.171406588061
0.17139737266
0.171275167986
0.171035186242
0.170673794741
0.170188409461
0.169577121246
0.168838085715
0.167968950381
0.166966478095
0.165826208079
0.164541850222
0.163104184824
0.16149935647
0.159706476041
0.157694311595
0.155416520573
0.152804246958
0.149753728932
0.146111800744
0.141473152696
0.135314102426
0.127052756125
0.11557679954
0.0989977469595
0.0739990515229
0.0395425259274
0.138583849589
0.13859834115
0.13863109912
0.13869487248
0.13876442085
0.138848790517
0.138944374534
0.139065310625
0.139199557721
0.139376398897
0.139587285424
0.139809205961
0.140043163674
0.14030173167
0.140594579816
0.14090748919
0.141246734045
0.141607890897
0.141980814659
0.14237558435
0.142800577919
0.143245830929
0.143698592297
0.144184918964
0.14473717461
0.145348794196
0.146014866453
0.14670657639
0.147423266887
0.148178328021
0.148961060777
0.149761140501
0.150581392714
0.151445815901
0.152365557906
0.153341981283
0.154372151488
0.155452933446
0.156584466697
0.157772775161
0.159031313947
0.160372156407
0.16178178644
0.163229954579
0.164708142512
0.166237045349
0.167832329407
0.169181579681
0.16978314108
0.170121854779
0.170404664744
0.170598822376
0.170697352397
0.170687663301
0.170556189522
0.170296407181
0.169905812592
0.169383221735
0.168727930595
0.167939172878
0.167015492661
0.165954150222
0.164750610587
0.163397994611
0.161886286454
0.160201105714
0.158321889896
0.156219312359
0.153851639583
0.151159476333
0.148057941688
0.144424619584
0.140083289841
0.134741271719
0.127802174102
0.118526381739
0.106071508062
0.0890757368641
0.0650950031832
0.0347590640498
0.138033315411
0.138051457446
0.138084334503
0.138141743754
0.138218411764
0.138311359522
0.13841469344
0.138542936566
0.13868952753
0.138862683469
0.139074651539
0.139300665011
0.139540259827
0.1398046133
0.140103464333
0.140423384526
0.140771454215
0.141151113788
0.141544759912
0.141961114552
0.142406365624
0.142877772464
0.143363386662
0.143868758249
0.144425168031
0.145044285204
0.145717817875
0.146420154664
0.147146431818
0.147915886839
0.148721155878
0.149551281565
0.15039189333
0.15125856666
0.152176497699
0.153156276319
0.154199542278
0.155303239686
0.156464126952
0.157692970308
0.159010074024
0.160418553597
0.161895594655
0.16342262808
0.165017474744
0.166628017451
0.167926817503
0.169072750578
0.169322746154
0.169599066815
0.169835672229
0.169957813228
0.169954875937
0.169822331678
0.169552319024
0.169141244442
0.16858908315
0.167896792897
0.167065135845
0.166094045512
0.164982002608
0.163725426797
0.162318091558
0.160750458676
0.159008770962
0.157073735915
0.154918633022
0.152506642655
0.149787093292
0.146690144869
0.143119163552
0.138939723082
0.133963902521
0.127930274931
0.120425673847
0.11071396197
0.0978722626235
0.0808739998698
0.0580489712165
0.0305190988472
0.137456784708
0.137475318936
0.13750685389
0.137556079458
0.137636549219
0.137733091248
0.137841539506
0.137973714376
0.138129439734
0.13830720396
0.138521871432
0.13875193838
0.13899725779
0.139267326492
0.139572315212
0.139900701565
0.140258277606
0.140653419566
0.141068185482
0.14151041929
0.141979135559
0.142474947256
0.142992878327
0.143534381291
0.144113775775
0.144740926423
0.145418204007
0.146131447809
0.146868511483
0.147649699591
0.148471555538
0.14932441565
0.150191527391
0.151071296243
0.151988465426
0.152962131985
0.154005412012
0.155124512654
0.156317212764
0.157595921332
0.158979037977
0.160458800506
0.162011403729
0.163640363486
0.165339698303
0.166799648657
0.167936723686
0.168554662491
0.168804515708
0.169014020185
0.169168093055
0.16919273004
0.16907111924
0.168801018922
0.168380029663
0.167808216426
0.167087927921
0.166221860982
0.165211823032
0.164058028521
0.162758499186
0.161308476792
0.159699817956
0.157920279097
0.155952558185
0.153772945655
0.151349425393
0.14863903124
0.145584190936
0.142107669818
0.13810556812
0.133437644503
0.12791410214
0.121277668707
0.113181225793
0.103152467461
0.0904086714357
0.0740259905342
0.0527145153398
0.0274065744769
0.136862232053
0.136878915909
0.136907712044
0.136953974459
0.137029221315
0.13712335822
0.137232633861
0.137364089042
0.137523493766
0.137707480122
0.137927129391
0.138161304599
0.138412160158
0.138687316662
0.13899764449
0.139334034773
0.139700978092
0.140110174086
0.140544253491
0.141011247929
0.141509621777
0.142033852765
0.142585096412
0.143156913358
0.14377079288
0.14443243746
0.145129915631
0.145850778458
0.146597514504
0.147391006439
0.148229697972
0.149097495079
0.149983578752
0.150877858057
0.151796842192
0.152763503423
0.153795970778
0.154917260482
0.156139312562
0.157474109086
0.158927179475
0.160479529267
0.16210369885
0.163768373288
0.165492519182
0.167146862324
0.167545971754
0.167822821639
0.168145602743
0.168333544637
0.16838691587
0.168292779211
0.168037571544
0.167618900236
0.167038820727
0.16630113161
0.165410418392
0.164370724062
0.163184467719
0.161851749939
0.160369806293
0.15873247549
0.15692961866
0.154946406819
0.152762364813
0.150350045881
0.147673196868
0.144684247621
0.141320908887
0.137501592931
0.133119286812
0.128033430218
0.122059310967
0.114954507964
0.106401999867
0.0959898668508
0.0832250314455
0.0674128056047
0.0475179133035
0.0243380795273
0.136243998273
0.136262702939
0.136286912796
0.136335891188
0.13640215068
0.136490040558
0.136596430934
0.136724876836
0.136884022595
0.137068047856
0.137291778971
0.137528880139
0.137783539974
0.138062773444
0.138377627984
0.138719750621
0.139093208999
0.139515127294
0.139967054424
0.140454375714
0.140981142092
0.141535294641
0.14212747698
0.142740808368
0.143385526341
0.144085527618
0.144829464463
0.145577971961
0.146336991066
0.147144065985
0.148004645491
0.14889230646
0.14979119927
0.15069234684
0.151605534664
0.152555910842
0.153568390127
0.154679781998
0.155923728828
0.157315244861
0.158839747782
0.160458463699
0.162137311432
0.163853930406
0.165295571578
0.166377365436
0.167011627921
0.167218693093
0.167429312021
0.167537803576
0.167481164988
0.167253702899
0.166851722381
0.166276291895
0.165532863759
0.164628208193
0.163568749559
0.162359432873
0.161002843833
0.159498605521
0.157842915576
0.156028093023
0.154042054296
0.151867641013
0.149481707701
0.146853865895
0.143944770854
0.14070381952
0.137066101556
0.132948411525
0.128244100778
0.122816543269
0.116491039805
0.109045145984
0.100197719147
0.089597827474
0.0768151679807
0.0613374952079
0.0424614603065
0.0212808998394
0.135591650002
0.135611292224
0.135637077823
0.135686663904
0.135750035991
0.135833384254
0.135935479495
0.136059679032
0.136215042839
0.136393639883
0.136618387927
0.136857117451
0.137111959035
0.137393996443
0.137713532853
0.138060086002
0.138436377868
0.138865634915
0.139333975234
0.139837922407
0.140390254366
0.140977148714
0.141603413007
0.142270430839
0.142965169596
0.143706714129
0.14450772997
0.145308206012
0.146091347408
0.146915581405
0.147796878277
0.148712000407
0.149633375613
0.150540816926
0.151435912306
0.15235154865
0.153323532219
0.154405611217
0.15565867658
0.157102330915
0.158699081641
0.160369959373
0.162057793897
0.163760273692
0.165572507162
0.165932140399
0.166157870736
0.166463554563
0.166631370146
0.166627804823
0.166442200224
0.166070450116
0.165513497777
0.164777112526
0.163869967743
0.162801081947
0.161578161171
0.160206574184
0.158688657672
0.157023253009
0.155205354231
0.15322575001
0.151070576292
0.148720709554
0.146150926322
0.143328748638
0.140212888429
0.136751195288
0.132878001005
0.128510746487
0.123545784133
0.117853291562
0.111271343294
0.103599428142
0.0945920678544
0.0839544879265
0.0713400273563
0.0563805202737
0.0385039395364
0.0190514858229
0.134905656864
0.134922255643
0.134954666247
0.135003968366
0.135068703463
0.135150776086
0.135248976128
0.135368635952
0.135518514493
0.135688025258
0.135909876934
0.136149932434
0.136401787674
0.136681968533
0.137006725002
0.137358039865
0.137736483267
0.13816561756
0.13864352752
0.139162328946
0.139733873844
0.140355111818
0.14102236482
0.141733696437
0.142486673966
0.143285084813
0.144153724575
0.145036618963
0.145873781526
0.146721874736
0.14762439717
0.148568482846
0.14951796117
0.150437836241
0.151312069297
0.152170343307
0.15306900663
0.154087234438
0.155325221329
0.156809763855
0.158469744123
0.160223033183
0.162025983912
0.163401007055
0.164354889711
0.165280543895
0.165469944018
0.165642451264
0.165716820345
0.165594165133
0.165267684963
0.164742696338
0.16402632869
0.163128635618
0.162060975212
0.16083392641
0.15945585532
0.157932056355
0.156264244315
0.154450249091
0.152483788134
0.150354210509
0.148046135126
0.145538922077
0.142805919744
0.139813428224
0.13651931691
0.132871230632
0.128804317678
0.124238420677
0.119074699247
0.113191723203
0.106441210327
0.0986438571123
0.0895860340197
0.079019584811
0.0666625982697
0.0522419326199
0.0352832651365
0.0172617829933
0.13419557229
0.134210787021
0.134244537427
0.134293322382
0.13435942871
0.134441442503
0.134535956357
0.134651166962
0.134796540033
0.134956156814
0.135170205379
0.135410791002
0.135659830358
0.135931829665
0.136257574655
0.136612934181
0.136993826092
0.137420478052
0.13789900318
0.138425223441
0.139011608973
0.139649529446
0.140356790746
0.141117850854
0.141935270598
0.142801633983
0.143743982498
0.144738060065
0.145672225729
0.146574352541
0.147512422287
0.148486839026
0.149466989495
0.150403762231
0.151256328835
0.152038445603
0.152820950188
0.15371751107
0.154898728059
0.156399772207
0.15809389707
0.15989671632
0.161858923027
0.163584208449
0.164140317944
0.164373533337
0.164647661806
0.164765738465
0.164701396837
0.164434136492
0.163955839632
0.163272483068
0.162396095607
0.161340387103
0.160118676502
0.15874237589
0.157219891153
0.155555979353
0.153751432613
0.151802932242
0.149702945809
0.147439571444
0.144996261172
0.142351373841
0.139477515318
0.136340624874
0.132898764674
0.129100567704
0.124883301607
0.120170519215
0.114869303349
0.108867191594
0.102029010694
0.0941941283365
0.085174896684
0.0747586884781
0.062709952502
0.048819129107
0.0326724540371
0.0157834406843
0.133466494019
0.133480449642
0.133511791638
0.133560981231
0.133626270174
0.133706525191
0.133796501587
0.13390534258
0.13404976432
0.13420610658
0.134403376462
0.134641087358
0.134888419224
0.135153827938
0.135469071509
0.135823148935
0.136204812258
0.136628984264
0.137106158218
0.137629890997
0.138227878851
0.138876665276
0.139597395604
0.140395487875
0.141266261686
0.142209847321
0.143236915354
0.144356340834
0.145455572355
0.146466004393
0.147471942011
0.148504234207
0.149528496259
0.150480812527
0.15129083715
0.151974283301
0.152605861391
0.153300861704
0.154338479114
0.155832008307
0.157616308991
0.159452211288
0.161076013732
0.16287669607
0.163559745661
0.163604396197
0.163736165315
0.163760192363
0.163561150889
0.163140749335
0.162504638361
0.161662622035
0.160630060074
0.159423292864
0.158056933471
0.156542611646
0.154888252019
0.153097709086
0.151170657047
0.149102599431
0.146884883539
0.144504636579
0.141944568281
0.139182602973
0.136191313001
0.132937126149
0.129379276109
0.125468460234
0.121145167803
0.116337653312
0.11095956322
0.104907302753
0.0980573666505
0.0902641428878
0.0813589124893
0.0711526143186
0.0594376139283
0.0460406959339
0.0305799928167
0.0145486734792
0.132721512685
0.132734482095
0.132763850538
0.132813904926
0.132874737252
0.132949091366
0.133033949759
0.133133527891
0.133272322673
0.133429236102
0.133607237558
0.133837866419
0.134081107434
0.134343054781
0.134641333061
0.134986204952
0.135364028008
0.135783490811
0.136260983714
0.136780983167
0.137375109539
0.138036910954
0.13876311484
0.139576040788
0.140478213456
0.141471813267
0.142572519536
0.143794368591
0.145109913531
0.146335981016
0.147476346131
0.148614804951
0.149738339624
0.150733589337
0.151470647634
0.151995952359
0.152447090861
0.152873824743
0.15361226994
0.154945618641
0.156961948869
0.15939904792
0.160729756614
0.161536352132
0.162530094243
0.162720823292
0.162739103049
0.162621421126
0.162281059399
0.161707860071
0.160914681721
0.159918204362
0.158737079228
0.157389305061
0.155890056074
0.154250642748
0.152478113338
0.15057518284
0.148540334817
0.146367978781
0.144048569472
0.141568623463
0.138910592844
0.136052573084
0.132967829125
0.129624121691
0.125982806187
0.121997663611
0.117613412977
0.112763855505
0.107369625246
0.101335586683
0.0945480480295
0.0868722505035
0.0781508022098
0.0682058422664
0.0568395008656
0.0438898587919
0.0289817367512
0.0135465896306
0.131964475351
0.13197646668
0.132010291209
0.132058590848
0.132109846504
0.132175243641
0.132254145197
0.132344822341
0.132466491368
0.132616840459
0.132778943831
0.132998219625
0.133233320304
0.13348623104
0.13376754546
0.134099147916
0.134464920603
0.13487491386
0.135349212507
0.135869071118
0.136450933306
0.13711248912
0.137842143494
0.138661918117
0.139574613117
0.140587993956
0.141723051184
0.142998770279
0.144439377651
0.145975133173
0.147397075935
0.148795350596
0.15003158734
0.151070232447
0.151775192492
0.152086610564
0.152378259729
0.152666418987
0.152995727541
0.153506778517
0.15558097324
0.158438597616
0.160974788756
0.161180625146
0.161299969281
0.161609473351
0.1616112652
0.161349765623
0.160857394927
0.160132698466
0.159188490374
0.158046132083
0.156727279824
0.155250960431
0.153632266914
0.151881747016
0.150005314764
0.148004449738
0.145876499203
0.143614969372
0.141209735443
0.138647126858
0.135909865827
0.132976850663
0.129822779031
0.126417597156
0.122725741105
0.118705110408
0.114305688991
0.109467713655
0.104119294213
0.0981734348409
0.0915245054872
0.0840445088896
0.0755797013526
0.0659505465768
0.0549497389055
0.0423993400909
0.0279027717427
0.0127956033589
0.131198282283
0.13121075163
0.131248668045
0.131288836094
0.131330426905
0.131387595458
0.131459547834
0.131541505573
0.131643890802
0.131780247774
0.131924493962
0.132125163165
0.132349379686
0.132585044115
0.132847194174
0.133166056525
0.133513745991
0.133903459439
0.134367421974
0.13487956681
0.13544926836
0.136102938299
0.136822564025
0.137645206811
0.138559823179
0.139576772743
0.140708052174
0.141987165744
0.143435318685
0.145091444356
0.146861723638
0.148580932505
0.15031939013
0.151803627946
0.152167287946
0.152273223595
0.15236793254
0.152509787162
0.152806303913
0.153199277409
0.153705111707
0.156391009213
0.159954513097
0.160550754831
0.160323997293
0.160382951927
0.16030207292
0.15992232464
0.159285907462
0.158415953321
0.157330943442
0.156055009277
0.154611851961
0.153021094567
0.151297345016
0.149450104669
0.147484038648
0.145399429257
0.143192655118
0.140856598341
0.138380930583
0.135752258133
0.13295412344
0.129966870832
0.126767380843
0.123328658024
0.119619222182
0.115602209143
0.111234043644
0.106462509828
0.10122402211
0.0954399050558
0.0890115356912
0.0818144662444
0.0736917744706
0.0644495127038
0.0538498928229
0.0416630103278
0.0274306398867
0.0123473773705
0.130422684732
0.130434521569
0.130459310872
0.130495791492
0.130535117783
0.130586357678
0.130650216233
0.130720840695
0.130807501553
0.130927311961
0.131056843891
0.13122687769
0.131439141537
0.131655854052
0.131894131606
0.132195449886
0.132527915039
0.132893461182
0.13332939635
0.133823837956
0.134371958699
0.135016382065
0.1357216652
0.136520909748
0.137423909948
0.138435753708
0.139552892219
0.140801814808
0.142203285795
0.143786290115
0.145569687213
0.14743922999
0.149214564437
0.150788656696
0.151768539669
0.152055550063
0.152222629592
0.152434108539
0.153084407874
0.153593029182
0.154163274141
0.15487494783
0.157150143475
0.158991097229
0.159084188433
0.158995912363
0.158802352047
0.158323604597
0.157564180957
0.156563001587
0.155350757992
0.153955692647
0.152403040182
0.150712641614
0.148898378457
0.146968573762
0.14492665307
0.142771843806
0.14049980669
0.138103136682
0.135571711472
0.132892890758
0.130051585717
0.127030223212
0.12380861762
0.120363728113
0.116669224791
0.112694723524
0.108404485185
0.103755314805
0.0986933337894
0.0931492426474
0.0870316333927
0.0802181004973
0.0725437774069
0.0637898857199
0.0536683790385
0.0418529078173
0.0277673816376
0.0123361595964
0.12964235175
0.129651857777
0.129664632841
0.129698072807
0.129735682238
0.129778327009
0.129829641156
0.12988598698
0.129954724023
0.13005708347
0.13017626143
0.130311671173
0.130507158205
0.130709841217
0.130927808219
0.131193509748
0.131507472801
0.13185160424
0.132248262416
0.132719883289
0.133240103873
0.133850734599
0.134543562303
0.135309564207
0.136186323014
0.137166403825
0.138262184973
0.139471743326
0.140808364657
0.142289344123
0.143910828823
0.145664286367
0.147403962866
0.148936289146
0.150026178244
0.150700426175
0.151210634258
0.151730959021
0.152472087085
0.153195870618
0.1550056843
0.155420174909
0.155996427549
0.156688101895
0.157415340538
0.157452825112
0.157159323402
0.156576653698
0.155705891816
0.154587113573
0.153261254786
0.151761404728
0.150113923854
0.148338336143
0.146447517216
0.144448537362
0.142343663742
0.140131273208
0.137806602511
0.135362318338
0.132788914264
0.130074962723
0.127207263669
0.124170933486
0.120949453303
0.117524640874
0.11387643394
0.10998229096
0.105815937846
0.101345106363
0.0965277987114
0.0913064420259
0.0855990283505
0.0792862496894
0.0721929440543
0.0640664247564
0.0545467334065
0.0431664990364
0.0292026020646
0.0129952192117
0.128866001279
0.128874756644
0.128892322442
0.128916022906
0.128942278173
0.128970756876
0.129005587736
0.129046786277
0.129096098709
0.129175695507
0.129279711081
0.129384056784
0.129549966413
0.129740801775
0.129937245302
0.130159353308
0.130447605208
0.130762749692
0.131117631376
0.131559642451
0.132053909973
0.132617986405
0.133281382253
0.134011447783
0.134858787108
0.13579961019
0.136861732991
0.138026677432
0.139299584791
0.140687113393
0.142171333986
0.143727955299
0.145307236813
0.146783061522
0.14800653726
0.148952289306
0.149740898468
0.150486328113
0.151299938514
0.15224720411
0.153691662935
0.155123582364
0.155459836524
0.15534377622
0.155772097701
0.15580673269
0.155420382189
0.15471860462
0.153733629689
0.152505362483
0.151077676553
0.149486211241
0.147757527331
0.145910168098
0.143955667368
0.141899781378
0.139743736322
0.137485289351
0.135119555707
0.132639620774
0.130036973351
0.127301811599
0.124423288335
0.121389758887
0.11818905357
0.114808716607
0.111236055727
0.107457758727
0.103458760153
0.0992199598117
0.0947142419928
0.0898999301667
0.0847101834022
0.0790359437484
0.0726975218572
0.0654036611208
0.0566801521743
0.0458229937212
0.0318744335585
0.0141765247537
0.128096039102
0.128103063431
0.12812231682
0.12813731762
0.128148785208
0.128165102908
0.128185948706
0.12821318606
0.128244947242
0.128296996869
0.128379105111
0.128464782752
0.128579616224
0.128751690761
0.128920328578
0.129104286855
0.129354377463
0.129639571935
0.129956150813
0.130348378024
0.130807216755
0.131323711696
0.13195181871
0.132650719075
0.133452221861
0.134362488812
0.135379028263
0.136504246821
0.137723062864
0.139033065187
0.14042743156
0.141864305819
0.143315340089
0.144717260582
0.146006943798
0.147140346046
0.148146190916
0.149066226813
0.149890135967
0.150802486514
0.151748152214
0.153463876559
0.154276776607
0.15407023323
0.154173866968
0.154079481211
0.153586367987
0.152763513697
0.15166440466
0.15033342876
0.148814524979
0.147143459681
0.145345917833
0.143438876281
0.141432246093
0.139330441357
0.137133785319
0.134839649026
0.132443309699
0.129938580058
0.127318267281
0.124574537364
0.121699278312
0.118684545602
0.115523106775
0.112208990648
0.108737834986
0.105106752498
0.101313404191
0.097353934408
0.093219303293
0.0888892003947
0.084321914246
0.0794368265262
0.0740812971862
0.0679709407187
0.0605426359761
0.0507652263243
0.0367765802437
0.0155272299741
0.127334463499
0.127336679335
0.127344340342
0.127347437894
0.127355390071
0.127366063917
0.127377008978
0.127390828357
0.127403189033
0.127425376361
0.127478255138
0.127548490152
0.12761323025
0.127744613701
0.127893610986
0.128044387431
0.128236181462
0.128491123181
0.128771844678
0.129100275614
0.129518913232
0.129988402212
0.130558599327
0.131230308611
0.131979347321
0.132864763663
0.133845664062
0.134938337672
0.136119287558
0.13738128985
0.138719224438
0.140101451108
0.141503227578
0.142892052078
0.144238906304
0.145525342919
0.146736093609
0.147868821991
0.148645198201
0.149577098742
0.149511029841
0.150225058638
0.152264269593
0.15250491841
0.152487043203
0.15226211574
0.151661514769
0.150722781462
0.149513268949
0.148085956033
0.146485134698
0.144745127144
0.142889668542
0.140933622569
0.138885052811
0.136747031773
0.134519123032
0.132198527941
0.129780931363
0.127261125283
0.124633485259
0.121892398905
0.119032770604
0.116050702661
0.112944348375
0.109714784451
0.106366634793
0.102908148702
0.0993504838232
0.0957060120168
0.0919854652466
0.0881935624822
0.0843222952281
0.0803398269022
0.0761694599455
0.0716499687635
0.0664098436807
0.0596802429179
0.0488267552158
0.0251809540895
0.126588222653
0.126586010405
0.126581857642
0.126567342754
0.126578501247
0.126585443719
0.126586571551
0.126585169152
0.126576376934
0.126570030819
0.126588755433
0.126631252466
0.126672360572
0.126737487361
0.126859400006
0.126980809682
0.127116581788
0.127323066842
0.127566169531
0.127835581182
0.128193754652
0.128620303382
0.129117213053
0.129747908328
0.130467817906
0.131310043325
0.132276011632
0.133346546699
0.134510073563
0.135748668057
0.137057459273
0.13842163041
0.139818678329
0.141235144317
0.142659999655
0.144100441164
0.145571023555
0.147199989659
0.148179066516
0.149519496028
0.149465375047
0.14969258511
0.150091671327
0.150791364867
0.150808607231
0.150425042788
0.149680954695
0.148615322783
0.147294803497
0.145775616421
0.144100668058
0.142301070662
0.140397381488
0.13840176141
0.136320230596
0.134154546256
0.131903655444
0.12956478191
0.127134217671
0.124607922162
0.12198200902
0.119253246
0.116419726011
0.113481817434
0.110443340111
0.107312723072
0.10410380106
0.100835950893
0.0975334230842
0.0942239027638
0.0909364640469
0.0876991126601
0.0845361662418
0.0814654223266
0.078495372259
0.0756256113659
0.072833606703
0.0701997523957
0.0674927556852
0.0674620636777
0.12586296355
0.125860162257
0.125857736387
0.125843306381
0.125838502854
0.125834944026
0.125823775452
0.125804916246
0.125777208608
0.125744625494
0.125722977544
0.125727077041
0.125748018873
0.125758142658
0.12581702549
0.125914177232
0.126008453177
0.126137236939
0.126346863612
0.126566966234
0.126837180572
0.127218203278
0.127656696998
0.128223644011
0.128922731261
0.129731500872
0.130682342953
0.131741686842
0.132897606795
0.13412836665
0.135426753864
0.136785811726
0.138188317614
0.139629639343
0.141111621177
0.142637651686
0.144226698388
0.145927006103
0.147506290138
0.149311107754
0.149290419519
0.149309163867
0.149212986118
0.149404118912
0.149185158546
0.148585770417
0.147658098387
0.146448467922
0.145015454113
0.143409533207
0.141668449158
0.139818281644
0.137875388221
0.135848784897
0.1337423604
0.131556644472
0.12929012775
0.126940230766
0.124504009916
0.121978719392
0.11936230369
0.116653978464
0.113855095299
0.110970388684
0.108009459997
0.104988123082
0.101929181029
0.0988623545579
0.095823346587
0.0928522921088
0.0899920178578
0.0872866483724
0.0847813143339
0.0825234581378
0.0805680667948
0.0789885965003
0.0778872181577
0.0774902930874
0.0778402969525
0.0806173101043
0.125161640347
0.125158683061
0.125157468201
0.125158801704
0.125132848656
0.125119199868
0.125096259568
0.125061139528
0.125016177882
0.124955261428
0.124892260991
0.124848331184
0.124824941049
0.124803765724
0.124787813831
0.124842439052
0.124914740855
0.124987940285
0.125132714561
0.125310656308
0.125507788865
0.125807023488
0.12619169603
0.126685660123
0.127343948685
0.128145579286
0.129081875237
0.130146356453
0.131296736007
0.132522551274
0.133814189274
0.13516216512
0.136559595766
0.138001462053
0.139493192071
0.141037777684
0.142637040847
0.144277712104
0.145938493075
0.147552654968
0.149030313853
0.148677217737
0.148251818437
0.148034033192
0.147506677822
0.146674536909
0.145561129144
0.144209834928
0.142671738667
0.14098889948
0.139191931746
0.137301016372
0.13532795658
0.133278568562
0.131154729926
0.12895593513
0.126680415456
0.124325957424
0.121890506152
0.119372687173
0.116772302835
0.114091008717
0.111333405568
0.108508604803
0.105631974336
0.102726515265
0.0998233571291
0.0969611457431
0.0941844669779
0.0915417436289
0.0890831750059
0.0868593631711
0.0849213933925
0.0833224635866
0.0821241231142
0.0814030172834
0.0812597369311
0.0818624065868
0.0832349975033
0.0860140216626
0.124494956413
0.124488839115
0.124477371627
0.12448849563
0.124464296373
0.124443126482
0.124409826677
0.124359692165
0.124295077302
0.124207703323
0.124109658442
0.124009838863
0.123932818664
0.12387044997
0.123807155711
0.123774242113
0.123828059568
0.123888386359
0.123952008277
0.124081186164
0.124227970589
0.124414966471
0.124716339976
0.125133564548
0.12574535996
0.12654824521
0.127499377355
0.128571550124
0.129731549611
0.13095191826
0.132223331588
0.133545927911
0.134911610959
0.136322672058
0.137784794913
0.139303388783
0.140871725859
0.142465782606
0.144010916469
0.145421628603
0.145499803493
0.147073386707
0.146748514706
0.146369517654
0.145636541056
0.144620962395
0.143353323433
0.14188211279
0.140256560833
0.138512082774
0.136672330026
0.13475176473
0.132757955006
0.130693877359
0.128559748161
0.126354332984
0.124075845281
0.121722609542
0.119293561058
0.116788735168
0.114209768964
0.1115606968
0.108849313275
0.106089075312
0.103301030984
0.100515021485
0.0977695954267
0.0951105275646
0.092588281023
0.0902550205006
0.0881617846918
0.0863564485633
0.0848829475669
0.0837814760597
0.0830935660601
0.0828603118793
0.0831320680301
0.0839833891661
0.0853875789576
0.0873781224256
0.123873977769
0.123864824253
0.123850111262
0.123855972267
0.123849813469
0.123813433872
0.123766754235
0.123700569302
0.123614343439
0.123507237503
0.123377004563
0.12323556123
0.123096198501
0.122972229002
0.122872002103
0.122776940857
0.122775624158
0.122827381465
0.122857486134
0.122899291444
0.122990762001
0.123079652237
0.123248952749
0.123571537923
0.124143195455
0.124957863047
0.125949312581
0.127046150511
0.128218353203
0.129429576383
0.13066992083
0.131943283979
0.133245060584
0.134585960971
0.135972538386
0.137421999817
0.138941504529
0.140534457355
0.142272104709
0.144518349671
0.144594074813
0.144991790054
0.144857531939
0.144471177384
0.143567498686
0.14239914498
0.141012833467
0.139452449478
0.137763963527
0.13597740591
0.134110378269
0.132172428457
0.130167687667
0.128096985632
0.125959422667
0.123753440339
0.121477514038
0.119130682445
0.116712956226
0.114225792868
0.111672607607
0.109059725139
0.106398072924
0.103705432668
0.10100843941
0.0983433633885
0.0957551449574
0.0932947824023
0.0910156632558
0.088969599439
0.0872031379232
0.0857546905511
0.0846523999269
0.0839124808899
0.0835426248994
0.083532086983
0.0838818607309
0.0845925630329
0.0855948284123
0.086723850889
0.123291479192
0.123278835223
0.123266538839
0.123250763807
0.123247894029
0.123212782602
0.123161930658
0.12308323931
0.122979363439
0.122854860411
0.12269747233
0.122521810455
0.122320166442
0.12213008597
0.121968115744
0.121852840536
0.121813334863
0.121848195961
0.121877305853
0.1218587919
0.121835500573
0.121848582871
0.121882658629
0.122044696643
0.122579431315
0.123455535298
0.124491904705
0.125620096816
0.126782999754
0.127964788585
0.129148851669
0.130346368128
0.131555784486
0.132783883954
0.134043997002
0.135356889966
0.13673418647
0.13822839947
0.139932870093
0.142234221783
0.143582139621
0.143375994467
0.142766258708
0.142279751634
0.141261109422
0.139984706784
0.138522906555
0.136911968468
0.135190836353
0.133385043462
0.131507888911
0.129565486871
0.127559747844
0.125490304305
0.123355827267
0.121154904851
0.118886574131
0.11655076202
0.114148624786
0.111683037284
0.109159117089
0.106585389475
0.103975887858
0.101352757651
0.0987481708754
0.0962044121069
0.0937717634192
0.091504609839
0.0894566673405
0.0876762414407
0.0862020203819
0.085059897536
0.0842598761836
0.0837929221297
0.0836290096551
0.0836967402846
0.0839536117822
0.0843178757737
0.0848116061313
0.0857596743929
0.122733712493
0.122713387413
0.122693336894
0.12265468778
0.122641892129
0.122631206957
0.122590418912
0.122506190647
0.122391510036
0.122249859956
0.122076818016
0.121862348887
0.121626648098
0.121357590503
0.121122000211
0.120975957567
0.120978468993
0.120982419197
0.121032227975
0.12098395986
0.120914313698
0.120771980816
0.120772584565
0.12058589152
0.121196580413
0.1221119318
0.123199749856
0.124326869829
0.125458915011
0.126575215508
0.127678039466
0.12876849998
0.129855656427
0.130939796307
0.132033433503
0.133162655911
0.134313220565
0.135586740197
0.137076154259
0.139165130135
0.140544093121
0.141062801964
0.140204091964
0.139668809411
0.138651917019
0.137353693464
0.135876266953
0.134260353976
0.132540219117
0.130739302808
0.128869326551
0.126935080169
0.124937770043
0.122876911677
0.120751484263
0.118560702097
0.11630445182
0.113983704986
0.111600814213
0.10916005436
0.10666816106
0.104135792324
0.101580131085
0.0990278216616
0.0965165920439
0.0940943393832
0.0918156376577
0.089736518536
0.0879087906848
0.0863749306069
0.0851640355989
0.0842895205556
0.0837468333909
0.0835120946825
0.0835360274963
0.0837190574934
0.0839604714233
0.0839024779528
0.0841551555569
0.0847226342914
0.122204455346
0.12217244623
0.122134138728
0.12209265353
0.122067676007
0.122064971619
0.122037674378
0.121961467863
0.121849250739
0.121702486805
0.12152102169
0.121293128101
0.121027991211
0.120719264272
0.120418400732
0.120028676726
0.120299246095
0.12033526396
0.120383029589
0.120328459263
0.120210617815
0.120015299697
0.120048848583
0.120155551112
0.120400269673
0.121078323726
0.122155693249
0.12323192217
0.124288125251
0.125309927973
0.126303631092
0.127264350072
0.128201608821
0.129115751127
0.130015369161
0.130903324099
0.131789180043
0.132708742035
0.133737627478
0.135108369921
0.137119265933
0.137988868446
0.137085869101
0.136602772558
0.135727656063
0.134515654825
0.133089229549
0.13151281608
0.129824841696
0.128050507461
0.126202905036
0.124287699446
0.122306885912
0.120260866585
0.118149585506
0.115973296727
0.113732969689
0.111430739033
0.109070175437
0.106656925659
0.104199256648
0.101709934444
0.0992094362289
0.0967291603359
0.0943124803732
0.0920125035304
0.089887023814
0.0879920207904
0.0863753332025
0.085071562289
0.0840987787542
0.0834580430235
0.083133003505
0.0830942503295
0.083305577647
0.0837518259945
0.084346038271
0.0838992432145
0.08419869657
0.0841663807678
0.121718282117
0.121676119222
0.121627224597
0.121587212482
0.121553323446
0.121533102998
0.121507938914
0.121457316076
0.121360550595
0.121223105917
0.121043356469
0.120824463223
0.120540264751
0.120242310406
0.119890192917
0.119891446906
0.119853426686
0.119979445258
0.119980630474
0.119832542178
0.119896603711
0.119908370919
0.119937495974
0.119993681302
0.120108129663
0.120552291921
0.121460734707
0.122393462004
0.123312638206
0.12420403422
0.125053261227
0.12586336016
0.126631028025
0.127359384906
0.128044700524
0.128663319774
0.129223247349
0.129698071566
0.130025448615
0.130433483491
0.129280246195
0.133432156989
0.133562043945
0.133252063106
0.132583286342
0.131533288753
0.130208008833
0.128702223565
0.127067760228
0.125335091123
0.123520560015
0.121632163285
0.119673721245
0.117647217021
0.11555400593
0.113395656131
0.111174359665
0.108893475079
0.106557774777
0.104174238588
0.101752578538
0.0993077053962
0.0968636612616
0.0944569814599
0.092136829785
0.0899610989474
0.0879897088121
0.0862769508725
0.0848648016663
0.0837780247832
0.0830217616205
0.0825825232668
0.0824286556363
0.0825217092719
0.082826667476
0.0833363449146
0.0839202472943
0.0851066164307
0.0839630877291
0.083684305109
0.121279689646
0.121235417635
0.121184852688
0.121141153635
0.121106788652
0.121073838125
0.121044529732
0.121012855476
0.120935057675
0.12081451362
0.120651264156
0.120439640742
0.120186646527
0.119859232635
0.1197854197
0.119790555945
0.119770028888
0.119743199736
0.119809492334
0.11978279886
0.11980521103
0.119877339172
0.119923718363
0.119956782652
0.119973911616
0.120419040981
0.121058206605
0.121778589401
0.122520690656
0.123240083998
0.123922442079
0.124565252093
0.125160037417
0.125698499489
0.126162833605
0.126513492207
0.126748634434
0.12681942205
0.126433780984
0.127073630571
0.127747688868
0.128284173738
0.129730774938
0.129894743366
0.129413486612
0.128514274865
0.127298376879
0.125871969989
0.124298266442
0.122613268966
0.120836594328
0.118978822228
0.117045918068
0.115041704013
0.112969111454
0.110831120482
0.108631169458
0.106373835731
0.104065032825
0.101713026852
0.0993288880848
0.0969297866642
0.0945437386771
0.092212910986
0.0899924113665
0.0879444346826
0.0861299302782
0.0846000657668
0.0833896092778
0.0825124550976
0.0819599436545
0.0817009237867
0.0816811478126
0.0818500264781
0.0821726389982
0.0826481992731
0.083223342604
0.0833627155022
0.0830564063967
0.0829203869641
0.120881821865
0.120847039432
0.120796352355
0.120754846782
0.120721917034
0.120688252459
0.120648492915
0.120625809649
0.120572639622
0.120475185079
0.120338892782
0.120162416682
0.119944289739
0.119750913041
0.119730769328
0.119692973792
0.119705747427
0.119682369875
0.119699870924
0.119766581837
0.11978034096
0.11984727521
0.119909143275
0.11994558331
0.119962821349
0.12030897616
0.120762390247
0.121287803338
0.121839092186
0.122378830367
0.122894322986
0.123367571915
0.123786305333
0.12413085615
0.124379368586
0.124494852908
0.12445508315
0.124246845459
0.122596524925
0.124260007111
0.125901564299
0.125546626023
0.126450388895
0.12674742908
0.126363950038
0.125554869527
0.12442157611
0.123063505673
0.121545300857
0.119905485817
0.118165656196
0.116338344982
0.114431376729
0.112450268764
0.1103994267
0.10828316845
0.106106089282
0.103873917913
0.101593605752
0.0992746562915
0.0969294089806
0.0945775013256
0.0922514685597
0.0899996598607
0.0878831852054
0.0859678798268
0.0843145335477
0.0829699401972
0.081961039574
0.0812915148534
0.0809418171694
0.0808674595289
0.0809967242185
0.0812479305723
0.0815097626048
0.0819680679961
0.0821735537679
0.0822411895999
0.082155017163
0.0821011966502
0.120529972702
0.120506619297
0.120457645945
0.120423498462
0.120401841652
0.120371950785
0.12034066567
0.120299131117
0.120265391515
0.120196269684
0.120093595277
0.119960042819
0.119805887557
0.1196921161
0.119643633966
0.119652831041
0.119661589929
0.119668338741
0.119670702994
0.119726330994
0.119759980651
0.119807886545
0.119859928013
0.119952815165
0.119986829939
0.120191421742
0.120485512658
0.120841691205
0.121219688396
0.121596996188
0.121948893333
0.122254299719
0.122495542858
0.122652606171
0.12270409669
0.122639818171
0.12245231793
0.122352833913
0.120740308229
0.121335708407
0.12306656358
0.123137768489
0.123594915831
0.123830059758
0.12347199779
0.122704268512
0.121619950678
0.120309326483
0.118833143079
0.117229659201
0.1155209458
0.11372052674
0.111837446782
0.109878493906
0.107849238509
0.105755127528
0.10360172913
0.101395811227
0.0991452234829
0.0968606691265
0.0945556642597
0.0922526402313
0.0899893251241
0.0878207817562
0.085813932447
0.084037182301
0.0825495432124
0.081391881467
0.0805826166078
0.0801159571942
0.0799654515781
0.0800861471508
0.0804305760234
0.0808921229799
0.0809780697618
0.0812053844503
0.0812498322871
0.0812770863239
0.0812618142431
0.0812489316347
0.120234167187
0.120207494262
0.120159796066
0.120133201953
0.120135832371
0.120121796626
0.120089382048
0.120048640913
0.120007681901
0.119968586856
0.119898686206
0.119799486617
0.119681675381
0.119568445938
0.119575507567
0.119623864164
0.119647547079
0.119660871187
0.119671201398
0.119698910509
0.119726250718
0.119763741814
0.119793154066
0.119842285378
0.119889555155
0.120010437217
0.120188967481
0.120404808477
0.120639617042
0.120867197596
0.121062291883
0.121207593608
0.121284003214
0.121269075384
0.121137572662
0.12088542133
0.120485203324
0.120236877787
0.118974960429
0.11856484634
0.119583882759
0.120498792226
0.120949900184
0.121135117986
0.120761117678
0.119993596932
0.11892261273
0.117632959404
0.116179961321
0.114599603678
0.112912923798
0.111133317091
0.109270216816
0.107331084755
0.105322212998
0.103249882095
0.101120385795
0.0989413985236
0.0967215039768
0.0944725962304
0.0922092730893
0.0899572441601
0.0877602387766
0.085680506813
0.0837902852035
0.0821589652107
0.080841417395
0.0798698509849
0.0792517811978
0.078970933217
0.0789954916922
0.0792734523893
0.0797462139798
0.0802891740651
0.0810829489352
0.0804885995468
0.0803794301787
0.0803595324667
0.0803558003169
0.0803546673596
0.119991213271
0.119950065877
0.11989795975
0.119875144676
0.11991368668
0.119923686298
0.119895563597
0.119847364198
0.119819152303
0.119782358527
0.119746600698
0.119680039886
0.119602252513
0.119559396726
0.119568644837
0.119603785055
0.119622874056
0.119633267575
0.119649486759
0.119671416778
0.119688283782
0.119699119582
0.119706262895
0.119711777633
0.1197294138
0.119779472798
0.119861264322
0.11996449953
0.12007211155
0.120161214519
0.120216731908
0.120221842459
0.12015667144
0.119997187853
0.119707108414
0.119234802104
0.118426290115
0.116914718477
0.117403238682
0.117010819108
0.116959242338
0.118187152442
0.118649753558
0.118730286985
0.118267252281
0.117445188902
0.116346646485
0.115048001304
0.113596548051
0.112023875239
0.110348371587
0.10858209952
0.106733970647
0.104811459189
0.102821079
0.100769621214
0.0986638291751
0.0965121626028
0.0943237613435
0.0921117517699
0.0898917087334
0.0876933046438
0.0855672001526
0.0835832288356
0.0818182491301
0.0803409646688
0.0791996959139
0.0784144322577
0.0779766915965
0.0778548163906
0.0780113401116
0.0783840781289
0.0789220118433
0.0795951294834
0.079576195004
0.0794320249969
0.0793891992641
0.079389693394
0.0793989168201
0.0794023310191
0.119797110929
0.119741996988
0.119652523812
0.119695096097
0.119741983202
0.119773531191
0.119759833038
0.119717204085
0.11969543529
0.119652565487
0.119624907303
0.119593219
0.119521407681
0.119550300136
0.119562857048
0.119581852371
0.119591939104
0.119596338609
0.1196189739
0.119638697573
0.119623491733
0.119606969287
0.119577078595
0.119548177579
0.119521930228
0.119507163753
0.119503897646
0.119506337005
0.11949855145
0.119469302732
0.119406125058
0.119295332609
0.119122054379
0.118867947165
0.118496499937
0.117931496764
0.116798834897
0.116633130287
0.116647213546
0.116426730584
0.115967943702
0.116647642003
0.116784442042
0.11663142962
0.115993986853
0.115059396207
0.11389291541
0.112556362132
0.111085391777
0.109505146484
0.107829912516
0.10606931207
0.104230886748
0.102321504542
0.100347425867
0.0983156610664
0.0962331365543
0.094109021133
0.0919528306436
0.0897790389312
0.0876040675823
0.0854624675499
0.0834127873711
0.0815325863495
0.0799023409299
0.0785885972558
0.0776320949024
0.0770402278272
0.0767883391265
0.0768231475313
0.0770725833289
0.0774423635457
0.0781139630151
0.078286791839
0.0783412267129
0.0783302109034
0.0783414056814
0.0783643022837
0.0783842823851
0.0783927725658
0.119666887323
0.119617133558
0.119596461457
0.119604312904
0.119637801678
0.119669288193
0.119662570166
0.119638770718
0.11959963021
0.119549665215
0.119529923759
0.11954883383
0.119510723474
0.119528288735
0.11954181568
0.11955751102
0.119561816448
0.119548884716
0.119579149479
0.119560051733
0.119532232923
0.119481085039
0.119421073726
0.119352441952
0.119276989892
0.119198904217
0.119117302554
0.119026595846
0.118919024793
0.118787131612
0.1186230389
0.118420023578
0.118173839563
0.11788001852
0.117525256771
0.117095737661
0.116591627959
0.116646848013
0.116445886162
0.115579117031
0.115206652217
0.115540023954
0.115229496766
0.114766947282
0.113902523925
0.11281337168
0.111546923668
0.110148984175
0.108641089821
0.107040418986
0.105356099045
0.103594464343
0.101761015482
0.0998615309101
0.0979016370127
0.0958883606931
0.0938285874806
0.0917322001932
0.0896089156993
0.0874747766038
0.0853468812064
0.0832658662349
0.0812990361078
0.0795313000951
0.0780448557479
0.0769014246596
0.0761321944943
0.0757351668405
0.0756855327795
0.0759260378659
0.0763312624992
0.0766249783606
0.0769962923149
0.0770868787977
0.0771554100435
0.0771982482334
0.0772431442447
0.0772841701041
0.0773125349921
0.0773288833992
0.119601318579
0.119565293235
0.119578924903
0.119580623008
0.119586086831
0.119606285025
0.119598164028
0.11958027711
0.119537567492
0.119509793598
0.119469265684
0.119464444271
0.119502180303
0.119510820175
0.119521521165
0.119539218007
0.119553897972
0.119548580933
0.119484152898
0.119471015616
0.119412982963
0.119335445713
0.119240267185
0.119128428943
0.119002114499
0.118861982706
0.118705885949
0.118530841216
0.118332480246
0.118108322609
0.117856427549
0.117578431128
0.117281085099
0.116971096318
0.116658970271
0.116395609908
0.116279988959
0.116591402782
0.115964869891
0.114135316572
0.114187109069
0.114570582775
0.113871639838
0.113064332125
0.111941846123
0.110671680857
0.109283467568
0.10780820365
0.106251691272
0.104621872769
0.10292197786
0.101154514244
0.0993225245154
0.097430419298
0.095482963825
0.093487135339
0.0914496248398
0.0893811481311
0.0872914547482
0.0851985199816
0.0831198964406
0.0811039182881
0.0792274199273
0.0775819103749
0.0762487347067
0.0752802431897
0.0746911800724
0.0744641391062
0.0745727534914
0.0749534164525
0.0754969030818
0.0763243191545
0.0759576648182
0.0759369163055
0.0759748548138
0.0760273466463
0.0760837576946
0.0761354988359
0.0761665121716
0.0761868101305
0.119574339943
0.119567514225
0.119575906802
0.119577370119
0.119571964829
0.119573712159
0.119559652906
0.119538393824
0.119509261828
0.119478525348
0.119462301677
0.119452355665
0.119474691058
0.11948551573
0.119500266384
0.119528000921
0.11955630985
0.119561096533
0.119456651036
0.119379560874
0.119286496468
0.119174314089
0.11904130497
0.118884523796
0.118706051436
0.118504679554
0.118276968587
0.118020954949
0.117736571031
0.117425123477
0.117090683503
0.116741901951
0.11639502577
0.116063603088
0.115783378799
0.115583723583
0.115443677228
0.115061717369
0.115691744089
0.114446101858
0.113611898524
0.113804748635
0.112674413428
0.111464488802
0.110053785772
0.108588420622
0.107068531097
0.105509571788
0.103900245288
0.10223810373
0.100520037362
0.0987445639621
0.0969121898292
0.0950259515968
0.0930897301389
0.0911105628064
0.0890948801322
0.0870544925269
0.0849990071849
0.0829488704911
0.0809217676894
0.0789758364888
0.0771980386491
0.0756855861057
0.0745167870008
0.0737321490227
0.0733285558706
0.0732631389633
0.0734468479061
0.0737909778864
0.0746260992409
0.0747366391152
0.0746876724595
0.0746986547542
0.0747396264061
0.0747907868286
0.0748412397788
0.0748893603837
0.0749192482596
0.0749327297098
0.119576667525
0.119569619797
0.119574939887
0.119580646114
0.119570891024
0.119554316968
0.119532755379
0.119504153286
0.119485091706
0.119470479612
0.119468954998
0.119463514243
0.119462532128
0.119461414153
0.119471424571
0.119510527917
0.119535909948
0.119464705528
0.11937089655
0.119266398823
0.119145172747
0.119001508306
0.118828833658
0.1186269174
0.118396349499
0.118133382515
0.117834735006
0.117499099958
0.117128483544
0.116728559408
0.11630617692
0.115875188267
0.115460754018
0.115102970788
0.114861244265
0.114762532088
0.114812214041
0.114675845165
0.115973991308
0.114960672201
0.113433316404
0.11314295418
0.111520190461
0.1098695762
0.108157593359
0.106503294789
0.104859604055
0.103223654276
0.10156678345
0.0998758355218
0.0981415502
0.096358855277
0.0945261027788
0.0926452919547
0.0907196426467
0.0887565642965
0.0867622545105
0.0847500436197
0.0827291855325
0.0807233350492
0.0787497991193
0.0768791680049
0.075208618661
0.073839424121
0.0728438189489
0.0722500366053
0.0720485811545
0.0721929821682
0.0725359363633
0.0727785911004
0.0732688606761
0.0733781266038
0.0733894229294
0.0734118263562
0.0734471114331
0.073486515712
0.0735220676539
0.0735526942073
0.0735774939275
0.0735817346843
0.119570128103
0.119564664976
0.119566522875
0.119579533038
0.119557818964
0.119536423613
0.119512963779
0.11948643008
0.119479776945
0.119469355833
0.1194686415
0.119457688663
0.11944257488
0.119426363937
0.119414606387
0.119465462207
0.11942072419
0.119358227398
0.119259351112
0.11913848233
0.118994441213
0.118817811875
0.118607882313
0.118362157785
0.118079656687
0.11775585329
0.117385382429
0.116967981143
0.116507913623
0.116010150101
0.115478110955
0.114931829161
0.114420934287
0.114016262039
0.113801045565
0.113871953885
0.114306862754
0.115391143445
0.116620856783
0.115705192928
0.113487158827
0.112320194337
0.110178610238
0.108122867711
0.106145119123
0.104343089884
0.102609079072
0.10091972494
0.0992315217749
0.0975223978942
0.0957783868327
0.0939920509777
0.0921605512497
0.0902855743688
0.0883701676266
0.0864226290558
0.084449033759
0.0824648353846
0.0804786443259
0.0785182879042
0.0765998826072
0.0748097669938
0.0732545891868
0.0720369400674
0.0712188763157
0.0708144713272
0.0707955768701
0.0710527145196
0.0714827470739
0.0725205809997
0.0721188399399
0.0720765833362
0.0720641254454
0.0720774461006
0.0721023645117
0.0721299689432
0.0721543418736
0.0721721673684
0.07218836167
0.072194185029
0.11954097912
0.119554286476
0.11955596691
0.119547380973
0.11953711447
0.119517735919
0.119496668244
0.119477503349
0.119474013217
0.119459878078
0.119455753266
0.119438000093
0.119414503896
0.119398528901
0.119404969258
0.119327812769
0.119319842166
0.119251110177
0.119144521967
0.119007842088
0.118837469839
0.11863106016
0.118386289137
0.118098165584
0.117764387713
0.117378224389
0.116934473668
0.116431937108
0.1158730284
0.115252676336
0.114570085565
0.113870373113
0.113210975714
0.112679222437
0.112409334734
0.112595124132
0.113424312195
0.116036245509
0.117258438489
0.116329747728
0.113268150474
0.110810137269
0.108268206782
0.10600881654
0.103894690144
0.102035280048
0.100274283812
0.0985728435541
0.0968797531805
0.0951690228712
0.0934251992062
0.0916406708791
0.0898129564537
0.087944503912
0.086038905326
0.0841060311994
0.0821519960327
0.080195165485
0.078243084419
0.0763289946219
0.0744666093753
0.072762099732
0.0713294635837
0.0702689383087
0.0696309411226
0.0694185795023
0.0695692541053
0.0699095250693
0.0704132552308
0.0707650959741
0.0707142530021
0.0706924697761
0.0706848353209
0.0706937319764
0.0707116212131
0.0707322236802
0.0707510813497
0.0707646208444
0.0707758316233
0.070784518794
0.11954060031
0.119546981238
0.119556373608
0.119543182792
0.119521584755
0.119499958222
0.119479120875
0.119461539397
0.119455099569
0.119440196298
0.119434400024
0.119413050263
0.119382833886
0.119349323957
0.119391705284
0.119312925413
0.119258513012
0.119163361015
0.119038491127
0.118879876584
0.118684947024
0.118449980876
0.118170703875
0.117841499088
0.11745659223
0.117008230049
0.116487983646
0.115893989466
0.115216160112
0.114435879337
0.113573989141
0.112667583798
0.111754901513
0.110927639265
0.11032271459
0.110105874701
0.110558122623
0.112235201642
0.117606122816
0.111600624139
0.111090671196
0.108100986654
0.105462755328
0.103340992159
0.101318043364
0.0995373749968
0.0978349369738
0.0961739300177
0.0945077274083
0.092814325816
0.0910815097696
0.0893043647907
0.0874826588277
0.0856208394148
0.0837238789933
0.081803985133
0.0798674741454
0.0779365925729
0.076017195054
0.0741495441653
0.0723433086984
0.0707296041298
0.0694255075806
0.0685246330535
0.0680667028479
0.0680347340892
0.0682954659826
0.0687440676168
0.0696797062323
0.0694196038234
0.0693191707175
0.0692752519096
0.0692607659397
0.0692650627521
0.0692789452032
0.0692964906655
0.0693134615358
0.069325211645
0.0693361277455
0.069346011505
0.119538063882
0.119535645102
0.119554481173
0.119527717848
0.11950498088
0.119481771722
0.11945913608
0.119439403825
0.119426108287
0.119414616505
0.119409208364
0.119388050075
0.11936058063
0.119321343506
0.119291023104
0.119273616824
0.119192838462
0.119083101104
0.118938928162
0.118758798101
0.118540260443
0.118278716764
0.117967848387
0.117598545458
0.117163808099
0.116650912512
0.116051523002
0.11535406994
0.114532913623
0.113582567738
0.112514418999
0.111327850266
0.110069502068
0.108814096675
0.107611208667
0.106503923397
0.10557641212
0.10494381521
0.10496465659
0.102708319095
0.105942742889
0.103951884748
0.101703881629
0.100095168387
0.0984267290733
0.0968712822308
0.0953107617851
0.0937384061721
0.0921268921447
0.0904664688712
0.0887528673824
0.0869865610334
0.0851712956087
0.0833146134968
0.0814236566702
0.0795136963343
0.0775913599681
0.0756839078484
0.0737945683946
0.0719726765046
0.0702216819608
0.068703972541
0.0675333738563
0.0667951906083
0.0665178784408
0.0666338333187
0.0669709705196
0.067611920713
0.0678504215285
0.0678361407304
0.0678083199151
0.0677921084673
0.0677884837868
0.0677969209642
0.0678122270236
0.0678304864324
0.0678488781997
0.0678623746591
0.067874717619
0.0678848444898
0.119528070133
0.119520424309
0.119502223984
0.119506991731
0.119488232451
0.119463555128
0.11943795451
0.119414783444
0.119395276379
0.119388350342
0.11938500265
0.119368238509
0.119351074734
0.119332093201
0.119293613216
0.11923778711
0.119140747044
0.119012549376
0.118846525288
0.118647056805
0.118408476794
0.118123266343
0.117781772619
0.117374897287
0.1168901112
0.116312385066
0.115630882247
0.114821276325
0.113859704451
0.112733626661
0.111426411605
0.109938575403
0.108338114683
0.106633680925
0.104788883005
0.102736746074
0.10035682239
0.0974818256892
0.0930024214507
0.094871493476
0.0966104049326
0.0980501546238
0.0973108529011
0.0965377823045
0.0953838460021
0.0941377490444
0.0927646268676
0.091306166455
0.0897631424767
0.0881424631899
0.0864503593818
0.0846941583413
0.0828826123502
0.0810270090984
0.0791372597298
0.0772322760393
0.0753190377623
0.0734311133652
0.0715677720082
0.0697900612625
0.068092037953
0.0666741062788
0.065638543287
0.0650679550666
0.0649700118769
0.0651738604325
0.0656159605898
0.0666058387562
0.0663512678225
0.066301034977
0.0662838029477
0.0662837051911
0.0662937526445
0.0663117275647
0.0663337575029
0.0663566924056
0.0663782724199
0.0663975587943
0.0664137873589
0.0664251848758
0.119519508053
0.119515123027
0.119507668732
0.119509339804
0.119478991459
0.119447741768
0.119417179772
0.11938996243
0.119367383632
0.119364389154
0.119363759536
0.11935347826
0.119348478626
0.119351724646
0.119319350049
0.119225222166
0.119103445984
0.118948331842
0.118766108736
0.118551229328
0.118291446198
0.117984156447
0.117617737117
0.117175627511
0.116640793497
0.116003183567
0.115242122262
0.114325645453
0.113228351962
0.111924930766
0.110376544207
0.10862524338
0.106718020276
0.10459915575
0.102181624376
0.099299054195
0.0956838134403
0.0900833568279
0.08820340296
0.0885896101602
0.0893412077684
0.0925405481161
0.0931787768142
0.0931440844261
0.0924435119584
0.0914794119507
0.0902814019766
0.0889299850971
0.0874504284244
0.0858645856447
0.0841885768454
0.0824363571807
0.0806217758748
0.0787599326252
0.0768638654056
0.0749564865247
0.0730451533674
0.0711712318125
0.0693283604136
0.0675930486078
0.0659455549678
0.0646309824845
0.0637280302444
0.0633191252144
0.0633705706259
0.0636643182732
0.0643162611255
0.0646885715337
0.0647061524002
0.0647209251293
0.0647406515183
0.0647679621408
0.0647995628764
0.0648351088288
0.0648716958713
0.0649064452645
0.0649367975942
0.0649634039651
0.0649823328908
0.0649923192258
0.119516100618
0.119515533461
0.119512335652
0.119514395602
0.119471737015
0.11943293145
0.119396808081
0.119365486044
0.11934243093
0.119343474312
0.119344293819
0.119338388919
0.119343461285
0.119373423678
0.119338300969
0.119206285394
0.119063683157
0.118893778856
0.118696923218
0.118464372376
0.118191854013
0.117871538455
0.117479431731
0.117000782663
0.116427868353
0.115738230369
0.11489905125
0.113887329066
0.112670714782
0.111191699594
0.109435006383
0.107478866979
0.105314827355
0.102875650206
0.100060891076
0.0966994080766
0.0925705458932
0.0865008463985
0.0856320102258
0.085307047365
0.0859714753953
0.088859967472
0.0899309727647
0.0902461246507
0.0898009732351
0.089015572448
0.0879370338112
0.0866598437184
0.0852224048681
0.0836557442278
0.0819829717467
0.0802231271373
0.0783944673209
0.0765154468144
0.0746023955686
0.0726823344298
0.0707631133866
0.0688955970031
0.0670659588847
0.0653716757889
0.0637737112228
0.0625733115775
0.0618186152672
0.0615692895291
0.0616458855558
0.0619789841365
0.0632406313135
0.0630750395147
0.063095472712
0.0631405404772
0.0631961039482
0.0632578593084
0.0633207191556
0.0633829155881
0.0634420367602
0.0634954304213
0.0635409099319
0.0635761704944
0.0635974970889
0.0636043091807
0.119514075466
0.11951569444
0.119512913392
0.119514580559
0.11946382306
0.119418339716
0.119376641446
0.1193396193
0.11930792205
0.119324600618
0.119324029104
0.11931510964
0.119309300438
0.119366966728
0.119286035534
0.119160642658
0.119012687716
0.118839220126
0.118634084382
0.11839381058
0.118114919825
0.117778702619
0.117364769479
0.116866108966
0.116263508747
0.115520717672
0.114619627828
0.113532979047
0.112206584189
0.110575215719
0.108662693532
0.106546328998
0.104192278636
0.101538373535
0.0985000582468
0.0949538758923
0.0907985615382
0.0852143095809
0.0852175256898
0.0851612177914
0.0849704400529
0.0867953696234
0.087602917074
0.0879204490476
0.0875349733818
0.0868114073808
0.0857814123343
0.0845329448729
0.0831064653658
0.0815358622378
0.0798476574646
0.0780638814739
0.0762060902944
0.0742952929372
0.0723511842466
0.0704047048384
0.0684644858199
0.0665926850021
0.064766180148
0.0631107545881
0.0615597744802
0.0604895341814
0.0599233169793
0.059899692602
0.0600917371681
0.0603226392024
0.0611236112215
0.0612715233449
0.0614129770917
0.0615325133055
0.0616458055468
0.0617553569962
0.061861766569
0.0619598497912
0.0620481842357
0.0621246914634
0.0621877725221
0.0622341362472
0.0622634304654
0.062274737638
0.119511862843
0.119517359584
0.119510558401
0.119512003612
0.119455543271
0.119404652172
0.11935923779
0.119318963862
0.119312750317
0.119314334774
0.119305376486
0.119288342089
0.119260493125
0.119251770225
0.119211962312
0.119101901088
0.118955461584
0.118781292369
0.118578004196
0.118338331084
0.118054406002
0.117710186372
0.11728991986
0.116779634354
0.116146920665
0.11536428089
0.114419465364
0.113273198531
0.1118610367
0.110114707011
0.108086406598
0.105854950142
0.103373049215
0.100590907705
0.0974480113117
0.0938711955644
0.0898484486887
0.0848042456097
0.0851199143782
0.0841233628389
0.0843807585983
0.0856055004116
0.0859621094885
0.086098657047
0.0856413294566
0.0848852052648
0.0838378857309
0.0825714253862
0.0811214971597
0.0795201366257
0.0777941984238
0.0759667082423
0.0740613310392
0.0721006884622
0.0701079349746
0.0681173901685
0.0661389798345
0.0642476262259
0.0624088472056
0.0607854613325
0.0592726590022
0.0583493881286
0.0579743758
0.0580489725644
0.0583722025652
0.0599152647158
0.0595246386834
0.0595694580111
0.0597299583897
0.0599119430638
0.0600940893507
0.0602651074454
0.0604247474998
0.0605669258976
0.0606907000972
0.0607951415137
0.0608793078593
0.0609391718976
0.0609799208494
0.0610006465224
0.119504562629
0.119513093332
0.119499595762
0.119501758451
0.1194452054
0.119392608263
0.119349403621
0.119316550008
0.119306843792
0.119305059549
0.119292213493
0.119269872612
0.119239470977
0.119206959688
0.119167433909
0.119056093273
0.118905195663
0.118726481062
0.118523347198
0.118291944903
0.118016422118
0.117675593845
0.117255839756
0.116736374796
0.116085159055
0.11528224295
0.114310889022
0.113122743634
0.111646647884
0.109823895332
0.107723132461
0.10541498296
0.102855515802
0.100005432741
0.0968239787919
0.0932710356936
0.089375978558
0.0846127775526
0.0852004101354
0.0841972431702
0.083979501374
0.0848707194509
0.0848067015512
0.0846868627653
0.0840818377184
0.0832276896223
0.0821105749148
0.0807848155276
0.0792784570747
0.0776189753486
0.0758314161105
0.0739382403934
0.0719641437621
0.0699324422836
0.0678699665843
0.0658135491731
0.0637754515929
0.0618441928951
0.0599707524828
0.0583617327905
0.056860717967
0.0561008236826
0.0559368143171
0.0561107127784
0.0566279457621
0.0574449961595
0.0574979767799
0.0576959702214
0.0579644859093
0.0582575703037
0.0585330236024
0.0587857477215
0.059010174382
0.059204678065
0.059369623417
0.059505866262
0.0596132812358
0.0596913355794
0.0597453599893
0.0597753193029
0.11949041086
0.119475821898
0.119484086678
0.119486623405
0.119431009703
0.119379428268
0.119336326025
0.119302381015
0.119295343089
0.119298907437
0.119285869851
0.11926145501
0.119235642646
0.119201819531
0.119159903477
0.119026488078
0.118860335431
0.118676175437
0.118478181566
0.118257145845
0.117993549526
0.117667765926
0.117259264673
0.116740562482
0.116084559654
0.115274574339
0.114291106466
0.113085303835
0.111582211226
0.109721046208
0.107575851782
0.105226209926
0.102628599609
0.0997506515837
0.0965646232287
0.0930514760705
0.0892659005151
0.08473787925
0.0854103274134
0.0844866522289
0.083889405443
0.0844432100383
0.0839994483017
0.0836005230833
0.0828096852712
0.0818169285274
0.0805923637322
0.0791741227381
0.0775823989916
0.0758390175445
0.0739659648165
0.0719840670344
0.0699181165558
0.0677913167111
0.065634516095
0.0634859222827
0.0613624076872
0.0593670640649
0.0574338292403
0.0558173873813
0.0542836919695
0.0536501154167
0.0535770482973
0.0538604894454
0.0550708879988
0.0552993244445
0.0554545795413
0.0557595305229
0.0561474120287
0.0565768502393
0.056968681989
0.0573199002826
0.0576233304872
0.0578796507993
0.0580916514919
0.058263036321
0.0583952857237
0.0584945649878
0.058561736792
0.0585997139486
0.119484397992
0.119474491978
0.119477808811
0.119475598815
0.119422034783
0.119375484988
0.119335992406
0.119302733102
0.119298635177
0.119300965795
0.119285322192
0.119258198263
0.119232913654
0.119168476116
0.119149811571
0.119005121371
0.118822703099
0.118630330739
0.118438135038
0.118234629716
0.11799252388
0.117685692209
0.117290568754
0.116782523751
0.116138381339
0.115343330032
0.114373131649
0.113172010488
0.111665824147
0.109796396427
0.107642009551
0.105284298811
0.102681025801
0.0998020745008
0.0966247867629
0.0931405310793
0.0894194024902
0.0850497198751
0.0856770841431
0.0848771266908
0.0839985562998
0.0842131698336
0.0834399627264
0.0827699589444
0.0817808053899
0.0806279416983
0.079271393958
0.0777358650687
0.076034907833
0.0741846497205
0.0722033750047
0.0701095526551
0.0679271761047
0.0656786406569
0.0633990941714
0.0611265745507
0.0588863350879
0.056797125092
0.0547783337445
0.053150801098
0.0515945150087
0.0511029712952
0.0509041581873
0.0511823260155
0.0528439082696
0.0529193714703
0.053273120995
0.0537360905824
0.0542809378559
0.0548695527436
0.0554107775386
0.0558802459806
0.0562788958817
0.0566087820773
0.056874930254
0.0570852643906
0.0572457206395
0.0573650944469
0.0574441229927
0.0574869014672
0.119482272764
0.119471348928
0.119473463247
0.119471494689
0.119419977757
0.119376002769
0.119338263346
0.119305738839
0.119303970959
0.11930418494
0.119287518397
0.119259213319
0.11923080512
0.119202885232
0.119217800942
0.119009677826
0.118787585767
0.118575474073
0.118387647301
0.118214547517
0.118011056899
0.117733467265
0.11735859402
0.116867925311
0.116246169693
0.115480142883
0.11453845703
0.113366129214
0.111893098969
0.110052555237
0.107920680459
0.105586701898
0.103007699546
0.100149204012
0.0969834975464
0.0934988371681
0.0897686459579
0.0854253372432
0.0859274572904
0.0852853921759
0.0842239972186
0.084106758557
0.083059829281
0.0821445955199
0.0809603172648
0.0796385200954
0.0781354528118
0.0764651725864
0.0746362689221
0.0726596013618
0.070549364595
0.0683210420545
0.06599676756
0.0635974319565
0.0611623260103
0.0587273066578
0.0563310690366
0.0541056376017
0.0519580550295
0.0503061255922
0.0487886870716
0.0486833405782
0.0486627653074
0.0485972202711
0.0499126167092
0.0504007556171
0.0509696156925
0.0516312214571
0.0523685874581
0.053146187051
0.0538727981805
0.0544871070169
0.0549984241254
0.0554142411246
0.0557420489819
0.0559959564127
0.0561878855082
0.0563273413937
0.0564188354011
0.0564650151869
0.119462073293
0.1194650368
0.11946624243
0.119452919694
0.119424611128
0.119382251899
0.119344758776
0.119310611001
0.119309567371
0.119304940695
0.119290789558
0.119268525452
0.11924958507
0.119241093079
0.11925952923
0.11901266633
0.118741597702
0.118502298065
0.118322598631
0.118196905753
0.118046287838
0.117805973742
0.117459398954
0.116995834267
0.116406409194
0.115677667491
0.11477861407
0.113653535144
0.11224568567
0.110484250613
0.108412027938
0.106133467338
0.103612587963
0.100800615373
0.0976516290296
0.0941308219719
0.0902925954357
0.0857774804941
0.0861154275597
0.0856444197471
0.0845088198595
0.0840862922086
0.0828200359006
0.0816920756816
0.0803232865449
0.0788309142501
0.0771739314152
0.0753576847456
0.0733871511699
0.0712684518217
0.0690113239378
0.0666275076767
0.0641358371295
0.0615547066975
0.0589261748511
0.0562815421723
0.0536800240988
0.0512605791326
0.0489185082375
0.0471778394397
0.0455765251041
0.0456438313187
0.0459708845373
0.0484015782073
0.0475842760441
0.0479173780381
0.0485888639814
0.0494552206019
0.050418958393
0.0514204430299
0.0523715542848
0.0531619907375
0.053803630968
0.0543173634839
0.0547176674556
0.0550212495386
0.0552451492389
0.0554032695356
0.0555077540307
0.0555568735135
0.119459239726
0.119464120351
0.119460654628
0.119454893287
0.119453686943
0.119398933486
0.119356626684
0.119324629483
0.119310263819
0.119298763842
0.119292060848
0.119274308284
0.119256785268
0.119250532051
0.119255965711
0.119009011927
0.118678777308
0.118403167345
0.118262348578
0.118180024689
0.118100078013
0.117905866492
0.117590517389
0.117153463825
0.116604451388
0.115926234346
0.115085968277
0.114030354782
0.112707751236
0.111066570557
0.10910656332
0.106923849349
0.104507898666
0.10178662456
0.0986810399572
0.0951035651379
0.091045423813
0.0860557017037
0.0862270270848
0.0859119559349
0.0848274859842
0.0841436514093
0.0826951953172
0.0813860737631
0.0798496677622
0.0781912846812
0.0763789834589
0.0744110909188
0.0722900663746
0.0700179642506
0.0675996914531
0.0650422403578
0.0623592791359
0.0595651335343
0.0567009905799
0.0537901317251
0.0509188474295
0.0482228736296
0.0456126309432
0.0437614951572
0.0419762946969
0.0419149377649
0.04233667246
0.0442154341635
0.0442968947109
0.0450009739866
0.0459975252664
0.0471749145187
0.0484321524018
0.0497031245504
0.0509169122144
0.0519225317196
0.0527152105354
0.053336124416
0.053814100388
0.0541719400246
0.0544308630378
0.0546065892074
0.0547229100998
0.0547772076995
0.11945675042
0.119463417355
0.119456496834
0.119456578216
0.11945900924
0.119408724204
0.119363306218
0.119324368863
0.119286938715
0.119300758662
0.119294680431
0.119274160924
0.119249284238
0.119233683605
0.119170798499
0.119008011306
0.11860553629
0.118309750742
0.11819354803
0.118177322248
0.11816380578
0.118027042918
0.117748418003
0.117333000071
0.116827482056
0.116208354999
0.115445366103
0.1144776025
0.113254868533
0.111764694251
0.10998585313
0.107952561988
0.105709641508
0.103157130943
0.1001727459
0.0965786492596
0.0922170782698
0.0862051662507
0.0862677330631
0.0858590896151
0.0850931797239
0.0842332565107
0.0826418399152
0.0811989493329
0.079527584429
0.0777148754536
0.0757491396006
0.073627064585
0.0713503295614
0.0689176291017
0.0663283977153
0.0635833652227
0.0606887461514
0.0576526903342
0.0545100487641
0.0512726000479
0.048051774487
0.0449463481484
0.0419238508561
0.0399207084513
0.0381024693215
0.0384620152637
0.038815043201
0.0399483869966
0.0406304442692
0.0417832844119
0.0432238640934
0.0448100657915
0.0464300779713
0.0480142018956
0.0495185628077
0.0507805295651
0.0517489791562
0.0524891731595
0.0530463955418
0.0534561583136
0.0537500373026
0.0539464278731
0.0540722823973
0.0541369443081
0.11944969028
0.119447513779
0.119451346759
0.119453715499
0.119455007821
0.11940930472
0.119368358376
0.119333019094
0.119299019478
0.119318405494
0.119298222577
0.119272992003
0.119240288165
0.119214735933
0.119204685199
0.119166723749
0.11847426792
0.118182737928
0.118176567614
0.118171628958
0.118156165717
0.118121563929
0.117942376765
0.117512371172
0.117052602914
0.116497705086
0.115838022012
0.114983791749
0.113856165739
0.112497434347
0.110974685267
0.109209146478
0.10722398535
0.104966260388
0.10227236376
0.0988589679427
0.0943207029784
0.0866133922831
0.0863031219228
0.0857272324294
0.0849809209726
0.0842322658803
0.0826667967773
0.0811611735466
0.0793837144208
0.0774180082737
0.0752922680038
0.0730106376958
0.0705745326255
0.0679782650067
0.0652138284408
0.0622730021921
0.0591512348451
0.0558470589756
0.0523829714848
0.0487613654064
0.0451121876859
0.0414447075583
0.0377944582506
0.0352505917162
0.0327194216445
0.0338078782397
0.0375201696784
0.0357947902643
0.0366289688064
0.0382849594132
0.0403015965835
0.0424054967713
0.0444595657027
0.0463977040018
0.0482034094699
0.0497442160217
0.050910819368
0.0517809706751
0.0524245882683
0.0528874468249
0.0532112416269
0.0534266605266
0.0535616013023
0.0536349709344
0.119446131605
0.119443569941
0.119448694708
0.119450128828
0.119449498103
0.119406551133
0.119370870116
0.11934048095
0.119315979436
0.119324507102
0.119286563309
0.119270499171
0.119235825087
0.119209320187
0.119145847322
0.118737557746
0.118082782642
0.118131446224
0.118161327478
0.118136534378
0.118102474577
0.118082511234
0.118008859282
0.11761324918
0.117235753394
0.116752939915
0.116245627027
0.115560433778
0.114494618392
0.113166900344
0.111912186506
0.11058063111
0.109039467202
0.107232354799
0.105125747929
0.102450963656
0.0988323550794
0.0936196531921
0.0866763520871
0.0814927865894
0.0838953614466
0.0844702699874
0.0831013389219
0.0814512778023
0.0794941892007
0.0773274708342
0.0750140459632
0.0725621106616
0.0699658053406
0.0672098126233
0.0642747616505
0.0611395371885
0.0577838438881
0.0541891926172
0.0503548432427
0.0462732902993
0.0420816558871
0.0377160325212
0.0334564967062
0.0302806815738
0.02602190852
0.0266615369795
0.0298564038272
0.0295530341569
0.0316463057779
0.0343859390556
0.0372692465451
0.0400388013623
0.0425977874547
0.0449211230242
0.0470259751556
0.048834357606
0.0502074911201
0.0512083700389
0.0519380938371
0.0524585689204
0.0528147670203
0.0530453528704
0.0531836382425
0.0532476687642
0.119446188223
0.119445678152
0.119447464583
0.119447799229
0.119446596877
0.119399991253
0.119368281829
0.119340163911
0.119310238213
0.119254624169
0.119291339787
0.119271845691
0.119214937997
0.119096864228
0.118887978145
0.118355084308
0.118115781521
0.118164181856
0.118132674321
0.117994070955
0.117970944238
0.117973349276
0.117882413449
0.117736780504
0.117430436703
0.116833504053
0.11656374817
0.116331934134
0.115240204761
0.113639917614
0.112580538657
0.111726486432
0.110876683885
0.109815617748
0.108535892806
0.106967743503
0.104802730848
0.101510887864
0.0965560291918
0.0854031333559
0.085506898816
0.0860795200762
0.0844112008652
0.0822269802055
0.0798760405719
0.0774205346298
0.0748900591552
0.0722667102998
0.0695222742364
0.0666245444337
0.0635393016081
0.0602297483556
0.0566556131302
0.0527715901824
0.0485340979422
0.0438926475919
0.0389121117618
0.0334984128029
0.0285711761554
0.0251774782253
0.0198696264819
0.0187898828992
0.0185761976699
0.0214475298048
0.0258877004199
0.0302997012702
0.0343246319736
0.0378702803372
0.0409651923313
0.0436686820509
0.0460512683997
0.04809105809
0.0496513288136
0.0507732736883
0.0515779980202
0.0521471910204
0.0525347547677
0.0527805316525
0.05292055514
0.0529736394078
0.119446723124
0.11944687691
0.119447324883
0.119445296561
0.119430138651
0.119376909539
0.119359172912
0.119345229557
0.119330649372
0.119313177101
0.119304233246
0.11927443255
0.119231220502
0.119098815605
0.118846060108
0.118492438623
0.118343746069
0.118477627949
0.118482504841
0.117742058347
0.11784839461
0.117898301251
0.117807415144
0.117583101743
0.117267935323
0.117070576219
0.116793631642
0.116557199754
0.116381459372
0.113625369888
0.112768446305
0.112536863262
0.112540562701
0.112591472707
0.112589472113
0.112587434587
0.112609995541
0.112540174639
0.111996617596
0.0958489777105
0.0919362440017
0.0894516963082
0.0863328420092
0.0832114787282
0.0803324050954
0.0775771227133
0.0748568197323
0.0720988278216
0.0692453873559
0.0662466529869
0.0630551258172
0.0596206219915
0.0558850941686
0.0517757140507
0.0471975813477
0.0420146462448
0.0360803630691
0.0290823461853
0.0218870149178
0.0141398208311
0.00451353853424
0.00897116747837
0.00213418908625
0.0117242519922
0.0199775176245
0.0265468355692
0.0318369457641
0.0361456505779
0.0397220163942
0.0427442034521
0.0453469391966
0.0475581274382
0.0492581892096
0.0504748136438
0.051339550643
0.0519454191305
0.0523570392693
0.0526182620168
0.0527668638525
0.0528236473918
0.119446560344
0.119446224013
0.119446520249
0.119439791529
0.119413126748
0.119383535643
0.119363775032
0.119348247282
0.11933325856
0.119318380294
0.119305783286
0.119303680691
0.119274043331
0.119175765832
0.118972231864
0.118683847676
0.118479229133
0.118404105514
0.11826457432
0.1180051748
0.117936449957
0.117946149994
0.117835110979
0.117600373043
0.117311999777
0.117028333186
0.116647591937
0.116232486314
0.115271407029
0.11396631634
0.113258636645
0.113006361343
0.112910441712
0.112858356214
0.112838769601
0.112875167843
0.112988685046
0.113190782217
0.113623400286
0.113374364806
0.101553321093
0.0926358251772
0.0875263765454
0.0837342436122
0.0805591828209
0.0776572672925
0.0748514075316
0.0720354162079
0.0691362082381
0.0660956024148
0.0628601552361
0.0593737974663
0.055570507643
0.0513644195258
0.0466342150638
0.0411905850012
0.0347219283378
0.0265745991164
0.0156765190046
-0.00379504741562
-0.0222418684867
-0.00331723160466
0.000250688799801
0.00120325028225
0.0155842496193
0.0240520719229
0.0303322926516
0.0351615034813
0.0390393166293
0.0422498659164
0.0449805414705
0.0472844066006
0.04905487616
0.0503231220736
0.05122315516
0.0518498419897
0.0522734610722
0.0525439220409
0.0527034633385
0.0527661608128
)
;

boundaryField
{
    frontAndBack
    {
        type            empty;
    }
    upperWall
    {
        type            zeroGradient;
    }
    lowerWall
    {
        type            zeroGradient;
    }
    inlet
    {
        type            zeroGradient;
    }
    outlet
    {
        type            fixedValue;
        value           uniform 0;
    }
}


// ************************************************************************* //
