/*--------------------------------*- C++ -*----------------------------------*\
| =========                 |                                                 |
| \\      /  F ield         | OpenFOAM: The Open Source CFD Toolbox           |
|  \\    /   O peration     | Version:  v1806                                 |
|   \\  /    A nd           | Web:      www.OpenFOAM.com                      |
|    \\/     M anipulation  |                                                 |
\*---------------------------------------------------------------------------*/
FoamFile
{
    version     2.0;
    format      ascii;
    class       volScalarField;
    location    "38";
    object      alpha;
}
// * * * * * * * * * * * * * * * * * * * * * * * * * * * * * * * * * * * * * //

dimensions      [0 0 -1 0 0 0 0];


internalField   nonuniform List<scalar> 
6400
(
0.780841334233
1.08403063788
1.58351673817
1.54648345423
1.5519805226
1.66289019353
2.23096921047
2.94075876381
2.69904055766
2.45916618069
3.63430146506
3.50403904293
3.2965743389
3.27740359348
3.83424135507
4.34470606625
4.32004570823
4.41956871994
4.77505445928
5.03495028243
4.9436044033
4.66342971672
4.43544639232
4.53425129767
4.59988832287
4.63982373697
4.38327730182
4.00361935009
3.89746126297
4.03984102645
4.506060316
4.45086727927
4.1939698724
4.17207183507
4.29564484854
4.0541711061
3.78875036273
5.16552128145
5.01589688894
4.43438184962
3.84330851426
3.44452439268
3.22708863171
3.16946742637
3.26183301495
3.29785489502
3.5066549226
3.95155009926
4.51981034349
4.87491815615
5.18326619101
2.84629478142
2.66143872209
2.28628245086
3.22937503266
5.83488221083
7.09279904938
6.47786686705
5.17331747167
5.20343472511
4.59892518789
3.83278658586
2.91822856213
5.05402916428
9.27810079451
14.2958625402
17.3305866625
17.0644129606
15.0700411523
13.3832405081
12.4101118855
12.4748828179
12.8958510443
12.6969882739
14.6719998768
14.082804332
15.9514000983
9.84063683773
12.8617199471
4.80572934781
3.01835257347
2.26385258661
2.71385202078
3.85983833149
3.24426758955
2.38951489443
1.99983178051
1.99207580591
2.11274302715
2.31605374014
2.66035956145
3.0064855362
3.29259188135
3.56930378878
3.74549582215
3.99831725505
4.31709370184
4.9004904085
6.79804107044
6.65624974383
6.0893773134
5.45302140136
4.5629460713
4.10059007647
5.28012857635
4.62780817786
4.01611488064
3.9636195451
4.06807626418
4.33096306115
4.49972211208
5.61196234107
5.47106286127
5.7172282805
6.29860509718
4.7808751126
5.49998892059
6.33273100538
5.66937485714
4.0314770082
3.18738511067
9.34719047164
11.1421472634
11.1369332296
10.9997315758
10.3728948055
9.43537166373
8.7639464078
7.65955947481
6.8739084666
7.39616082172
9.12252158097
9.86597859476
2.92974994629
4.01296509999
4.56262745
0.603584882824
0.150563012648
0
0
0.326863382439
3.94791278795
2.69220120261
5.09862685511
9.25174735256
15.1992442056
18.9831522758
17.8069112914
15.644153401
13.6796384845
12.8707379912
13.1584269062
14.1342014149
13.4910384888
13.2834975655
12.7256017396
11.5150529234
9.67869950973
8.14816005033
4.23136275644
2.85619905975
2.3021593039
2.7389012302
2.51404578513
2.27867355162
2.42613096751
2.35072421416
2.04597567419
2.10465476066
2.31833594484
2.60242696209
2.98066539002
3.32695321686
3.63799343851
3.83086256452
4.19781465219
9.2221280758
11.6570291899
11.7994936184
10.4225375838
6.46968973115
4.2196234908
5.27435550622
4.9550386469
4.21426510266
4.12677027354
4.27975132429
4.31611189003
4.45067706768
5.07253281456
4.94438349502
6.51719923049
6.90092862109
5.20191293859
8.46610041511
7.55007959795
5.09445766911
8.09619871045
6.96003372223
4.29856259334
1.23511216185
0.572621997817
0.242234415368
0
0
0
0
0
0
0
0
0.47621542026
1.62139965382
3.46905068416
4.85272991788
2.44005676515
0.49418320014
0.218218559986
0.167485295786
0.39960437858
0.660389864952
0.853883667171
1.41817135416
5.56919318023
11.1795285057
16.0013017724
18.3638866924
18.5165868181
16.9228806
15.2058793521
14.4337965708
14.2475183323
13.5104390637
12.8505469075
12.7725450863
12.3930049376
11.3955844643
9.77270730666
7.33164780451
7.52618161902
2.37560474216
5.13512552164
2.52003800426
2.10823515404
2.74833326915
11.5354488632
9.79494161011
3.47555855323
2.19827995624
2.42161796207
2.61160746902
2.96428629613
3.35806176567
4.09602019793
7.21653809096
10.0024924718
11.7048403673
11.5528383038
8.83469325925
5.17101936213
4.69478576896
4.56425124533
4.09231202502
3.9426744155
4.16241476633
4.46504782667
4.90386042714
4.58924889638
5.42005622057
4.87019359276
6.72292909578
5.78141769275
8.28282289697
8.14462169576
5.50091830622
8.21824950441
6.48221448604
3.00293021049
1.16455150131
0.975012569692
0
0
0
0
0
0
0
0
0
0
0
0
0
0
0
0
0.209767707612
0.622795495145
1.06461919943
1.28451231493
1.38934256601
1.51755447006
2.0562275325
5.47093398503
10.0850053636
16.1930559348
19.8775013947
20.1137450753
18.4507436569
16.0774282108
14.4158768135
13.5434191538
13.6360258345
14.9810923666
14.875238621
13.5180829318
13.3546516348
16.6489439114
13.020006305
11.0107789808
4.8665504418
7.03811984032
2.3935882928
2.77869231815
5.68752029052
11.4070199894
7.15581109708
2.75537282033
2.46045765165
2.55120945424
2.78957327894
3.37219162976
5.49353766275
8.89934965814
9.79244894913
9.70091969353
8.69826475112
6.655792551
4.62621063817
5.27950938479
4.93661272865
3.99853157721
3.87350690487
4.07141927131
4.47313628573
5.05171596823
4.82978077187
6.07550078521
5.04040049532
7.24566334691
5.5656357497
9.41979798966
7.38486893312
5.16662903892
7.67798029195
4.38305292831
3.08448179367
1.58968838005
0
0
0
0
0
0
0
0
0
0
0
0
0
0
0
0
0
0
0.450080522964
0.908985071734
1.20860797994
1.55642179335
1.76872384458
1.96916840652
2.64106305778
5.06077580848
9.51161320602
15.3839386552
19.7769949525
21.2532188366
20.0827593591
17.291010793
14.7644595201
14.3956206043
16.6180388241
17.4484841974
16.3643450473
15.4052443184
18.0274427834
21.0260981375
16.2757654762
15.3628465374
9.27880375829
8.32864010496
2.91293558112
4.37525138725
11.6260777431
10.9910067704
4.07111090346
2.74028202127
2.82020165639
2.85316199063
3.48580181982
7.52168475707
11.4243884686
11.524433554
10.6591728952
8.49652890047
6.14859003911
4.51679553743
6.12416101361
5.5285932717
4.05539041802
3.82537170717
4.02221682884
4.55713646806
4.51833130681
5.09316548186
7.0976712191
5.35203369635
8.43744096766
5.91199217254
10.8314923261
7.70599495127
11.0386801333
7.94658973171
4.39847682101
2.27806037501
1.64104608833
0
0
0
0
0
0
0
0
0
0
0
0
0
0
0
0
0
0
0.0964020667341
0.484265491824
0.724908874644
0.770231545976
1.26282500808
1.83417368887
2.55690139371
5.54503087248
3.65233514489
10.4076525549
16.7933969454
20.7688224063
22.2937653797
21.3800043278
17.9658312254
15.7651435125
17.6275878281
19.8397118
19.2693854768
18.2228000844
18.2352301417
22.7553088386
24.3081048877
19.1998184211
18.9700922021
11.2749442235
7.52177704014
3.51804780431
3.70886228628
11.4220251105
6.83955241558
3.02823076661
3.02960134403
3.21080140409
4.28800266312
4.50924924244
11.6070784139
11.7925243249
11.5618540828
9.23540228659
6.19332715856
4.47354971394
6.99212471994
6.43721671891
4.32636571056
3.8958365606
3.84736034296
4.12612365527
4.62588208941
5.75711949354
7.41782260249
6.44566488528
9.79184069355
6.98344936074
11.8133056433
8.85053834659
11.6753037299
8.57613256953
7.99526228778
2.34843601109
1.46795951057
0
0
0
0
0
0
0
0
0
0
0
0
0
0
0
0
0
0
0
0
0
0
0
0
0.482897212348
1.95053597422
2.23805762554
3.04547119841
10.6611404425
18.8779567394
21.7306300513
22.2845263097
21.2564305048
18.9781736138
18.860776301
21.5578646931
21.9913693602
21.0993478183
20.445765518
22.3227942431
24.9859482903
26.4199818901
21.6864151069
20.475599791
10.692421757
6.25092608958
4.44395355102
11.2133672863
11.2476288945
4.21897779002
3.38173392558
3.34708809951
4.19480708854
4.82716794177
11.4607072543
12.2339764658
11.8942674288
10.9893511261
6.97893188605
4.49214823721
7.28350081075
7.4289275069
5.19362602139
3.75796612378
3.92479949301
4.37627476532
4.33292599057
5.15937141127
5.3820863
8.3047565659
6.59562990723
9.10125528709
11.3767400297
11.3061728675
7.25286531269
9.67630413071
10.1503699637
3.05716051863
1.94341957826
0
0
0
0
0
0
0
0
0
0
0
0
0
0
0
0
0
0
0
0
0
0
0
0
0
0
0
0.91245460864
2.18975588982
5.29935823408
18.0470156836
22.8562785012
23.2007347664
22.7553116396
21.9661469205
23.0846676423
24.58877559
23.8820089684
23.1404851755
23.2451003861
25.4405903344
25.9723396955
26.5114440183
23.4618560421
21.1578937876
9.50695002701
5.14975140272
5.19227166848
12.0284670702
9.4475060074
3.68270565394
3.81205620484
3.85336426931
6.85468059059
4.44342374776
12.227932169
12.4919410194
11.794095973
8.94723443689
5.26652744821
4.47848444746
7.53099101443
6.48217946677
4.43377732513
3.7547947604
3.82671866916
4.84989297607
5.26212148789
7.00396608953
8.99023128477
7.25470292277
11.7215355889
6.76808255382
12.0758441148
6.81082363511
11.9154729186
5.96932899875
4.88156565596
1.82556619762
0
0
0
0
0
0
0
0
0
0
0
0
0
0
0
0
0
0
0
0
0
0
0
0
0
0
0
0
0
0
0.574023175675
11.5402384317
22.3572768457
24.2239716355
24.6349708534
25.7187808582
27.1393687858
26.9095343176
25.8725867118
25.595070048
26.4262274711
27.4113751604
27.0576571025
26.3003378583
25.0906881674
23.5030613445
8.23353972302
4.62378409585
6.65751766082
11.9634215811
5.80988081608
4.94304543065
4.18749164406
4.63409421829
9.90743643468
8.08502771034
13.0414738435
12.589165326
11.6610095344
7.34836170464
4.47864520312
7.80772205898
7.86873940924
5.79069136484
4.10331283798
3.99138247469
3.86721076303
4.88209354044
4.98831601661
7.08964669898
11.0433627298
6.29346257411
11.3030729088
12.299346371
12.109260573
12.2996027965
7.94755329762
9.32765755381
3.27656058907
0
0
0
0
0
0
0
0
0
0
0
0
0
0
0
0
0
0
0
0
0
0
0
0
0
0
0
0
0
0
0
0
0.256834353327
9.87032297105
25.6199498931
28.7693236219
30.3381265144
30.5749330951
29.2602732779
28.3245000923
28.4848477954
29.3998306945
29.4216182214
28.8716965573
28.2961611996
28.4007425076
28.4250282044
7.26360044326
4.78800297416
10.9632775796
11.5799320381
4.53582592196
5.62350562307
4.39899019403
6.21885253852
8.59989749784
12.2563169979
13.53586518
12.5651409512
11.565810989
6.36576101253
4.3041386071
8.60233398961
7.57288190971
5.28380079553
3.93157064146
4.04921310548
4.91005235523
4.77674789982
5.0668559875
6.37158128692
10.8395330211
12.3428243689
9.01251446338
12.5545552437
7.02489937382
12.3213487108
12.0728719398
9.35922937624
0.399997076815
0
0
0
0
0
0
0
0
0
0
0
0
0
0
0
0
0
0
0
0
0
0
0
0
0
0
0
0
0
0
0
0
0
0.932157509094
12.0370728986
30.0273765696
35.7720086603
34.704319677
32.430946399
31.5946757674
31.8782186644
32.2909780877
32.1564410392
31.9920450852
32.0746307889
32.335162748
32.8646367396
6.65303355186
5.30387576206
12.405656642
11.5836519044
8.80264512754
6.67178911256
4.73423833571
8.06885358571
7.08395376081
13.1444459993
13.8120717813
12.5618215277
11.1011165512
5.9440984126
5.26556587503
9.26646773185
7.23102248034
4.91492365349
3.93185934464
3.99066108233
5.3397089396
4.80392452612
8.74738213351
6.20665827599
9.82552921152
12.5549201697
7.48610002037
12.7653200446
12.9834074118
8.73029221685
9.8474530731
3.69827034256
0
0
0
0
0
0
0
0
0
0
0
0
0
0
0
0
0
0
0
0
0
0
0
0
0
0
0
0
0
0
0
0
0
0
0
2.71561416187
24.658984752
36.2257612319
39.3804682185
36.7025744083
35.9634733064
36.1087268464
36.1930693392
35.8032893213
36.0182365655
36.2039290811
35.5951609757
35.5617632409
6.62003917554
5.80402530499
11.8640720429
11.6078373953
11.4394884739
7.05546976025
5.23402370478
11.6594601627
6.53890452997
13.9872889956
14.0266208095
12.5959133845
10.6858836257
5.79306174915
10.1585015953
10.4415033869
6.96813818643
4.69748123034
4.09112976692
4.24379020558
5.29712133081
4.67891441808
10.7627449342
12.2145258235
8.26606506336
12.6344357971
13.4065993005
11.766306115
13.0151127785
12.7651350763
11.5292977712
0
0
0
0
0
0
0
0
0
0
0
0
0
0
0
0
0
0
0
0
0
0
0
0
0
0
0
0
0
0
0
0
0
0
0
0
0.136608951277
20.3454695621
33.1506319342
39.947819496
41.6126585132
39.950421513
40.215250987
40.1082914306
39.9983281529
40.2383670494
40.0965287318
39.3660767206
39.1900557183
6.59572150336
6.11472037608
6.3460010082
11.749819762
11.6173465976
6.98884866013
5.83360171986
12.2646399126
6.43326348965
14.7904607597
14.1857983649
12.6327038008
10.4057102999
5.64472874226
11.4664614408
10.3233806507
6.64103878634
4.62709583018
4.29792072101
4.77699875458
5.29808925071
4.72541730454
11.5964770496
12.7551448633
7.73697393714
12.7346813181
13.7071291768
8.94578043827
12.4505970307
11.9344745718
4.76068326402
0
0
0
0
0
0
0
0
0
0
0
0
0
0
0
0
0
0
0
0
0
0
0
0
0
0
0
0
0
0
0
0
0
0
0
0
0
2.91988375365
15.8199885385
40.490608306
42.7947590978
44.9847622084
43.6077897496
42.7070386685
44.0131308594
43.9939857934
43.6153169114
43.9635881841
44.1652100102
6.68514757885
6.52383635237
12.3000516183
12.06234699
11.6050469292
6.74515517115
6.70905883218
12.5089117907
6.90929595443
15.4259241354
14.2925488457
12.6439262896
10.0995782688
5.64289127224
11.5197305618
9.7874333107
6.32571324259
4.63684069706
4.49286301987
4.89867817795
5.39202781804
5.20920842156
10.1914433208
13.2432723858
13.689209343
10.9285918266
13.5327933803
14.2807698594
7.03284862314
5.81182460596
0
0
0
0
0
0
0
0
0
0
0
0
0
0
0
0
0
0
0
0
0
0
0
0
0
0
0
0
0
0
0
0
0
0
0
0
0
0
0
0
9.24181000343
35.9721868634
47.92764145
48.0752047487
45.8667061129
47.3254792081
47.8799620521
48.6234573296
49.9318945826
50.0926970178
6.65442595675
6.72889509823
13.6845381975
12.1457376116
10.8025682063
6.5854916451
7.76169894592
12.4627068439
12.5610192193
16.0439873386
14.3697378734
12.6597044366
9.66291815938
5.80709339687
11.5310390463
9.20113947437
6.08324582747
4.7231456054
4.577557399
4.92389192836
5.39861376662
5.83916024248
8.63783997918
13.295310139
14.903022411
8.2813677805
13.2419514751
13.6428482804
13.0465772922
8.56416072327
0
0
0
0
0
0
0
0
0
0
0
0
0
0
0.197267134955
1.79347777937
1.65602005128
2.40906599955
1.78516152671
0.674395434346
0.371058462282
0
0
0
0
0
0
0
0
0
0
0
0
0
0
0
0
0
0
0
0
0.0296096591617
9.98672504488
40.1497089927
51.4688521255
52.0672601488
51.7135095603
55.3210148264
56.7632432034
56.7645655692
6.60191047188
6.75569434745
16.2107815786
12.0696502472
9.35986711883
6.56164280916
8.47855781228
11.7593753335
14.0377875332
16.6934973718
14.4970352779
12.7026513528
9.21560752777
6.42452563419
11.7675708591
8.78648981014
5.96691937673
4.94273266334
4.7097646922
4.97836798547
5.39479937897
5.80780512316
7.76606352003
13.1493750386
15.5652412507
14.6178029556
12.0069858188
12.8192231831
12.1557917526
4.06601783194
0
0
0
0
0
0
0
0
0
0
0
0
1.81151171427
2.41103503296
2.40464181716
1.90166631216
2.26887993529
2.66417211276
2.49347172318
2.40694646333
1.05927947548
1.13532982209
0
0.435873309247
1.29236449301
0
0
0
0
0
0
0
0
0
0
0
0
0
0
0
0
0
0
0.381520424477
3.79123513443
32.1704001213
55.8024844121
57.073081627
60.2252440955
59.7230112201
6.50219064874
6.66139940638
18.5346723026
11.8771806242
8.27016613028
6.66823886755
9.50545141586
9.63056527053
15.0654972307
17.1431811273
14.6363584103
12.7553164636
8.97289776099
9.55665300552
12.0003700277
8.64921309489
6.09201635389
5.50420577913
4.94955793648
5.14001313758
5.47993734394
5.77618538308
7.29114760794
12.9617251939
15.581115499
16.0833834389
7.70616007945
8.88854978322
6.2762689386
0
0
0
0
0
0
0
0
0
0
0
0
2.8283572072
3.73040982787
3.13981667104
3.90092356489
9.80981050605
14.4379875969
15.3193185957
10.5808257078
8.67346038566
7.21390157136
6.07821352076
4.93719513075
4.20136608555
4.79173852452
0.887151065918
0
0
0
0
0
0
0
0
0
0
0
0
0
0
0
0
0
0
0
0
5.89437094584
29.962639653
59.854072116
54.0540711843
6.52414870861
6.68739016604
18.073750662
9.92128115576
7.50179943075
6.74278218656
10.5060082754
8.45339431658
15.8869656873
17.625617423
14.8078067157
12.8326243418
8.77418951374
12.7427113267
12.323350819
8.70001564088
6.36086913688
7.13503005006
5.38006488377
5.49032061261
5.7418557221
5.67418143715
7.14380519167
12.8129046067
15.3913421025
17.1342462363
14.6556674994
13.1106941214
11.5439443928
0
0
0
0
0
0
0
0
0
0
1.59460298682
3.08008671347
3.8429417462
4.97353649313
8.26942486972
11.3322446933
14.9964862825
17.1254659181
15.842746727
14.6505769265
15.497478673
16.5294936894
19.8700668127
20.0721815907
18.4761680862
17.8261463984
15.5077366484
0
0
0
0
0
0
0
0
0
0
0
0
0
0
0
0
0
0
0
0
0
0
18.1368843784
68.403715099
6.70781361493
6.89483743747
17.3107262599
8.13108116222
7.30566442327
6.7790386213
11.2088630177
8.23291858848
16.4572200304
18.0968255415
14.9890324102
12.9382946742
8.64955640789
13.0739144011
12.5547002791
8.75405107623
6.65505821868
7.77527188862
5.94347053711
6.07283137799
6.3665225679
5.32650099497
7.32481929417
12.7451651625
14.9514290314
17.4668336717
15.8519033727
12.8759814187
7.73739062221
0
0
0
0
0
0
0
0
0
2.2283418787
4.1583808495
4.15008981749
5.02094571195
7.20547442618
11.5042723154
12.9552598491
11.970664405
13.2409370497
12.6592028328
17.1259058073
21.3961150735
28.3125717666
30.9977499983
29.3012688587
27.5215822021
30.0194186229
26.9384013525
0
0
0
0
0
0
0
0
0
0
0
0
0
0
0
0
0
0
0
0
0
0
3.04796441935
4.03273532153
7.21238355089
7.39020959966
16.273441176
7.25509972998
7.7098596277
6.93287472337
10.0629826416
8.86920840807
16.6619510344
18.493474813
15.1922633801
13.0834387077
8.69569180312
13.4363353824
12.8333051574
9.04123681915
7.14195924455
8.53738184148
6.45064042297
6.85186467076
7.4899107621
5.33804391811
7.91573299353
12.7674609141
14.6505521179
17.3758168054
15.7122278175
12.2419781545
1.10153731847
0
0
0
0
0
0
0
0
0.728406110113
3.92404239587
4.69558627017
4.94563021148
4.68549925404
10.7778580547
14.0509699289
12.5752457009
11.7321515962
12.7219584975
18.9738631815
25.7572210465
32.084935202
35.7958585537
34.0517170219
28.0306980146
27.3951169308
16.8734395485
0
0
0
0
0
0
0
0
0
0
0
0
0
0
0
0
0
0
0
0
0
0
0
0.225283995449
1.02294842622
8.14486137109
8.08846816507
15.6673218642
7.49071417848
9.01805033439
7.41447564375
8.96771518635
10.8219925166
15.9011496974
18.5889966696
15.4581425731
13.3023118156
8.9127837274
13.8352848072
13.1509592714
9.56819985299
8.02359031706
9.60392821124
6.92669627595
7.86399932058
9.10731781487
6.06113719691
8.29865465422
12.8734159701
14.53473153
16.8482639528
15.6585847458
11.7758042152
0
0
0
0
0
0
0
0
0
5.30353052487
4.4959068601
4.22319304138
3.66899863307
9.95026798766
15.5759591703
15.481421309
12.949128085
14.0081227259
22.0676353681
30.6256234187
36.3095536091
36.9990552135
34.2137985833
22.4893428907
13.332042131
0
0
0
0
0
0
0
0
0
0
0
0
0
0
0
0
0
0
0
0
0
0
0
0
0
0
0
9.69932272317
8.89161656125
15.4254312739
9.76670465829
11.4635169742
8.30823313086
9.07001596633
13.6711910785
15.3007751889
18.7796426383
15.8852948983
13.6286737881
9.32783025302
14.2580364492
13.4778686005
10.2367693475
9.9394992521
11.0962549203
7.45468690817
9.20900488574
11.1385765098
7.57467138684
8.1919631781
12.970085281
14.5849713682
16.2716534406
15.7797403385
11.523503349
0
0
0
0
0
0
0
0
3.03872395165
4.48772317497
5.3881612521
3.95623526776
8.4665266814
16.3295901071
18.7558126546
17.396205852
16.5639440208
22.0749826887
32.3506267596
37.8820548141
31.1508902635
26.0935615766
10.2582325781
3.51002686403
0
0
0
0
0
0
0
0
0
0
0
0
0
0
0
0
0
0
0
0
0
0
0
0
0
0
0
0
11.4932782331
9.57450262056
15.2875181866
13.2955993159
12.9287652974
9.5844057552
9.14742744259
14.5896307852
12.3812889194
18.8225451816
16.4891902496
14.0669711654
9.9461475322
14.6947056333
13.7982059124
10.8300940316
13.3533862871
12.8098182021
8.11146467034
10.9428167933
12.4725966903
9.41764714446
6.45745458658
12.6887391365
14.4038207054
15.6607122279
15.5681223953
11.4069173782
0
0
0
0
0
0
0
0
4.83636865092
4.95750503834
3.92149904441
7.36025454227
16.1500131007
21.1478247091
22.0249369796
21.4056874819
23.2137131787
30.3731672241
35.6087540649
23.9768619692
0.360747136079
1.60595606701
0
0
0
0
0
0
0
0
0
0
0
0
0
0
0
0
0
0
0
0
0
0
0
0
0
0
0
0
0
0
11.8951514688
10.0668933271
15.0137580489
13.7616007392
13.4254519334
10.9266271533
9.8214271306
15.7710792775
12.913537665
19.0026404712
17.1013430225
14.5625246785
10.7405029849
15.1551013455
14.1600265768
11.4443207749
13.9873037592
13.3292465721
8.8136389718
12.7646130986
12.6510144892
8.77067558438
8.16055862713
7.85934335865
13.7968811609
14.6068315877
14.8615082127
11.3432898741
0
0
0
0
0
0
0
6.16285489513
5.81955405879
6.90115107071
6.33506074487
15.5900323717
22.1485126373
25.1865851614
25.1594506723
25.0868251785
27.9192410374
31.1202432785
17.8914835089
0
0
0
0
0
0
0
0
0
0
0
0
0
0
0
0
0
0
0
0
0
0
0
0
0
0
0
0
0
0
0
0
0
11.187908312
10.5949041964
14.8663410151
13.5015802719
13.7752658495
12.0271666773
10.4468497158
16.8810170885
14.6073481399
19.1917790936
17.732294251
15.0789657734
11.675298197
15.6454407971
14.5829281038
12.2583376748
14.3960481406
13.7913297357
9.69756360784
13.3679479095
9.01339163884
8.68395978363
8.47928970478
9.38815166483
10.302236724
10.2072394075
13.1109406174
11.3829223843
0
0
0
0
0
0
0
3.22129989465
5.69341281194
8.80767427469
12.7617244916
21.6832137856
26.4144341984
27.9850662391
26.6746553951
25.2651181871
23.5378885901
6.16838124506
0.0191001294727
0
0
0
0
0
0
0
0
0
0
0
0
0
0
0
0
0
0
0
0
0
0
0
0
0
0
0
0
0
0
0
0
0
10.9563407251
11.0322363402
14.849425132
10.2378705322
13.7793863113
12.4634971099
10.8351409639
16.9759954766
14.8905510856
19.4331930804
18.4415001303
15.6127997063
12.7746620315
16.1493937183
15.0438649311
13.2226900408
14.6536962151
14.3643853927
10.7176830142
14.2390488113
10.0576512765
11.2779022809
9.77764616043
10.6795169455
13.3795198964
13.6338173408
11.9595986722
11.4398044064
0
0
0
0
0
0
0
5.97681137585
6.23960757334
11.4544862171
18.5035880746
26.1280697128
29.2904699159
29.1825413591
24.5738029931
16.4746502101
1.24603062761
0
0
0
0
0
0
0
0
0
0
0
0
0
0
0
0
0
0
0
0
0
0
0
0
0
0
0
0
0
0
0
0
0
0
0
11.3380041151
11.5225343622
14.5536033029
10.2751716093
13.6632526486
12.4413287435
11.0850304907
16.5567010696
15.152298851
19.5080951805
19.2160125747
16.1492133362
14.0666792065
16.632178715
15.5011377982
14.2119950798
14.8156939155
15.0691033363
11.908092706
15.09570257
12.0180828415
13.9837750041
13.6093249933
10.412640289
13.3306838914
14.1164407316
14.2315221165
11.2496652448
0
0
0
0
0
0
0
1.02255014719
6.42458895239
13.6154031993
23.0085775548
29.8350932222
31.3582673555
28.5043960297
15.2946984087
1.283861951
0.579209714069
0
0
0
0
0
0
0
0
0
0
0
0
0
0
0
0
0
0
0
0
0
0
0
0
0
0
0
0
0
0
0
0
0
0
0
11.8445904024
14.7154141158
14.1443645604
11.2196313437
13.8041690301
12.3997759564
11.3099995561
16.0946249185
15.462783708
19.0818694871
20.0559870806
16.6988307463
15.1901385709
16.7735443974
15.9755547602
14.7841570712
13.8127998961
15.7973692482
13.4461999408
15.8416005277
14.7857050742
14.8599483999
14.2709196937
13.7766004626
11.2265252194
11.4236409779
14.618845666
6.98346214964
0
0
0
0
0
0
0
0
6.6241591118
15.2669030299
26.7004830984
32.8178854867
33.1293073146
23.7164156974
1.52214061917
1.00686154989
0.224679744861
0
0
0
0
0
0
0
0
0
0
0
0
0
0
0
0
0
0
0
0
0
0
0
0
0
0
0
0
0
0
0
0
0
0
0
12.0906209763
15.0191190992
14.3674711174
11.9854968125
14.1927662227
12.6638702149
11.5951443321
15.7113349871
15.8394838915
18.2405274567
20.8318346985
17.3831168387
15.6277590614
16.7873469197
16.6573128343
15.2028370868
12.8782283024
16.3496508439
15.3978822545
16.4118050509
15.731531226
15.8867946323
11.9826157948
12.3360185495
11.0068456468
14.5005005429
14.9636505838
12.6063323876
0
0
0
0
0
0
0
0
4.57509603735
16.2187943028
29.4255409184
35.4274460011
33.11741539
3.60836031259
1.23013392187
0.74367747619
0
0
0
0
0
0
0
0
0
0
0
0
0
0
0
0
0
0
0
0
0
0
0
0
0
0
0
0
0
0
0
0
0
0
0
0
12.3072461667
15.0668044841
14.6175953925
12.3307434315
14.6403460234
13.2387592004
11.9745977788
15.5139198734
16.35632855
16.8162780699
21.2718639022
18.271454608
15.9108408603
15.8004009656
17.4945842651
15.8543975995
12.9450085271
16.8569457661
16.0597049932
16.7327176651
16.4830953959
16.4473518676
16.0478346025
16.0823671318
15.2567735765
13.3317935973
15.5556799555
12.5129206933
3.21133256367
0
0
0
0
0
0
0
0
14.832748607
31.4964376172
38.1535478863
28.5255032014
0.724716771336
0.777736024747
0.458178327497
0
0
0
0
0
0
0
0
0
0
0
0
0
0
0
0
0
0
0
0
0
0
0
0
0
0
0
0
0
0
0
0
0
0
0
0
12.6037246841
15.0378495321
14.8708171445
12.5062461558
15.0695873245
14.1131555223
12.4010536611
15.486259962
17.0603023502
14.7351276292
21.3563492512
19.2800355353
16.4561067197
13.722036185
18.2835067158
16.6089181811
13.7586253868
17.507006814
16.4595520578
16.3751255034
17.3690924014
14.1310688359
17.1027181423
17.363415374
16.5956169521
16.2065072984
16.1109945069
13.5376601607
8.41981413357
0
0
0
0
0
0
0
0
9.04708632938
34.6206705359
38.5527895427
8.77780784315
0
0.174646622742
0
0
0
0
0
0
0
0
0
0
0
0
0
0
0
0
0
0
0
0
0
0
0
0
0
0
0
0
0
0
0
0
0
0
0
0
0
12.9334748689
14.9810358359
14.3103063884
12.6990257017
15.4484617796
14.9991321378
12.7740249301
14.485960087
18.0989003204
15.8422135576
21.0914963379
20.2688920384
17.2251708334
14.2436559042
18.9203107029
17.3288788859
15.1651860673
18.2830766874
17.1290185072
14.5452458768
18.372636412
16.1873599603
18.1986475315
17.7988050097
17.3733863397
17.2800107735
17.1265308557
15.1861459464
13.8851335385
5.65932089507
0
0
0
0
0
0
0
0.802297628449
33.9887907578
31.8097699514
0.120816611541
0
0
0
0
0
0
0
0
0
0
0
0
0
0
0
0
0
0
0
0
0
0
0
0
0
0
0
0
0
0
0
0
0
0
0
0
0
0
0
13.1951156009
14.8867244224
13.4758909369
13.2502513976
15.8286371548
15.3042633079
13.2035309805
13.1946958108
18.3265132947
17.0037932119
20.0339937785
21.2277222887
18.087379373
15.8694724038
19.3091095766
18.0248417163
16.9876133559
18.6542897214
18.1161196815
15.8784735862
19.1739286478
18.046137033
18.8069260094
17.4583187823
19.1610709323
18.3844783736
18.6185681978
18.3886856323
17.4078408164
15.3714242268
0.761399196379
0
0
0
0
0
0
0
18.9623275069
19.4932297715
0
0
0
0
0
0
0
0
0
0
0
0
0
0
0
0
0
0
0
0
0
0
0
0
0
0
0
0
0
0
0
0
0
0
0
0
0
0
0
0
13.4357594654
13.7086344378
14.0268458045
15.2723266652
16.2449206027
15.5917724867
13.8562780166
13.2570613926
17.6072824472
17.7723690183
18.9045863221
22.0370945339
19.0534664091
17.2919147565
19.3105286646
18.9114085691
17.510122137
18.6989335249
19.2774814124
17.9597310404
19.6617367872
19.17174661
19.2049258815
19.644806535
20.0177253503
17.0436303956
19.35207992
19.2764861866
18.9089192857
19.0341885773
15.8495648242
1.18085718938
0
0
0
0
0
0
2.75256259757
0
0
0
0
0
0
0
0
0
0
0
0
0
0
0
0
0
0
0
0
0
0
0
0
0
0
0
0
0
0
0
0
0
0
0
0
0
0
0
0
0
13.6761480844
13.6447427859
17.0625273721
16.7767811837
16.536747759
15.825788953
14.678722283
13.7677497395
17.1853629173
18.701342213
16.969165512
22.1053728249
20.2425825999
17.760292853
18.1886492051
20.0554442348
18.0586753992
16.4467667565
20.2332935067
18.8264122412
19.860925212
20.57614032
17.4580172583
21.2506982258
20.7654422208
20.9756248002
21.0947596427
20.4608385388
20.6301581908
20.3537512103
18.7791947983
17.5581682113
11.8242154276
0
0
0
0
0
0
0
0
0
0
0
0
0
0
0
0
0
0
0
0
0
0
0
0
0
0
0
0
0
0
0
0
0
0
0
0
0
0
0
0
0
0
0
0
0
0
0.0899180706147
13.8336296084
14.1439598739
14.6826190183
16.7703075068
16.5630929589
16.0274974932
15.5690791671
14.1967845441
16.9586780121
19.3114011219
17.4476259832
21.1171525749
21.6751399272
18.6468410066
16.3476699169
20.776746974
19.147453376
17.2319178641
20.6134505138
19.6614204949
17.8659766241
22.167371466
20.1724321527
21.6071164842
20.8646743699
22.5691242881
22.0481478057
21.6703995395
21.9667423306
22.1175496041
19.8603691684
22.0159821466
19.0671260856
16.4286352616
13.3437972504
6.13694083928
0
0
0
0
0
0
0
0
0
0
0
0
0
0
0
0
0
0
0
0
0
0
0
0
0
0
0
0
0
0
0
0
0
0
0
0
0
0
0
0
0
0
0
0.225283995449
13.9341915517
14.3791367507
14.3903924444
16.6049890903
16.9797022857
16.3852308191
16.0970089609
14.4944824991
15.7115961584
19.3298307349
18.2776549345
19.5569161596
22.9686161852
20.0816591716
18.2206483661
20.9131541334
20.5135942683
18.8328248605
20.6631396742
21.1917985934
19.787551847
22.5637517515
21.74669589
22.0870396778
23.1496022214
23.2214277714
23.4642366877
23.9393825019
23.4697560631
24.1623973625
21.9574007297
24.1556556964
23.1540110188
23.3709379114
20.2066255977
21.3019264878
18.9336710662
0
0
0
0
0
0
0
0
0
0
0
0
0
0
0
0
0
0
0
0
0
0
0
0
0
0
0
0
0
0
0
0
0
0
0
0
0
0
0
0
0
0.225283995449
0.225283995449
14.1118593536
14.5124669102
15.7669173952
17.8150018401
17.8461897951
16.8572186115
16.3526407331
14.8418627365
14.8804382198
18.5254869859
19.3365211483
17.0551210706
22.2877562461
21.8154517924
19.0961265651
19.3465546442
21.8545658054
19.794507804
18.6781769751
22.0399442961
20.9298935055
22.6981476648
23.5853421481
20.9214441814
24.0144312443
22.3672122681
25.7885598339
24.7552733108
24.0595971908
25.7298550631
25.8206718872
25.7353191759
24.7077504036
24.7796807631
24.8395224105
24.064447043
25.2117695747
19
0
0
0
0
0
0
0
0
0
0
0
0
0
0
0
0
0
0
0
0
0
0
0
0
0
0
0
0
0
0
0
0
0
0
0
0
0
0
0
0.109952638095
0.225283995449
0.225283995449
14.3816562378
14.5927327432
17.221508491
19.2837270576
18.0818197128
17.1780432298
16.6048562034
15.3645148931
14.7532352317
17.8277419784
19.8371977824
18.6937673367
20.3738463893
23.8205140071
20.63905462
18.8728731115
22.5628278699
21.4553006899
19.9141918126
22.6063787196
22.4440127847
21.5185404677
24.7546085115
23.3864966117
24.8045564849
25.3237962716
25.9092793176
25.2785769868
26.0484647422
25.9429193952
26.1655146523
26.1173606221
25.766239219
26.5535201809
26.9677632218
27.4613034908
27.5773157333
26.3765418776
0
0
0
0
0
0
0
0
0
0
0
0
0
0
0
0
0
0
0
0
0
0
0
0
0
0
0
0
0
0
0
0
0
0
0
0
0
0
0.136884403461
0.225283995449
3.61191112806
3.81123646767
14.7800317859
14.8680196726
16.7546592159
18.3132759175
18.1735357359
17.451196426
16.8729432805
16.1026848528
14.8400339987
16.3154572031
19.2156864459
19.8150174
17.7808047215
22.8878835397
22.752606847
20.0107691278
20.7742332268
22.8679405487
21.0431106918
20.9171781117
23.8097317372
22.6333607658
24.9712721942
25.5488124157
22.8220187677
25.8923628468
26.286193754
27.2332225332
26.3978304373
25.8653188711
27.9256239821
27.5867005325
27.6888917604
28.1804614574
27.2252420183
29.1250951417
29.3709487969
27.1
10
0
0
0
0
0
0
0
0
0
0
0
0
0
0
0
0
0
0
0
0
0
0
0
0
0
0
0
0
0
0
0
0
0
0
0
0
0
0
2.80364223107
9.46355331766
14.104699332
15.3123975434
15.3346756322
17.0947502562
15.0488560416
17.62699125
17.6813148125
17.1400047178
16.7013972176
14.9410779995
15.214725745
18.2641202113
20.416356968
19.7788601639
20.5805886683
24.237336032
22.0300373219
20.4225925753
23.873898791
23.4568079358
21.3648193345
24.7472511959
24.7342910611
23.5386815786
25.8188404876
25.4063281901
26.1163588323
27.6507106449
27.4737478902
27.8206867059
28.0689890331
28.5837228034
28.3031435564
28.909469201
29.4802181312
29.8937690464
29.3930759755
31.0424582811
31.008183941
10
0
0
0
0
0
0
0
0
0
0
0
0
0
0
0
0
0
0
0
0
0
0
0
0
0
0
0
0
0
0
0
0
0
0
0
0
0
1.27644487695
4.57281534451
59.5453322833
69.9367640928
15.6271078088
15.6116307198
18.1984257543
16.6137422696
17.4052356154
17.7547262008
17.3679819176
16.9199035817
15.4004397885
14.7828796158
16.5242565538
19.4614377712
21.2210963507
20.4450644187
22.5554316572
24.6903380698
21.9949037817
20.549153038
24.8594349687
22.7031267454
21.7511946945
25.5299270662
24.5302377862
25.983327488
26.4653356553
25.8138259521
27.5968371099
27.9201531047
28.8019206049
27.9679575893
28.6749595652
30.2608415828
31.1530179081
31.1957313375
31.5537942049
33.0176069972
32.8888795679
31.0941426247
15.4600311405
0
0
0
0
0
0
0
0
0
0
0
0
0
0
0
0
0
0
0
0
0
0
0
0
0
0
0
0
0
0
0
0
0
0
0
0
0.805432007229
2.67735073079
75.2607675498
74.6850648316
79.6085198571
15.5270170175
15.4349302751
17.7690013011
18.3927977147
16.3585145017
17.7269904037
17.6179427004
17.2509615521
16.4633317906
14.9432106454
15.1452211098
18.2082363276
20.7076708485
21.7705566515
20.4485762225
24.662231677
25.0181274559
21.9952475094
24.6279513128
24.873301464
22.915675426
25.5919677209
26.0279510913
26.2509350224
27.0768388379
27.8942602959
27.7660221231
29.7502164181
28.9250333339
27.8773213817
30.9177566694
31.7991966082
32.3513435296
31.7951489324
33.4360436827
33.2979111751
33.9049806115
31.2240770475
19
0
0
0
0
0
0
0
0
0
0
0
0
0
0
0
0
0
0
0
0
0
0
0
0
0
0
0
0
0
0
0
0
0
0
0
0
2.58846521716
70.2515828981
71.6605487045
67.4118264911
74.7475826793
15.529937861
15.3718737084
15.6834754251
18.879436462
16.3602904143
17.6122484213
17.9641529065
17.677257464
17.3809461954
15.6538175832
15.3032449352
15.6623870463
19.4425941221
22.0628929146
21.6391866945
21.2420833289
25.1889421102
24.3337820402
22.932612226
25.5052170411
25.1127343005
24.7811339589
26.6688564315
27.227895658
27.6810561044
28.1435955479
29.1039952154
29.5753682449
29.501783232
30.3689232979
31.0047177096
31.5374404086
32.1709416158
33.0889967431
34.6937475567
36.8400321293
34.8360136066
35.159494208
19
0
0
0
0
0
0
0
0
0
0
0
0
0
0
0
0
0
0
0
0
0
0
0
0
0
0
0
0
0
0
0
0
0
0
0
0.805432007229
66.7577048225
63.1925855711
67.1795455613
59.6637979274
66.4470544122
16.1361821042
15.9070652676
15.9362152499
19.6500755207
20.2124544124
18.7967038444
18.6288691345
18.2259774793
17.8941447475
16.8926389959
15.7065594809
16.0618527289
17.7176262154
20.85938184
22.940683714
21.7989453153
23.5346501053
25.5828909676
24.7272353269
23.5250344424
26.1952692825
26.5271141281
26.114387302
27.7907357079
28.396080875
28.4724249547
29.2395958961
29.6142657431
31.3876422501
31.6016460325
33.323522211
35.5055061291
35.6170241035
36.0979700537
37.329808584
36.3972835929
35.7401769319
37.2975515012
19
0
0
0
0
0
0
0
0
0
0
0
0
0
0
0
0
0
0
0
0
0
0
0
0
0
0
0
0
0
0
0
0
0
0
0
37.2691412325
56.3151605156
57.8124149439
60.6748967985
56.3468838249
58.8081197309
17.0356155383
16.618095247
17.3462323888
19.3951580298
20.9095529745
20.4010909467
20.1650353057
19.2038480383
18.5567093504
18.2217711595
16.5061353865
16.5899318542
16.3575945269
19.1352426989
21.8001568772
23.4370377274
22.891193013
25.3227253003
26.1162384277
25.3669554846
24.0888132998
27.0340531023
27.5576144084
27.7485691748
28.5545541187
29.7784991046
29.8650423314
32.073493598
32.5218692928
34.8675591932
35.3283400957
36.3079594896
36.5904950338
37.1899721197
36.4865459728
35.5504543176
38.8638558286
35.8583981403
19
0
0
0
0
0
0
0
0
0
0
0
0
0
0
0
0
0
0
0
0
0
0
0
0
0
0
0
0
0
0
0
0
0
0
2.01778453218
52.6967404435
53.3983721072
50.3186077002
53.6024213625
50.3531863311
51.206004297
17.706907183
16.9279186612
17.9820326675
18.1684985041
20.326968831
22.3596130246
23.0218470577
20.9825344275
19.5544655246
18.9029914665
18.1258238123
16.5819539819
17.3447575095
16.7339115611
19.2214398937
22.6305786306
24.1820265993
23.747757022
25.9414011634
26.6622332675
26.1874521916
25.1322515288
27.914342568
28.4210487252
28.8614115074
30.2918148867
31.7136383377
32.6165404685
34.1108204678
34.519093313
34.4936622939
35.9293753542
38.3326046587
38.5756446062
36.7462254652
39.9066651866
38.1690875757
34.0196958425
19
0
0
0
0
0
0
0
0
0
0
0
0
0
0
0
0
0
0
0
0
0
0
0
0
0
0
0
0
0
0
0
0
0
0
24.9123155481
46.9663367096
45.4397183998
42.4334303667
45.4462443527
42.4512995132
43.1959641804
18.3098210581
16.8667978095
16.9779460768
17.4232914612
18.3992441724
21.5955433979
24.231966504
22.330347572
20.6911040747
19.6574916592
19.1425496082
17.6669019268
18.0244686959
17.855350894
18.4381766386
19.7081770074
23.8270679293
25.1495214255
24.6795833135
26.5215953233
27.213027374
27.0627426386
26.265191604
28.5916441857
29.9006653769
30.6465406785
31.5548942783
32.4167072788
33.8870733486
34.168532551
37.4456038134
38.6818588043
39.2073343319
38.660493448
39.614805539
39.4835200458
38.6885003761
39.3067017557
27.1
0
0
0
0
0
0
0
0
0
0
0
0
0
0
0
0
0
0
0
0
0
0
0
0
0
0
0
0
0
0
0
0
0
0
39.2969916037
41.798285168
38.6017964931
36.1404989067
36.0204355872
34.7128373472
35.2132606952
19.1865317436
16.7811402035
16.5496566828
16.8832992641
17.613354941
19.7413047773
22.6307736415
23.269402355
21.6473961468
20.5017765928
19.7535620674
19.3132982701
17.5810901568
18.5312734354
18.009831518
20.3893949433
21.7779281103
24.8715386579
26.1170864135
25.8480799203
27.0068119145
27.9535015925
28.3825669134
28.1767175259
30.2669073618
31.758908126
31.5403587924
33.7482417282
34.4598870966
37.753985033
37.9722951716
38.3126942437
38.5453579006
39.2035377579
40.5750150095
42.8107782013
44.8803345348
42.5984625203
27.1
0
0
0
0
0
0
0
0
0
0
0
0
0
0
0
0
0
0
0
0
0
0
0
0
0
0
0
0
0
0
0
0
0
2.15633408051
29.5450675835
33.711375928
30.2436429433
29.348907625
29.8489271379
26.0166046303
28.7230614324
20.196236004
16.9541740605
16.4425847647
16.4409187952
16.9849736561
18.3574959487
21.1049712628
23.7038977723
22.6915499665
21.3915143809
20.4811355193
19.8899240052
19.3942681011
17.9748682862
19.4459003979
18.5421449191
21.4148700089
22.5756580993
25.3680818048
26.7909830567
27.5827396367
26.7150962526
29.049877424
29.7382979836
30.6365953053
32.1146004374
33.4436051473
34.5308953608
37.5997420753
37.7406043116
37.1637343138
39.7107612671
41.1579168785
42.5591343927
44.18212844
44.6865247991
44.1389230879
42.5032951108
27.1
0
0
0
0
0
0
0
0
0
0
0
0
0
0
0
0
0
0
0
0
0
0
0
0
0
0
0
0
0
0
0
0
0
5.25494427355
31.3975410701
29.542515138
25.0814854412
20.8764526171
23.01041334
20.4968010113
21.7773308301
20.0039822595
17.4001713179
16.5509729424
16.4641129029
16.6110004291
17.5348832921
18.5418287294
22.3728311861
23.7234835123
22.4600362622
21.3557089292
20.5689673799
20.1055034627
19.4061133421
19.9732818342
19.9777383365
19.2427513138
22.4544817704
23.6254243699
24.6278098209
27.9927112276
28.4163462073
28.5946549736
30.1559484199
31.4415119238
32.4858762502
34.2403251074
36.4599565294
36.955880141
36.2748531827
39.6540870822
40.8737930596
42.2472478351
43.6964345067
44.6938030871
45.774446968
43.8950269021
43.1534110403
27.1
0
0
0
0
0
0
0
0
0
0
0
0
0
0
0
0
0
0
0
0
0
0
0
0
0
0
0
0
0
0
0
0
0
22.015978404
31.1330223263
26.6478698564
22.8410731238
17.5501994432
13.9808362036
15.6149564924
19.3955290345
19.3418761217
17.995887793
16.9178826415
16.7293480577
16.7180023324
17.0005762975
18.5284889786
19.9029945493
23.1506414773
23.4782324347
22.3681977403
21.4108592663
20.73451586
20.3998169777
19.4353499416
20.5041277238
20.3237414193
21.7861227416
23.2470897943
24.8951421231
26.4079512271
28.8117627926
29.4220025117
30.4852762548
31.3757593568
33.830455332
34.8801983779
36.2430539296
35.9833193287
39.1204412047
40.2858122907
42.4226511781
44.2759936695
45.9488808238
47.464199019
45.6758712536
47.5018528765
44.0678831751
34.39
0
0
0
0
0
0
0
0
0
0
0
0
0
0
0
0
0
0
0
0
0
0
0
0
0
0
0
0
0
0
0
0
0.584616383594
21.5890201928
29.2901519736
24.9108844657
21.506595236
16.5323911217
11.3382964661
9.70722638385
14.9497594243
19.2140397633
18.216535403
17.416763326
16.9577801141
16.8794513257
16.8798066503
17.4200345676
19.5419642311
20.7623178174
23.6364276134
23.6448267678
22.512599431
21.6162365505
21.014566463
20.5784117448
19.7104148486
21.2567341911
21.1061304378
22.8657108075
23.3274139312
26.5057090676
28.7001471331
29.7482319988
30.4314444805
31.7187638126
33.5037957087
36.2277144337
36.2055839534
38.8502918088
39.8978197359
42.4213188815
43.4901799791
44.8250591909
45.9956744651
46.1648035057
45.1670664484
46.8083010234
48.1520789055
34.39
0
0
0
0
0
0
0
0
0
0
0
0
0
0
0
0
0
0
0
0
0
0
0
0
0
0
0
0
0
0
0
0
1.1597244127
23.4690983838
27.7309760955
23.1490386945
20.3492089555
16.0319775486
11.0033143435
7.70777266643
15.9703207821
19.7757792446
18.1942168229
17.7620363487
17.0971465305
16.8486802813
16.718462027
16.7590760838
17.9182530944
20.0433979286
21.5100969534
24.4338916057
24.0137334557
22.8699907568
22.0365435514
21.4402520829
21.1102431476
20.3569382322
21.9207373432
21.940764839
24.2011789849
25.5619383837
28.4322380682
29.8108322439
30.5684079882
32.0236762843
34.5497554501
35.992110227
38.6338336835
39.6262904295
41.7916466362
42.8856071541
44.9196780556
46.3923947148
47.5905029364
47.4346766652
47.978338048
49.4599225305
50.1097880738
34.39
0
0
0
0
0
0
0
0
0
0
0
0
0
0
0
0
0
0
0
0
0
0
0
0
0
0
0
0
0
0
0
0
7.92127694954
25.7070216113
26.7029882043
21.6312941827
19.4062502898
15.9363280427
11.8496032579
7.91443453225
4.30333337206
20.6030669615
18.3138985512
17.7214153327
17.0309890229
16.5280332636
16.3318778589
16.3134687508
16.6665871787
18.9504841296
20.1518468755
22.3519419819
24.6301300548
24.4597774836
23.548588048
22.608145352
22.0603577864
21.8624877655
21.289278758
22.9940749086
23.4929824156
25.9910587988
27.8957317931
29.6443528815
31.3487313668
32.61214235
34.5895725554
37.6262675937
39.1206977537
41.2973424723
42.4765878304
45.0949104984
45.893490311
46.7383479111
47.9923162399
49.3437960434
51.2555394714
49.6764611878
47.7236414258
34.39
0
0
0
0
0
0
0
0
0
0
0
0
0
0
0
0
0
0
0
0
0
0
0
0
0
0
0
0
0
0
0
0
16.4311660907
26.8399180433
25.5449900033
20.6827354603
18.7871661108
16.0731519696
12.1204255841
6.2572858821
8.73409374708
20.0785735498
17.7389194188
16.6565048322
16.2586884481
15.8525173735
15.6703012998
15.7280341613
15.9675278419
17.2111674912
19.514758927
20.5540057903
22.9292814644
24.6334075297
24.9128032862
24.1702958017
23.3329212479
22.9164317427
22.810582899
22.5770112971
24.4303918061
25.6489807869
28.2869824292
30.3191584994
31.8492705416
33.4107943496
35.8715229822
37.4499178875
40.5073045865
41.7221496386
44.117487987
45.118752159
47.13814043
48.0051168787
50.3245920491
52.0604746126
50.2139396711
51.9166503854
51.613842573
38.7540037761
0
0
0
0
0
0
0
0
0
0
0
0
0
0
0
0
0
0
0
0
0
0
0
0
0
0
0
0
0
0
0
13.3903467703
21.1353585921
26.8436065705
24.7578646512
20.5071706144
17.1293576973
18.481083834
17.7187903268
8.21976734294
7.19825176296
18.3499706644
14.7302001353
14.7639602483
14.9531361562
14.9308938882
14.941346636
15.0883293976
15.4000058284
15.9175306209
18.6369855906
20.3668157672
21.2960227253
20.8339604543
24.6808404526
25.0897120011
25.0432630466
24.3168839976
23.8457823468
23.972310184
24.1500349874
26.2359353768
27.8932156516
30.4652975958
32.4025322691
33.721675423
35.9705941055
38.905676143
40.6210258689
43.0701776423
44.383663088
47.202627946
48.0321151353
49.6741675941
54.0124885075
53.9051424842
55.1409796275
56.8769983725
54.6131075058
37.6198423511
0
0
0
0
0
0
0
0
0
0
0
0
0
0
0
0
0
0
0
0
0
0
0
0
0
0
0
0
0
0
0
19.0446952327
23.347930387
26.761429311
24.2904885446
20.7827221728
18.2628255641
20.8619039176
27.9788252749
15.4805364497
24.8452091368
17.1189506895
14.0450312941
13.8500073937
14.0539872395
14.3035641237
14.4522069878
14.6727023908
14.993004248
15.4321545163
16.2509384088
19.1709439447
21.6603363838
21.7526499466
22.0056306055
23.5869968955
25.4137215225
25.9252516361
25.1270841717
25.2657081359
25.4384095898
26.0841580755
28.5639801635
31.1088731322
32.8632465944
34.5227972385
36.9905903217
38.6606207109
41.7482769271
43.0390227353
45.4066021952
46.8797265625
49.7540418952
53.2208334063
54.8440026433
55.9819771948
58.1311048942
55.4019319421
53.5306671294
36.169852545
0
0
0
0
0
0
0
0
0
0
0
0
0
0
0
0
0
0
0
0
0
0
0
0
0
0
0
0
0
0
19.0827209749
23.0693507377
25.020899143
26.7351472295
24.2564296535
21.4503795541
19.3934118973
18.9788679067
29.5734634351
22.9322086607
18.0586986223
16.7040720943
14.5446452595
13.8262661099
14.0437042942
14.3662434806
14.5015779774
14.6293923663
14.8728135415
15.2210837674
15.6826625516
16.8208867422
19.9010495657
23.1613496801
23.3235984
23.4070567229
24.3461208718
25.9028519492
26.6447773019
27.4087516697
26.7479040587
27.4468181163
28.9601689204
31.4921330996
33.3683984674
34.6545712177
36.8536113921
39.7255486469
41.1760939194
43.6475249199
45.0989580678
49.5677510208
51.8680881021
55.203001773
56.9205060568
58.7554717946
56.9613791205
57.5761806094
54.0614142809
39.0678360481
0
0
0
0
0
0
0
0
0
0
0
0
0
0
0
0
0
0
0
0
0
0
0
0
0
0
0
0
0
16.6503169354
24.8736290932
26.3715349958
25.9782091738
26.8444891735
24.601331268
22.2800920646
20.4353599691
19.1507021736
26.4610299484
23.6560435126
17.0385249414
14.8748295509
14.6469520602
14.0299635275
14.7431284102
15.1167964938
15.0984744067
15.0223034319
15.0393501655
15.2433741286
15.5855744202
16.1333059335
17.5242430447
20.6687651682
24.6858899881
25.4290220364
25.0664339004
25.5724339038
26.4723644816
27.5151604098
28.5098897769
29.6365974892
29.7573647286
31.8809972528
33.7659240915
35.2835043903
37.4854324227
39.2018108818
42.1887489693
43.234292691
47.970213256
52.78916568
54.683733592
56.5545749066
60.0276776382
59.8728525131
59.9227435351
60.0980021018
55.1761650965
39.3121241217
0
0
0
0
0
0
0
0
0
0
0
0
0
0
0
0
0
0
0
0
0
0
0
0
0
0
0
0
0
26.5286510489
26.6867739959
28.3028112195
26.5682981977
27.2031855471
25.3978109678
23.5697977221
22.0798755655
21.0406674452
27.4570079253
24.5088290188
18.1696368893
12.3200328072
13.660153073
14.433137032
15.9352980121
16.1171044902
15.9787247538
15.687274944
15.4921714379
15.4408759606
15.6341156131
15.9943747657
16.5959905626
18.3178248937
21.314040067
25.0917046891
26.0528877854
26.7777499219
26.688261026
27.4292939433
28.2893335704
29.888739439
31.083865326
32.2426737135
34.0736853804
35.6356095967
37.5323535824
40.3308069123
41.4462126551
46.4093888778
51.8219731684
53.0605379599
56.3760423997
58.9109311832
60.0807788868
60.3883410011
62.8500191161
57.9398558587
54.4194371718
41.5679403381
0
0
0
0
0
0
0
0
0
0
0
0
0
0
0
0
0
0
0
0
0
0
0
0
0
0
0
0
23.6725903264
30.7480059698
29.8009572162
28.2634876057
27.6007377638
27.8408077358
26.5204183982
25.1177075315
23.9942979107
23.6514204239
27.8800807674
24.354849596
22.9511747241
11.9670915202
12.8584446867
15.0008134338
15.9811672624
16.0974085371
16.1745549166
16.2731589515
16.0672152705
15.8613975041
15.8141766128
16.015505723
16.4056858591
17.0703914102
19.3963277891
21.6147319813
25.5485753179
27.1082943663
27.5134688538
28.3167933536
28.8835172649
30.204027297
31.3330922617
32.8356677745
34.4264162985
36.0633461821
38.8672325651
40.4469916052
44.5840980233
49.0532095977
51.218087548
54.0891776032
56.3885811287
59.8215562568
61.4744419848
63.6822898803
62.6794762803
58.4646247239
57.7442676303
40.4275013918
0
0
0
0
0
0
0
0
0
0
0
0
0
0
0
0
0
0
0
0
0
0
0
0
0
0
0
0
32.6274378741
32.1264586876
31.9229765339
29.6752849441
29.1019753616
28.4715744091
27.4296549826
26.3199375144
25.6397035639
25.8188622138
27.2050987897
24.2198124545
25.3897226948
12.1721537609
12.4957570544
14.2977455171
15.631160387
15.856205922
16.0140100814
16.1799652764
16.3513690424
16.36666547
16.2054484491
16.2043387919
16.443866803
16.9591999966
17.872176736
21.1446242263
24.7772339686
25.835563617
27.7594003355
29.1661780506
29.5014716671
30.2519201102
31.5394490778
33.5581419255
34.7555804339
37.3664942434
39.4878515514
42.2444065725
45.566028579
48.8705896244
51.7649535046
53.5041078267
58.5392883378
61.1953745006
65.8253601793
65.5747943641
61.2602966822
61.2974009863
56.7976002225
37.6984194402
0
0
0
0
0
0
0
0
0
0
0
0
0
0
0
0
0
0
0
0
0
0
0
0
0
0
0
27.7614986469
34.0282026452
34.2369125039
32.3141907618
31.2366557681
30.8784656265
28.4855232021
27.2800205647
26.0395063521
25.3286210932
27.5525343845
27.3259977308
22.8542510425
26.5472193351
12.1383641883
12.1052258508
13.064519016
15.2986462137
15.6321804424
15.8265587555
16.0133923646
16.2231303875
16.449036296
16.6760334118
16.5784245316
16.6593420805
17.0096520216
17.7026287483
18.9443525761
21.8407515836
25.9959554649
27.6671499304
28.0301292031
30.1105478251
31.6642537002
32.3732678381
33.2552352367
35.9355650455
38.7710746365
39.8721682888
42.8374203653
46.8540384889
49.7385826432
51.0814350777
55.9879575511
60.9350223162
64.3205496858
67.0496778982
63.3985980442
63.856526052
63.6312957731
57.5458177919
41.182410532
0
0
0
0
0
0
0
0
0
0
0
0
0
0
0
0
0
0
0
0
0
0
0
0
0
0
0
39.0070366182
37.6311266956
35.6579387899
32.2780670267
32.9417416588
30.7827905476
27.889572839
26.0932181495
24.3744330881
22.8713476123
21.7724831615
22.5037410217
20.3930228058
27.0089469075
11.8414516883
11.7024668549
12.1302837039
15.0500168711
15.4536808085
15.6584423741
15.8466185095
16.052123441
16.2899975791
16.557157832
16.8655306527
17.0288712631
17.2038998361
17.6344545714
18.3949681464
19.7949648974
23.4371590325
26.8594927795
28.4069457436
30.6186768411
30.5501735618
32.6952017821
35.6057684311
37.9046292404
38.2584416738
41.6442171397
45.2958204566
46.9763694615
49.8700398956
54.1547140467
59.1303182985
61.2208698526
65.4025994294
65.4695609094
67.0791315237
67.9850080048
66.4746742924
58.8709635786
41.4072388575
0
0
0
0
0
0
0
0
0
0
0
0
0
0
0
0
0
0
0
0
0
0
0
0
0
0
25.9893751691
40.3004074748
40.3146926914
36.8714567814
34.5858248569
33.4020201979
32.2741121403
27.2365798311
24.9854468003
23.2851024853
22.1786701224
22.0566315663
23.4866076963
20.1135111857
25.8327812784
11.5568645225
11.4302414818
11.593661396
14.8021827485
15.2623444556
15.4813854341
15.6657852066
15.8642449329
16.0897455902
16.3549017778
16.6779440474
17.0626997388
17.5447555232
17.8790746353
18.3551410338
19.3026000732
20.8264262083
24.3794484672
28.1946912906
29.7612070748
31.5400210923
34.2926495509
36.9951620919
36.8888300694
40.1023109414
43.5019129191
45.2085605697
48.1822297893
52.2915183046
54.619644841
58.8531920631
63.0837773986
66.2785726696
68.0026236225
69.7772259308
70.6624648428
67.8427119924
59.7239990718
42.0705876836
0
0
0
0
0
0
0
0
0
0
0
0
0
0
0
0
0
0
0
0
0
0
0
0
0
0
45.5626375052
43.4353809373
42.3364979666
38.4936758877
36.2729485271
34.8604531821
31.9939388118
26.9034036768
24.4055169405
22.7626410766
21.7749825727
22.4269183938
24.3811320341
21.3242172161
20.0477030156
11.1279517251
11.5144872989
11.2352901086
14.0243684321
15.0148956565
15.2657154938
15.4618931439
15.6594856688
15.8759454101
16.1320119167
16.4439100687
16.83415598
17.301859013
17.8871733874
18.708805024
19.6680228553
20.5690316273
22.0375076056
25.3669476592
29.0735495133
31.5926334623
34.1796262259
35.486084374
37.5702256743
41.9281268615
44.3643401409
45.2213356787
48.3465496471
51.9869784191
57.1684422146
61.0938665361
63.1223817988
66.8989447018
70.1196000194
72.3230906446
73.5002367718
70.1809913552
60.7120228901
41.7505341781
0
0
0
0
0
0
0
0
0
0
0
0
0
0
0
0
0
0
0
0
0
0
0
0
0
0
46.6014931523
46.1653322229
43.3624576829
40.5678933902
39.2277123844
35.3394576619
31.2129264483
27.2454052704
24.8559713911
23.3200645114
22.291571431
23.4240336956
24.4382296517
21.8473259117
22.0990024867
10.4483522971
11.6817640253
10.6264606669
13.0600223791
14.7425757038
14.8910868249
14.9823208329
15.072112868
15.2021802036
15.3996269578
15.6801241459
16.0690030013
16.6005664377
17.3501338521
18.4093629599
19.7208738532
21.1097037351
22.5873908547
23.9675127268
25.653165595
29.1612019472
32.4339927076
34.6233670789
38.0103152486
41.872542764
44.0392396961
46.1551693557
50.1916214147
54.673721068
56.2758753935
60.2748003371
65.790321904
70.0849837417
70.8637412414
74.8717144355
75.3189858695
70.5369097048
60.7862368893
42.1563235481
0
0
0
0
0
0
0
0
0
0
0
0
0
0
0
0
0
0
0
0
0
0
0
0
0
47.933493753
46.7767942719
47.6774762777
45.4031666633
43.7709755101
39.3505002518
37.6578873394
31.6046140939
28.8301622895
26.6106925043
25.2499148392
25.0652043039
27.6188986013
25.1405450807
22.4929224536
22.8023498684
9.23251371575
11.1723137352
9.6334794921
12.665126211
13.5318851921
12.9245869178
12.2451149245
11.8340076169
11.705449918
11.8543653483
12.2851342035
13.0295147861
14.1184177297
15.6612488354
17.8363308986
20.027388555
21.3175380916
22.5417365939
23.9022459677
25.675323941
27.5149333082
29.5829450714
32.7977727632
37.8289011842
41.9974423169
45.3005244674
45.9923122962
49.1074482064
52.7107098156
57.9488950304
64.2762345765
69.0925948411
69.3368267756
73.6198994062
77.5243879551
77.4444016161
75.6442604402
64.3256065793
42.5130741597
0
0
0
0
0
0
0
0
0
0
0
0
0
0
0
0
0
0
0
0
0
0
0
0
0
57.5807606688
53.5695058224
50.2599168269
48.6896473207
46.4372102339
42.1563640714
37.3034889052
33.8211188754
31.0954859869
28.9192217047
27.6845014812
27.747227076
28.5641585936
25.6679368257
24.0458050225
27.5786439726
8.13895331905
9.29119701033
8.46343803966
11.5693089049
10.7391884779
10.2504718045
9.52313193151
9.37677020348
9.69030439284
10.338180245
11.3016946022
12.5669618475
14.088626529
15.8258184344
17.6343865197
19.1760316808
20.4662823136
21.8794296568
23.8860777687
26.621461912
28.5312618758
30.5509162871
33.0662282769
36.517512398
39.8344411912
41.8318599404
44.0721336313
49.4215692509
54.6258891791
61.6651126879
67.3900320773
68.011489055
71.9933709869
77.4630439512
78.6060542053
80.7315418455
77.1373793343
63.5123525169
42.1216407573
0
0
0
0
0
0
0
0
0
0
0
0
0
0
0
0
0
0
0
0
0
0
0
0
29.3938142313
51.8419883139
57.2001590999
54.3464486797
51.2742560111
45.7799369318
44.1559728634
38.5829241055
35.5779340032
33.0067975972
30.7576701332
29.3013583036
29.4908114424
28.4348365724
26.4304384367
24.3510751297
29.5970817351
8.372811527
7.36755289496
7.66756994751
12.3664937175
10.9936369939
9.06210949556
8.14836612241
8.41752498548
9.21707354431
10.3445439756
11.7457785655
13.4032145396
15.2091749874
17.1366773597
19.1039463693
20.3804444028
21.63961561
23.1883862834
25.0496223035
26.8754193667
28.758119129
31.1297554498
33.7685853071
36.747350164
38.8035667086
40.6752800175
44.1139831339
49.5711440584
56.6214762764
63.212350441
67.5122319676
69.676640191
75.6732025018
80.2328198136
80.4331503294
78.852433381
75.9081699514
70.1178682938
43.3703865366
0
0
0
0
0
0
0
0
0
0
0
0
0
0
0
0
0
0
0
0
0
0
0
0
66.1773551795
61.6154352345
57.2798294061
57.199406094
54.2822253346
48.1844363799
42.6771085256
39.4346335666
36.5461140445
34.2417488101
32.6544958676
31.3804725718
30.4411972667
28.0122321297
25.845237375
24.0017352005
29.8713812785
10.3077386099
7.38362211618
7.37709608215
12.9165415318
11.4860242245
7.38848965885
7.38158410549
8.43353642697
9.96925295804
11.8441796761
14.040915692
16.08520633
17.2841498978
18.5198959189
19.7707872181
21.0500486386
22.4965353046
24.1537793474
25.9469557791
27.735743029
29.5834755024
31.6462044835
34.1842749101
36.9954521486
40.0162937442
42.0183596014
46.1894220198
51.1519958408
56.5659292376
63.0559408166
68.6775396872
73.4648117657
78.2322375609
82.0765951544
81.6283642391
80.8719258776
80.6298503802
70.9037875386
44.7563570281
0
0
0
0
0
0
0
0
0
0
0
0
0
0
0
0
0
0
0
0
0
0
0
0
64.6472895009
64.6348168388
61.4376520204
57.9038107656
55.3894495234
50.5425249577
44.5912629725
40.2620853519
37.143443313
35.3804484825
34.0980827046
30.3765005585
28.3258775322
26.4977635943
25.0530146982
24.106974475
29.1345330975
11.1511224862
7.83555567379
6.91108920089
7.68373328132
6.79421460334
7.07335354426
8.56066092537
10.7485999258
13.4761500685
14.681474868
15.6951226816
16.7341024639
17.8487392128
19.1122922365
20.5025337191
22.0447178415
23.7508726696
25.5578860267
27.3566392139
29.0790842281
30.9051504504
33.0781887222
35.6780401475
38.0723028901
40.3481207274
43.147783268
47.2901631419
52.5372742887
58.7605035727
64.9489368605
68.8029244797
73.7701883302
82.2909076838
86.4268714922
85.8974493441
84.6838136827
81.3266429243
69.6801247328
49.1463418706
0
0
0
0
0
0
0
0
0
0
0
0
0
0
0
0
0
0
0
0
0
0
0
48.5494710659
59.3955619349
67.658274138
65.1920295544
59.1597967778
54.5367984766
51.200067856
46.6282230098
41.6921237595
37.7433813934
35.0720763654
33.4345945313
31.6152358429
29.8733299541
26.7839240066
23.6502402092
24.9904938736
27.4503214745
9.09571100415
7.6096625616
6.35587202201
6.47212475753
7.97222476431
10.4288787367
12.7834142284
13.5805218515
14.4022336026
15.2855940187
16.2970088604
17.4316715501
18.720769098
20.1899357051
21.8643312646
23.7353088377
25.686912156
27.5013330297
28.8349797163
30.2709807956
31.9169924722
33.8206201827
35.9372415916
38.2550622827
40.8288702738
44.0427583554
48.4343388288
54.0316338578
60.1199394477
65.2186707012
70.3762588211
77.790995646
84.9765095617
86.763039657
88.331337533
89.0268110078
85.8054363555
68.542251809
59.8776497957
0
0
0
0
0
0
0
0
0
0
0
0
0
0
0
0
0
0
0
0
0
0
0
84.9734834118
81.1532998384
76.5604710466
68.9139591164
63.5391923741
58.1882163134
52.7566482717
47.6342939913
42.5797867298
37.5645478011
33.9525014456
31.9856186661
29.7468317729
28.2151099561
26.8469942189
21.4082241741
24.7839634237
25.3466676307
6.98954615962
7.60741891759
6.08113096531
6.1189442543
10.5831597147
12.7788757378
13.4841042092
14.2697060042
15.1665085948
16.1830651128
17.3266341734
18.6129057639
20.0677202714
21.7343358014
23.6709134134
25.3767647516
26.4800205802
27.6914043148
29.0435237862
30.5377945
32.1993396245
34.04313924
36.0862211977
38.436975287
41.1912977903
44.5728788776
49.01773097
54.8130664592
60.5921167024
65.9610906034
71.9521659546
79.3587916793
85.9301282447
90.0553042718
91.2500179042
89.0965980415
87.8509225291
81.7313900961
82.4647901096
0
0
0
0
0
0
0
0
0
0
0
0
0
0
0
0
0
0
0
0
0
0
0
83.2277826655
86.1663986722
83.3247149875
75.8868197577
68.0800197333
62.0445944789
55.1511572395
48.6114233186
43.1372530651
38.147870862
33.1927355663
30.8580604316
27.9645657503
25.8507063258
24.9439680797
20.2389990503
22.0673268919
25.2261582459
6.08610284007
8.60141263403
5.96206747682
5.87516731035
12.6214338063
13.6410831359
14.4853451567
15.4497317716
16.4836881991
17.6005051028
18.8092082692
20.1160941753
21.5329110628
23.1448154733
24.5597516835
25.4790862189
26.5318588178
27.8718291931
29.3681422706
30.929030217
32.5276065275
34.2474020088
36.1600507838
38.4942495448
41.3435423659
44.7136768107
49.2114941679
55.1607721414
61.1179522947
66.8382725841
73.3386259997
81.3057278487
88.2374619283
91.0098468338
91.9026519897
91.8103632822
90.8452310611
84.4296879557
84.3743817772
0
0
0
0
0
0
0
0
0
0
0
0
0
0
0
0
0
0
0
0
0
0
46.4879080062
81.2195210939
88.1536316543
84.287257346
78.9504899639
72.6347272176
65.4584991607
58.1911359384
50.7154267845
44.0310112906
38.6769540676
32.2114818397
28.3393786878
26.9728394686
23.8467968797
20.757814498
16.9419340049
21.3828068152
29.1646488856
3.36997227642
4.23203245436
5.37062483398
8.03263247745
14.2355747006
15.3449425867
16.4105318894
17.537846362
18.7282495069
19.9059980588
21.0374626532
22.0972042852
23.1891651699
24.0036634536
24.8259277336
25.6300425022
26.692799818
28.1388927318
29.7576185108
31.2639089455
32.7954692256
34.3359856881
35.8986680788
37.9692687247
40.8354155419
44.1186773662
48.026226022
54.2112245761
62.4043830412
67.7207362005
74.6968042695
82.7887625876
89.2228206302
91.8074206211
92.6152415421
92.6219961892
91.5970980094
86.622478616
96.182545022
0
0
0
0
0
0
0
0
0
0
0
0
0
0
0
0
0
0
0
0
0
0
96.5663161797
96.5663161797
96.1643098532
90.4117784492
80.2477891805
75.6884635057
69.0227923799
59.8679065304
50.2685621959
44.0297671613
37.1126262086
30.5303067573
26.2638246635
24.2401100608
23.2495001776
22.4109117708
21.8137589846
25.4646935894
24.5720302483
2.47774626818
3.33903095775
6.81381426754
6.25093463806
15.356446724
17.3951608759
19.0135723892
20.1902709678
21.3697708261
21.9145676669
22.5608235667
23.2991269344
24.0807040688
24.9190179956
25.738913931
26.2948138838
27.447641527
28.8785776211
29.8904676298
31.0815338646
32.380796953
32.452720214
31.7342720779
34.8277088221
39.6248960826
43.2862723608
46.7653108935
52.0846279938
60.0177733592
68.6266192998
75.5558875045
83.2626306602
91.0049441973
94.1200575205
94.8321509327
95.2708268241
95.4401860321
94.2120788453
91.0652714305
0.767279964781
0
0
0
0
0
0
0
0
0
0
0
0
0
0
0
0
0
0
0
0
0.767279964781
95.2322056161
96.5663161797
96.9096845617
96.1487712753
87.34810002
77.9254481145
70.0914853511
61.0071878238
50.9217315735
40.9583923276
35.8776008552
31.9726671539
28.1317489728
25.7917079337
25.1182767324
24.1834647537
22.6070705314
22.3653626699
15.9540257453
1.5625935953
7.12906562021
6.87915213047
5.72458934054
5.83986689004
8.30949759043
13.5395678383
15.1528982444
16.6291520044
18.3849147886
20.379840822
22.3417569782
23.6609081309
23.9312626808
22.8507113159
20.7931947709
21.1564649312
24.0397454352
26.2028161531
27.7806682831
29.4484423149
30.4507519924
31.2967851302
33.9946320355
39.126042099
43.5112439854
46.9564298921
52.0809677789
60.2720464561
68.8922320561
75.0280394664
82.6509805715
92.5399108636
95.808465237
96.408567781
96.528574129
94.4391054365
86.1574954801
96.9096845617
1.27644487695
0
0
0
0
0
0
0
0
0
0
0
0
0
0
0
0
0
0
0
0
1.27644487695
96.9096845617
96.6028641737
97.2187161056
97.1614109254
91.2088596823
80.4124131952
72.1407936595
64.1093799301
49.9661254017
33.32566057
28.2305590307
27.3226904101
25.114258772
22.6635383328
21.2511498301
20.4980418653
19.9776631085
20.3507698039
11.8773100297
)
;

boundaryField
{
    frontAndBack
    {
        type            empty;
    }
    upperWall
    {
        type            calculated;
        value           uniform 0;
    }
    lowerWall
    {
        type            calculated;
        value           uniform 0;
    }
    inlet
    {
        type            calculated;
        value           uniform 456.200090785;
    }
    outlet
    {
        type            calculated;
        value           nonuniform List<scalar> 
20
(
2.62714022588
0
0
0
0
0
0
0
0
0
0
0
0
0
0
0
0
0
0.225283995449
5.106449846
)
;
    }
}


// ************************************************************************* //
