/*--------------------------------*- C++ -*----------------------------------*\
| =========                 |                                                 |
| \\      /  F ield         | OpenFOAM: The Open Source CFD Toolbox           |
|  \\    /   O peration     | Version:  v1806                                 |
|   \\  /    A nd           | Web:      www.OpenFOAM.com                      |
|    \\/     M anipulation  |                                                 |
\*---------------------------------------------------------------------------*/
FoamFile
{
    version     2.0;
    format      ascii;
    class       volScalarField;
    location    "747";
    object      alphak;
}
// * * * * * * * * * * * * * * * * * * * * * * * * * * * * * * * * * * * * * //

dimensions      [0 0 -1 0 0 0 0];


internalField   nonuniform List<scalar> 
6400
(
0.899454006431
1.45173999312
2.31084807842
2.90471732944
3.47103085002
4.0341707666
4.73117667085
5.5085110995
5.99924987416
6.73290846791
8.02105691369
8.95939996581
9.75757961855
10.6412099466
11.7100464565
12.8347573364
13.8606100356
14.8275217082
15.6458715961
16.1574967481
16.4649347855
16.9197540437
17.71963304
18.8361592674
20.0480165163
21.1520329094
22.0879145307
22.9629837614
23.8753271417
24.8402532601
25.802539994
26.577290744
27.0875926262
27.4479179704
27.7040234091
27.8628535792
28.1878873955
28.7177112343
28.9501505405
28.9740049292
29.3529255992
30.2079283354
31.057028544
31.5467771471
31.7171709754
31.6629151394
31.4495723005
31.1191745394
30.6848075751
30.1660756065
29.4848664927
28.4347323438
27.0182775115
25.3168850588
23.7533356085
22.3518119574
20.4879213735
17.9293806607
15.2546968054
12.9788181052
10.6761222772
8.2662083852
6.01979780849
5.82847835987
8.94590123599
13.5501066799
16.3657780077
15.9499436273
13.8749696257
12.2404482212
11.4024232534
11.6896856661
12.3371640475
12.2901538715
14.4702669435
13.9540467574
15.9069587284
9.80414472563
12.8563128459
4.80193760387
3.16747640607
2.55324983797
3.1922783784
4.46908142859
4.45911642493
4.44695556328
4.73288594846
5.24023286757
5.94951417424
6.84479936018
7.91312830599
8.98069149181
9.93372389835
10.8493035944
11.7867729087
12.8530729779
13.9759922469
15.0460997044
16.1211573926
16.4697477504
16.6017674801
17.0372625591
17.8188230692
18.9252366082
20.2500327268
21.3023643357
22.2108703323
23.1208755975
24.0467067757
24.9827232639
25.9184608077
26.7741058361
27.2784313674
27.6318090858
27.9171658197
27.9997092221
28.366607614
28.9211439382
29.1138378993
29.0166119408
29.3689438792
30.6919951856
31.8029916181
32.2065433626
32.322573084
32.2007186279
31.9027023659
31.513700261
30.9378836468
30.2709272857
29.6493697753
29.0560502642
27.8131739745
25.5399430449
24.0775539629
22.4834962182
20.1332347846
17.6373965669
15.1703999937
12.7215288494
10.4277858581
8.57135027212
6.41182727245
6.34704717653
9.20738074493
14.6336100038
18.1977429253
16.7853536877
14.5343887513
12.5743988288
11.912884362
12.4173036478
13.634272332
13.108098016
13.0349861858
12.5769627736
11.440091554
9.64305895095
8.13367833389
4.21503606727
3.29598879369
2.92435916075
3.44978859237
3.79248490222
4.40607780938
4.89429109341
4.9193465034
5.13391109553
5.84700607399
6.81826588993
7.89723503536
8.98432102886
9.98121538184
10.898111978
11.691040759
12.6630798428
15.2128894944
17.2158140753
17.7441622962
17.3512667936
16.4077531578
16.735293303
17.9306088653
19.0856123319
20.185916172
21.2969402234
22.3025642016
23.2147080033
24.1206093892
25.0510697272
25.9561300362
26.8938451573
27.3914253558
27.5364129136
28.1006891222
28.2015226545
28.2921023253
29.0110941795
29.2557112344
29.2248154595
29.5918541005
30.42477084
31.2485491437
31.7392464349
31.9346202579
31.9213806513
31.7416840222
31.4155168387
30.9460361476
30.3536933119
29.6367417865
28.6823029105
27.3652834562
25.9193770673
24.4276279046
22.3990210713
20.0511283898
17.6198345573
15.1789918564
12.800407135
10.5910766637
8.47916419888
7.02320391478
7.78046159716
11.6328532938
15.6920734391
17.6485786177
17.6292530388
15.9841493217
14.3048100526
13.653218314
13.6134654904
12.9914224802
12.4506744548
12.5058329546
12.2435623296
11.3276920345
9.73778654291
7.30409034155
7.51002183747
3.3734264085
5.57255276324
3.82829849565
3.99249375266
4.71952655445
11.9445109863
10.3671298744
5.64685132513
5.80714131833
6.80866351823
7.91778491067
9.02634411997
9.99837533735
10.9206581317
12.5951969628
14.664825359
16.3792478229
16.951737887
16.2113299847
15.736833261
16.2276738547
16.9713732758
17.9241723239
19.0723472987
20.2645899579
21.4045059475
22.4351967401
23.3290787983
24.2500913116
25.1175965255
26.1320320911
26.8894518883
27.6345242921
27.7633586771
27.7124245145
28.2711684881
28.4517955703
28.6573617128
29.0581099859
29.4253403024
29.8997554635
30.5937608718
31.2972782783
31.7835403811
32.0171140871
32.0395884022
31.8871049033
31.5811412443
31.1307699664
30.5421223698
29.7970916358
28.8327464638
27.6065059049
26.1744238463
24.4970655633
22.4472428884
20.1089875469
17.6745292163
15.2621220919
12.9677746112
10.9079226567
9.2807247265
8.66528487602
9.36025390443
11.435804901
16.1794185039
19.3956731232
19.4303409762
17.6961514745
15.2989090276
13.6874565493
12.9233732065
13.148988279
14.6471778328
14.6447205879
13.3739391279
13.2880404221
16.6276231431
13.0072872649
11.0064509719
5.80550061628
7.66622073073
4.6731061726
4.99400344632
6.74520865159
11.8428743485
8.43804477834
6.17614487347
6.33509364918
7.02599025617
8.05617662761
9.17631033873
10.6154744843
12.8277247873
13.9053007226
14.4236647792
14.6634270462
14.7551878327
15.0870597708
15.7793781381
16.3514924728
17.0280494923
18.0162534858
19.1686273677
20.3722343723
21.5382115104
22.5446236677
23.5457759672
24.3551794462
25.3767445057
26.1737239456
27.4199304046
27.5757275511
27.452889479
27.7896075232
27.8814318479
28.2432578974
28.724195232
29.204943045
29.659508326
30.1680632459
30.7880404627
31.410231372
31.8810864651
32.1398752046
32.1943669492
32.0695818955
31.7867626927
31.3571814849
30.7803837758
30.0351965795
29.0814130052
27.8911587215
26.4538136968
24.7062460722
22.6031783821
20.258830549
17.8570506468
15.5414463343
13.44894953
11.758166026
10.7320377593
10.6479736121
10.8261245296
11.9956465539
15.9116034661
19.5743955214
20.7928143545
19.5452217351
16.7296841983
14.2081726785
13.8816124413
16.204384019
17.1178083558
16.1194989959
15.2449454248
17.9640485028
21.0139968489
16.2895280247
15.4000525932
10.0845306835
9.2688858652
5.8272042032
6.32899075861
12.1330968926
11.6321203797
6.99092561531
6.80555388374
6.98093728727
7.38153640163
8.28739624872
10.8380326125
13.9581470475
14.4827697178
14.2749888373
13.6275227403
13.567176595
14.145059099
15.1790670451
15.7404881276
16.2611379443
17.0993108969
18.1534012474
19.3306871919
20.4708691549
21.6437368779
22.8643078564
23.6469867954
24.8015307706
25.4315230623
26.8826054698
27.2367925227
28.09521678
27.631367716
27.3095583881
27.6597365826
28.2589909084
28.8579414141
29.4003893715
29.905365896
30.4340459704
31.0159435706
31.5859894569
32.0395606596
32.3128773285
32.3938257687
32.2960553345
32.0391787518
31.6354719937
31.0818158005
30.3566710748
29.4258263824
28.2531304165
26.795572895
25.0009892034
22.8844040911
20.5867136949
18.2953170159
16.1758935354
14.3989131959
13.1466632936
12.6394189536
12.9184656886
12.1861557513
14.0174734827
18.0154132836
21.0365838979
22.1610268685
21.1277959582
17.6879835849
15.4208978416
17.2032622242
19.422879176
18.9133287715
17.9513382928
18.0647477316
22.7162686486
24.333442882
19.2880927586
19.0923420731
12.2244535428
9.2141319059
7.07957508907
6.63589976595
12.1100735534
8.68065377688
7.29220285455
7.42784217613
7.5859477705
8.30382696565
8.86467751495
13.5962072962
14.374652325
14.5055244737
13.3926047409
12.7133891716
13.2089257708
14.5741384814
15.1241831267
15.4711948892
16.2705661691
17.2054026368
18.2627832056
19.4368744105
20.7348242823
21.9758880296
22.8889564152
24.3363721059
24.8951006855
26.4397287194
26.6670057547
27.7792945677
27.6357444567
27.426863962
27.177619802
27.6332844726
28.3522060298
29.0298904609
29.6176428547
30.1599689094
30.7084212376
31.2750329896
31.8155115355
32.255971056
32.5385732446
32.6413947057
32.5706116379
32.3442638249
31.9746226293
31.4565751293
30.7662460994
29.8657772189
28.7076840322
27.2409736489
25.4412617862
23.3723233199
21.1981676148
19.1074413169
17.2550436079
15.7735266022
14.8214687882
14.4393848415
14.1484984771
14.140936716
15.9342801254
20.8452860689
22.6439771199
22.6651160699
21.4315527581
19.0541479594
18.6626714761
21.1414944262
21.5356948015
20.7073979917
20.1473855619
22.1945139256
25.0153125738
26.5267633053
21.9092990595
20.7682475369
11.9876420256
8.96705397904
8.25460321516
12.3303760214
12.2637263048
7.86595796731
7.97549126766
8.14589099287
8.24357306073
8.84284811413
13.3154614693
14.2887125276
14.4665320133
14.1093801237
12.3534090893
12.3556133256
13.9256794655
14.6837118829
14.7917105446
15.3483388228
16.3006756491
17.3604420744
18.4515526824
19.6744774973
20.8277977197
22.2839721489
22.9637088289
24.3548632836
25.9533849639
26.5817284436
26.4054795696
27.3211104509
27.6760333159
26.9975881426
27.1845072243
27.7834376327
28.5098963927
29.2168887627
29.8477636084
30.4277674245
30.9987348516
31.5661169482
32.0942369937
32.5277766346
32.8179358929
32.9406088832
32.8986900186
32.7091603763
32.3833506504
31.9135693141
31.271798059
30.4134628985
29.2844540208
27.8425684922
26.1000200762
24.1604562076
22.1924989474
20.341428053
18.6878284943
17.334798051
16.4599947821
16.0716155688
15.9968285567
16.3113589963
16.3515582337
21.4278066623
24.7196669932
24.3559572892
23.5227940854
22.374047665
22.968694497
24.1628239332
23.3910491252
22.6975378945
22.9522624904
25.3969063391
26.1491940594
26.7951127862
23.9122553942
21.767694915
11.330986479
8.97620405078
8.93715984807
13.3355312603
11.3500516716
8.56092420851
8.71862942013
9.02209966539
10.1255212874
8.99056305687
14.0854813544
14.8344870106
14.524821801
12.9902790044
12.0636183764
12.4900870628
13.9854105144
14.4283875453
14.6882094778
15.3619752726
16.2970676394
17.4228786314
18.6062523037
20.1956596464
21.5423648785
22.2569086934
24.1607480612
24.2855441135
26.107800061
26.142192627
27.3603081423
26.769480121
26.7276151619
26.9333860251
27.3603791677
27.9870251226
28.701889797
29.4212918818
30.0913342758
30.7131322725
31.3119695744
31.8903866199
32.4191172601
32.8532880413
33.1521378267
33.2953253396
33.2865179824
33.1417208382
32.8703995414
32.4623801493
31.8855223182
31.0899323107
30.0225043849
28.6616938693
27.0577073134
25.334901211
23.6190975706
21.9377824277
20.2932199334
18.9207797261
18.179126788
18.1120741866
18.3542932752
18.5172778789
18.3716042508
19.2885513116
25.2508946425
26.5582061035
26.1763594162
26.4354156369
27.1338099243
26.5025023226
25.3189651379
25.0785612101
26.162597549
27.5041491487
27.4673941735
26.9339606972
25.954351227
24.6004055199
10.8868992686
9.48176157851
10.0878185152
13.4349198948
9.57188268336
9.58870452732
9.46780863571
9.74887644495
12.6728035262
11.4792340217
14.9205831129
15.129001257
14.6306115672
12.4008443397
12.1274635652
13.6727562924
14.1993223569
14.2041957497
14.651780066
15.4968678688
16.4169760298
17.4879703719
18.5323140492
20.3279955486
22.4600610339
22.2102925618
24.104939293
25.4968469977
26.3259762059
27.1090371548
26.7621732849
26.9589476645
26.484458124
26.8643480979
27.5288326814
28.213003757
28.9220761475
29.6459498082
30.3485641688
31.0157178603
31.651552894
32.2508935756
32.7895714928
33.2315964437
33.5435308147
33.7105005151
33.7403798907
33.6495580874
33.4447943646
33.1137825284
32.6228548589
31.921589423
30.966328005
29.763264562
28.3919345569
26.9556858846
25.4521688626
23.7355352488
21.9407759853
20.7001221976
20.4417887618
20.8966260832
21.3240269263
21.3443030278
20.928297646
19.5476416869
18.9486905518
28.5626762276
30.9822803967
31.4658888134
30.7972103898
28.8925847041
27.6297745227
27.8189819778
29.1318755116
29.6852924301
29.6336607638
29.4788354693
29.9038162774
30.1350580917
10.9612017513
10.3750531196
13.4187332251
13.6716602725
9.78124009124
10.3743724411
10.2168635222
10.6594421454
12.2803692087
14.8799921025
15.7888690098
15.4387823801
14.9193712652
12.4898196172
12.2993607677
14.158946771
14.3186115275
14.1938579503
14.6709109918
15.6145643995
16.7441055183
17.8345565695
18.6931099364
19.9617942806
22.6130638938
23.9007722302
23.7962874274
25.5931107196
25.3779912574
27.1170433431
27.6402508755
26.9349197244
26.4737261073
26.9745719063
27.7244564101
28.4487044198
29.1661757329
29.8960778136
30.6224141611
31.3342092984
32.0172109493
32.6489672709
33.2065681101
33.6633695512
33.9943366111
34.1916870313
34.268138551
34.2407486659
34.114754074
33.8779797691
33.4993807174
32.9352434683
32.1605305356
31.210381757
30.1647326044
29.0210103791
27.5549598408
25.6194656295
23.8745910784
23.2027673831
23.788253057
24.8315977566
25.3722484531
25.2316247334
24.402341996
22.6745148393
20.2178129147
20.2908032043
32.6551717295
37.3007097343
35.3557741482
32.0875622876
30.5478243585
30.8077813525
31.8558620852
32.6064541107
33.2929917394
34.0526673178
34.7772275098
35.5126408051
11.3969381711
11.2868334777
15.0853240379
14.4568454125
12.6637519296
11.6265873152
11.1981808805
12.103260771
11.8508228124
15.8552596128
16.4859752252
15.8294720583
15.0790055025
13.1695990026
13.0581061975
14.605549167
14.3674828788
14.2905265753
14.7802522108
15.6457514585
16.8673397151
18.2783240628
19.9935968803
20.0672570664
22.1229214308
24.2456308136
23.7188070357
25.811807444
26.8161577002
26.430392441
26.8642568316
26.4475005194
26.747641701
27.2863715122
27.9756464707
28.7060553204
29.4378805441
30.179255016
30.9202524349
31.665929114
32.4037158576
33.0857485669
33.6729341075
34.1502010784
34.5075281954
34.7448250314
34.8778063958
34.9234851179
34.8876284335
34.7623719347
34.5255352017
34.151640039
33.6445625048
33.0526558401
32.3817867521
31.3940423143
29.7993561426
27.9331812817
26.6782325967
26.9939561569
28.9096971874
30.7604936965
31.4548801397
31.2941573539
30.3326321287
28.2941235056
25.1006799258
20.6634806013
28.2580400576
38.5126057024
40.6975618687
36.5185974939
34.4548432187
34.402285098
35.3967005488
36.4837296676
38.1350888225
39.3077118081
39.4103396925
39.7188713076
12.0525681057
11.9695853787
14.8825281243
15.0021712123
15.0410072157
12.8171683221
12.3085724184
14.8910674401
12.2973975328
16.7226746215
17.0196733257
16.2282202312
15.232285437
13.8298548276
15.5107650725
15.6442109505
14.5946745898
14.5251717021
15.0246112293
15.772498745
16.8130585812
18.2665062859
21.1865493665
22.1695370654
21.6488152927
24.27917324
25.3432708771
25.4060596567
26.766343474
27.3558134975
27.1581601383
26.4919043514
26.94551421
27.6052720431
28.281516753
28.997174389
29.7294638866
30.4934966493
31.2645034437
32.0304246946
32.8073365268
33.5494189175
34.186956901
34.696202614
35.0874450408
35.3758326262
35.5774622344
35.7055521712
35.7679389983
35.7671794919
35.7011534361
35.5796310457
35.440342186
35.2940694515
34.9280789223
33.8386988242
32.6047835769
32.1575207542
31.3250952819
32.655542051
34.3365046871
34.329024223
32.9478800654
31.325488533
28.5089577384
25.0224447263
21.6387481297
14.4953199382
14.0249172575
30.6172079167
38.2598673205
37.0621492876
32.5221094865
32.1598369473
35.7975767056
40.0534739502
43.441953212
44.8026764728
44.9460933051
45.2218395299
12.7628889036
12.7042636837
12.3536704711
15.3659799849
15.619153869
13.6434077041
13.3030614661
15.9198173105
13.011131546
17.6273146764
17.5063457616
16.6409302533
15.4863321067
14.1816675017
16.6547057185
16.272384934
15.0780722991
14.9411923914
15.3773249909
16.0691908368
16.8813419514
18.1376516052
21.6550431748
23.2295267741
21.9846849322
24.2668399155
25.831626225
24.9880683564
26.3794548695
26.9653664133
26.3977680822
26.8238674474
27.372048625
27.9756522867
28.62012946
29.3378457123
30.0721437935
30.8239135648
31.6277156204
32.4434592032
33.2542697259
34.0422009761
34.7378119104
35.2976253884
35.7380623182
36.0918636345
36.3749878154
36.591380244
36.7540183784
36.8833619603
37.0091330916
37.2062897292
37.5373028434
37.8678868993
37.5062252507
36.2077464287
36.7216747067
31.5496905828
26.4140132869
20.0981164901
0.0357998168874
7.27013640898e-06
2.51802756078e-08
2.56908782045e-09
2.03872331278e-10
5.74267224455e-11
6.75955732138e-10
6.90659843104e-09
7.80173224966e-08
2.03774044092e-07
0.000338382682809
0.0888237983809
29.6017287503
43.6157743519
43.051367135
42.2477395028
46.0445313354
49.782485017
51.7260961229
52.1229537958
13.6518800087
13.7490316981
16.0196251209
16.0509226269
16.1160010801
14.3502485541
14.3674174483
16.8168077957
14.0604025347
18.4224493799
17.9776153276
17.07968746
15.8227321603
14.6006719003
16.964925255
16.5316609748
15.5554776083
15.4198800937
15.7748963347
16.3897056945
17.1248658214
18.1287321734
21.1121160936
24.0262976356
24.2454554423
23.6915736402
26.0212095824
26.9543067012
25.4279209065
25.6659032222
26.3370199862
27.0513866511
27.7226996789
28.3581216726
29.0138715835
29.7079616165
30.4483180992
31.2207461531
32.0201121126
32.8774895214
33.7473871295
34.5827377956
35.3286849979
35.9464467294
36.4568292829
36.896551731
37.2759209201
37.5885603365
37.8419503948
38.0801536002
38.4094240194
38.9883982151
39.8668365133
40.5716663291
39.7496872518
36.2635537542
24.0585932274
8.53892898472e-12
9.39193639515e-15
1.76065232589e-16
2.9844263474e-18
8.63468589589e-21
2.45378924709e-23
4.24746274291e-28
3.32237795944e-28
8.06596969123e-28
5.43710129277e-27
2.54670788982e-26
9.40755165733e-26
5.97835206154e-25
4.68091620923e-25
4.0609493082e-23
2.31135869917e-20
2.32340869546e-18
1.76307471664e-16
4.05993504244e-14
6.83414824353e-10
49.2591819818
56.8595997982
56.2171940808
14.491269274
14.6846651875
17.6544029275
16.77454355
16.3056586993
15.0562990187
15.393913708
17.5906292971
17.5667829012
19.41476602
18.5183712866
17.615345707
16.2489359304
15.1604925116
17.2945139303
16.7220771571
16.0056228162
15.9040284337
16.1826724408
16.7111369523
17.4053885658
18.344439784
20.6298439965
24.2713319045
25.5763414491
23.4876885957
25.5154264989
27.0370536178
27.0279487699
26.0506982454
26.4007692241
27.2572784385
28.0698845658
28.7798301461
29.4069857851
30.108797525
30.8493840709
31.6449785166
32.4699527201
33.3484782609
34.2746519212
35.1750344878
35.9683063798
36.632629751
37.225725632
37.8018116676
38.3212980772
38.716191019
38.9877073756
39.3015041501
39.8643917689
40.8454444352
42.3094560824
43.2911039018
33.4021036425
6.86538704607
4.72194807887e-18
1.912161098e-20
5.52966035828e-22
8.05017185041e-24
6.54059451215e-27
1.09136087388e-29
7.69305288612e-31
0
0
0
0
0
0
0
0
1.06997246291e-34
3.60879560765e-32
5.39798901931e-30
3.13174036319e-27
4.37427270543e-24
2.36878046792e-19
3.59727909899e-15
2.8045765739e-08
61.8280549818
15.1775255386
15.3926719251
19.7719800006
17.3441948849
16.2577368528
15.6783582844
16.1369390857
17.711806777
19.1537308812
20.5484593817
19.2150888358
18.2873352188
16.9252974139
16.0051570091
17.8294456448
17.0606293232
16.5285374621
16.4331630488
16.6289137085
17.0696488892
17.6894973854
18.5576736164
20.4294826213
24.1351363005
26.5487974108
25.8917585863
25.0150115293
26.3976437629
26.8268666274
26.122007275
26.8226126869
27.6979795577
28.5560744156
29.2512562909
29.9003984161
30.5489279979
31.3022531764
32.1009914724
32.9589502944
33.8701005034
34.8340858201
35.8030742377
36.6812143568
37.3943649537
38.0659702048
38.7985564242
39.4825903735
39.9368830647
40.1885572916
40.5521208958
41.3239365031
42.6125536231
44.4163240769
33.7313940172
3.12692637859e-14
6.8362983791e-21
2.24200821019e-24
9.06575524269e-26
1.23608843641e-27
3.38969042582e-30
0
0
0
0
0
0
0
0
0
0
0
0
0
1.37865939624e-33
1.36999793618e-32
3.00333231197e-31
1.45627430791e-29
8.08702539298e-26
6.73134562891e-17
1.29757552275e-21
15.7099508109
15.9161648102
21.7999853776
17.7833872014
16.4397788688
16.2495835685
16.9419360308
17.1704624917
20.0965690288
21.3613495477
19.8859953594
18.9720016084
17.7929455508
17.8394332107
18.5770929203
17.6385747093
17.2437483658
17.1531322987
17.1828478834
17.51403728
18.0261685793
18.8125659861
20.4103366728
23.9737890647
26.9457292697
27.5058810778
24.9323640125
25.4244385405
25.7223255277
26.2190160856
27.1178277033
28.1610741658
29.0309643283
29.7690800783
30.4424096927
31.1498714772
31.8214611044
32.6209320992
33.4921736882
34.4208283963
35.4569224677
36.5080871257
37.4556691771
38.1695121728
38.8661893033
40.1183797767
41.6813032971
42.3054905401
41.7966372085
41.9930977302
42.8680343539
44.1945529711
33.0066381913
3.61764683266e-15
5.45226766993e-20
2.44597300179e-31
2.47168601957e-28
4.03311043007e-30
0
0
0
0
0
0
0
0
0
0
0
0
0
0
0
0
0
0
2.12998554417e-32
1.44239102962e-31
2.65988864589e-29
97.6582039843
16.1641767054
16.3365401806
21.6646811375
17.2960994519
16.6825702024
16.7414920596
17.8510126206
17.2285341154
20.8993135057
22.1124173585
20.5180175955
19.6029906717
18.4707015956
19.9973807442
19.6040102285
18.4167417242
18.0654149072
18.2122507864
17.9571270438
18.1265255101
18.4615730667
19.114162286
20.5298104643
23.8015051916
26.8031905908
28.5818502058
27.4475556013
26.6529109934
26.5389814192
26.4357329047
27.3858078068
28.7388453591
29.4791743471
30.2978114909
31.1919576791
31.7574104328
32.4306119911
33.2395547253
34.1338633486
35.077560994
36.0933928065
37.2100956175
38.2947715644
39.3376903774
40.4952050597
42.0744245221
43.4316548065
43.6858797648
43.7417493798
44.247986248
45.2752539781
36.4874776276
1.64516462192e-14
1.5017067717e-19
1.97372695404e-23
2.68069951157e-25
0
0
0
0
0
0
0
0
0
0
0
0
0
0
0
0
0
0
0
0
0
0
6.55393118235e-32
4.77030254947e-21
16.6749469791
16.8231218184
21.3326886488
17.0232688258
16.9957080914
17.1417390377
18.6342171284
17.7206935418
21.6075111194
22.8487733067
21.1412766769
20.2275080015
19.0345028678
20.7731162677
20.5529791215
19.2580282391
18.8733369557
19.1174097211
18.8797664757
18.9562943354
19.0922150751
19.4734227986
20.809119252
23.7635641951
26.5089968494
28.8777854492
28.6196898924
27.2339961247
26.1204372992
26.9051630834
27.851572492
29.1721676707
30.2577116223
31.2106799941
32.0147223526
32.4769274138
33.1248601803
33.9466596246
34.8625646826
35.8462043609
36.882305861
38.082498256
39.4581680028
41.0197244555
42.1701339339
42.8851316165
43.8800556383
44.7132235369
46.1109031255
47.6469278319
41.8338253282
1.49906489958e-13
1.99047200169e-19
3.4324669158e-23
7.04016640744e-26
1.70455971235e-27
5.7216283601e-30
0
0
0
0
0
0
0
0
0
0
0
0
0
0
0
0
0
0
0
0
0
1.10141017795e-32
1.45726626594e-32
17.4210160734
17.5687065593
21.0501396142
17.3336627376
17.5594396098
17.6355426162
18.6870797764
18.4502805983
22.1310253414
23.5497678962
21.7938737509
20.8951940366
19.7069102846
21.472770144
21.4015599104
20.175313688
19.7305255481
19.9947935152
19.7810367763
19.9282222768
19.9856063372
19.9891825472
21.2813015536
23.9259184844
26.3615405338
28.9402463936
29.1688642784
28.0234875941
26.6450877478
27.1229440917
28.4118469071
29.3584679798
30.3365122584
31.4813038118
32.9162596836
33.5009332726
34.067329611
34.7654186412
35.6481721636
36.7066873866
37.8539172068
39.1867545767
41.1364461011
42.8717978034
43.3898162305
43.9790931638
45.486676633
48.6205093019
52.4693312932
45.6547574037
4.2828751047e-14
7.11460752032e-21
2.94419096443e-25
9.65303592613e-29
6.05676236497e-31
1.22765664722e-30
1.88522250782e-31
0
0
0
0
0
0
0
0
0
0
0
0
0
0
0
0
0
0
0
0
0
8.14084586888e-34
3.69651889964e-33
18.542818023
18.6535864128
21.3795658507
18.2764163159
18.7082948939
18.4942750308
19.0346379739
19.7456754178
22.2290578909
24.0867951304
22.5044323996
21.6283427447
20.4804718939
22.2677195353
22.2750376192
21.2455539366
20.7605654903
21.0094999708
20.690013993
20.9930059553
21.1783358939
20.7213798108
21.8348397628
24.2929031974
26.4141046577
28.7962154147
29.4119169564
28.7087545741
28.5512332747
27.9654414649
28.7854237775
30.0835956677
31.6066310814
32.0740573305
33.2176167814
34.5122598274
35.1306414624
35.8845087694
36.6756055265
37.6574179717
38.9412393492
40.9479192332
43.4805672511
44.5263331734
44.6457083455
45.9775354481
50.2700128463
57.5975382691
51.8294623677
15.1558239236
1.07790144388e-22
1.00636797238e-27
6.88590141804e-30
0
0
0
0
0
0
0
0
0
0
0
0
0
0
0
0
0
0
0
0
0
0
0
0
0
0
0
20.105195225
19.996037673
22.226578634
20.1362344518
20.6309751957
19.7547009218
19.9882053685
21.6092395847
22.4874005249
24.7239822871
23.3238207883
22.4366578619
21.3300732164
23.0991564087
23.14399083
22.4206807932
22.2473616327
22.3275502722
21.6923512142
22.1471769873
22.6582910114
21.7522323883
22.2815448984
24.752932592
26.6747813951
28.6790232945
29.5730226692
28.8925934181
29.7282098975
29.5248054606
29.8091773245
29.8667107746
31.4117634145
33.2377900499
34.1675699538
35.2724658529
36.1937156556
36.9866198078
37.9068507361
38.9129949196
40.5836082205
43.5712465199
45.8006273747
46.3672279064
47.109898286
50.4961101596
57.8119742431
54.8332897145
30.3101397801
9.61937922764e-25
1.68167052175e-27
7.70015490057e-30
0
0
0
0
0
0
0
0
0
0
0
0
0
0
0
0
0
0
0
0
0
0
0
0
0
0
0
0
21.7530433881
21.2562941105
23.1328700141
22.5863188104
22.326406652
21.2036905922
21.0309614341
22.7414091631
21.8242061936
25.2271800768
24.2341211943
23.311760599
22.2449928949
23.9390741546
23.9507868676
23.4058373646
24.2689394853
23.9063798877
22.8109801694
23.4079979241
23.9879329003
23.0618703734
22.4883423254
24.7633217054
26.8585138295
28.5975997031
29.6329808565
28.9777450851
30.1308463084
30.8006815464
31.1867397571
30.6445178395
31.6147063488
33.2099950091
35.0753473825
36.4820595464
37.4819525648
38.2525792558
39.1589016529
40.5399367793
43.3285435576
46.5508620669
48.3405933915
49.3583680243
51.6966698989
56.6311088697
52.4993543044
30.3039714567
2.59010118425e-24
3.74971792614e-27
1.3132235561e-29
0
0
0
0
0
0
0
0
0
0
0
0
0
0
0
0
0
0
0
0
0
0
0
0
0
0
0
0
0
22.5745826434
22.1315145674
23.7098363329
23.6344072346
23.3872443726
22.5631988573
22.2110294009
24.1011356249
22.8704881681
25.8615726445
25.1541862094
24.2252011582
23.2199310712
24.8021865413
24.7592841145
24.226999929
25.2464159095
25.0220733476
23.8850040995
24.6338746829
24.7436042787
23.8931302202
23.4782709147
23.7136532926
26.3448013718
28.0869325699
29.4058113171
28.9296731018
30.1955377269
31.3516431285
32.3231313437
32.4075843706
32.0290342035
33.2806992271
35.3156069618
37.3558967955
38.8830813332
39.9084675163
40.8101608629
43.1665926794
46.7442340494
49.6586366798
51.2869679187
53.2546589551
57.2666075903
53.7901466378
26.5089794904
3.62413292121
1.23257656102e-26
3.51044185743e-29
0
0
0
0
0
0
0
0
0
0
0
0
0
0
0
0
0
0
0
0
0
0
0
0
0
0
0
0
0
0
22.6697100092
22.6646084515
24.0507272319
23.8566361882
24.0509846858
23.609395188
23.2319502245
25.4372179204
24.5255795919
26.6634807586
26.1262527845
25.162496286
24.2501399448
25.7037984733
25.628882318
25.1661576039
26.0603600317
25.9892362189
24.9937600616
25.6571737928
24.6684607649
24.6533996107
24.5040691203
24.7608487796
25.5698459853
26.6411437401
28.5349918973
28.6653355599
29.7751279158
31.3712949541
32.7753712463
33.7507868318
33.5367872731
34.0717586564
35.5431032
37.5728514209
39.8047857914
41.6321089973
43.2215790516
46.557526837
50.1837099447
52.6296777237
53.9709566381
55.8843375915
51.5570189555
33.6991718118
35.6674009289
4.28142335526e-26
9.59078882477e-29
0
0
0
0
0
0
0
0
0
0
0
0
0
0
0
0
0
0
0
0
0
0
0
0
0
0
0
0
0
0
0
22.902833132
23.0274492778
24.3303968698
23.0273117883
24.3289354581
24.1798092034
23.9090637759
26.0532092545
25.372793595
27.4659048977
27.1214620714
26.0914170336
25.3407542713
26.6310512262
26.5346690006
26.2336313494
26.971118804
27.0657849274
26.228705143
27.0571475143
26.0065560104
26.2426783182
25.7580078916
26.0627379598
27.3128517057
27.9471682196
28.1320563524
28.3225606291
29.2949492447
31.2619183952
32.7285717694
33.9803889352
34.7956130937
35.1550013104
36.7934344661
38.2935166008
40.5495316478
43.220214528
46.1915286457
50.175770612
53.4406442739
55.1479618297
54.7713965345
51.6854883131
48.6907247275
30.3657480228
3.59265456402e-25
8.17885391357e-28
0
0
0
0
0
0
0
0
0
0
0
0
0
0
0
0
0
0
0
0
0
0
0
0
0
0
0
0
0
0
0
0
23.5661557995
23.6551553544
24.6243377864
23.4057224007
24.5652876251
24.4859413529
24.3710323542
26.2603447244
25.9488287638
28.0537634756
28.0789997056
26.9515728705
26.4762972023
27.5352083538
27.3927006535
27.2618511441
27.8478940349
28.2211770316
27.5100119747
28.4804335938
27.7630046828
28.2489965648
28.0920084696
27.0945616236
28.1142153988
29.0399932444
29.2359161984
28.088014764
28.7441907439
31.0951835945
32.8020914551
33.6379380485
34.6119888885
35.4518017061
37.1648050433
38.9396384795
41.3960398053
44.8164927477
49.3406115663
53.8845192897
56.4681572577
56.7643085008
54.4255756657
49.2248785931
31.1457854496
33.9765350351
5.69934694049e-27
2.31109785556e-29
0
0
0
0
0
0
0
0
0
0
0
0
0
0
0
0
0
0
0
0
0
0
0
0
0
0
0
0
0
0
0
0
24.4051427242
25.3916776228
25.0570686469
24.3087470873
25.0600785841
24.8365038427
24.8017221776
26.4234249782
26.4594224038
28.2964157745
28.9875948401
27.7021834691
27.4696054748
28.2675290427
28.1816952276
28.0350328121
28.1986207365
29.2605822232
28.8370929523
29.7192456995
29.6475882568
29.5897955982
29.5017930561
29.1647506066
28.5312847884
29.2330580438
30.1220244581
27.6087498622
28.1624383079
30.3677257618
32.7665863229
34.0624888948
35.1523237947
35.3857831774
36.965018656
39.1217417544
41.8898851105
46.2889355798
52.4826666047
57.4491396207
58.9900313467
55.3339051719
53.2938319202
53.0433167913
35.3872268615
3.86306905607e-26
9.85948140186e-29
0
0
0
0
0
0
0
0
0
0
0
0
0
0
0
0
0
0
0
0
0
0
0
0
0
0
0
0
0
0
0
0
0
25.0149483233
26.0433611353
25.6946496448
25.1053557888
25.6873397445
25.3371092307
25.281646053
26.6463236854
26.9391850471
28.2700623944
29.775585079
28.3951188866
28.0585054208
28.8502521429
29.0017238499
28.7116504815
28.4648070537
29.9952711228
30.1690630335
30.7909527494
30.9570876761
31.1812520785
30.1709655855
30.1992260404
29.7601334718
30.7651421556
31.3839717945
29.1138314521
27.6154147232
29.2712172836
31.9433539292
34.0812463333
35.3261218874
35.8065907031
36.5043095708
38.7327574116
41.7430667826
47.3830545283
55.4666230875
61.0435972939
60.1980789071
55.2608542581
49.3945342808
30.0647889066
39.5780376434
1.13904181762e-27
3.82782737909e-30
0
0
0
0
0
0
0
0
0
0
0
0
0
0
0
0
0
0
0
0
0
0
0
0
0
0
0
0
0
0
0
0
0
25.4178798086
26.3402333299
26.2161663274
25.6257606026
26.2733924119
25.9388668621
25.8131431189
26.9962919944
27.4393136123
27.8778234027
30.2928653247
29.1055695777
28.452503944
28.8418625085
29.8084851269
29.4844360223
29.0218990776
30.5943074596
30.9195260659
31.6611656856
31.9315704088
32.4483039473
32.6543305945
32.6895802745
32.3679005411
31.9264291948
32.7966412485
30.8726280449
27.5649529133
28.2423080705
30.0224600627
32.669671476
34.8244852953
36.5768378849
36.7692295103
37.7795819118
40.5450995324
47.3680153201
58.167701633
63.5773048321
59.9510693712
59.9554096464
57.7683546041
37.0682224188
1.63200871889e-26
4.46222886735e-29
0
0
0
0
0
0
0
0
0
0
0
0
0
0
0
0
0
0
0
0
0
0
0
0
0
0
0
0
0
0
0
0
0
0
25.7642022482
26.57644044
26.5959705517
25.940548717
26.7466140205
26.5970850871
26.3259377734
27.418147251
28.0939360066
27.3743813771
30.5932282209
29.8842451045
28.9967082113
28.479836352
30.5010141884
30.3055949228
29.8488552166
31.334778902
31.475351695
32.0904864802
32.9154542445
32.5358440791
34.0395072488
34.5867559677
34.6455410954
34.6173959823
34.8001261575
33.877714102
29.5313955219
27.8003600554
28.8234670355
30.4740034148
32.9236069309
34.8971601464
37.0892824641
37.4553047901
38.7758338546
44.4063015254
61.3890815401
65.6788609173
56.3873788578
52.716603283
49.5861041538
49.2062122711
5.53711139806e-28
0
0
0
0
0
0
0
0
0
0
0
0
0
0
0
0
0
0
0
0
0
0
0
0
0
0
0
0
0
0
0
0
0
0
0
26.0548132973
26.7509452102
26.5146653668
26.1046782306
27.0896414252
27.1674681665
26.7163228185
27.391503861
28.9430391628
28.2107367801
30.7954081303
30.7263649987
29.7679967849
29.1209414757
31.1939493279
31.1290474249
30.9413290819
32.295031408
32.3177411242
32.1355950547
33.973658097
33.8486925331
35.09863047
35.7201935351
36.2684562248
36.8844670224
37.3884244112
37.4479258305
35.0650515319
29.469457411
28.7887081822
29.6641667484
31.8461964594
33.2638344554
35.24481589
36.9787162708
37.7939295415
38.9342810723
58.041118679
66.6645570623
62.6077213937
50.7724224307
20.848351003
27.7627286097
4.55851541044e-29
0
0
0
0
0
0
0
0
0
0
0
0
0
0
0
0
0
0
0
0
0
0
0
0
0
0
0
0
0
0
0
0
0
0
0
26.2603926518
26.8336545225
26.2953751861
26.3891057118
27.4103213457
27.46378734
27.0336099004
27.2087063481
29.3129344223
29.0750974518
30.6505754952
31.5675285587
30.5727827209
30.2502653427
31.8975365857
31.8983037939
32.1356642809
33.2000374537
33.4598707102
33.2737703952
34.9780595291
35.3313771624
36.2952110627
36.6151310988
37.8822843606
38.5749402591
39.7563650289
40.8387997998
41.3465254885
37.1359149734
31.350396457
31.0257063017
30.8518388992
32.8331846852
34.250810295
35.5239164776
36.3964351504
36.0769425184
38.7061535605
59.3840571701
68.7230815547
68.4577320356
48.079211006
1.13368836647e-27
1.38860045238e-30
0
0
0
0
0
0
0
0
0
0
0
0
0
0
0
0
0
0
0
0
0
0
0
0
0
0
0
0
0
0
0
0
0
0
0
26.4498974767
26.5972193617
26.8061205246
27.3580267959
27.8075183612
27.7502915751
27.4184158196
27.4633117056
29.1721305584
29.5800505814
30.3340421021
32.2390168038
31.2588343294
31.1217061613
32.3188470761
32.5928016642
32.6559306324
33.6669423598
34.5079955926
34.6885982935
35.9278049104
36.4183326676
37.2550866054
38.2969660843
39.3009879633
39.500526686
41.3284272024
42.8865012497
44.5805911713
45.7054122189
40.9403946812
34.7680781098
33.243784435
32.6001746495
33.021429276
33.7365868446
34.233160023
33.9169144324
31.5676756888
35.479299638
50.3638618308
57.9059457625
59.6653973131
8.47249569867e-29
0
0
0
0
0
0
0
0
0
0
0
0
0
0
0
0
0
0
0
0
0
0
0
0
0
0
0
0
0
0
0
0
0
0
0
0
26.6243692393
26.7277981632
28.1672515796
28.1443143259
28.0688743599
27.975755054
27.8580511236
27.8739540067
29.2065652094
30.1085703312
29.6719970919
32.4145203452
31.9014725081
31.3778885692
31.9729481899
33.2423836947
32.9939279067
33.1099987261
35.1721025738
35.3883276406
36.4847679182
37.528274598
37.4044131853
39.666052016
40.5965662265
41.8032015681
43.0201188067
44.466005121
46.433546315
48.604002442
49.9592382517
46.1466893565
41.3141395313
37.7198594688
36.3612015785
36.0215410667
36.649696443
37.0650709187
35.6813558846
33.0872159759
21.023207288
22.5120100876
38.5564899612
1.07111544779e-29
0
0
0
0
0
0
0
0
0
0
0
0
0
0
0
0
0
0
0
0
0
0
0
0
0
0
0
0
0
0
0
0
0
0
0
3.24927277786e-34
26.6540181705
26.8726967049
27.1217992546
27.9663897019
28.009720106
28.0622879268
28.2341750178
28.1344610637
29.2753151093
30.4985216197
29.9808642189
32.0233612812
32.6866999842
31.7457628504
31.3973380935
33.7161399725
33.6038306679
33.5933930249
35.6007833713
35.9732230348
36.2055850778
38.6446377671
38.8275187267
40.4905353785
41.4372512654
43.3956726419
44.4826640563
45.9770501679
47.947216203
50.1253850545
52.3418123915
54.7811371269
53.6201641894
51.0726651231
49.3306720435
48.8211651529
49.117212558
50.0758983285
52.0710452936
58.3804564111
50.1943439737
0.00211014611267
3.45099167259e-28
0
0
0
0
0
0
0
0
0
0
0
0
0
0
0
0
0
0
0
0
0
0
0
0
0
0
0
0
0
0
0
0
0
0
0
0
8.14084586888e-34
26.5672559265
26.8202527239
26.7198758577
27.6711956385
28.0836530976
28.1419467969
28.3616836291
28.1600806937
28.7912772577
30.4831776158
30.3729559521
31.2282981402
33.394039123
32.4076489956
32.1965185756
33.902471015
34.3522021604
34.4313927165
35.8290582824
36.8651960882
37.179610152
39.2302620864
39.9599468087
41.1571754603
42.785517644
44.1830708789
45.7748511822
47.5508676544
49.2683763143
51.6175652425
53.4803759635
56.7754485696
59.1100668021
61.2346382038
60.9102259907
61.046073866
61.3156964871
63.4575890926
67.8670534603
74.925512862
81.5773976724
65.3238523508
4.66333548329e-29
0
0
0
0
0
0
0
0
0
0
0
0
0
0
0
0
0
0
0
0
0
0
0
0
0
0
0
0
0
0
0
0
0
0
0
8.14084586888e-34
8.14084586888e-34
26.4819036207
26.7656165188
27.2672304826
28.2397299996
28.4376448571
28.2310527336
28.2818362612
28.0639550587
28.3510266933
30.0058872248
30.7206153331
30.0723453299
32.9593936814
33.2064549863
32.5951727741
33.2365685686
35.0073666931
34.8661787459
35.2076699682
37.4234240689
37.9034493838
39.5009489094
40.9549475368
41.1305658391
43.619022639
44.3724583045
47.0538429686
48.3738930113
50.0418153958
52.5881601797
54.7600223929
57.0611951711
59.4092349395
61.9215118448
63.5099513091
64.1088583935
64.80148787
66.166557581
67.9187592606
70.4349499714
77.3557296909
72.8506244448
6.49059580291e-30
0
0
0
0
0
0
0
0
0
0
0
0
0
0
0
0
0
0
0
0
0
0
0
0
0
0
0
0
0
0
0
0
0
0
3.97324043292e-34
8.14084586888e-34
8.14084586888e-34
26.3527623648
26.6085119701
27.7814503128
28.9203057915
28.3924228409
28.1259240611
28.0976864034
27.9592279423
28.1120942503
29.5265976618
30.7561896104
30.5817333721
31.7393260645
34.0669043168
33.0429160076
32.9058732106
35.2213170918
35.4539369468
35.6277761833
37.6494058173
38.5339073372
39.1523889909
41.6381245013
42.2550896067
44.1007973132
45.6781387344
47.3788556617
48.8401502269
50.8551489037
52.7274906504
54.8803664208
56.8836743866
58.9106921455
61.0835376976
62.8708296385
63.8731813015
63.8502522841
62.669924706
59.0146669875
53.0872379583
46.1009276285
48.6384934021
0
0
0
0
0
0
0
0
0
0
0
0
0
0
0
0
0
0
0
0
0
0
0
0
0
0
0
0
0
0
0
0
0
0
4.94644472284e-34
8.14084586888e-34
1.3051975453e-32
1.37722560323e-32
26.1544865668
26.328262096
27.1209265912
27.912085047
27.9444495373
27.7979941033
27.7917661153
27.8383890736
27.791106576
28.6155167503
30.1710826505
30.8744564093
30.311669442
33.2465683593
33.7995410315
33.1687036183
34.2020724814
36.0087752957
36.0460164969
36.9087579576
39.139222565
39.6061457
41.7079747187
43.2036117404
43.4768797365
46.0853810813
47.6323894458
49.6488909381
51.1430002889
52.8355415318
55.3469228519
57.1374738379
59.1110047047
61.0739682292
62.3712237557
63.7977604686
63.9020069146
62.7904645685
58.7359237312
56.8482775478
0.0222395502576
5.14515224255e-29
0
0
0
0
0
0
0
0
0
0
0
0
0
0
0
0
0
0
0
0
0
0
0
0
0
0
0
0
0
0
0
0
0
0
0
1.01312209192e-32
3.41974265758e-32
5.09686376343e-32
25.9345889165
26.0293903452
26.6688079869
25.7311240176
27.0883042133
27.3291037708
27.3595250437
27.528153402
27.2621321796
27.739631385
29.3313125722
30.7508884071
30.8754444671
31.729613853
34.2701136268
33.7846632801
33.7656851262
36.1598288644
36.8035588689
36.8819204738
39.3177034508
40.3133167949
40.9259911282
43.1203175505
44.2819606334
46.0372215723
48.1541769763
49.7660111542
51.7342537674
53.723475048
55.7150818426
57.626541219
59.8789458185
62.0134220732
63.8298564615
65.1785309192
66.6884545156
67.7821117951
69.1706165136
65.9207946187
16.6461900936
1.52602095423e-29
0
0
0
0
0
0
0
0
0
0
0
0
0
0
0
0
0
0
0
0
0
0
0
0
0
0
0
0
0
0
0
0
0
0
4.61255180718e-33
1.65242918532e-32
2.32315641547e-31
1.57533769221e-27
25.5194475485
25.6091897854
26.7352732835
25.8395122717
26.3933942552
26.7287000987
26.8129267339
26.9491482198
26.7601312094
27.0242638035
28.0899262595
29.8388435363
31.2097307381
31.2800449905
32.9161506005
34.739050246
34.0973443517
34.2396596808
37.0958568704
37.0784184563
37.6558324839
40.3166007131
41.0003150378
42.9203075221
44.586325128
45.7984502182
48.040432696
49.8782729755
52.1422821385
53.7980166023
56.0667229174
58.87648929
61.5421771192
63.8837715269
66.2650137653
68.7417184153
70.7999552724
72.1229811941
76.6656808508
72.7604031989
33.9214251931
4.06834886198e-31
0
0
0
0
0
0
0
0
0
0
0
0
0
0
0
0
0
0
0
0
0
0
0
0
0
0
0
0
0
0
0
0
0
2.91050316985e-33
9.67485488385e-33
9.28229137956e-31
2.69066304209e-28
1.29925052137e-18
24.7422473359
24.8236602123
25.8907326864
26.1896820495
25.1455435128
25.9883913139
26.217771808
26.3927249319
26.5066297508
26.4061620218
26.9573751772
28.6354471812
30.3114888571
31.3865031218
31.30133146
34.137653087
34.999188107
34.3178835657
36.4869572606
37.5572928728
37.6804428231
39.9717769793
41.3777140323
42.7666986601
44.5589925021
46.4302754669
47.9963056113
50.5441307546
52.0973224389
53.9030464704
57.3027146612
60.1813858553
63.1617497287
65.9526832294
69.5513345934
72.7245156348
75.7850841227
77.479579302
80.8975353739
70.6524208227
0.000235612935889
2.79531640297e-32
0
0
0
0
0
0
0
0
0
0
0
0
0
0
0
0
0
0
0
0
0
0
0
0
0
0
0
0
0
0
0
0
0
9.3536588464e-33
1.1582968407e-30
2.66366977203e-28
1.00029478569e-23
2.02816445483e-13
23.9544630789
23.9962785745
24.0631544313
25.7922167049
24.4580833268
25.2860976988
25.7121735243
25.9226257607
26.2214237979
25.9359223965
26.329151282
26.9143968153
29.0261353177
30.8381386896
31.2082614906
31.6110139841
34.3699189412
34.7818352645
35.0313036998
37.2529942244
38.2037643946
39.1680264873
41.2335735556
42.7819414255
44.4841415007
46.2517775059
48.3172182351
50.2834698105
52.3138560825
55.1428093146
58.1434625886
61.3332055399
64.9500507813
69.0757321577
73.8719936116
79.0498847594
83.5546057722
88.8358210661
98.0709269923
79.6910068564
1.20365784744
6.79961206542e-32
0
0
0
0
0
0
0
0
0
0
0
0
0
0
0
0
0
0
0
0
0
0
0
0
0
0
0
0
0
0
0
0
2.91050316985e-33
6.90462397033e-31
1.55502070688e-28
2.30190409594e-24
5.76232786397e-15
40.6672510178
23.5940787975
23.6047643175
23.5947586761
25.7762866407
26.2034390135
25.3792171961
25.4330443729
25.5435491089
25.746103871
25.732403972
25.7272494063
26.4081593657
27.5679347805
29.4996897491
31.128318204
31.0637077488
32.656069881
34.5917282689
35.0576536566
35.5750111651
37.9867136333
39.274082519
40.3789172752
42.5132320188
44.2308208047
45.8995797733
48.0510860822
50.2426004043
53.4476221416
56.4703308999
60.196481828
64.361035976
68.2929982308
73.1277441608
78.8534084278
84.8927117994
93.3178915557
99.9999960328
100
99.9999999997
69.9517086676
6.79961206542e-32
0
0
0
0
0
0
0
0
0
0
0
0
0
0
0
0
0
0
0
0
0
0
0
0
0
0
0
0
0
0
0
0
1.45053813732e-31
4.75137689599e-29
2.2720336784e-25
5.47985368613e-18
0.05089314996
76.0311350735
23.4596096328
23.393783423
23.8996752605
25.1444677024
26.1684457252
25.7430583343
25.7161699416
25.4310136649
25.3624984829
25.5824336384
25.2186213815
25.8055628427
26.1388889514
27.842762443
29.5581481797
31.0596709395
31.4074357042
33.552430728
34.8333797635
35.5185544118
36.1466428084
38.7337728789
40.2516981888
41.8032505459
43.6702928588
46.0315211951
48.1885481198
51.5699176755
54.5000951401
58.4862259936
61.86896817
65.861958924
70.3455397073
75.8066592856
81.5897849842
89.1949928555
99.9610804571
99.9999999978
100
100
77.8234287228
1.82548498654e-34
0
0
0
0
0
0
0
0
0
0
0
0
0
0
0
0
0
0
0
0
0
0
0
0
0
0
0
0
0
0
0
7.29145132583e-33
6.76135048583e-30
1.76922449891e-26
4.71598006306e-21
2.33723714879e-07
68.5954815696
68.5784324797
23.0716756077
22.7823636072
23.5107150459
23.5583834857
24.935021408
26.3615595268
26.9625753242
25.7263476227
25.0556070983
24.9640347227
24.9638632281
24.6220064114
25.5236452929
25.6778628866
27.2711480312
29.5057324573
31.0306708112
31.6103608501
33.731381073
35.1158253033
36.1060149395
36.9265517375
39.5851387591
41.2203798189
43.205544039
45.9285602204
48.9061868036
51.7692279131
55.1388172319
58.2609013406
61.7240364484
66.391390515
71.9179350344
77.1933116856
82.8914915125
91.5298059736
99.8922854903
99.9999951174
100
99.9851482339
99.9991289347
0
0
0
0
0
0
0
0
0
0
0
0
0
0
0
0
0
0
0
0
0
0
0
0
0
0
0
0
0
0
0
0
1.40786606729e-31
7.43178389655e-28
3.42364582231e-23
1.80821503185e-13
59.5973722012
57.2145335577
59.7349207297
22.5159340611
21.70543803
21.7819609522
22.0057233847
22.6240417349
24.9102766171
26.9450952376
25.5222129787
24.6057565648
24.2041493719
24.2563468697
23.889406175
24.6132053027
24.9595324436
25.7686734797
26.8770374649
29.7978719997
31.2812056487
31.9159727676
33.9872968601
35.461842314
36.7720138059
37.8147503002
40.5323732245
43.0245009218
45.5950815286
48.2884039867
51.1206234653
54.5671120929
58.0307828579
63.2919838934
67.8722764244
72.4745706889
77.2108868814
83.4999762778
90.0312381047
95.6096091854
97.8636373797
99.9621653374
99.8829346887
99.4307133163
0
0
0
0
0
0
0
0
0
0
0
0
0
0
0
0
0
0
0
0
0
0
0
0
0
0
0
0
0
0
0
0
1.03547098893e-29
2.90600182801e-25
3.47804237686e-18
23.0223597959
53.2147569355
52.0225284637
50.5562169198
22.1853303546
20.4905804482
20.2772271583
20.4637909657
20.9251453112
22.406149124
24.4908755051
24.971695386
23.9024771998
23.3638760031
23.1780208725
23.3946977146
22.8459246554
23.9407733603
24.1908659234
26.3156664169
27.6042340817
29.9838571741
31.5320698102
32.3678232624
34.2320397276
36.0596175496
37.8142653158
39.5858476552
42.5953277346
45.4279637187
47.6355934553
51.3720737496
54.9405952521
60.0865888242
63.6448188868
67.4762838109
72.0103914314
77.6055230589
84.4006729304
91.7884412392
99.313879518
99.9999670953
99.9964448349
82.1784376555
0.0134369061646
0
0
0
0
0
0
0
0
0
0
0
0
0
0
0
0
0
0
0
0
0
0
0
0
0
0
0
0
0
0
0
7.79211295334e-33
1.13565428938e-27
1.1293782982e-21
2.71758143577e-07
52.1255373235
51.4808243128
44.8438889616
43.3574532221
22.0521555161
19.4207434907
18.972634354
18.9046419128
19.2453829691
20.1578439178
22.0740712893
24.1109338195
23.2382159124
22.4518789585
22.0784582894
22.0283263063
22.2295535612
21.8519379968
23.6783693198
23.9310865446
26.1437220203
27.248209917
29.8846263042
31.5297415382
33.2018457177
34.1486539886
37.3061788337
39.5751846867
42.1837553436
45.0281381507
48.2464442273
51.8989050309
56.7032155925
59.690532182
62.6059926345
67.8072454454
73.2548777583
79.607049815
86.9454453065
95.0063723161
99.9985353469
99.9999999999
51.9500102723
1.26064730523e-15
0
0
0
0
0
0
0
0
0
0
0
0
0
0
0
0
0
0
0
0
0
0
0
0
0
0
0
0
0
0
0
0
9.42594848314e-32
2.5281780194e-25
7.33602198036e-13
53.3132094368
52.7829393112
46.5320794544
40.7681824188
38.4932463864
20.909017158
18.5670024953
17.7816998608
17.6310726232
17.6505902379
18.2168573291
18.648486546
21.744974224
22.6972489589
21.5859022174
20.9364293206
20.6758544351
20.7941225107
21.0368937553
22.2626251282
22.9178007103
23.0652471043
25.9531145225
27.4438709728
28.8285984583
32.1909236657
34.0638407375
36.2238408015
39.1478486321
41.9235224245
44.7955402387
48.5409481743
52.7541317891
55.6730584928
58.1705908672
63.581843116
68.6267870684
74.1616257104
80.4989293897
87.4936438131
95.065678078
99.9552954319
99.9998616863
4.53356412693e-17
2.51719039105e-16
0
0
0
0
0
0
0
0
0
0
0
0
0
0
0
0
0
0
0
0
0
0
0
0
0
0
0
0
0
0
0
0
1.11235043972e-28
6.55899753093e-20
53.8589272629
59.6407031614
50.5334038953
43.1846468891
39.0965405352
37.8413587106
19.2802563741
17.9209359298
16.8122619167
16.5555780128
16.4074823343
16.3791469234
17.4438840985
18.1029571065
20.8192106172
20.6674637409
19.7490284209
19.2836954788
19.149487047
19.6806518594
19.6008809376
21.1665265897
21.9821625486
24.1663150359
25.8196919931
27.9573693238
30.0709428028
33.451890342
35.9232229541
38.6908768411
41.2765025951
45.0951290146
48.5239389327
51.9161152691
54.4737481395
59.5719720511
64.2398689891
69.3900084572
74.8215813998
80.6953649762
86.7352732844
91.7480607361
95.5960925069
99.8433722344
6.36195427524e-16
1.1195756179e-10
0
0
0
0
0
0
0
0
0
0
0
0
0
0
0
0
0
0
0
0
0
0
0
0
0
0
0
0
0
0
0
2.11256545844e-33
8.29216871696e-26
21.9430184115
64.9104627503
57.087303438
49.198270056
43.0408272406
39.5772484983
38.7886159862
18.1651273112
16.9694962529
16.0098532301
15.4436462381
15.2140637251
14.9172507824
14.8922788042
16.4908450797
16.7120028662
19.2304771653
18.754916557
17.8937012019
17.3957442154
17.444021526
18.0286235902
18.2731928387
20.9513400702
21.7777417957
24.1849369567
25.5149640567
29.4531090113
32.7390636103
35.4353464756
37.9306005265
40.9702625665
44.5862542884
48.7593296625
51.484644416
56.150020845
60.3544494489
65.2137201909
69.6004213605
74.2786357091
79.0240433527
83.1748135558
87.4457981746
92.3981251068
78.2976746173
8.42830463047e-16
1.46863151239e-07
0
0
0
0
0
0
0
0
0
0
0
0
0
0
0
0
0
0
0
0
0
0
0
0
0
0
0
0
0
0
0
6.58874372269e-32
1.00263086225e-13
66.2768573463
62.5941106294
55.2207992545
48.936978419
44.3681464705
41.8671736108
41.5984326572
17.8273846113
15.7003876465
15.058360572
14.2227878213
13.8253424515
13.3386473415
12.7157889237
12.9668912797
14.5435729356
14.9696533182
17.9406971414
16.8645991639
15.4119487278
15.2618124399
15.7483440423
17.0512430399
17.7945496986
20.7213945193
21.8666980619
25.4593359907
28.1784668543
32.0208561075
34.8053173069
37.5070903832
40.9405721036
45.0653854518
48.5880827181
53.0651517837
56.9041005382
61.2924121058
65.2557240114
69.6335058403
73.6097366476
77.2067557463
80.1952385927
84.3072341912
85.6767762803
43.795790953
3.08019029564e-15
0.000433981400616
0
0
0
0
0
0
0
0
0
0
0
0
0
0
0
0
0
0
0
0
0
0
0
0
0
0
0
0
0
0
0
2.79783384636e-27
59.0878919875
66.9145414337
60.2926054457
54.4009340365
49.6808702455
46.4076348518
44.5909299008
43.3742772774
17.9719430644
14.5168304659
13.6333299783
12.8109782474
12.150614658
11.5886323447
10.8011784597
9.73619041621
11.6609416238
11.5741995819
13.3495335251
15.5872356337
12.9258331798
12.9537076544
13.3626394021
14.7422613266
16.9418462084
18.2698201609
21.8483201337
24.0180838726
27.9371494191
31.1401889473
34.3781111237
37.9475886562
41.3465684008
45.2509216144
49.8481213679
53.6773312104
57.9175000686
61.6706874614
66.0916645092
69.4254929186
72.4177299271
75.4366817801
78.6171803491
81.5756331504
79.0014928611
34.1701275618
5.22487541294e-14
77.0332806664
0
0
0
0
0
0
0
0
0
0
0
0
0
0
0
0
0
0
0
0
0
0
0
0
0
0
0
0
0
0
4.65428572915e-33
46.6486582642
72.0538788565
66.2535420909
59.8069336072
55.14977987
51.7004693114
49.2297255967
47.9446432943
47.1095244903
16.8683239736
12.9681090488
10.880166352
10.5923021246
10.2106568357
9.74396570454
8.99806681396
7.5492390638
6.74220400556
8.41591578074
8.73060634936
13.1307005848
12.3662554729
8.45622723019
10.9409939965
12.7701038603
15.5360736142
18.2423971291
20.3370833128
24.2517775882
27.2190630393
31.2234110497
34.8854041136
38.4276482376
42.0305082172
46.2836099311
50.0883721552
54.7564723159
58.3905347778
62.5762644226
65.9405865561
69.468617623
72.1605716035
75.6136816465
78.138761913
77.9407023745
79.607754856
59.178203904
7.78617856632e-13
99.9999155426
0
0
0
0
0
0
0
0
0
0
0
0
0
0
0
0
0
0
0
0
0
0
0
0
0
0
0
0
0
0
3.34375774474e-09
72.7052395874
70.6829337064
65.4211436106
60.6145169319
57.2573011138
55.6454404436
54.3148296372
53.0559056022
52.7872396393
14.4672132823
6.54597286482
6.0996315655
7.58251089992
8.22337848271
8.26361096662
7.67589128574
6.14340531715
1.31138868552
7.30605175597
6.05217906012
6.61292229585
0.404664333915
11.1680463251
8.63936690776
12.1589104224
15.0340457422
17.6160323244
20.7344509181
23.4811212604
27.4510471421
30.8556902466
35.1532294283
39.0321330883
42.480199499
46.6598528752
51.3116812499
55.2098085066
59.4143488758
62.9308050695
67.0892267806
69.9454595702
73.2035281761
77.3935292097
78.1616341874
79.5980480379
83.7331363092
75.8245744496
1.68619192491e-12
100
0
0
0
0
0
0
0
0
0
0
0
0
0
0
0
0
0
0
0
0
0
0
0
0
0
0
0
0
0
3.18121289645e-32
66.9103630496
70.0095899655
68.9368023406
65.4842423082
62.5345484235
60.7336631321
60.4125423656
61.4941271847
59.4250368276
60.9235130982
12.2243313198
1.9677492762
0.826862120331
4.97381705219
7.10588419492
7.61654519672
7.27341833481
5.93575906168
1.17641207944
0.152791604172
2.17749578865
0.859500352539
0.357425973986
1.17925419613
3.23306205433
12.2576576537
15.7640685196
17.5416146368
21.1179850232
24.1475204352
27.1045347176
31.5277567964
35.9178311787
39.6142551746
43.3019679855
47.637053972
51.574313145
56.2647319424
59.8130693733
63.8802125492
67.5512355863
71.8637362191
76.1786001471
78.458297987
79.5492140327
80.9076428906
81.9480721885
82.0410412307
4.5667752698e-12
100
0
0
0
0
0
0
0
0
0
0
0
0
0
0
0
0
0
0
0
0
0
0
0
0
0
0
0
0
0
54.6437966166
72.7846189815
71.3452629821
69.3244648413
66.8173303177
64.9829066511
63.9791551261
63.6466227767
65.5401161451
64.4796179112
63.8937614901
10.2956919659
0.652338808627
0.1092607738
4.82889588887
7.4824609134
7.9869809987
7.51842436638
6.32239575741
3.25739333958
0.0702079298114
0.0311331601829
0.129600600623
1.17663293889
0.516975131988
6.48991882518
11.0943783268
15.8689409177
19.2475664186
22.8659746435
24.4976930017
28.0958427297
32.0641336121
36.3608465278
40.1471796911
43.6264399125
47.8862953359
52.6041106812
56.3993330306
60.6304516134
64.6377876047
70.5566700042
74.9705615784
78.8890450799
81.0262441458
82.0162419344
79.9615348063
80.8973342803
84.2214559031
7.89209817504e-12
100
0
0
0
0
0
0
0
0
0
0
0
0
0
0
0
0
0
0
0
0
0
0
0
0
0
0
0
0
2.00844504789e-26
78.823730165
74.1484750586
72.2971124404
70.446902077
68.5888769423
67.2684672565
66.4300945173
65.8871515687
66.7162440673
66.4448678269
65.0707909365
7.06071079259
0.0522693901757
0.0196091930829
7.14846647093
8.89520610869
8.90042832176
8.15101748223
6.72981696904
4.34489834886
0.0291272107334
0.0129550055637
0.0139361286154
0.0703089568485
10.1820417784
10.5664696201
12.3960455612
15.8587751211
19.3962087786
22.6919496693
26.0221900482
29.7393198047
32.4653652927
36.6587715559
40.490243885
44.2324155059
48.6009840547
52.7303043938
57.453245572
61.3994906647
68.1242312299
74.6091963957
78.6236965366
82.1112040866
85.3795590615
85.0518960303
83.7644029227
82.6146237741
82.5823467499
5.58067025565e-12
100
0
0
0
0
0
0
0
0
0
0
0
0
0
0
0
0
0
0
0
0
0
0
0
0
0
0
0
0
68.5720299924
69.572933512
73.9647528368
72.9224421548
71.8254058503
70.47787944
69.4200186615
68.6233070966
68.024398162
68.5487041798
67.9792807471
66.766312896
0.00151571905712
0.00504959123368
1.64323195516
10.0672371456
10.5156333124
10.0144470843
8.83427139984
7.27034016201
4.81252842819
0.0133994257012
0.0056201342049
0.00540137364603
0.017542622506
2.83210998533
11.6793768314
12.6971042432
17.6352668626
19.7037254649
22.8597637608
25.9607266938
29.793497937
33.2905372402
36.8072124141
40.7350712188
44.6015308341
48.9547190284
53.8477012263
57.9581700944
65.0571295386
72.5155635326
76.9510698699
82.1461366474
86.8575514424
89.933681747
91.6485353097
93.7258040851
93.3294636416
99.5099566841
48.469379621
100
0
0
0
0
0
0
0
0
0
0
0
0
0
0
0
0
0
0
0
0
0
0
0
0
0
0
0
4.23188208949e-11
89.6809033482
80.1384140947
77.1554348569
74.9480442123
73.5815242663
72.3467113077
71.3851842865
70.6343334747
70.0680891006
70.2552019148
69.4800743545
69.013298098
0.000580597241224
0.0010042073684
7.41370572913
10.1897153513
10.3074285988
10.0268280678
9.52590154376
7.92121065233
5.43399962015
0.00651717335257
0.00252963949142
0.00240751473422
0.00384715117559
5.02026914973
0.254416019164
15.1705101611
18.4401453422
20.7477880452
23.9574989707
26.7562230209
30.1728846564
33.3318483346
37.08290914
40.9673773975
45.091416377
50.182403205
54.6374361065
61.2261241096
68.4204166506
73.9623094493
79.668314514
85.5425684427
92.0651556538
97.7643788299
99.9997636537
99.9999993459
99.999999996
99.9999999998
99.9946559409
100
0
0
0
0
0
0
0
0
0
0
0
0
0
0
0
0
0
0
0
0
0
0
0
0
0
0
0
87.7406984837
83.0131205725
81.3510436005
78.2288118593
76.1861155007
74.6686062446
73.4821057901
72.5535622415
71.871807215
71.4158664415
71.0268595323
70.2907221218
70.2407372824
0.000540482096246
0.000430194099258
6.35814949797
9.81071079354
10.1720540911
9.8727276579
9.15430884481
8.11840403965
6.23486944825
0.00307649844241
0.00120434407378
0.00113213291871
0.00212438933891
0.0106342677801
11.356833535
16.4064643006
17.5272689193
21.9323326828
25.1713925281
27.1531028459
29.9550322693
33.4295332395
37.561049972
41.2117506199
46.2473975122
51.0731232918
56.5905606065
63.0487734585
69.634067288
75.8271829671
81.9732696975
90.5306329662
98.6700611161
99.9999974817
99.999999998
99.9999999998
100
100
98.8179997706
0.00107398737779
0
0
0
0
0
0
0
0
0
0
0
0
0
0
0
0
0
0
0
0
0
0
0
0
0
0
1.68322091741e-18
82.6375729112
81.8751601545
80.1652937289
78.1201516252
76.3674120239
74.5801157513
73.2872693716
72.20583716
71.3872570327
71.1735765457
70.4980281511
69.6187449846
70.0195181225
0.000727336404321
0.00021865479333
0.00218870185617
9.97711178783
10.3336823155
9.86320882483
8.94449779036
7.58183777917
5.69500185406
0.00623104354482
0.000659104786457
0.000592425170727
0.00119413087566
4.69022232841
8.6193373082
13.3210353477
19.6213005548
22.4980363418
23.9006645893
27.8501771545
31.2420536084
33.8046774214
37.0747675154
42.1863011307
47.4048803469
51.5936221019
57.6168054638
64.6690291666
71.074882098
77.1218415407
86.0199177257
95.8151260283
99.9998714193
99.9999999941
99.9999999998
100
100
100
1.93204132991e-10
9.93106505308e-12
0
0
0
0
0
0
0
0
0
0
0
0
0
0
0
0
0
0
0
0
0
0
0
0
0
0
92.171088786
81.3523127391
81.6045115282
79.2652940942
77.7301181803
75.608810059
73.5767464177
71.9853691182
70.605858414
69.4430782555
68.5094661404
68.0362572777
67.7115886237
68.7564942376
0.00209718481941
0.000137284940543
0.000144962102059
10.4721774299
10.6487767212
9.91168908848
8.73372124543
7.07770634322
4.31877940735
0.000681052426831
0.000429159723989
0.000386859253993
0.000618090584252
4.51184863542
8.71037657097
12.3530722213
17.846983015
22.1606453427
24.8072652586
28.5227251431
29.652815392
33.6782879607
38.9409791822
43.5030025738
46.7952390532
52.9190424434
59.5279971503
65.1094777226
71.9368997902
80.4193797016
90.0563663939
99.1118945046
99.9999977409
99.9999999987
100
100
100
100
1.60967012786e-15
2.68031459521
0
0
0
0
0
0
0
0
0
0
0
0
0
0
0
0
0
0
0
0
0
0
0
0
0
7.31802096046e-31
96.4539923861
87.1637750165
83.0360046421
79.7944421287
77.3254674588
75.1183170015
72.3376311787
70.4086240234
68.8394351782
67.5951004706
66.6586731116
66.3297415017
65.7224096385
66.4231234315
0.0962299301141
0.000123150670293
6.22869959882e-05
10.7459274737
10.8426291219
9.89407012376
8.47112185302
6.6338176609
4.14963908983
0.000400584783368
0.000229254612769
0.000251311896107
0.000728991455447
5.48384638841
8.94880242138
12.6282131716
15.7317865614
20.4270340269
25.1102986338
27.3393545707
30.392532497
35.0876585471
39.6524793778
42.039410506
47.8828821987
54.2180670311
59.3779506572
65.9574905889
74.0055895285
81.9042182806
91.6388205192
99.9834487532
99.9999998312
99.9999999999
100
100
100
99.9999999999
3.78734329376e-20
100
0
0
0
0
0
0
0
0
0
0
0
0
0
0
0
0
0
0
0
0
0
0
0
0
0
95.4374907528
80.4683169389
86.8077781452
83.5416549524
80.3601506301
77.3126784419
74.3888180284
71.2879198862
69.0501560472
67.3222053972
66.003038447
65.1659952775
64.9276979253
64.0435846615
63.2985634448
0.000321599019794
0.127622497825
3.97197892996e-05
9.99967747552
10.8419112566
9.68268265767
7.83444817079
4.83493693886
0.000224514740008
0.0001011209584
8.30895499567e-05
9.87682431476e-05
0.000197751278997
5.76922037273
10.3646176868
13.5760686199
15.7952195028
18.1915130476
22.4473011136
26.9830491042
30.4341774722
34.4819544538
37.5880817609
42.1102527319
49.0339012528
54.4409479335
58.9762899005
65.9178129303
74.1801256477
83.977900794
93.8099101263
99.9967361859
99.9999999599
100
100
100
100
99.9999999996
1.00486668855e-19
100
0
0
0
0
0
0
0
0
0
0
0
0
0
0
0
0
0
0
0
0
0
0
0
0
0
100
99.9682728016
92.2059522075
86.3408226168
82.0376138186
77.6778154732
73.8108543062
70.6298553552
68.1468158771
66.2552258395
64.8065920451
63.9881252702
63.4871578975
62.5482885439
61.8408202334
0.000205535002246
5.70217454375
2.42064355693e-05
9.03990203057
10.8927950666
9.54155067712
7.71772588435
6.53690610333
5.09198906933
0.00332318158248
0.000533055829168
0.00041216906063
0.00117711414957
6.57173008736
10.5701301803
13.6584933536
16.1647827959
18.5876376474
20.6956738072
23.1150235453
27.8377114808
32.4813898673
36.3534936819
41.9730660675
48.3762692855
53.3990040467
58.8560840861
66.7086102732
75.6276582731
83.6669453625
93.8039796931
99.9996681633
99.9999999968
100
100
100
100
100
1.30297235186e-13
100
0
0
0
0
0
0
0
0
0
0
0
0
0
0
0
0
0
0
0
0
0
0
0
0
1.70674482837e-05
80.9050959032
98.1053183849
93.7484422085
88.7155475713
83.0362817299
78.7360740819
73.8710678699
70.4498515406
67.6921134817
65.6310962419
64.2001985074
63.688949996
62.3455244493
61.3538687336
60.7721994198
4.26130239868e-05
6.37652630734
1.40348169142e-05
9.51180993642
10.0633858425
7.55606299211
4.37043175817
0.897664499785
1.77665749736e-05
1.02195661483e-05
9.27853984701e-06
1.1765454131e-05
2.531871841e-05
4.8560969062
11.2166653101
14.8007790241
16.2530494266
17.6075303132
19.4689291033
22.1310085566
25.0954484335
28.6462889892
33.8226675468
41.0601209426
47.6378615483
53.3689181294
57.8417018429
65.1756277669
73.877055673
84.2422152586
95.772668496
99.9999460771
99.999999993
100
100
100
100
100
1.6554170666e-12
100
0
0
0
0
0
0
0
0
0
0
0
0
0
0
0
0
0
0
0
0
0
0
0
0
100
100
99.9999906964
97.6959603815
91.4669523963
85.0828396893
79.1813855851
74.427369407
70.435568688
67.2381915302
64.9090826209
63.3832937845
62.4897652507
60.9966730125
60.1985543206
60.4547825479
5.83735020349e-05
4.01989904992
8.19246263814e-06
9.02022714778
6.75089307016
4.20221242471
1.87423071994
1.17940154698
4.86685852854e-06
5.22885827086e-06
7.59672524201e-06
1.62652715432e-05
0.000231220904238
7.03499798862
10.718836262
12.7423504923
13.8849376209
15.0275553319
17.3240835955
21.0447748158
24.037688452
27.7123857719
32.471906975
38.5382967056
44.4901402799
49.3580043402
55.203973535
64.1733362503
73.9229330365
85.3869887357
96.4456197563
99.9996479119
99.9999999977
100
100
100
100
100
2.45279716415e-11
100
0
0
0
0
0
0
0
0
0
0
0
0
0
0
0
0
0
0
0
0
0
0
0
1.48264559328e-31
99.9874281002
99.9999999999
99.9999999472
99.987323828
93.2269610121
86.8714952695
79.9846555987
74.6186259784
70.0818508656
66.3136756253
63.5336183583
61.7942957751
60.2284645852
58.9317510869
58.0001061049
58.9405006745
4.63072925724
5.45101726633e-06
4.9954162535e-06
10.5972499087
8.28175895962
4.71047375065
1.96644473399
1.15930679755
3.48901459738e-06
3.29361414051e-06
3.46845655354e-06
4.18246344296e-06
7.77559363729e-06
5.29657549339
11.4122366037
13.1940072319
13.954958226
14.6819847125
15.9247975581
17.7247043376
20.7627054788
25.4718976701
30.8205179423
36.6140223215
41.4309559956
46.3306003407
53.1332228223
62.2893689215
73.2531250348
84.4610516485
94.7151261957
99.9991459949
99.9999999996
100
100
100
100
100
9.81494556829e-11
100
0
0
0
0
0
0
0
0
0
0
0
0
0
0
0
0
0
0
0
0
0
0
0
93.1430388268
99.9999793684
100
99.9999999998
99.9999947953
96.7112700035
87.7572220323
80.5287370028
74.3328577617
69.2183950096
64.9936275204
61.6542578875
59.251028438
57.0876895769
55.6787410225
54.6203316476
55.8669317656
8.48178044037
0.000160895334194
4.62927959214e-06
11.4006071456
10.0266753929
4.23983975487
2.54643684923
1.53930585403
2.27907418278e-06
2.68806709578e-06
5.36398618171e-06
1.28857355094e-05
1.47880958374e-05
3.37562784463
9.97309598304
12.1641047813
12.8310323113
12.7745549435
12.7800401763
14.0757407117
17.1728664006
22.2002215219
27.8695841026
33.6817036194
39.484956465
44.4024186096
51.8433088368
60.6146353392
70.2945857121
81.279623995
92.443635015
99.9985272045
99.9999999992
100
100
100
100
100
4.19005467232e-09
100
0
0
0
0
0
0
0
0
0
0
0
0
0
0
0
0
0
0
0
0
0
0
0
100
100
100
100
99.9999999981
99.9886519113
90.7318948041
81.39421534
73.8780063401
68.0935552205
63.4121520822
58.7242406969
55.3986547486
53.0184719665
51.6885119838
50.6980927501
51.7622306083
9.74174593161
3.51185824254
5.9977185348e-06
3.15571098839
5.03077938248
5.11265015039
4.69511313555
4.82410079227
6.37815567186
1.62067307919e-05
5.14542980321e-06
3.81250206663e-06
3.83323218115e-06
7.66988395335e-06
8.47974828966
12.0709743096
12.1408415077
10.4356684408
7.40585062311
6.31824545126
11.1237800655
19.4291519094
25.9255116034
31.1210868601
35.9936997403
41.6535995014
49.140813095
58.0808086795
68.0267757866
78.3356248799
88.06971616
99.635479397
99.9999999518
100
100
100
100
100
1.65906891014e-08
100
0
0
0
0
0
0
0
0
0
0
0
0
0
0
0
0
0
0
0
0
0
0
7.38357813854e-31
100
100
100
100
100
99.9999932393
94.6949612857
83.346030962
73.8435184835
66.5291757035
60.9967656412
56.399049904
52.6791203645
49.2938555679
47.0625679864
46.6657504891
46.7625227815
7.51511237292
4.73693621959
1.72107727166e-05
0.00350126478238
6.66285475932
8.74108364115
10.0355891796
8.47601464288
6.13854409058
1.95315212614e-05
4.58689548784e-06
2.94676231949e-06
2.44855803361e-06
3.02287905552e-06
5.88626756456
11.7924686014
12.5855754408
10.680573012
4.9463324936
2.43639315182
8.28967263385
15.7927500384
21.7809930506
26.9524693675
32.1056077038
38.050573236
45.7858348801
54.8919607961
64.1906762002
72.8961068418
82.9585226988
96.0811465134
99.9999059768
99.9999999791
100
100
100
100
2.00145135413e-05
100
0
0
0
0
0
0
0
0
0
0
0
0
0
0
0
0
0
0
0
0
0
0
99.1683353649
100
100
100
100
100
99.9999999971
99.0010373002
86.0337751134
74.4389705569
65.2419620629
58.4021987141
52.8316227631
48.7072019353
45.5062929774
41.8564131449
41.964690774
41.2194605808
4.94707179562
5.6411329286
7.30421367965e-05
0.000139515657856
9.28420784927
10.8364009625
10.3294108879
9.60622876086
8.62492000033
6.42286336455
1.04854097875e-05
2.91485400492e-06
1.99281975495e-06
1.98849488261e-06
1.59741318424
12.8224392287
12.4652847102
7.16682990631
9.16260957369e-05
4.770225787e-06
5.1758568838e-06
7.94392341501
17.8922107603
22.7808520961
27.4716583155
33.1793431409
40.8787834116
50.3318030324
58.7523315638
66.0556534231
75.4531846848
87.9679631838
97.7497308205
99.999952973
99.9999999984
100
100
100
0.0475537995154
100
0
0
0
0
0
0
0
0
0
0
0
0
0
0
0
0
0
0
0
0
0
0
100
100
100
100
100
100
100
99.9996624169
89.3692940713
76.1182251961
64.9216370197
56.6928548522
49.8016261983
44.3698270351
40.7057950345
36.7126275886
36.1352477659
36.9141749529
4.56410191642
7.63596681427
0.00263025788022
4.28916164925e-05
11.2783315237
11.5787773123
11.5854946794
11.214044789
10.5382276179
9.19293419069
3.84656505028
4.30669950138e-06
1.61053328604e-06
1.33112486951e-06
6.81308476593
13.9525329613
12.7208897693
0.0214258314402
0.00043876303019
1.26955511159e-06
3.07857646082e-07
5.40121370353
9.14103988164
11.2772762511
18.9129852332
25.6540850748
33.5604082232
44.5057060321
52.4478199517
56.9548790448
64.4797608803
76.6514211528
82.2617622636
96.6453968435
99.9999920825
100
100
100
99.6660997272
100
0
0
0
0
0
0
0
0
0
0
0
0
0
0
0
0
0
0
0
0
0
1.7125443478e-31
100
100
100
100
100
100
100
99.9999998446
93.1460514132
78.351431503
65.3360328719
55.34464506
48.0678673803
41.3514235324
35.7219411604
31.2076903117
31.2763285333
35.6740912341
0.44514655364
1.54258027145
0.00162491945681
3.38754528885
13.034025542
13.5842527585
13.8529805999
13.6551618375
13.3933715917
12.728359726
10.9099355455
0.00574830008115
2.84427612066e-06
8.50000636282e-07
5.49417150897e-07
12.5068973816
5.15824580163
0.0237816289611
0.508116518102
12.417229995
1.02800321257e-07
2.46083658514e-08
6.62534168906
18.5245734388
20.1202822188
20.574894619
24.5424588345
36.8260536664
48.3923947226
45.0396550574
49.3937566996
57.8797220262
63.0839110494
69.9670307536
96.9440729661
99.9999933987
100
100
100
100
0
0
0
0
0
0
0
0
0
0
0
0
0
0
0
0
0
0
0
0
0
100
100
100
100
100
100
100
100
99.9999999991
96.4037081655
80.131391835
66.1177813247
54.8520150517
46.3100206965
39.6448266844
34.1124168686
29.9107706853
30.0217824355
28.8065528619
1.49997206389
0.00330971699301
0.522280467253
2.00602957195e-05
14.2600171224
16.0985311528
16.8981330471
16.7630243243
16.9125510264
15.6199522531
14.0297928044
10.2520584764
1.69267554897e-05
6.47235708906e-07
4.48505964755e-07
6.16583010159e-06
0.00479419030367
9.27715393144
14.198671905
12.4452373923
2.26142906157e-08
4.42282640992e-09
1.01171156797e-09
7.69668045948e-10
7.80660193248e-10
0.00416742293546
4.67495287539
3.4824391338e-07
22.9220839897
30.351775811
25.0394860873
48.9120041962
42.8503295327
59.8123017456
62.9444801661
88.4194977876
97.9834183713
99.9999999998
100
100
0
0
0
0
0
0
0
0
0
0
0
0
0
0
0
0
0
0
0
0
2.77263723022e-33
99.9371426622
100
100
100
100
100
100
100
100
97.9989982223
81.2423025217
67.4820941189
55.7829404539
46.384155705
39.3318135615
33.4776136665
28.3321679592
25.1852228439
18.6168443192
1.12604586525
6.33028733465
4.15891325603
3.97553513319e-05
5.11903240069e-07
1.42265832302e-06
0.00160045776396
1.03514898196e-05
7.30280798166e-06
3.87364457035e-06
2.06487123684e-06
1.03670297569e-06
4.49363895481e-07
1.5294716451e-07
5.64321848731e-08
1.58550819828e-08
7.93434020582e-09
7.43709940002e-09
5.41603011975e-09
3.40388071993e-09
2.23773386407e-09
1.3325879975e-09
6.63332538016e-10
3.58694160771e-10
2.90070417635e-10
1.84479750916e-10
8.91610768257e-11
3.72141539914e-11
2.6359353352e-11
9.56222170325e-12
8.63629291374e-12
4.64879634566e-13
1.16302053127e-10
8.48525003063e-16
1.25446902662e-10
6.03067414356e-19
1.02101411097e-09
1.31195185907e-24
8.29387242759e-24
100
0
0
0
0
0
0
0
0
0
0
0
0
0
0
0
0
0
0
0
0
4.61255180718e-33
100
2.03702436366e-12
100
100
100
100
100
100
100
97.871112302
80.3053666393
66.8737671966
55.3839540315
45.4057170661
37.3244345976
30.8257563381
25.7205038949
22.4144070596
12.7411866408
)
;

boundaryField
{
    frontAndBack
    {
        type            empty;
    }
    upperWall
    {
        type            calculated;
        value           uniform 0;
    }
    lowerWall
    {
        type            calculated;
        value           uniform 0;
    }
    inlet
    {
        type            calculated;
        value           uniform 1.64852128845e-30;
    }
    outlet
    {
        type            calculated;
        value           nonuniform List<scalar> 
20
(
9.49341457306e-33
0
0
0
0
0
0
0
0
0
0
0
0
0
0
0
0
0
8.14084586888e-34
1.84526295579e-32
)
;
    }
}


// ************************************************************************* //
