/*--------------------------------*- C++ -*----------------------------------*\
| =========                 |                                                 |
| \\      /  F ield         | OpenFOAM: The Open Source CFD Toolbox           |
|  \\    /   O peration     | Version:  v1806                                 |
|   \\  /    A nd           | Web:      www.OpenFOAM.com                      |
|    \\/     M anipulation  |                                                 |
\*---------------------------------------------------------------------------*/
FoamFile
{
    version     2.0;
    format      ascii;
    class       volScalarField;
    location    "505";
    object      p;
}
// * * * * * * * * * * * * * * * * * * * * * * * * * * * * * * * * * * * * * //

dimensions      [0 2 -2 0 0 0 0];


internalField   nonuniform List<scalar> 
6400
(
0.153575050136
0.153577595559
0.153584829165
0.153598873599
0.153619497931
0.15364657533
0.153680125155
0.153721177792
0.153770308909
0.15382846062
0.153901081296
0.153991038901
0.154095593467
0.154214746958
0.154350308285
0.154504532965
0.154678649628
0.154872405568
0.155084018159
0.155308599185
0.155540528527
0.155780604282
0.156035263704
0.156311544019
0.156614033292
0.156942617819
0.157293946301
0.157665543665
0.158057101275
0.158469292796
0.158902627784
0.159355369901
0.15982169226
0.160295713207
0.160774942998
0.161256235146
0.161739379302
0.16223089087
0.162729566765
0.163225697519
0.16372033052
0.164226923146
0.164752504033
0.16528906081
0.165826292565
0.166357479505
0.166877520731
0.167382782399
0.167870033111
0.16833653638
0.168780273341
0.169196683404
0.169578604335
0.16991683671
0.170210842869
0.1704674801
0.170684677572
0.170855216526
0.170979143216
0.171065413693
0.171121187154
0.171151891962
0.171163800461
0.1711622575
0.171146616496
0.171106463767
0.171039464149
0.170959550598
0.17088240175
0.170813425309
0.170751879877
0.170695006148
0.17064094313
0.170592322982
0.170548708972
0.170510936254
0.170479724661
0.170459377675
0.170446405372
0.170440955246
0.153571296145
0.153573987293
0.153580505017
0.153594231352
0.153616248778
0.15364467685
0.153678670284
0.153718170205
0.153765500741
0.153823533544
0.153895822639
0.153984707539
0.154089491513
0.154209535194
0.154345294788
0.15449822509
0.154671642992
0.154866060217
0.155079067348
0.15530443124
0.15553451796
0.155772417302
0.15602631581
0.156302369989
0.156605202361
0.15693454025
0.157286116373
0.157658259545
0.158050770196
0.158463726378
0.158897089432
0.15935023184
0.159817637053
0.160291774464
0.16077122475
0.161252825788
0.16173574929
0.162227756278
0.162727590902
0.163224251252
0.163717325227
0.164224017625
0.164753647129
0.165293260747
0.165832037722
0.166364904067
0.166886624809
0.167393906105
0.167883008789
0.168349733333
0.168792131789
0.169209787535
0.169597634888
0.169938051177
0.170233416923
0.170492992
0.170708183788
0.170874939886
0.170997546657
0.171082136411
0.171134832951
0.171164303804
0.171174964808
0.17117269526
0.171156593413
0.171116032445
0.171046296795
0.17096319694
0.170883395
0.170812110456
0.170748763284
0.170690268234
0.170634456452
0.170584024016
0.170540310754
0.170503410917
0.170474364169
0.170454613272
0.170442019059
0.170437818519
0.153560815015
0.153565297481
0.153571126202
0.15358371819
0.153605018661
0.153636833669
0.15367383152
0.153712152613
0.153757022623
0.153813660755
0.153885189103
0.153973471251
0.154078407015
0.15419910919
0.154334914486
0.154484575308
0.154655787662
0.154855262834
0.155071442603
0.155295621145
0.155521615728
0.155754000764
0.156006521056
0.156284809906
0.156588390181
0.156917388021
0.157270129811
0.157644075241
0.158038132993
0.158452389491
0.158886562532
0.15934073976
0.159810462435
0.160284225209
0.160762341476
0.161246043422
0.161729014258
0.162219826359
0.162720817878
0.163220573675
0.163720220646
0.164231790895
0.164760860446
0.165300132036
0.165840433179
0.166375561416
0.166900587085
0.167411539179
0.16790459182
0.168376187962
0.168823671003
0.169243752656
0.169629500138
0.169973353657
0.170276717679
0.170537624709
0.170749875792
0.170913904571
0.171033748627
0.171115053155
0.171164934813
0.171191052053
0.171198700314
0.171196121693
0.171178738874
0.171133781165
0.171060914121
0.170973478827
0.170886870292
0.170809290845
0.170740722144
0.170678201485
0.170621105846
0.170570896169
0.170527220617
0.170491144502
0.170464049247
0.170445489842
0.17043394856
0.170429817748
0.153546091737
0.153550635774
0.153555435024
0.153567000774
0.153585738124
0.153617406085
0.153664672612
0.153703023678
0.153744439663
0.153798641556
0.153868939927
0.153956842571
0.154062198122
0.154182689107
0.154318448427
0.154472747749
0.154648427694
0.154845400455
0.155053818194
0.15526681475
0.155488288767
0.155723956786
0.155978688489
0.156257319392
0.156561850157
0.156892219692
0.157246788462
0.157622877174
0.158019174825
0.158435186372
0.158871495765
0.159327268393
0.159798563804
0.16027607486
0.160751511195
0.161231750381
0.161718630762
0.162209598104
0.16270784965
0.163211434307
0.163719623141
0.164238001851
0.164769946987
0.165311119155
0.165854293833
0.166393283299
0.166923003631
0.167439174838
0.167937875982
0.168415457371
0.168868491623
0.169292785854
0.16968256084
0.170032591842
0.170340441429
0.170601923369
0.170813088838
0.17097471088
0.171091033511
0.171168181701
0.171213623662
0.171234985113
0.171239652288
0.171235992377
0.171216253518
0.171167290011
0.171085951987
0.170987760637
0.170889886197
0.170802567901
0.170727603444
0.170662403639
0.170604428968
0.170551527817
0.170505635716
0.170470916051
0.170446847757
0.17042867767
0.170416216045
0.170411126651
0.153523106773
0.153523878099
0.153529790051
0.153541649653
0.153562474941
0.153592287114
0.153635303899
0.15367766993
0.153721860993
0.153776643276
0.153846012711
0.153933758443
0.15404003648
0.154165752793
0.154308888057
0.154464192467
0.154633766684
0.154818368295
0.155016002083
0.155225964395
0.155448536797
0.155685266029
0.155941188017
0.156221151264
0.156527028472
0.156859126916
0.157215614426
0.157594405934
0.157993518621
0.1584125827
0.158850980713
0.159310630793
0.159786577562
0.160261361493
0.160735801745
0.16121438824
0.161698157057
0.162190879942
0.162692751303
0.163201977392
0.16371810533
0.164243791902
0.164780673747
0.1653258051
0.165873479788
0.166417867417
0.166953800836
0.167476798807
0.167982822589
0.168468053931
0.168928585445
0.169359854925
0.169756532496
0.170113554831
0.170426412366
0.170689978227
0.170901001898
0.171060727088
0.171173833189
0.17124699909
0.171288070193
0.171305005701
0.171305321573
0.171296162462
0.171267939693
0.171211310361
0.171120077799
0.171007846086
0.17089402101
0.170793259646
0.170710354006
0.170640752928
0.17057672837
0.17051785204
0.170471535569
0.170439206177
0.170415897821
0.170395329975
0.170382856581
0.170378675596
0.153480865562
0.153480692017
0.153490742165
0.153503016632
0.153526022243
0.153557855604
0.153597848699
0.153640958479
0.153689144885
0.153745895403
0.153813943251
0.153902297045
0.154016985055
0.154150764154
0.154293411895
0.154443154676
0.154603397884
0.154779234541
0.154972275458
0.155180166548
0.155400620422
0.155637099847
0.155894400019
0.15617624534
0.156484027402
0.15681752568
0.157176766544
0.157558375301
0.157961457538
0.158384118979
0.158827278608
0.15928927816
0.159764861724
0.16024405381
0.16071446727
0.161187533369
0.161671740959
0.16216819441
0.162675317763
0.163191277484
0.163715521479
0.164249191815
0.164792772189
0.165343885052
0.165897843678
0.166449268533
0.166993031177
0.167524550373
0.168039707924
0.168534553713
0.169004905456
0.169445974649
0.169852336964
0.170218270431
0.170537834514
0.170805420779
0.17101827678
0.171178046171
0.171289718682
0.17136024289
0.171397410962
0.171409211154
0.171402542041
0.171380742877
0.171340638526
0.171268601206
0.17116038127
0.17103015745
0.170896943123
0.170780000874
0.170686042929
0.170605296145
0.17052956561
0.170466772795
0.170422090778
0.170391813669
0.170367176716
0.170346590196
0.170335443352
0.17033082243
0.153416394507
0.15342119754
0.153438044207
0.153456311569
0.153476015354
0.153508130238
0.153550021606
0.153594808836
0.153646005615
0.153705146043
0.153776967624
0.153868552811
0.153990496241
0.15412387896
0.154262322282
0.154404424991
0.154558464347
0.154732050813
0.15492335408
0.155126200209
0.155343628721
0.155580397541
0.155838843861
0.156121942546
0.156431806289
0.156769272857
0.157129484219
0.157514716787
0.157922401584
0.158352458965
0.158799912807
0.159262211653
0.159738727493
0.160212524353
0.160681437584
0.161154095164
0.161640840197
0.162142128316
0.162655506944
0.163178947121
0.163711763599
0.164254241514
0.164806086582
0.165365087002
0.165927175657
0.16648738178
0.167040706947
0.167582587654
0.16810891087
0.168615678118
0.1690985478
0.169552479926
0.169971601234
0.170349290632
0.170678604482
0.170953711608
0.171172172076
0.171335714718
0.171448983745
0.171518166999
0.171550317489
0.171553185739
0.171533439961
0.171492755519
0.171439327208
0.17134650543
0.171210424982
0.171054579946
0.17089812038
0.170760167179
0.17064589783
0.170544962863
0.170457667908
0.170394511635
0.170353077568
0.170324955941
0.170300533336
0.170283011554
0.17027465467
0.170270180244
0.153340426619
0.15334996345
0.15336939713
0.15339593272
0.153417631187
0.153450919044
0.153491596304
0.153538668406
0.153593757105
0.153651009073
0.153730221135
0.153833301664
0.153953650345
0.154084051057
0.1542159632
0.154351109628
0.154504227294
0.154678491278
0.154864999219
0.15506286485
0.155277922687
0.155514540222
0.15577400913
0.156059537958
0.156372459144
0.156712626902
0.1570771299
0.157461883813
0.15787746101
0.15831754251
0.158766425189
0.1592253903
0.159699967059
0.160170585601
0.160637265111
0.161114104836
0.161605827163
0.162112738305
0.162632974701
0.163164576587
0.163706630223
0.164258865633
0.16482046068
0.165389166728
0.165961251077
0.166532071427
0.167096829783
0.167651098143
0.168190871653
0.168712194306
0.169210646378
0.16968092466
0.170116591876
0.170510192807
0.170854114767
0.171142407843
0.171372561502
0.171545433823
0.171663649225
0.171731133326
0.171753995035
0.17174037349
0.171697668532
0.171632500709
0.171555186787
0.171445665243
0.171276435843
0.171083453965
0.170893142309
0.170722217303
0.170575658822
0.170449868675
0.170354969659
0.170294828179
0.170260059834
0.170237470729
0.170219964017
0.17020781519
0.17020357065
0.170201332239
0.153257000312
0.153269444455
0.153289244405
0.153311756939
0.153339601022
0.153380477681
0.153421173959
0.153469579428
0.153531416851
0.153593400207
0.153670305822
0.153781337207
0.153904095613
0.154029248885
0.15415552779
0.154290166325
0.154442503392
0.154613861218
0.154795857835
0.154990832686
0.155204081812
0.15543953474
0.155698426753
0.155985272534
0.156305820754
0.156647253054
0.157016402367
0.157409463848
0.157826408971
0.158267320254
0.158722091455
0.159187300382
0.159649413821
0.160114461512
0.16058539679
0.161068279156
0.161566176917
0.162079559907
0.162607290453
0.163147742881
0.163699844556
0.164262897788
0.164835691544
0.165415864013
0.165999826213
0.166583182234
0.167161394163
0.167730280844
0.168286045781
0.168824874927
0.169342380907
0.16983309116
0.170290137173
0.170705503906
0.171071226974
0.171381125838
0.17163172241
0.171821023507
0.171946822309
0.172010110024
0.172017963368
0.171981071568
0.171908487688
0.171807237545
0.171685157467
0.171545562342
0.171355009752
0.171114475595
0.170874378252
0.17065321436
0.170461073138
0.170309178633
0.170210552531
0.170159129642
0.170138999744
0.170132489623
0.170129343254
0.170125005327
0.1701244153
0.170124764955
0.153164856663
0.153179259571
0.153202326047
0.153224055145
0.153253965088
0.153295289272
0.153337599494
0.153386046527
0.153447426202
0.153524072172
0.153605339838
0.153716293437
0.153839615408
0.153960861694
0.154081616882
0.154218576442
0.154373779187
0.154539987826
0.154716539924
0.154909018615
0.155121662191
0.155356959586
0.155615620019
0.155900687713
0.156227361925
0.156577321263
0.156942330841
0.157343106583
0.157765122508
0.158210763953
0.158668204674
0.159130530086
0.159590973096
0.160052144868
0.160526630202
0.161016259316
0.161521305699
0.162042061431
0.162578000298
0.163127997986
0.163691018764
0.164266043991
0.164851505853
0.165444879055
0.166042624802
0.166640541267
0.167234386175
0.167820320964
0.168394859313
0.168954444945
0.169494897269
0.170010844387
0.170495372018
0.170940417051
0.171337990509
0.171681247968
0.171963961072
0.172177944581
0.172312868502
0.172369629678
0.172359086807
0.172294333235
0.172183112453
0.172030991741
0.171845605138
0.171638928329
0.171414655283
0.171144826772
0.170829782104
0.170533096903
0.170282988757
0.170104342419
0.170006571518
0.169974929483
0.169986216669
0.170014065451
0.170032834138
0.170034957256
0.170035157528
0.170035401857
0.153060047618
0.153073804871
0.153098772401
0.153124977851
0.153162225467
0.153198481668
0.153241097785
0.153291479192
0.153345802422
0.15342983437
0.153523323291
0.153634620858
0.153757878291
0.153879008899
0.153998586196
0.15413564586
0.154291844062
0.154454660841
0.154627043117
0.154816145552
0.155027675214
0.155264307344
0.15552739651
0.155811917688
0.156132988176
0.156496275667
0.156869495581
0.157269531538
0.15769300743
0.158132245004
0.158597353396
0.159061879564
0.159519385346
0.159981851742
0.160461283613
0.160957855281
0.161470662393
0.161999670386
0.162544631701
0.163104894808
0.163679702769
0.164267889356
0.16486752665
0.16547585414
0.166089325635
0.166703929382
0.167315760073
0.167921375486
0.16851767205
0.169101492536
0.169669139241
0.170215804764
0.170735258814
0.171220220559
0.171663092868
0.172055229641
0.172384053733
0.172632383033
0.172781399529
0.172836051113
0.172808902192
0.17271212232
0.172550855629
0.172331537921
0.172066423703
0.171764309972
0.171442929779
0.171114114281
0.170748317551
0.170337429143
0.170011524979
0.169802039746
0.169713588951
0.16972364479
0.16979867367
0.16989118439
0.169940866151
0.169937037598
0.169932077813
0.169928280257
0.152939557753
0.15295032472
0.152969690279
0.153003386124
0.153050034805
0.153086170364
0.153129549879
0.153185066667
0.153237804086
0.153318287986
0.153421057866
0.153534986532
0.153657421388
0.153779874713
0.153905259113
0.154043985112
0.154198237761
0.15435764157
0.154527247604
0.154713063567
0.154920728962
0.15515485179
0.155426571075
0.155722364994
0.156037555478
0.156400393684
0.156782117962
0.157178875303
0.157612859858
0.15805758305
0.158513676492
0.158972773414
0.159431518103
0.159901964621
0.160388453162
0.16089241925
0.161413559063
0.161951685189
0.162506619707
0.163077967534
0.163665392455
0.164267908861
0.164883275983
0.165508353594
0.166139542896
0.166773071941
0.167405417271
0.16803353594
0.168654722723
0.169266355626
0.169865569488
0.170448844288
0.171011825149
0.171549379393
0.17205470583
0.1725141667
0.172902987718
0.173204392759
0.173387109314
0.173457280821
0.173420643344
0.173284403915
0.173056534073
0.172749059449
0.17238665716
0.171968295685
0.171492837924
0.171029832826
0.170541834717
0.170016778464
0.169592254078
0.1693429584
0.169278021274
0.169371221176
0.169571311441
0.16979218131
0.169885079043
0.16983131548
0.169813250022
0.169802166273
0.152803074038
0.152811155607
0.152822307015
0.152860140524
0.152907287947
0.152950098874
0.152996840155
0.153058053896
0.153117102423
0.153196132625
0.153302560584
0.153418009424
0.153539123204
0.153659356946
0.153792441048
0.153939363652
0.154091961516
0.154248391364
0.154416253527
0.154600171014
0.154803741291
0.155031176003
0.155302344133
0.155618313276
0.155939620584
0.156290209129
0.156683624529
0.157086156531
0.157510924722
0.157959825416
0.158417238049
0.158873808384
0.159334113351
0.159811698282
0.160306516726
0.160818937254
0.161349121964
0.161897103515
0.162463056781
0.16304665427
0.163647673849
0.164265565928
0.164898135058
0.165541816628
0.166192804923
0.166847613765
0.16750318049
0.168156807544
0.168806081723
0.169448961378
0.170083813211
0.170709394773
0.171325066549
0.171929840703
0.172517855636
0.17306321899
0.173521449631
0.17392808837
0.174208216159
0.174338152843
0.174303101393
0.174110088787
0.173790026243
0.173363467371
0.172897895603
0.172349495601
0.17163023149
0.170902283191
0.170211524447
0.169513901679
0.168979962381
0.168665356773
0.16864646737
0.168879923822
0.169309811192
0.16980127459
0.169956302828
0.169694343298
0.169668180572
0.169649023415
0.152651573733
0.152660884572
0.152676645377
0.152704357684
0.152746212364
0.152793353379
0.152844461884
0.152908410176
0.152978085784
0.153058687281
0.153167676748
0.153284336105
0.153405277912
0.153524089692
0.153658250162
0.153812774924
0.153967965203
0.154124833805
0.154292405563
0.154475671404
0.154677093999
0.154898831738
0.155164481397
0.155490800535
0.15582719774
0.15617463697
0.156571124051
0.156981847367
0.157401526502
0.157847224849
0.158298328929
0.1587541489
0.159224068868
0.159710644173
0.160214401704
0.160736130901
0.161276454444
0.161835225341
0.16241287655
0.163009818272
0.163625842514
0.164260395456
0.16491153991
0.165575577905
0.166248488258
0.166927069394
0.167608774269
0.168291093865
0.168971597875
0.169648697307
0.170322289841
0.170994660775
0.171671319513
0.17235822494
0.173050515713
0.173698757338
0.1742401064
0.174964147988
0.175435707809
0.1756424969
0.175540232741
0.175134031442
0.174521418933
0.17382627628
0.173215477793
0.17266292056
0.171933429161
0.170820590862
0.169698072029
0.168747933005
0.167920462937
0.167418138131
0.16749615748
0.168014803995
0.168887350179
0.170100944659
0.170343209959
0.16942800747
0.169483769499
0.169453007337
0.152481258474
0.152491796352
0.152516492458
0.152534970596
0.152570627476
0.152618862666
0.152673442208
0.15274155382
0.152824019388
0.152905556949
0.153015901458
0.153133999787
0.153256063938
0.153376485532
0.153511472088
0.153668931359
0.153826855898
0.153986102709
0.154154814272
0.154338079972
0.154538827044
0.154758398656
0.155015066855
0.155337810994
0.155697474066
0.156052334337
0.156436533072
0.156862713967
0.157291214142
0.157719743681
0.158163683107
0.158623289299
0.159101106251
0.159597043314
0.160110785666
0.160642867095
0.161194017929
0.16176476068
0.162355367161
0.1629664996
0.163598745381
0.164251561397
0.164922897612
0.165608998245
0.166305855417
0.167010741971
0.167721705072
0.168436185751
0.169151023323
0.169864357875
0.170577938695
0.171298899861
0.172041147812
0.172820290174
0.173641626196
0.174477675521
0.174762156203
0.174885042309
0.175128553048
0.175289192462
0.17517899314
0.17481991716
0.174293572107
0.17366921979
0.173005390119
0.172296065416
0.171417881437
0.170410073625
0.1694236027
0.168558072597
0.167904264436
0.16763978518
0.167855315936
0.16854889832
0.169754272131
0.171625678814
0.172368541333
0.167950139275
0.169109884775
0.169203333002
0.152288592969
0.152298499735
0.152321811388
0.15234210741
0.152375379589
0.152424912364
0.152481231478
0.152549302087
0.152643797664
0.152734134432
0.152845571212
0.152965860992
0.153090572924
0.15321511498
0.15335252894
0.15351082665
0.153670499981
0.153832669859
0.154003321809
0.154187163296
0.154387467188
0.15460660063
0.154857221636
0.155171616131
0.155545172485
0.155916824683
0.156292568419
0.156711166201
0.157149449461
0.157582213218
0.158020888305
0.158481323757
0.158965500446
0.159470722219
0.159994887713
0.160537849301
0.161100735343
0.161684227019
0.162289020868
0.162915714537
0.16356534068
0.164237948323
0.164931373767
0.165641403721
0.166363988549
0.167097542085
0.167841392206
0.16859223316
0.169344048634
0.17009393011
0.170846542159
0.1716135997
0.172416504518
0.173277300352
0.174223259613
0.17437759773
0.174596808458
0.174811645964
0.174959877083
0.175033437993
0.174905702373
0.174556824014
0.174033142073
0.173386287547
0.172659752218
0.171868600354
0.170990132982
0.170046487781
0.169118641901
0.168281771368
0.16762458429
0.167282857866
0.167346282209
0.167834096434
0.168666007889
0.169599859359
0.169194791616
0.169752530496
0.170578534998
0.168907186171
0.152075493491
0.152084593234
0.152108693133
0.15212932378
0.152162905403
0.152212765194
0.152270366883
0.152335548595
0.152431741445
0.152536020885
0.152653091622
0.152777081826
0.152906095981
0.153038361275
0.153178824106
0.153337863751
0.153499141359
0.153664695786
0.15383777998
0.15402277689
0.154222951899
0.154441305848
0.154687747899
0.154992224841
0.155365115583
0.155762577933
0.156146337789
0.156551260973
0.156983097898
0.157416837394
0.157857605317
0.158324039079
0.158815679994
0.159330099139
0.159865129435
0.160420000553
0.160995307288
0.161592474075
0.162212405632
0.162856045088
0.163524455873
0.164218187447
0.164935646166
0.165672034173
0.166422452815
0.167186768288
0.167966821101
0.168758147527
0.169549452313
0.170335496002
0.171124367162
0.171929608335
0.172775571169
0.173630225474
0.173956499403
0.174251410596
0.174410840299
0.174545164412
0.174611030631
0.174576519545
0.174377272443
0.173988622858
0.173434128411
0.172751008284
0.171971422311
0.171113720596
0.17018394849
0.169206567141
0.168240047908
0.167360040161
0.166624201168
0.166124047818
0.165952322579
0.166116942243
0.166528031413
0.167056289295
0.167441054002
0.168425261196
0.169222436255
0.171669554146
0.151844254452
0.151851841842
0.151871819377
0.151895406897
0.151933579192
0.151983880347
0.152044196247
0.152108352483
0.152203422968
0.152315943194
0.152438101812
0.152565403783
0.152697438841
0.152840264448
0.15298704763
0.153147036279
0.153310517332
0.153480825403
0.153657261621
0.153844126329
0.154044698496
0.154262110353
0.154505218156
0.154801169869
0.155167919198
0.155581040045
0.155984264181
0.156384279058
0.15680387296
0.157232632792
0.157676993018
0.158149435696
0.158648774244
0.159172286356
0.159718707864
0.160286820526
0.160876108203
0.161487774477
0.162124080755
0.162785807436
0.163474390135
0.164191214628
0.164935023576
0.165700281267
0.166479523984
0.167275341268
0.168098169895
0.168940428124
0.169772638549
0.17059113114
0.171411406497
0.172246241158
0.173090471952
0.173414139426
0.173714420925
0.173950407728
0.174081871086
0.174148450076
0.174129923741
0.173993805033
0.173707201612
0.173253594709
0.17264364407
0.171901902802
0.171053454444
0.170118678487
0.169115422492
0.168071096108
0.167030486508
0.166050945731
0.165161597842
0.164412844733
0.163884093459
0.163594057816
0.163506438772
0.163603350234
0.163892281248
0.164787126965
0.167239486893
0.169654624205
0.151597858562
0.151604180183
0.151618904403
0.151646005012
0.151688071893
0.15173855443
0.151800903648
0.15186809621
0.1519597852
0.152076381504
0.152201747592
0.152331270105
0.152463877011
0.152612436723
0.152770926894
0.152934499423
0.153100949904
0.153276815482
0.153459037208
0.153649412916
0.153851658259
0.154068141339
0.154308612045
0.154597284268
0.154952903465
0.155363582801
0.155787215615
0.156197758892
0.156613282554
0.157038343568
0.15748096424
0.157957303012
0.158464075403
0.15899505854
0.159553781052
0.160136298727
0.160739768779
0.161367433314
0.162021648616
0.162703577344
0.163414092582
0.164154996398
0.164926361211
0.165724544378
0.166543933805
0.167385824083
0.168254598807
0.16913362421
0.170001365796
0.170861487945
0.171713698856
0.172591280579
0.172893397525
0.173159480993
0.173392398122
0.173560475952
0.173633538606
0.173611844769
0.173485793241
0.173234993385
0.172840342824
0.1722918922
0.171594959928
0.170765788711
0.169823841769
0.16878793836
0.167677059616
0.166515068274
0.165333821691
0.164169917011
0.163050811296
0.161973931146
0.160969048084
0.160059204032
0.159204740058
0.158355691238
0.157473251271
0.156634947317
0.155821090493
0.153695849205
0.15133742425
0.151343431229
0.151356545251
0.151387265042
0.151429169086
0.15147785901
0.151538104508
0.15160995892
0.151698121014
0.151816553433
0.151944354687
0.152075984684
0.15221005478
0.152359403633
0.152527777657
0.152698273425
0.152869492804
0.153050257029
0.15323900742
0.153435351412
0.153641900307
0.153858336931
0.154096642747
0.154379876712
0.154724727279
0.15512715426
0.155558492707
0.155982258456
0.156395524754
0.156818227081
0.157265986253
0.157743989975
0.158255717165
0.158796356722
0.159367920182
0.159964952439
0.160583856872
0.161228756949
0.161902161293
0.162605752897
0.163340536605
0.164108514338
0.164913174763
0.165756423849
0.166629479296
0.167516606709
0.168417972315
0.16933137359
0.170253282263
0.171175580432
0.172141073252
0.172414244816
0.172630808491
0.172829879017
0.172985863979
0.173064435442
0.173042487338
0.172911705335
0.172664526463
0.172288299159
0.171771218736
0.171107500258
0.170300353801
0.169360469559
0.168301985635
0.167139766318
0.165889140543
0.164567272393
0.163193599926
0.161786436738
0.160359754138
0.158859912697
0.157250320249
0.155519373717
0.153564807839
0.151204958122
0.148193217663
0.144318226602
0.139691193918
0.139277031167
0.151060277567
0.151066473787
0.151080167537
0.151114974652
0.151156124065
0.151202403628
0.151258394903
0.151333032162
0.151416179468
0.151534924644
0.151665195474
0.151799071493
0.151935623782
0.152087113393
0.152260831435
0.152438387647
0.152615953481
0.152802029674
0.15299603683
0.153198925249
0.1534124013
0.153630792773
0.153867134252
0.154146308052
0.154481938864
0.154874038302
0.155304702104
0.155736393352
0.156159185494
0.156581558391
0.157032352723
0.157514570709
0.158028057123
0.158571457116
0.159152375801
0.159767283582
0.160405105755
0.161069376333
0.161762943673
0.162489224527
0.163250917159
0.164050913624
0.164899296965
0.165798647286
0.166720781783
0.167644551849
0.168581925006
0.169561440195
0.17058444571
0.171685032154
0.171957406573
0.172134929129
0.172290530064
0.172415093373
0.172473033517
0.172439728605
0.172298946347
0.172041187136
0.171659284217
0.171145038879
0.170491193707
0.169694265846
0.16875604316
0.167682944599
0.166483860487
0.165168188528
0.163744878276
0.162222011717
0.160605569378
0.158895708278
0.157083578848
0.155095921103
0.152797153659
0.150083021437
0.146748995412
0.14235840046
0.136074905607
0.126139441977
0.107478230859
0.0620798651199
0.150760164773
0.150766497718
0.150782630564
0.150822083305
0.150863190612
0.15090771067
0.150961581712
0.151036096022
0.151113759819
0.151230680043
0.151363091991
0.151499137722
0.151638199195
0.151791892487
0.151968999522
0.152152943383
0.15233882979
0.152530982307
0.152729377772
0.152938026291
0.153159890549
0.15338313839
0.153617475557
0.153893162421
0.154221809625
0.154602710288
0.155026162782
0.155455336374
0.155890345001
0.156325979919
0.156777416952
0.157257999325
0.157776971264
0.158330028127
0.158913384686
0.159539036707
0.160197282292
0.160883298452
0.161600814296
0.162351919172
0.163141756459
0.163982369884
0.164889669521
0.165847350102
0.166811352687
0.167776145014
0.168781438177
0.16989557322
0.171165151959
0.171465544843
0.171629963988
0.171762865233
0.1718587768
0.171887520261
0.171828761595
0.171667310256
0.171391168687
0.170992068869
0.170464023889
0.169801491298
0.168999733031
0.168056117694
0.166970835778
0.165746479942
0.164386686898
0.162894551598
0.161271224553
0.1595143912
0.15761576071
0.155556453621
0.153298956473
0.15077906092
0.147784350626
0.144047705812
0.139274298961
0.132836795566
0.123502908029
0.10889450793
0.0842114781716
0.0431295006557
0.150428407473
0.150434852413
0.150453381347
0.15049755984
0.150538448671
0.150584402519
0.150637917357
0.150710456188
0.150785754845
0.150901977806
0.151036554643
0.151174598914
0.151315940933
0.151471283806
0.151650039809
0.151838087611
0.152034082707
0.15223381498
0.152436891919
0.152650580003
0.152880290631
0.153112481231
0.15334613022
0.153617115579
0.153940854095
0.154312058472
0.15472624543
0.155148482732
0.155583434892
0.156035888716
0.156502053822
0.156984309618
0.157494219326
0.158051060212
0.158648357368
0.159283805317
0.159958443605
0.160666276818
0.161408626789
0.162188282965
0.163013921017
0.163909623273
0.16488303708
0.165894082957
0.166911638382
0.16795839996
0.169077251822
0.17045629318
0.170848840081
0.171051485749
0.171198997219
0.171291931931
0.171303376051
0.171220417897
0.171033551343
0.170733060465
0.170310788923
0.169760866431
0.169078902617
0.168260961428
0.167303451474
0.166203589869
0.16495962423
0.163570406829
0.162034331951
0.160347888453
0.158503960865
0.156489634956
0.154282887161
0.151847299811
0.149123576883
0.146018945308
0.142352109038
0.137743264522
0.131744071305
0.123743971164
0.112615900734
0.0965006272223
0.0721524936878
0.038599676013
0.150057924138
0.150066239862
0.150085773927
0.150129383381
0.150173274658
0.150225742918
0.150282702227
0.150356201476
0.150435927895
0.150547762922
0.150683787852
0.15082376665
0.15096734016
0.151124016191
0.151303232438
0.151491766728
0.151694017106
0.151904464624
0.152114962238
0.152334884969
0.152570556345
0.152814670175
0.153055483104
0.153318274093
0.153636796881
0.154000342145
0.154405231714
0.154820698919
0.155249299407
0.155708469984
0.15619069296
0.156686988933
0.157196562478
0.157746034895
0.158345343508
0.158993905515
0.159686259271
0.160416761917
0.161183750687
0.161994707363
0.162870550257
0.163834433593
0.16487175695
0.165944640407
0.167054774635
0.168250308404
0.169452124856
0.169997929499
0.170308228335
0.170533156677
0.170664318312
0.170688243807
0.170600465783
0.170397682724
0.170075507877
0.169629244865
0.169054853542
0.168349125071
0.167509240673
0.166532227276
0.165414754814
0.164153194115
0.162743541395
0.161180928658
0.15945864625
0.157566718879
0.155490016747
0.153205672102
0.150679324189
0.147859496521
0.14466919059
0.140993320923
0.136664228148
0.1313526949
0.124500022851
0.115443453699
0.103319120302
0.086771281533
0.0634039086584
0.0338847028475
0.149653413714
0.149664954069
0.149684520016
0.149722016441
0.149771783573
0.149831176408
0.149894262962
0.14997285343
0.150062438818
0.150169107943
0.150303940351
0.150445155463
0.150591018806
0.150749204853
0.150929111719
0.151118436125
0.151321480067
0.151541019147
0.151761692319
0.151990332431
0.152231911237
0.152487567848
0.152744878765
0.15300985075
0.153315050097
0.153669294718
0.154064601037
0.154473457957
0.154893654402
0.155350255026
0.155839224443
0.156354130763
0.156875203452
0.157420284787
0.158014115019
0.15866533531
0.159371880167
0.160126686786
0.160922327054
0.161775021152
0.162715329543
0.163751210504
0.164853798455
0.166006722864
0.16726469732
0.168717638727
0.169098906541
0.169381681382
0.169719756311
0.16993495131
0.170005687156
0.169941412652
0.169744146253
0.169413829299
0.168950787487
0.168355095354
0.16762633985
0.166763621848
0.165765366723
0.164629038871
0.163350954049
0.16192616716
0.160348235726
0.158608669319
0.156695963808
0.154594170488
0.152280911265
0.149724626759
0.146880680221
0.143685774397
0.140049956502
0.135845292423
0.130889513227
0.124929264518
0.117515511466
0.107946447442
0.0953631947366
0.0787674920734
0.0565134331684
0.0297322177728
0.149228686625
0.149240618538
0.149259125187
0.149289445855
0.149342289015
0.149404440977
0.149471671794
0.149552975181
0.149649639908
0.149758898572
0.149894301212
0.150036968545
0.150185406366
0.150345307107
0.150526288299
0.150717830927
0.150922757861
0.151148506691
0.151379144961
0.151619725984
0.151870572435
0.152134877634
0.152404963262
0.152685532057
0.152991558485
0.153333976873
0.153712327614
0.154111670675
0.154521333902
0.154969415346
0.155456027946
0.155977076319
0.156516316471
0.157068730396
0.157661151481
0.158306939578
0.159015880536
0.159789579278
0.160621828002
0.161530538397
0.162543782131
0.163650482348
0.164817871015
0.166045364118
0.167340587891
0.168123737449
0.168633579912
0.168854595014
0.169094813516
0.169237030557
0.169223047049
0.169054102788
0.168734871862
0.16826928348
0.167661651965
0.166915577857
0.166033311533
0.16501561711
0.163861661828
0.162568862381
0.161132739492
0.159546748757
0.15780196772
0.155886507319
0.153784546848
0.151474909879
0.148929070385
0.146108402099
0.142960378833
0.139413321356
0.1353691697
0.130693639888
0.125203011754
0.118646427929
0.110688861076
0.100828479988
0.0883118750297
0.0722502040633
0.0513791405924
0.026694525584
0.148789236896
0.148799590445
0.148816025291
0.14884406098
0.148892507528
0.148952674747
0.149020819368
0.149101464441
0.149200928087
0.149314848671
0.149453188372
0.149597770528
0.14974898424
0.149910551186
0.150092460521
0.150286176812
0.150493284007
0.15072411887
0.150963064339
0.151214716993
0.151479914288
0.151753747498
0.152035569093
0.152322453307
0.152636868993
0.15298546566
0.153357634066
0.15374038535
0.154136009283
0.154572146564
0.155052624556
0.155567690836
0.156112906685
0.156674974303
0.15727171538
0.157918831967
0.158625179428
0.159408958419
0.16028105122
0.161256700802
0.162346194805
0.163522183206
0.164750958128
0.165985222716
0.167206398457
0.167677036545
0.167924802426
0.168204875004
0.168395179959
0.168438515353
0.168315566653
0.168025767365
0.167574323275
0.1669682861
0.166214878421
0.165320062738
0.164287796571
0.163119785715
0.161815391829
0.160371556839
0.158782704161
0.157040562979
0.155133828815
0.153047562827
0.150762241027
0.148252367136
0.145484543054
0.142414843513
0.138985278374
0.135119057588
0.130714313775
0.125635890403
0.11970479231
0.112685003996
0.104267387632
0.0940534440754
0.0815405204757
0.0660382475226
0.0465282853887
0.0238351411419
0.148329235321
0.148341265513
0.148354375009
0.148385228738
0.148426346892
0.148481682301
0.148547968016
0.148626622585
0.148726104543
0.148840109574
0.148981242688
0.14912740431
0.149280491723
0.149443625367
0.149626613526
0.149821185004
0.150028734271
0.150263942573
0.150509935709
0.150768564383
0.151045230217
0.151327984844
0.151625740399
0.15192653633
0.152241270107
0.152594484489
0.152977951872
0.153355858843
0.15373713237
0.154157430021
0.154632100162
0.155143255423
0.155683908704
0.156246827734
0.156842437509
0.15748877512
0.158193934495
0.158985767768
0.159897021148
0.160943754792
0.162107813216
0.163337321198
0.164588065704
0.165811654413
0.166479373131
0.167079513902
0.167307285201
0.167502955821
0.167596018224
0.167525983785
0.16727915234
0.166856966393
0.166266847165
0.165518321633
0.164620596549
0.163581062388
0.162404532779
0.161092970705
0.159645428656
0.158058034985
0.156323939738
0.154433154045
0.152372211567
0.150123577397
0.147664730523
0.144966844715
0.141992978011
0.138695654774
0.135013687932
0.130868057951
0.126156643694
0.120747611636
0.114471322947
0.107110769793
0.0983907857649
0.0879666782399
0.075411636363
0.0602345115759
0.0417483182696
0.0209623510927
0.147839434032
0.147852300364
0.147867196529
0.147899112112
0.147938426312
0.147990723086
0.148054336218
0.148130484882
0.148227546673
0.148337899086
0.148480006524
0.148627436942
0.148780131886
0.148944787118
0.149129969607
0.149325180459
0.149531201092
0.149766893531
0.150018843768
0.150281327885
0.150566029539
0.150859105221
0.151165408844
0.15148821095
0.151817388615
0.152174899761
0.152569081138
0.152957082977
0.153325968277
0.15372736547
0.154187073732
0.15469495415
0.155236256822
0.155799867293
0.156387739227
0.157025593709
0.157723373714
0.158517834468
0.15946547296
0.160582623381
0.161815657411
0.163067906502
0.164308105819
0.165691508902
0.166044249525
0.166234644714
0.166529944519
0.166697081521
0.166686055871
0.16649139878
0.16611115815
0.165550271527
0.164819043426
0.163929151794
0.162891119404
0.161712997321
0.160399734449
0.158952974977
0.157371062751
0.155649087413
0.153778872731
0.151748838935
0.149543679676
0.147143795456
0.14452442664
0.141654425797
0.138494601665
0.134995551232
0.13109488255
0.126713720653
0.121752402938
0.116085314861
0.109554929345
0.101965336225
0.0930758812085
0.0825967143823
0.0701856371421
0.0554793213069
0.0379143717435
0.0187749138201
0.147319042364
0.147329545523
0.147350492168
0.147382856043
0.147424141364
0.147476467576
0.147538212726
0.147612214631
0.14770606115
0.147810579886
0.147951181995
0.148100440164
0.148251147783
0.148414625988
0.148603394092
0.148800774086
0.14900607289
0.149236830935
0.149489565865
0.149755222417
0.150043455087
0.150349167546
0.150670396611
0.151005365495
0.151353497633
0.151720476671
0.152126138721
0.152537130935
0.152907623542
0.153290073773
0.153724931457
0.154219755608
0.154758675865
0.155328760251
0.155915018536
0.156538303043
0.157220007228
0.158004798592
0.158980117775
0.160162944462
0.161436963332
0.16269153442
0.163846556794
0.164532246914
0.165394964384
0.165564936825
0.165720099099
0.165785880126
0.16565986461
0.165333047997
0.164813096558
0.164110843276
0.163239479148
0.16221216778
0.161040050608
0.159731171712
0.158290033952
0.15671752631
0.155011015441
0.153164451767
0.151168396396
0.149009907975
0.146672241411
0.144134315898
0.141369910036
0.138346541107
0.135023979071
0.131352340609
0.127269702334
0.122699181659
0.117545460359
0.111690799305
0.104990722027
0.0972698079319
0.0883183426189
0.0778919458839
0.065712286315
0.0515082078317
0.0348137842401
0.0170613349891
0.146774514428
0.146784170316
0.146806810718
0.146839614447
0.146883100986
0.14693684227
0.146997510414
0.147070162818
0.147162277662
0.147261097784
0.147397036364
0.147548340667
0.147698402902
0.147856772417
0.148046675915
0.14824697787
0.148453185504
0.148678411626
0.148926104543
0.149190904271
0.149481133851
0.149787386751
0.150123798105
0.150474251605
0.150841308601
0.151222375312
0.151639184786
0.152078863046
0.152474109266
0.152849876261
0.153262552768
0.153729558213
0.154253863621
0.1548235778
0.155422770974
0.156039025249
0.156696982245
0.157450444712
0.158437747288
0.159673208703
0.160953988391
0.162222513062
0.163577496739
0.164147373544
0.164470231941
0.16473336958
0.164845521764
0.164778988124
0.164515857164
0.16404947527
0.163387798959
0.16254543426
0.161538027016
0.160379653475
0.159081445601
0.157650888899
0.15609161056
0.154403460579
0.152582699096
0.150622159468
0.148511308659
0.146236156343
0.143778978314
0.141117824673
0.138225785452
0.135069983399
0.131610260862
0.127797521524
0.12357169023
0.118859264418
0.113570470819
0.107596115883
0.100804362508
0.0930379295934
0.0841124783302
0.0738184764208
0.0619233021732
0.0482182468128
0.0322962498438
0.0156401700558
0.146208213213
0.146217292295
0.146238801742
0.146272808679
0.146317013624
0.146371286641
0.146430854482
0.146501374861
0.14659524438
0.146694374929
0.146819791183
0.146971282255
0.147122873349
0.147278791694
0.147461889376
0.147662184967
0.147869431313
0.148091093155
0.148334238713
0.148592427339
0.148883995342
0.149188821275
0.149520641041
0.149878622694
0.150259480549
0.1506628667
0.15109621586
0.151566247496
0.152012254224
0.152401366593
0.152804016062
0.153248757676
0.15374848945
0.154297341732
0.15489567885
0.155525034029
0.156173983849
0.156875856578
0.15782736957
0.15911500053
0.160416617785
0.161601023961
0.162920397667
0.16352131409
0.163588459526
0.163772296199
0.163830294565
0.163651267308
0.163250291461
0.162641911419
0.161840089362
0.160862200408
0.159725436429
0.158444215192
0.157029157399
0.15548677938
0.153819553989
0.152026155335
0.15010173828
0.148038150868
0.145824021091
0.14344468547
0.140881938167
0.138113584652
0.135112783232
0.131847155494
0.128277638785
0.124357048938
0.120028317346
0.1152223804
0.109855731453
0.103827726011
0.0970178633154
0.0892835453776
0.080459027449
0.0703580254828
0.0587755713946
0.0455390996347
0.0302724346832
0.0144483134782
0.145621038471
0.145629833681
0.145650575046
0.145686114235
0.145728630704
0.145780795808
0.145839395138
0.145906209117
0.145999070762
0.1461024047
0.146216875421
0.146366277145
0.146518853416
0.146676160613
0.146849142288
0.147044891942
0.147251075074
0.147469683391
0.14771191083
0.147965101893
0.148248801312
0.148555720795
0.148879517261
0.149233284969
0.14961736199
0.150028546538
0.150476349835
0.15096711082
0.1514779543
0.151924905146
0.152330856386
0.152766144266
0.153245041328
0.153779502783
0.154358338836
0.154987215491
0.155649939278
0.156326764361
0.157155519623
0.158407830873
0.15978695627
0.160914322672
0.161436325439
0.162515328356
0.162706369619
0.162769484139
0.162701683738
0.162400098222
0.161863499032
0.161115107387
0.160177299257
0.159070597957
0.157812900623
0.156418256674
0.154896308587
0.153252311975
0.151487442963
0.149599192062
0.147581721252
0.145426113267
0.143120477212
0.140649893914
0.13799619373
0.135137561515
0.132047962363
0.128696373132
0.125045794021
0.121051998332
0.116661970947
0.111811985509
0.106425299496
0.100409508571
0.0936537329125
0.086026083718
0.0773720717505
0.0675166456905
0.0562647310172
0.0434554074481
0.0287187146301
0.0134737153138
0.145014063171
0.145022766332
0.145047346794
0.145082611543
0.145120242835
0.145168524498
0.145226046171
0.145290094773
0.145374231475
0.145477113352
0.14558493856
0.145730342677
0.145882057908
0.146037969886
0.146203339432
0.146393392605
0.146593952723
0.146808368441
0.147049832281
0.147302857853
0.1475746345
0.147875976157
0.14819459244
0.148543819778
0.148921395629
0.149327746623
0.149774688086
0.150267672813
0.150809642472
0.151355028781
0.151818463377
0.15225751412
0.15272825332
0.153244766243
0.153816182851
0.154439457878
0.155113727907
0.155829406273
0.156581110157
0.157595943338
0.158988362256
0.160475696555
0.160939885989
0.161343585935
0.161646975539
0.161687226079
0.161477622777
0.161033275344
0.160358560372
0.159474540735
0.158407543985
0.157180506593
0.155811456262
0.154313489213
0.152694890191
0.150959479828
0.149107118549
0.147134214631
0.145034136558
0.14279748537
0.140412212287
0.137863581204
0.13513398061
0.132202590947
0.12904490684
0.125632100849
0.121930191437
0.117898953229
0.113490481909
0.108647316247
0.103300024398
0.0973642098037
0.0907369882452
0.0832932716282
0.0748824010811
0.065328033772
0.0544261731527
0.0420007928569
0.0276606518757
0.0127349929259
0.144387594578
0.144397089725
0.14442516462
0.144456197455
0.144489378616
0.14453471346
0.144590837636
0.144653114525
0.144728121515
0.144825914166
0.14492694044
0.145064434743
0.145214614813
0.14536477494
0.145523212058
0.145709830628
0.145902592322
0.14610748311
0.146345073003
0.14659470553
0.146858313823
0.147152028386
0.147460304176
0.147805513915
0.148174977848
0.148574182451
0.14900568567
0.149483506566
0.1500128102
0.150599782919
0.15118212657
0.151686449973
0.15217787778
0.15269329666
0.153257703897
0.153880267832
0.154565264008
0.155311367626
0.15610199325
0.156997866179
0.158134554901
0.15995655387
0.16035821527
0.160294229599
0.160477354408
0.160463545223
0.160135982034
0.15955093264
0.158739412591
0.157726314309
0.156539126378
0.155201664482
0.15373155857
0.152140607066
0.150435526024
0.148618653297
0.146688620428
0.144640938414
0.142468441435
0.140161569426
0.137708494329
0.135095103169
0.132304855142
0.129318527835
0.126113858229
0.122665058597
0.118942151988
0.11491002712
0.110527074403
0.105743229815
0.100497239614
0.0947129586758
0.0882945495237
0.0811206763861
0.0730379288526
0.0638562994775
0.0533421709254
0.0412692657172
0.0271852917902
0.0122836189648
0.143739566244
0.143749067239
0.143769107989
0.143798904609
0.143833029129
0.143877383745
0.143931774125
0.143991219338
0.144060881005
0.14415286089
0.144250001046
0.144372821789
0.144521802757
0.144666762152
0.144816508654
0.144997949637
0.145187392043
0.145382357069
0.145606187497
0.145847866193
0.146100541807
0.14638890225
0.146687817358
0.147014801713
0.147372700915
0.14776393992
0.148179958967
0.148635562292
0.149138443715
0.149697159933
0.150316258626
0.150942184064
0.151516561652
0.152077693692
0.152659378052
0.153287700125
0.153976670848
0.154734339254
0.155549382962
0.156445683195
0.157268361973
0.158235291616
0.159325532266
0.159255146809
0.159240734974
0.159107122356
0.158668371323
0.157953891733
0.157012359407
0.155878348085
0.154580900614
0.153143533123
0.151582850461
0.149909106255
0.148127372971
0.146238563131
0.144240242497
0.142127262494
0.139892212713
0.137525703969
0.13501650262
0.132351542492
0.129515842764
0.12649235858
0.123261772478
0.119802197028
0.116088702028
0.112092519772
0.107779722513
0.103109115084
0.0980290306758
0.0924726594722
0.0863514908484
0.0795465812773
0.071897268877
0.0631898700319
0.0531417294352
0.0414329771539
0.0274935223195
0.0122535422201
0.14307174011
0.143080087231
0.143092765898
0.143121885242
0.143157405501
0.143199400189
0.143249599244
0.143304746867
0.14336848142
0.143455002718
0.143552325181
0.143659279145
0.143804496665
0.143949260603
0.144093973662
0.144260293568
0.144446276177
0.144635640158
0.144840764235
0.14507349989
0.145313919356
0.14558453596
0.145877249414
0.146182837688
0.146523185391
0.146891992174
0.147293603586
0.147727736603
0.148201133396
0.148725147641
0.149300509234
0.149938282283
0.150594951013
0.151241873807
0.151876641136
0.152535056743
0.153237872161
0.154003772786
0.154828633265
0.155755294574
0.156452626906
0.156469699059
0.157739962476
0.15800237397
0.157936611929
0.157657507197
0.157091800928
0.156251130562
0.155186429847
0.153939820098
0.15254188854
0.151014959702
0.149373900103
0.147627140999
0.145778092724
0.143826363876
0.141768662559
0.139599441873
0.137311341588
0.134895464155
0.132341520341
0.129637881092
0.126771578117
0.123728291481
0.120492335013
0.117046590627
0.113372267072
0.109448280415
0.105249988177
0.10074693527
0.0958991763416
0.0906515536753
0.0849250810396
0.0786043601301
0.0715194344824
0.0634244094392
0.0539666746538
0.0426902284545
0.0288756324815
0.0128810608878
0.142388300903
0.142396730956
0.142413369836
0.142437623896
0.142468251201
0.142504456761
0.142548191607
0.14259874362
0.142655952283
0.142734284771
0.142829673419
0.142924775244
0.143058524013
0.143205647498
0.143347245295
0.143495728313
0.143674678718
0.143856012982
0.144043907411
0.144265658752
0.144497224469
0.144744334173
0.145022190223
0.1453081913
0.145629850535
0.145972816357
0.146353820455
0.146762150889
0.147205094093
0.147693465389
0.148226260016
0.148805423851
0.149436609684
0.15010270394
0.150780989252
0.151473107101
0.152202406027
0.152991034136
0.153855941827
0.154797696772
0.155823365979
0.155887963341
0.156318907256
0.1566905227
0.156585948184
0.156145282533
0.155428080772
0.154454358201
0.153270313723
0.151918899166
0.150429972726
0.148823499317
0.147111869269
0.145301407946
0.143393880012
0.141387755672
0.139279119836
0.137062294012
0.134730249846
0.132274875057
0.12968713562
0.126957182309
0.124074459469
0.121027869887
0.117806003376
0.11439735341
0.110790348783
0.106972948684
0.102931493169
0.0986484342064
0.0940984446339
0.0892420665983
0.0840155058293
0.0783140399008
0.071964401127
0.0646842717723
0.0560098701423
0.045256250535
0.0314627392159
0.0140156812719
0.14168903677
0.141696826183
0.141715323422
0.141736130936
0.141760067706
0.141791802971
0.141830771141
0.141877575213
0.141929881436
0.141997668519
0.142087622763
0.142179421557
0.142289985564
0.142435367731
0.142572605072
0.142708645206
0.14287445175
0.143049000102
0.143224000587
0.143425198597
0.143644084475
0.143870467342
0.144131408127
0.144401432531
0.144695337681
0.14501709424
0.145366761664
0.145747155676
0.146158882444
0.146607106584
0.147101157211
0.147632524696
0.148210948223
0.148832982792
0.14950042624
0.150201372542
0.150947633392
0.151763083038
0.152693149839
0.153784954857
0.155295581461
0.155469159888
0.155353029777
0.155474707977
0.155192681151
0.154561661612
0.153676647252
0.152565602069
0.151267471723
0.149820399966
0.148250714703
0.146574893986
0.144802347442
0.142937169499
0.140979593259
0.138927174464
0.136775634874
0.134519428781
0.1321521191
0.129666634628
0.127055457607
0.124310800746
0.121424853775
0.118390168311
0.115200178478
0.111849737544
0.108335442983
0.104655462894
0.100808571401
0.0967920842259
0.0925983070695
0.0882087178943
0.0835844529785
0.0786495074365
0.073259134668
0.0671405407041
0.0597458915452
0.0500704027795
0.0362306382571
0.0152825028664
0.140973539395
0.140978682439
0.140990731156
0.141006174725
0.141030454559
0.141061849107
0.141098812225
0.141142438683
0.141189364158
0.141246204728
0.141326395493
0.141418859003
0.141508817589
0.141638817577
0.141777291778
0.141906014359
0.142048960042
0.142217011533
0.142383250633
0.142558509188
0.142763280585
0.142971548363
0.143205769762
0.143462162277
0.14372424806
0.144024176547
0.144342587302
0.144694125892
0.145072733478
0.145483186657
0.145937562184
0.146430377771
0.146966737081
0.147547845782
0.148178785022
0.148864553928
0.149610051581
0.150444367765
0.151430751489
0.152613020845
0.154443817807
0.154799870084
0.154352796898
0.154183162102
0.15368156952
0.152858028455
0.151812522877
0.150574703375
0.149175377777
0.147645772946
0.146007501727
0.144273280666
0.142449597334
0.140538516979
0.138539022241
0.136448057183
0.134261266658
0.131973495703
0.12957912903
0.127072348411
0.124447355693
0.121698638164
0.118821383405
0.115812127001
0.112669600471
0.109395592713
0.105995530195
0.102478475006
0.0988563236038
0.0951420744204
0.091347097423
0.0874770881999
0.0835262565382
0.0794672792455
0.0752332609932
0.0706791652885
0.0654611517565
0.0588521794598
0.048193717878
0.0249991455293
0.140245587003
0.14024852992
0.140254230863
0.140260904609
0.140288329752
0.140320283403
0.140355338581
0.140395041269
0.140436013817
0.14048300337
0.140550413688
0.140637199883
0.14072325677
0.140824729497
0.140959174498
0.141085682787
0.141208173942
0.141359718681
0.141517810068
0.141672361451
0.141855061154
0.142049835765
0.142251589808
0.142485974278
0.142727680964
0.142993072322
0.143286097169
0.143605377613
0.143951944568
0.144328384539
0.144742691058
0.145198180292
0.145696010709
0.146238388087
0.146829572601
0.14747536526
0.148190020402
0.148992734802
0.149959485152
0.151042733675
0.152959358974
0.153603447168
0.152918881526
0.152573586446
0.151934392993
0.150975201256
0.149806972441
0.148469539746
0.146990520056
0.145395796651
0.143703079412
0.141922123459
0.140057180944
0.138108833239
0.136075257482
0.133953153302
0.131738387172
0.129426435065
0.127012698186
0.124492773598
0.121862724386
0.119119450691
0.116261305777
0.113289044271
0.110207010091
0.107024273355
0.103755341544
0.100420148429
0.0970432236553
0.093652139536
0.0902755521076
0.0869410651167
0.0836737528607
0.0804946173719
0.0774228698433
0.0744786385048
0.0716870250439
0.0692089442241
0.0669238493683
0.0680127671969
0.139507856476
0.139511325899
0.139519209917
0.139526220279
0.139545737229
0.139573823437
0.139605082824
0.139639470668
0.139675454661
0.139714038833
0.139765603068
0.139839538513
0.139925974161
0.14000761263
0.140117986914
0.140244438603
0.140357042479
0.140478406544
0.140627853062
0.140769796233
0.140920022311
0.141100010869
0.141280118995
0.14148351275
0.14170682744
0.14193783888
0.142198270248
0.142482678285
0.142795501057
0.143135502525
0.14351049563
0.143928268241
0.144385649733
0.144885433569
0.145433455499
0.14602526264
0.146664895994
0.147355803344
0.148163976964
0.148919868948
0.150449025471
0.151662664813
0.150994147167
0.15057021786
0.149893524457
0.14888327161
0.147648537199
0.146247946584
0.144714808924
0.143074002252
0.141341444301
0.139525323247
0.137628666425
0.13565128573
0.13359106264
0.131444826165
0.12920894004
0.126879714698
0.124453716118
0.121928065614
0.119300765815
0.116571196288
0.11374096549
0.110815192367
0.107804015917
0.104723896269
0.101598241621
0.0984570932577
0.0953359171575
0.0922738118141
0.0893117491539
0.0864913549497
0.0838558417892
0.0814523445883
0.0793442079351
0.0776219140542
0.0764438250327
0.076133023662
0.0769467383342
0.0807566413469
0.138761100488
0.1387654688
0.138775673315
0.138792410284
0.138801855989
0.138824854196
0.13885166818
0.138880630814
0.138912008367
0.138941685934
0.13897724667
0.139031825155
0.139106123356
0.139183328369
0.139264486902
0.139378076211
0.139490828046
0.139591158745
0.139716021596
0.139849468693
0.139976234855
0.140128484333
0.140292984191
0.140464840319
0.140657553179
0.140862227311
0.141084289783
0.141334360733
0.141605297383
0.141904506054
0.142240743554
0.142613401491
0.143024533929
0.14347644539
0.143973333201
0.144504369914
0.145052128693
0.145582536842
0.146081960315
0.14630267956
0.146946599212
0.1488401031
0.148622129446
0.148255821919
0.147609121518
0.146609321411
0.145355532095
0.143923879141
0.142358861166
0.140688457271
0.138928842666
0.137087825156
0.135168043969
0.133169143663
0.131089135699
0.128925279582
0.12667464797
0.124334531245
0.121902753614
0.119378014121
0.116760273745
0.1140513955
0.111256273903
0.108384476527
0.105452024539
0.102482686676
0.099508240562
0.0965675031689
0.0937043482052
0.0909651837538
0.0883966694709
0.0860441245654
0.0839525743173
0.0821686302989
0.0807558362063
0.0797943951062
0.0794395085937
0.0799405088394
0.0815527284986
0.0848141215813
0.13801031849
0.138014088447
0.138020973829
0.138043894066
0.138055799267
0.138074635332
0.138096871054
0.138120199467
0.138145486911
0.138167389085
0.138190680882
0.138223160811
0.138277191921
0.138346296036
0.138413650949
0.13849344995
0.13860033326
0.138698583384
0.138791696796
0.138909324341
0.139025870299
0.139143902769
0.139283542387
0.139428673438
0.139587747691
0.139761943922
0.139949031981
0.140157397574
0.140387775466
0.140645399939
0.14093035974
0.14124900841
0.141606716023
0.142007938002
0.142451831237
0.142926603222
0.143400238898
0.143808795776
0.143997427361
0.143721229955
0.143582731468
0.145554673188
0.146003761801
0.145816033707
0.14521421022
0.144230623006
0.142971793448
0.141523907441
0.1399397355
0.138250545546
0.136473187247
0.134615384411
0.132679680402
0.130665832541
0.128572212945
0.126396686275
0.124137155288
0.121791967875
0.119360242196
0.116842257448
0.114239899938
0.111557474606
0.108803162875
0.105991046542
0.103143072672
0.100290120576
0.0974715884623
0.094733448518
0.0921251956315
0.0896962843004
0.08749286372
0.0855548263441
0.083915156112
0.0825981500179
0.0816336299717
0.0810375030543
0.0809169967916
0.0813731051228
0.0825336207833
0.0842769898108
0.137260388493
0.137263630603
0.137269662883
0.137290741075
0.137312691673
0.137325041566
0.137340600142
0.137356766772
0.137374011386
0.137390392733
0.137404053271
0.137420789406
0.13745055502
0.137500253314
0.137561455084
0.13761724365
0.137694979401
0.137786529436
0.13786414447
0.137950827339
0.138052636969
0.138148985842
0.138255336425
0.138373865623
0.1385000039
0.138636793092
0.138788136047
0.13895345165
0.139143205343
0.139351913265
0.139579914956
0.139840762743
0.140135912145
0.14047574092
0.140860268356
0.141290718583
0.141748331481
0.142167646505
0.142389280323
0.142384906903
0.141646105924
0.142825063362
0.143556480667
0.143455690835
0.142838966321
0.141826963446
0.140543318437
0.139075151029
0.137474455733
0.135771561768
0.133982335018
0.13211373053
0.130167942254
0.12814479397
0.12604305215
0.123861236023
0.121598115056
0.119253110355
0.116826620604
0.11432046606
0.111738386957
0.109087063918
0.106377971094
0.103629795498
0.100870459551
0.0981376987751
0.095477670785
0.0929418056127
0.0905825962948
0.0884490668682
0.0865827342519
0.0850134507459
0.0837570633261
0.0828076278672
0.0821414622451
0.081669225303
0.0814395193275
0.0813527499136
0.0816836417041
0.0829119157889
0.136505100198
0.136507545501
0.136514750112
0.13652610082
0.136550499706
0.136565188408
0.136578218783
0.136587969606
0.136597162547
0.136607787788
0.13661330869
0.136619894364
0.136628080384
0.136652982883
0.136697304043
0.136747608264
0.136795886137
0.136864206447
0.136933294624
0.136994707129
0.137063437409
0.137142241521
0.137220275939
0.137304897467
0.137397761172
0.137499550878
0.137608377837
0.137731320378
0.137865958325
0.138014933636
0.138177546411
0.13836693292
0.138588652005
0.138851746315
0.139165685957
0.139549037953
0.140010491167
0.140517620827
0.140996265506
0.141515814586
0.140965456687
0.141179273465
0.141576459721
0.141278812092
0.14053228038
0.139432124843
0.138093540393
0.136593381903
0.134974032293
0.133259599143
0.13146247735
0.129587759983
0.127636809646
0.125609321
0.123504384322
0.121321152372
0.11905924493
0.116719133445
0.114302449842
0.111812490973
0.109254755791
0.10663823419
0.103977738826
0.101296717978
0.0986291568543
0.0960193660529
0.0935193308273
0.0911842225362
0.0890671051807
0.0872137515851
0.0856585658754
0.0844208015415
0.0835043516751
0.0828876358908
0.0825204157105
0.0822518822122
0.0820389340076
0.0811588401327
0.0810866937106
0.0822078832938
0.13573614165
0.135735626249
0.13573899048
0.135739968954
0.135757821064
0.135783563039
0.13580244074
0.135809491324
0.135812821653
0.135816375115
0.135817304541
0.135813128349
0.135810843792
0.135811342698
0.135829793204
0.13586652723
0.135902517924
0.135940477117
0.135991212776
0.136040063498
0.136080400983
0.136124663398
0.136178581474
0.136230182521
0.136286583344
0.136348958978
0.136413224653
0.136480468083
0.13655074059
0.136626948941
0.136712394121
0.13681814111
0.136955706211
0.137128585318
0.137358635196
0.137682901636
0.138116364454
0.138703731939
0.139499367988
0.140273019809
0.140399343255
0.140072121282
0.139889789739
0.139213035226
0.138253481475
0.137028373354
0.135617891378
0.134079637392
0.132441631114
0.130718546175
0.128917598714
0.127041262669
0.125089755465
0.123062518397
0.120958919065
0.118778723796
0.116522378081
0.114191369402
0.111788501976
0.109318475404
0.106788444048
0.104209663564
0.101600403916
0.0989891231115
0.0964160059463
0.0939316340737
0.0915928350704
0.089456822258
0.0875749524951
0.0859871148706
0.0847178477458
0.0837736192356
0.0831469126241
0.0828097948818
0.082752322521
0.0829897825084
0.0835599045524
0.0818957950454
0.0822635849168
0.0823602558303
0.134957663796
0.134952460378
0.134948038257
0.134945235087
0.134953315216
0.134978092193
0.135003258492
0.13501464614
0.135017865801
0.135017173993
0.135015229798
0.135005874618
0.134996290211
0.134983566457
0.134977655528
0.13498542701
0.135008384686
0.135027199538
0.135048664563
0.135077229737
0.135101796693
0.135116055003
0.135132033585
0.13515322948
0.135172173237
0.135186661161
0.135198086806
0.135203060653
0.135207790724
0.135208221074
0.135217883739
0.135231317549
0.135261813674
0.135325307545
0.135456428227
0.135687847988
0.136084602802
0.136758117656
0.138094354221
0.138551992783
0.139386115662
0.138754337238
0.138145737703
0.137096983154
0.135915477811
0.134568765182
0.133093522581
0.131524392335
0.129874605247
0.128149185781
0.126350092514
0.124477277991
0.122529955456
0.120507432096
0.118409427866
0.116236364815
0.113989515231
0.111671361934
0.10928582137
0.106838928557
0.10433939261
0.10180073699
0.099244906472
0.0967057195077
0.0942297269259
0.0918734214555
0.0896974260287
0.0877593847451
0.0861070820096
0.0847727086604
0.0837691697799
0.0830868513573
0.0826946994031
0.0825272681253
0.0825782796049
0.0828487531426
0.0833491430207
0.0853885811297
0.0831274236343
0.0826073215334
0.134182081778
0.134172593074
0.134162731381
0.134157235322
0.13415546286
0.134164830354
0.134185383846
0.134206734053
0.134214806635
0.134214372045
0.134209008217
0.134199024901
0.134179739092
0.134162067851
0.13414004786
0.134124221279
0.13411734976
0.134120103963
0.134118931275
0.134117512299
0.134118370556
0.134113325454
0.134097621993
0.134078994838
0.134057500591
0.134024579062
0.133979070582
0.133927492045
0.133862879914
0.133791067382
0.133703282004
0.133606506952
0.133514356417
0.133453360443
0.133454532253
0.133566916683
0.133935674119
0.134808152112
0.137007806542
0.137205923797
0.137750018819
0.136858392405
0.136048693596
0.13475301983
0.133416972521
0.131997471454
0.130492285936
0.128915329809
0.12726903984
0.125551831659
0.123762276434
0.12189895263
0.119960769976
0.117947315804
0.115858892114
0.113696698788
0.111462875535
0.109160902618
0.106795757945
0.104374760222
0.101908083035
0.0994115850321
0.0969112224613
0.0944466178433
0.0920708322815
0.0898457685103
0.0878346219535
0.0860938061905
0.0846659343657
0.083574863825
0.0828236951026
0.0823918681042
0.0822301401624
0.0822405088591
0.0823694178185
0.0823064681262
0.0825875469243
0.0830537945613
0.0824409025066
0.0821763524843
0.133414984694
0.133404233121
0.133392808346
0.133382576253
0.13337422953
0.133369390427
0.133376948117
0.133400098274
0.133412282053
0.133412750643
0.133404684708
0.133391086361
0.133367925725
0.133339224501
0.133309596159
0.133273675897
0.133240214096
0.133214203647
0.133195228404
0.133170026498
0.133143064219
0.133108111574
0.133069702074
0.13301408648
0.132947485709
0.132867792526
0.132772752081
0.132659167842
0.132523600703
0.132357585523
0.132161906813
0.131956625532
0.131738759934
0.131522040844
0.131322343463
0.13118557881
0.131189454536
0.131441573192
0.131203864893
0.134964899012
0.135683372705
0.134252186148
0.133314244346
0.13200493487
0.130672941091
0.129276066481
0.12779837454
0.126247820035
0.124625668037
0.122929615056
0.121158200904
0.119310526947
0.11738627165
0.115385906855
0.113310639591
0.111162620838
0.108944920119
0.10666203613
0.104319962619
0.101927271822
0.0994955221641
0.0970430619664
0.0946003304825
0.0922132728531
0.0899415279581
0.0878516902213
0.0860080152516
0.084463691259
0.0832540100381
0.0823928502977
0.0818735612807
0.0816692969311
0.0817408176723
0.0820610209514
0.0825924516434
0.0821517226072
0.0822021651125
0.0820823880676
0.0817659899506
0.0816004407481
0.132653964772
0.132647316686
0.132636016859
0.132622830295
0.13260873517
0.132595423673
0.132588653954
0.132600876282
0.132615604059
0.132616681044
0.132606671587
0.13258781885
0.132562221348
0.132525355924
0.132484294691
0.132432660514
0.132377784256
0.132327857598
0.132278961148
0.132230738659
0.13218055712
0.132118182879
0.132043438084
0.131955119917
0.131845588991
0.131717740021
0.131570535435
0.131390687406
0.131172505749
0.130913435777
0.130633835219
0.130312480927
0.12994502062
0.12953180898
0.129075795613
0.12860154647
0.128142130787
0.127773124051
0.126059856067
0.128560808312
0.130572794349
0.130105780742
0.129791466185
0.128834936206
0.127693449779
0.126419723679
0.125025713642
0.12353354431
0.121954225323
0.120290726185
0.118544819708
0.116717940865
0.114811548562
0.112827563524
0.110768393209
0.108637298417
0.106438328277
0.104177022842
0.101860341854
0.0994981026495
0.0971031758091
0.0946966610898
0.0923140941786
0.0900083061963
0.087845461734
0.085895919678
0.0842233131811
0.0828755535882
0.0818782540926
0.0812324922426
0.0809159771762
0.0808829721326
0.0810881321274
0.0815068250247
0.0820532188611
0.0832063622237
0.081838515453
0.08138487296
0.0811090439216
0.0809839581682
0.131903257053
0.131902273765
0.131892046255
0.131877421589
0.131859253462
0.131839497773
0.131823093237
0.131815569265
0.131824650429
0.131827676346
0.131817020203
0.131794405762
0.131761872205
0.131720267724
0.131664334647
0.131605235286
0.13153503642
0.131464017462
0.131387500068
0.131311413183
0.131231147428
0.131143880004
0.131032425344
0.130904198325
0.130753140532
0.130579624266
0.130373342686
0.130125962634
0.129831812896
0.12950770949
0.129130265288
0.128677918437
0.128147592419
0.127524355862
0.126796017727
0.125969643416
0.125079019563
0.124576376478
0.122284181638
0.12352839735
0.124929192964
0.125479751965
0.125954768951
0.125492040414
0.124611225256
0.123501464647
0.12221736776
0.120799742154
0.119273034445
0.117648194328
0.11593185249
0.114128726898
0.112242605551
0.110277170015
0.108236177683
0.1061240812
0.103945908663
0.101708251238
0.0994189670781
0.0970891344702
0.0947328603687
0.092374386562
0.0900550863202
0.087835206698
0.0857871702034
0.0839839225106
0.0824867980095
0.0813369240745
0.0805492205773
0.0801123521855
0.0799891072331
0.0801137480049
0.080401558291
0.0807342419493
0.0812799856822
0.0813122168259
0.0808623998512
0.0805832483142
0.0804081727779
0.0803275808108
0.131171747735
0.131170405309
0.131160577473
0.131143960924
0.131122978586
0.131098591106
0.131075057106
0.131054461152
0.131044935659
0.13104651012
0.131037411982
0.131012481747
0.1309739565
0.13092362704
0.130859695562
0.130786848757
0.130708566278
0.130614490526
0.130517730974
0.130414239215
0.130303067568
0.13018172906
0.130037997485
0.129869126701
0.129676833818
0.129455678409
0.129195452611
0.128886385096
0.128538709387
0.128135161882
0.127650704869
0.127076543529
0.126394000695
0.125576931485
0.124593453548
0.123432104086
0.122056098987
0.120789263271
0.11855344402
0.119360855843
0.121323806118
0.121707493408
0.122360732087
0.122241148855
0.121575611146
0.120608925109
0.119426532044
0.118080247563
0.116604568203
0.115017569057
0.113330496894
0.111551249423
0.109685886359
0.107739815443
0.105718088722
0.103626321807
0.101470449095
0.0992581017617
0.096997942829
0.0947023580531
0.0923866041671
0.090078619071
0.0878264528676
0.085698159553
0.083771724164
0.0821209462956
0.0808027883008
0.0798501393331
0.0792670437858
0.0790332412684
0.0791075980793
0.0794393738871
0.0799125073272
0.0800984104986
0.0802155434754
0.0801424409292
0.0799362089102
0.0797831430076
0.0796821476306
0.0796335282714
0.130458829796
0.130452034874
0.130440708786
0.130421707765
0.130398024472
0.130370440427
0.130339988024
0.130312359636
0.130289715069
0.130276440841
0.130267821455
0.130242924428
0.130200731752
0.130143405712
0.130072935937
0.129987734162
0.129891327731
0.129783364115
0.129664111891
0.129537737378
0.129397158307
0.129239386669
0.129060127621
0.12885471218
0.1286224036
0.128354230036
0.128042595472
0.127684995221
0.12727258772
0.126784769959
0.126211216988
0.125533890294
0.124730644379
0.123769504187
0.122615781271
0.121248262891
0.119592528081
0.117623351425
0.115883770688
0.115940632176
0.118024823857
0.118616602911
0.119196691433
0.119227791679
0.118689509048
0.117813045718
0.116700466706
0.115406666035
0.113970412672
0.112413979019
0.110751669816
0.108993623222
0.107147586796
0.105220339628
0.103217975601
0.101147138306
0.0990145218765
0.096828772666
0.0945992352807
0.0923396957588
0.0900664595023
0.0878119339085
0.0856317916267
0.083602099784
0.081805251229
0.0803133778569
0.0791756922494
0.0784130824433
0.0780165561232
0.077960771309
0.0781985134246
0.0786654891831
0.0792241014596
0.08000369615
0.079349176599
0.0791611141448
0.0790345750719
0.078959252123
0.0789116973648
0.0788807593234
0.129758572421
0.129747259991
0.129732845346
0.129712749255
0.129687584246
0.129658539482
0.129625620876
0.12959014585
0.129560338915
0.129530300354
0.129508063323
0.129483255632
0.12944042614
0.129379167446
0.129300799025
0.129206824757
0.129095116201
0.128970233679
0.1288326048
0.128680849452
0.128509743422
0.128318116277
0.128104231577
0.127864169019
0.127590140914
0.127275760647
0.126915273429
0.126503334737
0.126024229203
0.125469953057
0.124825849556
0.124073887266
0.123190949136
0.122149207238
0.120913022795
0.119426265592
0.117597113441
0.115107079278
0.114349536547
0.113422360455
0.115179996723
0.116096633147
0.116520469688
0.116530520733
0.116014339768
0.115159944558
0.114072271004
0.112802372367
0.111387230834
0.10984951264
0.108204328064
0.106462633479
0.10463294898
0.102722858351
0.100739106158
0.0986891605834
0.0965802723263
0.0944220839662
0.0922244691624
0.0900027746189
0.0877742261352
0.0855767707698
0.0834747249035
0.0815522797686
0.0798949678262
0.0785708582451
0.0776177632354
0.0770379221888
0.0768006741823
0.0768712875153
0.0771966407004
0.0777385214789
0.0784674867767
0.0784070187778
0.0782248634531
0.0781451107895
0.0781068652701
0.0780928964481
0.0780843352209
0.0780729034001
0.129066868612
0.129055378197
0.129040036146
0.129022013276
0.128998528972
0.128970038035
0.128936448132
0.12889725888
0.128856086956
0.128817320935
0.128774089538
0.128736043347
0.128689146338
0.128626496832
0.128542937546
0.128439762046
0.128317965963
0.128175702442
0.128017137889
0.127839662591
0.127641161856
0.127418291036
0.127170976243
0.126892375988
0.126575598847
0.126216071494
0.125805866012
0.125338442359
0.124804758726
0.124196082802
0.123498237762
0.12269608558
0.121775119991
0.120709553218
0.119452247575
0.117932001744
0.116105111654
0.113559164275
0.113737390093
0.112434309684
0.113255749511
0.114195221597
0.114337106096
0.114168021496
0.113568482653
0.112666744396
0.111556493123
0.110278992566
0.108864198796
0.10733143388
0.10569426067
0.10396292505
0.102145713478
0.100250382834
0.0982838890507
0.096254311289
0.0941692264647
0.0920392885185
0.0898747174345
0.0876926674317
0.0855111091339
0.0833749289958
0.0813580901999
0.0795527493519
0.0780462568346
0.0769011655715
0.076143995965
0.0757600599038
0.0756945469243
0.0758592812716
0.0761415318314
0.0768301345281
0.0770882023348
0.0771259255403
0.0771091667018
0.0771173178144
0.0771474735033
0.0771816487058
0.0772017154127
0.077214656726
0.128396961331
0.128386255236
0.128375692156
0.128361856157
0.128341648036
0.128314099887
0.128279089562
0.128236400564
0.128185590748
0.128136078053
0.128079864497
0.128018097065
0.127951573697
0.127885680209
0.127797528184
0.127687709326
0.127553751907
0.127397201821
0.127217154012
0.127015181961
0.126788451694
0.126535204319
0.126252846862
0.125933959795
0.125575100038
0.125170557779
0.124712983021
0.124196405602
0.12361409171
0.122959868454
0.122223873595
0.121396636702
0.120468700393
0.11941494825
0.118191000593
0.116779936858
0.115149731341
0.112827567634
0.113667956221
0.112153412649
0.112097448897
0.112809750691
0.112568144701
0.112099076513
0.111329214701
0.11032230829
0.109148731808
0.107835607765
0.106402198673
0.104861507159
0.103223572913
0.101496624672
0.0996878427328
0.0978046108502
0.0958537050724
0.093843658066
0.0917821480109
0.0896809228088
0.0875503267177
0.0854096734984
0.0832773881973
0.081207081953
0.0792831192028
0.0776049904766
0.0762595470328
0.0753009777693
0.0747454182401
0.0745752848583
0.0747477265555
0.0751266554632
0.0752901417572
0.0757660038091
0.0758714023424
0.0759406620203
0.0759953698368
0.0760573143772
0.0761282452876
0.0761981213463
0.0762337450904
0.0762602630395
0.127776274731
0.127769440255
0.127761168283
0.127747877213
0.127727768697
0.127698481899
0.127659440192
0.127610539204
0.127551473826
0.127484727276
0.127417983064
0.127343380183
0.127260593821
0.127169673931
0.127067985503
0.126949310296
0.126804304475
0.126631483206
0.12643393246
0.126206182862
0.125951474354
0.125666962966
0.125348721996
0.124989532132
0.124588600235
0.124140776368
0.12363752221
0.123074393934
0.122448347694
0.121755736001
0.120990500401
0.120146985034
0.119224756186
0.118197256587
0.117071426011
0.115853216756
0.114515281237
0.112697978828
0.113929714235
0.112331351648
0.1114785765
0.111759753364
0.11108004204
0.11023972643
0.109242276587
0.108092481921
0.10682839662
0.105460204224
0.103994587876
0.102436404626
0.100790900669
0.099063447649
0.097259564469
0.0953859268027
0.0934488757455
0.0914573567906
0.0894189620118
0.0873467209507
0.0852508325929
0.0831532403601
0.0810723415977
0.0790725859734
0.0772490273301
0.075707272561
0.0745306121892
0.0737609999149
0.0734001128431
0.0734106395231
0.0737121076098
0.0741778539382
0.0751617616692
0.0747628094918
0.0747399631463
0.074784919758
0.0748564270484
0.074935406952
0.0750109180212
0.0750877450468
0.0751327691123
0.0751507248589
0.127205497908
0.127204973546
0.127195777573
0.127180901496
0.12715773211
0.127123504974
0.127077580486
0.127020051396
0.12695105222
0.12686986923
0.126785207809
0.126699707352
0.126610417135
0.12649661571
0.12637239183
0.126231352568
0.126069773647
0.125881754924
0.125664508751
0.125413089222
0.125130545704
0.124814207518
0.124457603043
0.124058381343
0.123616131784
0.123124376133
0.122577255728
0.121969958349
0.121301936671
0.120573203101
0.11977859838
0.118914092693
0.117980217149
0.116986626455
0.115977711296
0.114973077013
0.114027371785
0.112936467391
0.114284109232
0.112688877765
0.111161607918
0.110841333971
0.109712107194
0.108480061481
0.107232281491
0.10592685927
0.104563193522
0.103132688727
0.101629225706
0.100049053546
0.0983922908044
0.0966612622
0.0948597209455
0.0929936036065
0.0910687613539
0.0890946753008
0.0870787248764
0.0850355594407
0.0829749170847
0.0809220362289
0.0788945522638
0.0769702699797
0.0752541679533
0.0738552259435
0.0728488514425
0.072266078494
0.0721004507053
0.0722698764536
0.0726385032693
0.0731995964796
0.0735346747695
0.0735062520893
0.0735326455318
0.0735915938098
0.0736668967638
0.0737418042941
0.0738045862608
0.0738582214668
0.0739039747622
0.0739067870336
0.126660207576
0.126666430586
0.126661048211
0.126647751958
0.126621622755
0.126581470898
0.126527617034
0.126460744524
0.126381407305
0.126289856697
0.126186886834
0.126079313154
0.125971730596
0.125852998611
0.125710315074
0.12554329856
0.12535634947
0.125146061721
0.124904550239
0.124631364666
0.124323435404
0.123970962276
0.123577669533
0.123140099622
0.122657424848
0.12212433363
0.121533183759
0.120882241236
0.120173292186
0.119405832845
0.118564784555
0.117648709152
0.116685817464
0.115714497849
0.114789214921
0.114002720563
0.113474887716
0.113177127515
0.114444523761
0.112985430998
0.110934178101
0.109840302301
0.108277947524
0.106688210722
0.105209123342
0.103765429896
0.102314768814
0.100829210368
0.0992915816485
0.0976907769526
0.0960226329962
0.0942870231737
0.0924863634311
0.0906261637974
0.0887119612197
0.0867540747766
0.0847596111812
0.0827453648049
0.0807202545253
0.0787137923247
0.0767420151437
0.0748995019338
0.0732995819863
0.0720496259394
0.0712083749008
0.0707920548186
0.0707837074285
0.0710738071986
0.071595193651
0.0723717218213
0.0722734163104
0.0722637281027
0.0722976489517
0.0723593084989
0.0724309415245
0.0724984419977
0.0725532241278
0.0725914643894
0.0726265056016
0.0726385186385
0.126137164397
0.126146541551
0.12614761708
0.126136358203
0.126107153737
0.126061905943
0.126001468592
0.125926574856
0.1258378304
0.125735771103
0.125620107697
0.12549162214
0.125356001746
0.125215938704
0.125060499868
0.124878241808
0.124668368106
0.124429181215
0.124160504715
0.123861253649
0.12352221516
0.123139458905
0.122711503542
0.12223727863
0.121715869102
0.12114019532
0.120505788123
0.119810333575
0.119057280746
0.118229626751
0.11730421059
0.116319734032
0.115302666719
0.114294625844
0.113387373049
0.112739926014
0.112572618777
0.113376274061
0.11465179627
0.113352805897
0.110519335141
0.108425640219
0.106523082402
0.104706650464
0.103077232245
0.101549138454
0.100047193986
0.0985282534133
0.0969688779957
0.0953540277944
0.0936774308159
0.0919379066323
0.0901374680357
0.0882818186321
0.0863765649658
0.0844333238157
0.0824589120217
0.0804729902534
0.0784831910248
0.0765246558198
0.0746108963854
0.0728582270349
0.0713868458252
0.070299873
0.0696376994054
0.0693900902683
0.0694443006262
0.0696676308978
0.0705902110615
0.0708238544145
0.0709028384454
0.0709552313267
0.071013370871
0.0710820160685
0.0711527581518
0.0712172783305
0.0712699072451
0.0713058676565
0.0713347020514
0.0713553566137
0.125652775243
0.12565514683
0.125655304008
0.125639224201
0.125605813632
0.125557287387
0.125493448895
0.12541329395
0.125317206112
0.125205667472
0.125078770065
0.124936097466
0.124777910926
0.124608252748
0.124427911797
0.12423193773
0.124001690657
0.123737897859
0.123441829755
0.123109536402
0.122737713973
0.122323391624
0.121861576739
0.121351278894
0.120790569723
0.120173819986
0.119492576753
0.118750165062
0.117933209979
0.117006668321
0.115994352762
0.114923345727
0.113801752118
0.112674539618
0.111648260106
0.110883208097
0.110708809308
0.111862317134
0.114116524423
0.110584098781
0.108844077916
0.106169340563
0.104189926918
0.102396237162
0.100766193704
0.0992401509165
0.0977395075641
0.0962182053239
0.0946546609715
0.0930351709823
0.091354516345
0.0896123764595
0.0878116034535
0.0859588787828
0.0840603951843
0.0821296193086
0.0801730651422
0.0782141618502
0.0762585521736
0.0743486639165
0.0724941205963
0.0708388585542
0.0695065889137
0.068596279477
0.068144846224
0.0681395146184
0.0683801598572
0.0685873425212
0.0692658760191
0.0694585767815
0.0695469733817
0.0696199107871
0.0696900004345
0.0697636306948
0.0698351232781
0.0698994383266
0.0699523540884
0.069987171926
0.0700167814291
0.0700410414329
0.125200432358
0.125193373709
0.125182999742
0.125160098539
0.125122816
0.125071094912
0.12500392325
0.124920104122
0.124818816012
0.124699573586
0.124562747168
0.124408226183
0.124235350451
0.12404390649
0.123838631484
0.123614866922
0.123356226869
0.123070166045
0.12274616937
0.122381824225
0.121975359384
0.121526471911
0.121031459579
0.120483611162
0.11988382194
0.11921932811
0.118488605372
0.117684910781
0.116775562868
0.11576226467
0.114664342015
0.113477272867
0.112197490868
0.110858031362
0.109510658958
0.108280653978
0.107430751767
0.107292666047
0.108916675537
0.104970862793
0.105204986937
0.10289969102
0.101222368546
0.0997348395372
0.0982765443505
0.0968445690905
0.0953972222734
0.0939032648764
0.0923519521129
0.0907362599689
0.0890551066821
0.0873108446268
0.0855083547325
0.0836560271156
0.0817611773592
0.0798396775653
0.0778976944971
0.0759635059153
0.0740397149515
0.0721780519825
0.0703820641134
0.0688292569979
0.0676398900095
0.0669086292836
0.0666584953726
0.0667931058935
0.0671099801886
0.068186286964
0.0679798944014
0.0680677789298
0.0681607387818
0.0682512239904
0.0683336123385
0.0684136082709
0.0684876383643
0.0685531888543
0.0686087160598
0.0686465409332
0.0686777240165
0.0687016601057
0.124767213178
0.124755470763
0.124735113332
0.12470965812
0.124668643007
0.124612020665
0.124539186755
0.124450004491
0.124343153453
0.124217586838
0.124072030019
0.123906701632
0.123720741379
0.123512590796
0.123282485078
0.123023322105
0.122741913431
0.122426711985
0.122068515657
0.121674681977
0.121236573445
0.120752886565
0.120219004703
0.11963394491
0.118988372413
0.118271267721
0.117485672152
0.116608086388
0.115622573558
0.114531674894
0.113338076869
0.112010769529
0.110528164778
0.108887510008
0.107088441421
0.105187207216
0.103145853265
0.100751190677
0.0989246588758
0.0951239942725
0.0993388302459
0.0989229315025
0.097905701375
0.0968820109653
0.095700645659
0.0944179272204
0.093053422907
0.0916033794219
0.0900730230488
0.0884649016531
0.0867837782529
0.0850357144279
0.0832283989929
0.0813723980554
0.079476613553
0.077559786419
0.0756276439787
0.0737145506952
0.0718186137801
0.0700035930597
0.0682639391298
0.0668166248726
0.0657693429108
0.0652179411405
0.0651596197493
0.0654108000007
0.0658679847471
0.0665739438462
0.0665468925695
0.0666500288057
0.0667653715155
0.0668731451937
0.0669697344217
0.0670585272142
0.0671379750054
0.0672064039632
0.0672630461457
0.0673088026483
0.0673447541817
0.0673694435726
0.12435636465
0.124343588159
0.124319608117
0.124291370225
0.12424563393
0.124183207118
0.12410375351
0.124007085335
0.123892779223
0.123759646919
0.123606130129
0.123430607302
0.123231290034
0.123006063545
0.122750972982
0.122467640378
0.122157576569
0.121806926876
0.121419298534
0.120993294678
0.120515284039
0.119995606306
0.11942707742
0.118798350534
0.118097454359
0.11733371449
0.116491371281
0.115545591092
0.114491783714
0.113329682988
0.112031060036
0.110541220326
0.108845304647
0.10689661273
0.104682647802
0.102095764422
0.0989428222272
0.0945625420424
0.0913890333504
0.0921793207573
0.093030968034
0.0948153810704
0.0947200717148
0.0941182069515
0.0931860741667
0.0920421206093
0.0907557049194
0.0893472072159
0.0878356428767
0.0862322711016
0.0845474328012
0.0827908624067
0.0809732602958
0.079107476487
0.0772043631168
0.0752858419181
0.0733570888133
0.0714598751515
0.0695857805875
0.0678142422366
0.066126568262
0.0647871035985
0.063883604872
0.0635065959871
0.06356537381
0.06388232322
0.0647563472121
0.0650378844602
0.065122025398
0.0652499622424
0.0653841025861
0.0655122096669
0.0656262809515
0.0657298587672
0.0658219458069
0.0659008624891
0.0659648235444
0.06601795989
0.0660546886596
0.0660741335325
0.1239743575
0.123961953481
0.123937027696
0.123903916088
0.123852711852
0.12378401328
0.123697544605
0.123593192637
0.123470531524
0.123328617233
0.123166231014
0.122980456042
0.122768723812
0.122527536889
0.122254291258
0.121946924031
0.121601135536
0.121218667566
0.120798694683
0.120327823231
0.119815215001
0.119262508831
0.118647333937
0.117960677576
0.117220754274
0.116411759953
0.11550349852
0.114500540628
0.113395215487
0.112155874887
0.110740197265
0.109116510714
0.107246518074
0.105076092185
0.102535835883
0.0994919888483
0.0957801022245
0.0900933967481
0.0896257966271
0.089814115695
0.0906589129149
0.0919803853384
0.0920950043862
0.0916567027548
0.0908516620348
0.0897871847663
0.0885474021043
0.0871624981747
0.0856580083293
0.0840503912237
0.0823538337727
0.0805808594046
0.0787449003561
0.0768608777736
0.0749419207594
0.0730132936009
0.0710796527236
0.0691916129701
0.0673315877052
0.0655988456377
0.0639537235697
0.0627187392318
0.0619649085994
0.0617698294541
0.0618999748547
0.0623368447652
0.0633084726726
0.06347163573
0.0636616324038
0.063845055884
0.0640154130228
0.064174098595
0.0643160026987
0.06444286303
0.0645550126472
0.0646510825892
0.0647300417357
0.0647897024867
0.0648246024822
0.0648340359067
0.123622540533
0.123611154284
0.123584154593
0.123544718427
0.123488707528
0.123413531165
0.123319904153
0.123208095573
0.123077684324
0.122927478628
0.122755511472
0.122559227581
0.122334808963
0.122078622699
0.121787489286
0.121456139627
0.12107997778
0.120661277843
0.120198348216
0.119688332356
0.119139205291
0.118534323463
0.117861770986
0.117139642742
0.116363245985
0.115490008447
0.114528290823
0.113485391808
0.112321979795
0.111010457275
0.109515227586
0.107794643393
0.105804790374
0.103490095991
0.10079114444
0.0976752408308
0.0940368552472
0.0891616399952
0.0890986800051
0.0887505509867
0.0892651095855
0.0900706264697
0.0900243408601
0.0895387417401
0.0887423951272
0.0876900073761
0.0864562814033
0.0850696474489
0.0835550072927
0.0819299835141
0.0802103936378
0.0784103081239
0.0765453565018
0.0746321226995
0.0726863994677
0.0707368226157
0.0687879723096
0.0669011570566
0.065047385379
0.0633515557147
0.0617394640429
0.0605997820529
0.0599733506074
0.0599040678642
0.0601306329028
0.0608894610332
0.0615858257564
0.0619058714893
0.0621904672473
0.0624388794903
0.0626593678081
0.0628579280908
0.0630390639349
0.0631973100875
0.0633345280756
0.0634500360621
0.0635435743347
0.0636107474361
0.063652363799
0.063666375182
0.123299891542
0.123289545216
0.12325929382
0.123215153625
0.123154209017
0.123071313345
0.122969942152
0.122851005127
0.122713949529
0.122556813696
0.12237666226
0.122169973467
0.121932812333
0.121661585863
0.121350713121
0.120993487531
0.120587165187
0.12013177695
0.119626280671
0.119071472381
0.118470078456
0.117812164022
0.117099747053
0.116343502101
0.115506817739
0.114576404792
0.113577273504
0.112495924701
0.111288904448
0.109923142586
0.108364280908
0.106583049792
0.104532374935
0.102147404605
0.0994387267138
0.0964225910756
0.0930532784827
0.0888971101491
0.0891088522808
0.088707381056
0.0884327626921
0.0887166802007
0.0883859565873
0.0877277123887
0.0868528338418
0.0857576582137
0.0844933994176
0.0830799762919
0.081536824951
0.0798795323054
0.0781236222833
0.076283563333
0.0743766197084
0.0724205673711
0.0704343814506
0.0684498975213
0.0664725996894
0.06457669102
0.0627208512231
0.0610660365031
0.0594944537738
0.0584869667704
0.057990812027
0.0578522744239
0.0580554272667
0.0595782598418
0.0599788211177
0.0603598267597
0.0607117379809
0.0610267095216
0.0613121959972
0.0615643880608
0.0617917690138
0.0619878733682
0.0621548333729
0.0622934905318
0.0624039802403
0.0624796574924
0.0625317784399
0.0625586138947
0.123008122808
0.122996962844
0.122965160313
0.122919954397
0.122849675508
0.122756927143
0.122647495492
0.12252299986
0.12238185481
0.122220419618
0.122034255266
0.121818678476
0.121569008605
0.121280420957
0.120946495124
0.120560175124
0.120119022021
0.119624213721
0.119075528261
0.118478221443
0.117828494877
0.117119817298
0.116364803814
0.115554894583
0.114658413257
0.113685066489
0.112649700432
0.111531204572
0.110282991625
0.108884363106
0.10730559909
0.105492685022
0.103403935588
0.101022676243
0.0983946463439
0.0955493066994
0.092500638007
0.0889319571462
0.0892057068659
0.0888391386905
0.0879780166856
0.0876630841016
0.0870228543265
0.086146032463
0.0851465994815
0.0839763377884
0.0826570134364
0.0811974236829
0.0796096645395
0.0779056207414
0.0760993492956
0.0742049511869
0.0722408687309
0.0702256370287
0.0681820750318
0.0661447317141
0.0641215821636
0.0622015326198
0.0603295496186
0.0587129692037
0.0571872388608
0.0564038680653
0.0562207548404
0.0562294674664
0.0560706172117
0.0575120151749
0.0581566599787
0.0587188990182
0.0591873899871
0.0595971659145
0.0599624038791
0.0602864674989
0.0605677476566
0.0608073100992
0.0610077307203
0.0611717028586
0.0612994929641
0.0613902162744
0.0614545555425
0.061492434192
0.122754855788
0.122738614592
0.122708296081
0.122661233993
0.122580551057
0.122482917628
0.122372329573
0.122249529605
0.122109629009
0.121946366043
0.121753849448
0.121526479509
0.121258919669
0.120945625363
0.120578815112
0.120152194062
0.119669709015
0.119136629306
0.118552214
0.117912075528
0.117210020454
0.116454993851
0.115650345421
0.114776461518
0.113820234124
0.112797534891
0.111727245594
0.110586983072
0.109327080245
0.107920125707
0.106313547693
0.104476256847
0.102408818743
0.100088592306
0.0975672151507
0.0948994501804
0.0921296900785
0.0890330627068
0.0892770283727
0.0889106336599
0.0876267601423
0.086677990425
0.0857673614803
0.0847005048443
0.0835758583254
0.0823238192415
0.0809397037166
0.0794225022459
0.0777779490928
0.0760142159237
0.074143568898
0.072179424063
0.0701410498135
0.068047383205
0.065925810389
0.063812690508
0.061721062966
0.0597559526717
0.0578465499405
0.0562519558921
0.0547394330865
0.0541512041684
0.05411095994
0.054373242176
0.0562874680668
0.0561187938558
0.0565467489194
0.0570962978221
0.0576428209973
0.0581576646155
0.0586136189654
0.0590189052341
0.0593651244932
0.0596551161843
0.0598929925321
0.0600841010555
0.0602293911376
0.0603395229492
0.0604151315136
0.0604615000809
0.122547646694
0.122524527432
0.12249558528
0.122447473709
0.122365050255
0.122267435175
0.122161379845
0.122043354634
0.121903656393
0.121734205692
0.121528712477
0.121281319161
0.120986565639
0.120639215014
0.120233271741
0.119767608884
0.119248987104
0.118678765371
0.118052311891
0.117360932166
0.116607147793
0.11579961916
0.114933353979
0.11399535144
0.112985380395
0.111927735298
0.110840165139
0.109679308454
0.108402420544
0.106973097943
0.105353140416
0.103551800072
0.101543765118
0.0992913198415
0.0968844285607
0.094367376786
0.0917960293986
0.0890171511058
0.0891728464924
0.0881569549811
0.0869561191745
0.0855590792609
0.0844866607189
0.0833159799952
0.0821029596643
0.080782939927
0.0793363167753
0.0777568864864
0.0760470162686
0.0742123484591
0.0722636172341
0.0702135109102
0.0680817323308
0.065887311377
0.0636627755679
0.061444832372
0.0592554009821
0.0572163365141
0.0552418185054
0.0536588562087
0.0521581775206
0.0517490738733
0.0516024009093
0.051930478185
0.0533511394803
0.0538746499306
0.0546049582509
0.0553459330976
0.0560478529128
0.0566941701631
0.0572716085432
0.0577705681579
0.0581941096215
0.0585444793617
0.0588259379582
0.0590473957464
0.0592148555021
0.0593412061716
0.0594255536193
0.0594740176519
0.122379919147
0.122354015651
0.122322992915
0.122272545363
0.122190674614
0.12209603172
0.121998610237
0.12188298239
0.121737387407
0.121554322838
0.121328679455
0.121054796169
0.120728029167
0.120345889397
0.119903912611
0.119403607948
0.118849027789
0.118236436677
0.117559013775
0.116814196631
0.116009060268
0.115144827112
0.114217283593
0.113220330255
0.112165565059
0.111077424969
0.109958442698
0.108766367714
0.107467195607
0.106030825083
0.104445449637
0.102713531458
0.100769416209
0.0986046486177
0.0963075813918
0.0938984400102
0.0914249107711
0.0887623122491
0.0885477824801
0.0861851382611
0.0856393385606
0.08421505529
0.0831399841443
0.0819685349721
0.0807177926173
0.0793513778132
0.0778496754763
0.0762068316091
0.0744252736502
0.0725096184781
0.0704694087606
0.0683164910661
0.0660703125224
0.063749595623
0.0613920615465
0.0590328096384
0.0567078455499
0.0545530401702
0.0524676358654
0.0508742453274
0.0494183315964
0.0493475766425
0.0493353261444
0.0495732515567
0.0509874914119
0.0516610349573
0.0525604506139
0.0535111431124
0.0544200639874
0.0552336960707
0.05594996996
0.0565613940935
0.0570742425345
0.0574944892889
0.0578256224549
0.0580823664762
0.0582769345064
0.0584193716056
0.0585140378716
0.058562618472
0.122232743468
0.122209430153
0.122174749252
0.122115140084
0.12203883762
0.121962645177
0.121873101241
0.121752706668
0.12159329207
0.121388321373
0.121135127629
0.120829139656
0.120470050446
0.120057159933
0.119585793395
0.119055528597
0.118464225648
0.117806953217
0.117079410492
0.116282339258
0.115420046151
0.114494271386
0.113503687843
0.112448212057
0.111341364358
0.110208006469
0.109045376881
0.107819576928
0.106511543234
0.105101000627
0.103575135644
0.101921904131
0.100072148567
0.0980274725945
0.0958378441707
0.0935014015787
0.0910511438197
0.0884721578653
0.0872562468737
0.0832907924562
0.0837843473532
0.0827419045441
0.0817920938946
0.0806912868732
0.0794406959874
0.0780435575379
0.0764920426115
0.0747843548882
0.0729252152776
0.0709191868073
0.0687745641908
0.0665018188728
0.0641188778113
0.0616433391489
0.059116845084
0.0565705645267
0.0540619881694
0.0517346607251
0.0494740709249
0.0478122907044
0.0462854383188
0.0463428367831
0.0466328167786
0.048921967306
0.0486688019506
0.0493203841481
0.0503502714239
0.0515550611582
0.0527300510966
0.0537764290292
0.0546681056086
0.0554123451209
0.0560254604556
0.0565243930438
0.056917045602
0.0572163855585
0.0574382156988
0.0575949737224
0.0577014700731
0.0577500484548
0.122097770912
0.12208288703
0.122049523562
0.121996261124
0.121939019272
0.121870696786
0.121772525038
0.121633894771
0.121448592516
0.121214940834
0.12093579128
0.120607267367
0.120227038598
0.119790409336
0.119292661281
0.11873036176
0.118099503548
0.117395478526
0.11661568417
0.115762839307
0.114840095985
0.113848134173
0.112785553923
0.111659813415
0.110491348184
0.109302735397
0.108089386725
0.106836833073
0.105527626856
0.104147092098
0.102702764536
0.101168178425
0.0994590372942
0.0975756946608
0.0955100694971
0.0932164901341
0.0906851487371
0.0878109703475
0.0854179187486
0.0811422170562
0.0819904320695
0.0813719771251
0.0805657722947
0.0795499845248
0.0783112103122
0.0768856186519
0.0752829268156
0.0735063732138
0.0715632610697
0.0694580693332
0.0671971377851
0.0647884149152
0.0622464126133
0.0595860886591
0.0568493768995
0.0540600857721
0.051303850703
0.0487210250258
0.0462110732673
0.0444655504017
0.042789904491
0.0427554008877
0.0431946903066
0.0448774162245
0.0454673563862
0.0465292385325
0.0478866567798
0.0494358767629
0.0509688101639
0.0523106265792
0.0534313634827
0.0543403614257
0.0550686227011
0.0556502613647
0.0561074783263
0.0564549460161
0.0567087926597
0.0568789496362
0.0569960491233
0.0570490614797
0.121990209114
0.121982677568
0.121956255162
0.121917443922
0.121868990322
0.121789156982
0.12166769671
0.121503991654
0.121298931451
0.121051055422
0.120756509868
0.120410723972
0.120009660532
0.119548435159
0.11902162097
0.118423766203
0.117750465198
0.116998376625
0.116167365971
0.115259076528
0.11427241272
0.113208042907
0.11207005273
0.110870204385
0.109626342546
0.108359944211
0.107082669222
0.105794728873
0.10448596361
0.103162276408
0.10183139036
0.100435225518
0.0989104190668
0.0972714032499
0.095395960536
0.0931772231124
0.0906022381268
0.0875666097696
0.0843549089909
0.0794127562033
0.0805216772338
0.0802872634633
0.0795801848949
0.0786156681075
0.0773746300949
0.0759085521585
0.0742452721664
0.0723923967399
0.0703583516473
0.0681463541891
0.0657592895502
0.0632007062439
0.0604792840147
0.0576052378563
0.0546153325783
0.0515226994361
0.0484392385001
0.0454672787485
0.0425613374132
0.0406779026938
0.0389514078092
0.0393125220161
0.0398851352968
0.0409885803483
0.0419737802726
0.0434506444077
0.0452373312232
0.0471907528735
0.0491531362563
0.0508599132502
0.0522537045129
0.0533603305992
0.0542226563904
0.0548949238707
0.0554130467232
0.0558026583732
0.056088973613
0.0562794977783
0.0564041904504
0.0564702777661
0.121913907511
0.121908185193
0.12188597106
0.121853882561
0.12180227454
0.121701717078
0.121563328665
0.121388891978
0.121173100324
0.120912104668
0.120601676805
0.120237179065
0.119813839677
0.119326190744
0.118767133558
0.118131722876
0.117421157944
0.116632269937
0.115758134077
0.114794851251
0.113741532293
0.112600953855
0.111380785798
0.110091616563
0.108747653572
0.107376182477
0.106013581506
0.104683643624
0.103388445916
0.102136464858
0.100929844504
0.0997163430401
0.0984364201333
0.097115769285
0.0955518928994
0.0935025359647
0.0909512683771
0.0878246113415
0.0840716879433
0.0784091627871
0.0795538439347
0.0796223829077
0.078943466106
0.0779584445993
0.0766752697063
0.0751419061348
0.0734001741002
0.0714603076523
0.0693287420753
0.0670048719821
0.0644856326389
0.0617673254852
0.0588494586578
0.0557340793415
0.0524468030379
0.0489924732886
0.0455028745907
0.0419903699351
0.0384793058679
0.0360799094837
0.0336320297511
0.0346880954914
0.0382547616137
0.0369234338614
0.038082480649
0.0400651604876
0.0424205277021
0.0448772271326
0.0473079467184
0.0494540364522
0.0511582141469
0.0524845763107
0.0534953369621
0.0542644953753
0.0548493455378
0.0552804200192
0.0555907242278
0.0558009114649
0.0559351305583
0.056012078859
0.121856173008
0.121848499274
0.121832000945
0.121803172562
0.121743273542
0.121628763822
0.12148246048
0.121297818608
0.121070280001
0.120795512729
0.120468822538
0.120084972241
0.119638678837
0.119123698586
0.1185354191
0.11787520995
0.117141859176
0.116322589996
0.115405786964
0.114386262739
0.113263500178
0.112041789642
0.110732248267
0.109341650465
0.107872575695
0.10636003627
0.104876944871
0.10349589266
0.102239338543
0.10106646564
0.10000184734
0.0990136171433
0.0980309175583
0.0971003360213
0.0959827759489
0.0942754741233
0.0918690093969
0.088797901961
0.0849247937018
0.0785486790372
0.07933285273
0.079517407931
0.0787697365555
0.0776486870303
0.0762477574368
0.0746031952455
0.0727586195554
0.0707208319303
0.0684886240739
0.0660534998299
0.0634032228192
0.0605232467553
0.0573990818
0.0540172415474
0.050381328839
0.0464874582247
0.0424757422914
0.0382858193393
0.034193588516
0.0312055005378
0.0270788975797
0.0277383306501
0.0307739708741
0.0308289229645
0.0332192820233
0.0362693532124
0.0394798739755
0.0425939361866
0.0455235415051
0.0481273180342
0.0501771173095
0.0517287758137
0.0528921936911
0.0537568298981
0.0544059067728
0.0548841861564
0.0552215412518
0.0554455483472
0.0555825277534
0.0556473919718
0.12182143036
0.121813903795
0.121797872149
0.121763236388
0.121694422833
0.121575357683
0.121422385314
0.121227921916
0.120988955272
0.1207008803
0.120358837296
0.119957029106
0.119489378198
0.118952334419
0.118345672349
0.117670467888
0.116920441973
0.11607555472
0.115119087851
0.114046564081
0.112855552474
0.111549483636
0.110148489672
0.108658078536
0.107047297059
0.105348213312
0.103700828687
0.102245268385
0.101028022397
0.0999854970975
0.0990317204346
0.098377214052
0.0976233827046
0.0971665167489
0.0967053477214
0.0953759577219
0.0935550814976
0.0907027336331
0.0873442624315
0.0804582078601
0.0803355763001
0.0801893344594
0.0791498028927
0.0777100046181
0.0760828992687
0.0742792879572
0.0723144403065
0.0701772448455
0.0678514486574
0.0653168275197
0.0625498210243
0.0595226914649
0.0562027974637
0.0525512824315
0.0485300994105
0.0440935090895
0.0393102543004
0.0340900323313
0.0293496132898
0.0261495726829
0.0209757481538
0.0201009110818
0.0198472192659
0.022892126557
0.0275742468202
0.0322705415905
0.0366093711378
0.0404923787091
0.0439518336742
0.0469828549716
0.0493626244534
0.0511183499767
0.0524192358341
0.053374697159
0.0540764566845
0.0545899171379
0.0549524660453
0.0551900906923
0.0553282081607
0.0553796042306
0.12180482185
0.121797724171
0.121773687134
0.121730684013
0.121661867284
0.121541983806
0.12138429245
0.121179508675
0.120929952304
0.120631612867
0.120279362673
0.11986486616
0.119381889342
0.118827824547
0.118203879008
0.1175176437
0.116760445729
0.115897568817
0.114909667471
0.113795377096
0.112541545037
0.111156134055
0.109706553106
0.108161286348
0.106398834495
0.10446416523
0.102657120867
0.101235672701
0.100087997889
0.09905290032
0.0984681551215
0.0977736301223
0.0975728988725
0.097175203867
0.0967642644304
0.096464481958
0.0947151443653
0.0936005198263
0.0930374678982
0.0851444136108
0.0833593923818
0.081726674047
0.0799130244594
0.0779885645051
0.0760826434631
0.074119500964
0.0720508317099
0.0698359607661
0.0674414115851
0.0648357128881
0.0619855698165
0.0588520251915
0.0553861154272
0.0515225679006
0.047172979671
0.0422071095212
0.0364837007997
0.0296956785402
0.0227069430884
0.0151674096749
0.00571659995969
0.0101742760332
0.00361928283556
0.0132574596543
0.0217331735523
0.0285744470972
0.0341713145094
0.0388127713471
0.0427453746101
0.0461367822738
0.0487794519736
0.0506794358023
0.0520820977581
0.0531112803441
0.0538575461324
0.0543961217127
0.0547757746749
0.0550255704014
0.0551727492107
0.0552304238637
0.121798677286
0.121789687986
0.121754754274
0.121706968624
0.12163755152
0.121535226802
0.121378911156
0.121162336412
0.120908006631
0.120606997204
0.120249441164
0.119824691272
0.119325327443
0.118750350927
0.118108490858
0.117423208041
0.116681949571
0.115823450168
0.114817111628
0.113677660361
0.112399269101
0.110988902798
0.109490560713
0.107877772807
0.106005946787
0.103865000593
0.101948889855
0.100699241793
0.0996572326462
0.0989248998645
0.0984176073455
0.0981828839047
0.0977052245897
0.0972019495649
0.0967137844136
0.0960655406038
0.0948765218262
0.0936462307242
0.0935075605375
0.0934916333056
0.0879161365306
0.0832317517111
0.0804238709505
0.0781644405187
0.0761053851066
0.0740648927632
0.0719494976877
0.0697011515972
0.0672777156369
0.0646425079961
0.0617579221002
0.0585800645039
0.0550526214049
0.0510977441718
0.046601030946
0.0413794975901
0.0351278709105
0.0272000942785
0.0165335363737
-0.00265599928521
-0.0208510968832
-0.00219152147002
0.00161805582366
0.00267197702177
0.0173454284719
0.0260994849489
0.0326893195032
0.0378513298331
0.042083267112
0.0456925194713
0.0484868173004
0.0504566692048
0.0519071531581
0.0529772298223
0.0537515886936
0.0543043065292
0.0546908475703
0.054947597249
0.0551064968963
0.0551717412713
)
;

boundaryField
{
    frontAndBack
    {
        type            empty;
    }
    upperWall
    {
        type            zeroGradient;
    }
    lowerWall
    {
        type            zeroGradient;
    }
    inlet
    {
        type            zeroGradient;
    }
    outlet
    {
        type            fixedValue;
        value           uniform 0;
    }
}


// ************************************************************************* //
