/*--------------------------------*- C++ -*----------------------------------*\
| =========                 |                                                 |
| \\      /  F ield         | OpenFOAM: The Open Source CFD Toolbox           |
|  \\    /   O peration     | Version:  v1806                                 |
|   \\  /    A nd           | Web:      www.OpenFOAM.com                      |
|    \\/     M anipulation  |                                                 |
\*---------------------------------------------------------------------------*/
FoamFile
{
    version     2.0;
    format      ascii;
    class       volScalarField;
    location    "372";
    object      p;
}
// * * * * * * * * * * * * * * * * * * * * * * * * * * * * * * * * * * * * * //

dimensions      [0 2 -2 0 0 0 0];


internalField   nonuniform List<scalar> 
6400
(
0.155001097317
0.155003365846
0.155009782443
0.155022118425
0.155039951722
0.155063077802
0.155091554172
0.155126425055
0.155167938835
0.155216508717
0.155277340433
0.155353119033
0.155440788104
0.155540394748
0.155653726094
0.155782861455
0.155928618412
0.156090477738
0.156266852139
0.156453093319
0.156643314215
0.156837704429
0.157041950511
0.15726253956
0.157503875656
0.157765785404
0.158044887028
0.158338782414
0.15864727919
0.158971128527
0.159310941448
0.159665169439
0.160028159318
0.160394309943
0.160761554326
0.16112653768
0.161488631904
0.161854959673
0.162224653106
0.162587671625
0.162945341753
0.163311931447
0.163695125591
0.164087385025
0.164479785744
0.164867001794
0.16524503398
0.165611436987
0.165964131737
0.166301443632
0.166622432542
0.166923201439
0.167197941309
0.167438543796
0.16764514072
0.167825529245
0.167977732319
0.168094306548
0.168175048347
0.168227745508
0.16825787125
0.168268977732
0.168267377425
0.168252213892
0.168214369326
0.16813650221
0.168016637556
0.16787802182
0.167745063995
0.167625132597
0.167515917215
0.167412047237
0.167309913179
0.167214507469
0.167125154188
0.167044631741
0.166975214657
0.166928459268
0.166897765222
0.166884737339
0.154997698047
0.155000079567
0.155005798242
0.155017865312
0.155037113993
0.155061631868
0.155090589099
0.155123961561
0.155163738815
0.155212294784
0.155272827068
0.155347466764
0.155435393727
0.155535980712
0.155649635138
0.155777542595
0.155922687528
0.156085298225
0.156263280576
0.1564506458
0.156639141804
0.156831323195
0.157034726288
0.157254934539
0.157496586518
0.157759352072
0.158038687989
0.158333153108
0.158642688202
0.158967392436
0.159307201268
0.159661826281
0.16002602992
0.160392325132
0.16075990143
0.161125207552
0.161486913775
0.161853638178
0.162224302706
0.162587280169
0.16294217263
0.16330810501
0.163695736823
0.164091135815
0.164484882198
0.164873539671
0.165252886902
0.165620921546
0.165974985805
0.166311787939
0.16663057377
0.166932341951
0.1672139072
0.167456638156
0.167664450571
0.167848208416
0.167998415851
0.16811130611
0.168191074622
0.168242720185
0.168270972261
0.168281740934
0.168278880303
0.168262909297
0.168224796913
0.168147202595
0.168024680703
0.16788308476
0.167747644186
0.167625211383
0.167513754117
0.167407418532
0.167301933034
0.167202170788
0.167111404296
0.167031112444
0.166965037342
0.166918242802
0.166887669172
0.166877247253
0.154988291731
0.154992307803
0.154997326113
0.155008371578
0.155027028481
0.155054697885
0.155086544589
0.155118958093
0.155156531098
0.15520386327
0.155263719611
0.155337770519
0.15542587021
0.155527167558
0.15564101079
0.155765732318
0.155908934627
0.156077463975
0.156259043946
0.156445444963
0.156629845453
0.156816154716
0.157017943084
0.157240582439
0.157482974585
0.157745287382
0.158025928236
0.158322376618
0.158633592647
0.158959742989
0.15930045468
0.159656161839
0.160022977113
0.160388832229
0.160754945291
0.161122751853
0.161484130623
0.161848975366
0.162220388965
0.162585859403
0.162947164018
0.163317488228
0.163703073411
0.164096996233
0.164491333239
0.16488127649
0.165263079313
0.165633958248
0.165991215187
0.166332366662
0.166655851593
0.166959543726
0.167237791551
0.167483889137
0.167700507347
0.167885788527
0.16803346269
0.168144590343
0.168222775534
0.168272454266
0.16829899327
0.168308107359
0.168302899215
0.168286630842
0.168246928987
0.168165061305
0.168042003121
0.167898096563
0.167755607584
0.167625793497
0.167507415643
0.167394636414
0.167285958138
0.167184535469
0.167091400815
0.167010111351
0.166945326642
0.166898538912
0.166868780772
0.166857748955
0.154975357738
0.15497937487
0.154983310601
0.154993433121
0.155009830314
0.155037367989
0.155078824148
0.155111204684
0.155145828331
0.15519099782
0.15524979099
0.155323521382
0.15541205334
0.155513129163
0.155627261511
0.15575761344
0.155906179083
0.1560725258
0.156246693553
0.156421558601
0.156600992577
0.156790626111
0.156994671967
0.157217553065
0.157460989715
0.157724867903
0.158007582436
0.158306394436
0.158620083199
0.158948139856
0.159291296508
0.159648762322
0.160017220252
0.160387661078
0.16075078014
0.161114372785
0.161479935324
0.16184400338
0.16221078521
0.162579043245
0.162948337448
0.163324676236
0.163711943319
0.164106537458
0.16450248318
0.164894953375
0.16528011117
0.165654886146
0.166016527531
0.166362517511
0.166690560438
0.166997680874
0.16727941839
0.167531631935
0.167752743268
0.167938912869
0.168086625199
0.168196917288
0.168273469401
0.168321031584
0.168345020691
0.168350580258
0.168342353193
0.168324686606
0.168284016506
0.16820168346
0.168072687953
0.167919298054
0.167765250632
0.167624315172
0.167498001093
0.167381117498
0.167269414407
0.167160318543
0.167058827513
0.166975589435
0.166912477031
0.166861580457
0.166825890451
0.166811030094
0.154955269032
0.154955716391
0.154960595909
0.154970969685
0.154989228923
0.155015129249
0.155052549282
0.155088772862
0.15512598217
0.155171901714
0.155229981383
0.155303656933
0.155393183713
0.155499980997
0.155622216888
0.155754206156
0.155897334849
0.156051589766
0.156214771225
0.156386606176
0.156567351032
0.156758001987
0.156963191866
0.157187468218
0.157432402677
0.157698279396
0.157983168883
0.158285019874
0.158601765761
0.15893326448
0.159278758474
0.159640706299
0.160014603555
0.160381754767
0.160744003294
0.161105410853
0.161466233666
0.161830991373
0.162200379874
0.162573169744
0.162949270318
0.163331634624
0.163722371032
0.164119369621
0.164518153195
0.164914241602
0.165303771648
0.165683527231
0.166050707156
0.166402710136
0.166736855885
0.16704987399
0.167337759829
0.16759659626
0.167822760963
0.168011739973
0.168160775651
0.168271216637
0.168346998245
0.168393073443
0.168414759281
0.16841710754
0.168404691277
0.168382475052
0.168335764264
0.168249543905
0.1681150114
0.16795036925
0.167780654329
0.167625001054
0.167489162503
0.167365315943
0.167241445652
0.167117253615
0.167007876707
0.166921078674
0.16685047431
0.166785147221
0.166743081863
0.166727597843
0.154917844989
0.154917413531
0.154926155094
0.154936779755
0.154956918636
0.154984849855
0.155019294667
0.155056346743
0.155097240575
0.155145105226
0.155201999246
0.155276569615
0.155375026785
0.155490197523
0.155612416489
0.155739313553
0.155873361255
0.156019010911
0.156178117679
0.156348379605
0.156527016073
0.156717362035
0.156923990552
0.157150305725
0.157397373882
0.157664850906
0.157953013236
0.15825800357
0.158579186581
0.158914541231
0.159265563796
0.159630400061
0.160003898348
0.160376324917
0.16073365481
0.161087938726
0.161448091014
0.161815517462
0.162189020647
0.162567222173
0.162949930249
0.163338605749
0.163734220995
0.164135248998
0.164538201089
0.164939045922
0.165334014035
0.165719866994
0.166093820552
0.166453257293
0.166795343338
0.167116674019
0.167413195042
0.167680402647
0.167913357916
0.16810722294
0.168259741049
0.168372481479
0.168449415659
0.168495417876
0.168515453252
0.168514622728
0.168497043722
0.168464617
0.168409965092
0.168312303549
0.168165680098
0.167987725176
0.167800864021
0.167628858046
0.16747987673
0.167339042383
0.167193122854
0.167053832946
0.166935157149
0.166837753003
0.166748856011
0.166668858707
0.1666205565
0.166599459113
0.154860507509
0.154864637278
0.154879841978
0.154895890586
0.154912866257
0.154940872496
0.154977314737
0.155015739262
0.15505947728
0.155109658428
0.155170405154
0.155248275373
0.155354462513
0.155469819949
0.155588268357
0.155707658811
0.155835593703
0.155979590145
0.156137772933
0.15630317815
0.156478911747
0.156669757565
0.15687767817
0.157105356908
0.157354729524
0.157626881112
0.157916259364
0.158225572649
0.158551754576
0.158895363422
0.159251441486
0.159616854799
0.159991743797
0.160357881577
0.160712788154
0.161065465995
0.161427152004
0.161798330134
0.162176807929
0.162560934262
0.162950398891
0.163345850807
0.163747512647
0.164154018587
0.164562469665
0.164969244234
0.165370758401
0.16576388765
0.166145977995
0.166514507895
0.166866630174
0.167198811188
0.167506637137
0.167784805839
0.168027473402
0.168229619292
0.168389183268
0.168507597224
0.168588327465
0.168635446767
0.168653318896
0.168647073814
0.168620953141
0.168574086957
0.168511443048
0.168399061082
0.168230643398
0.168033173107
0.167827570075
0.167635616343
0.167462680157
0.16729303865
0.167123104612
0.166968974866
0.166835505703
0.166716914074
0.166603050639
0.166509758206
0.16645503296
0.16642789297
0.154793192185
0.154801606567
0.154819422582
0.154843332673
0.154862106435
0.154890777957
0.154926170409
0.154966602042
0.155014063857
0.155062425123
0.155130402118
0.155220038324
0.15532489981
0.155437872146
0.155549877753
0.155662374867
0.155789854904
0.155935405312
0.156089087412
0.156249790552
0.156423452966
0.156614506241
0.156823776242
0.157054236799
0.157307080191
0.157582376027
0.157876857417
0.158185869644
0.158521107796
0.158876056667
0.159233376002
0.159595513447
0.159968796131
0.160330712387
0.16068204115
0.161038268011
0.161403998178
0.161779632414
0.162163536511
0.162554068454
0.162950686168
0.163353522952
0.16376230052
0.164175603934
0.164590842061
0.165004725544
0.165413930019
0.16581557827
0.16620727614
0.166586720418
0.166951169935
0.1672969924
0.167619349135
0.167912194009
0.16816902178
0.16838455305
0.168556372477
0.168684885472
0.168771893004
0.168819848611
0.168832871586
0.168816531338
0.168774843391
0.168710896613
0.168631676863
0.168512146142
0.168319425003
0.168092301216
0.167858763075
0.16763588042
0.167427311855
0.167223909635
0.167032170678
0.166860054303
0.166703614105
0.166553904533
0.166416040499
0.166308566396
0.166247542795
0.166218567497
0.154719551372
0.154730720656
0.154748973708
0.154768902864
0.154793476728
0.15482955202
0.154864666074
0.154906277317
0.154960101208
0.155013102501
0.155078775034
0.155176605189
0.1552841232
0.155392206212
0.155498719413
0.155610954315
0.155738134875
0.155881335568
0.15603086764
0.156189108948
0.156361344144
0.156551535798
0.156760603056
0.156992744218
0.157254311797
0.157531243787
0.157831315113
0.158149809763
0.15848697109
0.158842701874
0.159206731518
0.159576188902
0.159935330842
0.160290704468
0.160645808109
0.161007344811
0.161378281665
0.161759134956
0.162148966915
0.162546421757
0.162950771109
0.163361730413
0.163778647696
0.164199980172
0.164623250837
0.165045417366
0.165463476432
0.16587492286
0.166277747298
0.166670005933
0.167049224761
0.167411833985
0.167752730662
0.168065365159
0.168342729442
0.168578905742
0.168769988481
0.168913478907
0.169007741002
0.169054024775
0.169059118218
0.169030683542
0.16897189291
0.168883627567
0.168769457867
0.168630249237
0.168429843955
0.168165144597
0.167890158737
0.167622517958
0.167368125861
0.167131207231
0.166919134387
0.166725442775
0.166537089541
0.166350030939
0.166186723903
0.166064448387
0.165993894437
0.165963333903
0.154638561004
0.154651743871
0.154673086876
0.154692482522
0.154718707528
0.154755405388
0.154791827737
0.154833500393
0.154886441482
0.154953725006
0.155023959853
0.155121836231
0.155230136601
0.155334226261
0.155435388231
0.155550319317
0.155681096348
0.155819393329
0.155963903096
0.15612018964
0.156292368974
0.156482735464
0.156692016132
0.156922854638
0.157191450539
0.157477810193
0.157773735736
0.158101577386
0.158444667496
0.158805992283
0.159172953462
0.159539250052
0.159896370241
0.160246905907
0.160605075213
0.160972594023
0.161349637316
0.161736535831
0.16213290081
0.162537824303
0.162950571869
0.163370513247
0.163796624742
0.164227172202
0.164659690869
0.165091317816
0.165519396435
0.165941894709
0.166357319668
0.166764249309
0.167160730748
0.167543596191
0.16790792168
0.168247122147
0.168553819615
0.168820704422
0.169040035179
0.169202544359
0.16930155265
0.169342369353
0.169340490467
0.169303871839
0.169227901412
0.169106784001
0.168942820234
0.168747488053
0.168526362484
0.168251293411
0.167914491233
0.167583071755
0.167277359586
0.167010811393
0.166781748451
0.166566064675
0.166337648857
0.166102186353
0.165903257309
0.165759764264
0.165670881427
0.165631299134
0.154546775842
0.154559507732
0.154582542323
0.154606461015
0.154639735855
0.154671211505
0.154707775281
0.154751324644
0.154797367149
0.154871580892
0.154953928881
0.155052296616
0.155160750733
0.155264481952
0.155364608146
0.155479902526
0.15561219704
0.155747383658
0.155888214331
0.156041728163
0.156213551228
0.156405724836
0.156619936721
0.156850928898
0.157114104294
0.157415670687
0.157720932132
0.158048612067
0.158393623538
0.158748220674
0.15912434091
0.159492777121
0.159846121433
0.160197501962
0.160560214413
0.160933959817
0.161317735391
0.161711534337
0.162115181049
0.162528176341
0.162950017392
0.16337987159
0.163816298527
0.164257269987
0.164700246891
0.165142510945
0.165581761903
0.166016486946
0.166445800173
0.166869010156
0.167285047389
0.167691734969
0.168085150247
0.168459546481
0.168807532582
0.169118955555
0.169377163972
0.169559251817
0.169658125119
0.16969285826
0.169694151881
0.169661443778
0.169571457459
0.169408818648
0.169179211154
0.16889950798
0.168596107847
0.168283468556
0.167921750811
0.167504977449
0.167141337781
0.166850842556
0.166618021053
0.166391918204
0.166114219029
0.165796152162
0.16553720532
0.165359976864
0.165243751275
0.165188308711
0.15444166413
0.15445161392
0.154469099853
0.154500078119
0.15454273362
0.154573655198
0.154610741814
0.154659075618
0.154703650265
0.154774375291
0.154865968731
0.154966965726
0.155074702492
0.155179534412
0.155285441824
0.155402671542
0.155533285046
0.155665317944
0.155803835068
0.155954705881
0.156123432264
0.156313599081
0.156537149198
0.156780556947
0.157038541732
0.157340617974
0.157655236586
0.15797977619
0.158337477713
0.158698760695
0.159065618155
0.15942747727
0.159781400514
0.160141003974
0.160510430443
0.160890945261
0.161282112538
0.161683718924
0.162095598359
0.162517421796
0.162949055785
0.163389791034
0.163837765816
0.164290448978
0.1647451327
0.165199229463
0.165650781091
0.16609874873
0.166542883235
0.166983417024
0.167420642054
0.167854243064
0.168282710912
0.168702824507
0.16910791007
0.169482082825
0.169790411594
0.169991394235
0.17008839519
0.170119947954
0.170149988998
0.170148260931
0.170053567973
0.169837034742
0.169516272459
0.16912076608
0.168686692514
0.168266760245
0.167827664716
0.167346743558
0.166928697463
0.166625979278
0.166427203941
0.166236497074
0.165892941046
0.165400786668
0.165039521006
0.164829955216
0.164688837933
0.164622665385
0.154322896435
0.154330229244
0.154339545633
0.154374574445
0.154417490341
0.154454794583
0.15449508045
0.154548740958
0.154599388101
0.154668643604
0.154764025439
0.154866517121
0.154972912056
0.155075397168
0.155188937239
0.155314641565
0.15544347144
0.155572777923
0.155709987037
0.155859623797
0.156025056054
0.15620932411
0.156432463336
0.156697637717
0.156962725035
0.157252513323
0.157580871869
0.157912510192
0.158261072536
0.1586277225
0.158996165509
0.159355047531
0.159710182904
0.160076920619
0.160454384645
0.160842795419
0.16124214227
0.161652359368
0.162073602193
0.162505476845
0.162947840447
0.163400367846
0.163861128616
0.164326967613
0.16479474287
0.165261940765
0.16572689491
0.166188906594
0.166648216947
0.167106095656
0.167564711281
0.168026813581
0.168495501846
0.168972827046
0.169454275205
0.169913476886
0.170288549374
0.170516074183
0.17061497225
0.170636872053
0.170749665499
0.170843159179
0.170768255908
0.170479838256
0.170025470683
0.16945720194
0.168823830512
0.168207428403
0.167613772186
0.167031121388
0.166585910916
0.166292049306
0.166219761355
0.166200807941
0.165772305145
0.164840457191
0.164315348782
0.164138074105
0.163981594574
0.163916838188
0.154191419829
0.154199920393
0.154213967987
0.15423877372
0.154276509997
0.15431794443
0.154362393908
0.154418542744
0.154479516758
0.154550065245
0.154648025214
0.1547516639
0.154857777506
0.154958898806
0.155073315137
0.155206828438
0.155338100043
0.155467957174
0.155605228708
0.155754800101
0.155918875212
0.156098511999
0.156317010356
0.156593253192
0.156874157759
0.157161928534
0.157495103296
0.157835659109
0.158179990737
0.15854497924
0.158905983623
0.159263626677
0.159629073817
0.160004915305
0.160391167766
0.160788463555
0.161197264785
0.161617155744
0.162048499877
0.162491646285
0.162946285912
0.163411917843
0.163886744379
0.164367236426
0.164849683424
0.165331432396
0.16581096947
0.166287568677
0.166761587641
0.167235219124
0.167712956009
0.16820201938
0.168712881363
0.169256934861
0.169833459824
0.170400880829
0.170891336266
0.171207008258
0.171327929791
0.171274829571
0.171647684251
0.171972206263
0.171851633296
0.171335745274
0.170629515524
0.169871089463
0.169041267789
0.168155452721
0.167319658068
0.166614931547
0.165952669314
0.165591373627
0.165846595254
0.166498800807
0.165955749749
0.163947543784
0.163205773477
0.163300674091
0.163083515049
0.163036258934
0.1540436955
0.154053274779
0.154076213085
0.154091784547
0.154123342294
0.154165881308
0.15421366841
0.15427377386
0.154347309449
0.154418440215
0.154517609701
0.154622553291
0.154729580245
0.154832359763
0.154947741288
0.155084302088
0.155218164903
0.155350372517
0.155489016169
0.155639025166
0.155803059787
0.155981621073
0.156192299986
0.156465164581
0.156770896509
0.157067397222
0.157388830052
0.157747425737
0.15810168163
0.158448462785
0.158802466291
0.159164490898
0.159538252502
0.159923550594
0.160319753094
0.16072714151
0.161146170815
0.161577140353
0.162020087514
0.162475509405
0.162943870059
0.163424460778
0.163915136302
0.164412022374
0.164910913104
0.165408951006
0.16590443787
0.166396100809
0.166883448617
0.167368858685
0.167859667509
0.168368991665
0.168916825967
0.169527975431
0.170203864977
0.170920372756
0.171754615051
0.172283574604
0.172298967828
0.171249191058
0.171150116966
0.171420849824
0.171379912007
0.170922088099
0.17024576122
0.1694834822
0.168681862298
0.167882383907
0.167123949686
0.1664559636
0.165998107847
0.166014113002
0.166755180906
0.168397456853
0.168337596783
0.161450769717
0.160582217983
0.1623195799
0.161899497348
0.161979080761
0.153876589264
0.15388540079
0.153906551838
0.153923990575
0.15395307228
0.153996999492
0.154046425848
0.154106176675
0.154191662416
0.154271369891
0.154371256649
0.154478198075
0.154587556208
0.154694469289
0.154812418609
0.154949899374
0.155085486547
0.15522063782
0.155361403656
0.155512358159
0.155676466513
0.155855529562
0.156061471957
0.15632692429
0.15664773362
0.156961508149
0.157275524623
0.157627773538
0.157993116188
0.15834471194
0.158693956616
0.159057498587
0.159438139198
0.159833037234
0.160239719331
0.160657790976
0.1610881595
0.161531152811
0.161987219165
0.162456653857
0.162940266218
0.163437804756
0.163946736546
0.164462354559
0.164979788216
0.165496237569
0.16600999129
0.166517800941
0.16701568646
0.167505276952
0.167998608845
0.1685144833
0.169080985219
0.169732541143
0.170448135354
0.171176030344
0.171503132949
0.171847458034
0.171979006888
0.171693735199
0.171326976552
0.171256156416
0.171060186221
0.170574353573
0.16989646995
0.169127826779
0.168316256911
0.167497091473
0.166721217095
0.16603498902
0.165527252984
0.165327986648
0.165428562204
0.165472848106
0.163479246062
0.161747537531
0.163415055582
0.164643673993
0.160298173258
0.160694443152
0.153692144858
0.153700065686
0.153721759017
0.153739316195
0.153768457984
0.153812684611
0.153863279752
0.153919901142
0.154006721286
0.154100348803
0.154205576521
0.154315990109
0.15442923701
0.154543854166
0.154664876743
0.154803080291
0.154940287812
0.155078938841
0.155222328388
0.155374784089
0.155539275143
0.155718293726
0.155921183281
0.156177956943
0.156498792569
0.15683991262
0.15716308074
0.157502817954
0.157862804392
0.158215329208
0.15856699531
0.158937910322
0.159327068051
0.159731775993
0.160149592859
0.160579620018
0.161022199989
0.161478430971
0.161948859982
0.162434151508
0.16293497835
0.163451468344
0.163981537544
0.164519557095
0.16505893894
0.165596756776
0.166131657299
0.166657116612
0.167161854461
0.167644795716
0.168125570741
0.168628233956
0.169181886337
0.169820724608
0.170429897376
0.170854338346
0.171286806033
0.171537135963
0.171587496903
0.171348161574
0.17097761963
0.170690801899
0.170340787028
0.169804475835
0.16910377253
0.168302779097
0.167448267999
0.16657793999
0.16573575186
0.164963462132
0.16429333059
0.163773327163
0.163361446865
0.162858850106
0.161902002838
0.161280033773
0.161677247476
0.16169629456
0.160877325459
0.161416789193
0.15349254235
0.153498965169
0.153516518213
0.153536469286
0.153569975545
0.153614417343
0.153667562198
0.15372294345
0.153808485019
0.153910368813
0.154020389106
0.154133827717
0.154249590022
0.154374665514
0.154502050561
0.154641000824
0.154780409254
0.154924014659
0.155070923102
0.155225559643
0.155390958932
0.155569694548
0.15577024028
0.156019937639
0.156336348754
0.156694604727
0.157037633699
0.157373250552
0.1577216639
0.158069973207
0.158426273243
0.158804372522
0.159202357046
0.159616866848
0.160046500197
0.160490201246
0.160946947319
0.161417449771
0.1619038995
0.162406650602
0.162926823383
0.163465355491
0.16402030167
0.164585045543
0.165149932729
0.16571389173
0.166280812136
0.166834349859
0.167339037402
0.167794934612
0.168239561768
0.168700520274
0.169199609317
0.169754729082
0.170145879736
0.170569056632
0.170890960512
0.171039368385
0.171010359478
0.17078127767
0.170415686717
0.170005285466
0.169518305118
0.168893365006
0.168129193939
0.16726348636
0.166334840588
0.165376134823
0.164419864326
0.163498968031
0.162605056734
0.161747770974
0.16092883764
0.160077168541
0.159095556947
0.158167215449
0.157775684944
0.158120285994
0.159104920184
0.160688302336
0.153280444639
0.153285643403
0.153298101227
0.153320974456
0.153358223789
0.153402519188
0.153457473495
0.153515785964
0.153597693364
0.153703688059
0.15381671989
0.153932139559
0.15404810699
0.154178570155
0.154317756214
0.154460017095
0.154602305349
0.154751653273
0.154904576231
0.155062966614
0.155230544961
0.155408907606
0.155607671836
0.155851438596
0.156158444715
0.156514993447
0.15687960199
0.157226439452
0.157571903001
0.157917918409
0.158273495991
0.158656976046
0.159063690066
0.15948612528
0.159928991971
0.160387809018
0.160858872922
0.161345575009
0.161850045613
0.162373105716
0.162915188564
0.163477751383
0.164060560171
0.164659893068
0.165269329921
0.165884616857
0.166496182252
0.167068427016
0.167561042801
0.16796864947
0.168345436576
0.168724677525
0.169195900322
0.169508904041
0.169883480425
0.17018901693
0.170376205505
0.170417512541
0.170297434238
0.170009137598
0.169580159691
0.169054166808
0.168432664738
0.167691751808
0.16682763393
0.165860710217
0.164817731114
0.163723144462
0.162599015071
0.161466589971
0.160301373144
0.159069548877
0.157773583527
0.15637709326
0.15482461714
0.153231593879
0.151934559262
0.151194284466
0.151047103177
0.151844012547
0.153056710028
0.153061559423
0.153072394187
0.153098747461
0.153135750382
0.153178002193
0.153230593216
0.153293683971
0.153371792407
0.153479546633
0.153594849763
0.153712182827
0.153829413031
0.153960396377
0.154109490398
0.154258408027
0.154405340725
0.154559606366
0.154719248713
0.154883834066
0.155056237572
0.155235046963
0.155432348231
0.155671903259
0.155969855525
0.156319869966
0.156693544516
0.157054387212
0.15739700817
0.157741561834
0.15810453317
0.158491130507
0.158904395659
0.159338123335
0.159794946089
0.160268764437
0.160755638826
0.161260131801
0.161784351812
0.162329685647
0.162896871498
0.163487960427
0.164107470636
0.164760325972
0.165437354927
0.166112980851
0.166770857357
0.167379941751
0.167892952086
0.16822199388
0.168494834537
0.168815161223
0.169018611414
0.169301741389
0.169541525377
0.169694638992
0.169740416412
0.169654002215
0.169419034869
0.169032220453
0.168506724238
0.167863918857
0.167110658331
0.166239945354
0.165250106195
0.164151605954
0.162960165071
0.161689987344
0.160350808492
0.158944357342
0.157459371664
0.155806857279
0.153931114748
0.151806042273
0.149350589955
0.146526220424
0.143357201584
0.139881380782
0.136406402146
0.138817427457
0.152818715825
0.152823649088
0.152834965381
0.152865615981
0.152901752993
0.152941437433
0.15298952331
0.153055603839
0.153128515572
0.15323644799
0.1533540768
0.153473494307
0.153593050073
0.153726048558
0.153880452942
0.154036219217
0.154189391264
0.154349014436
0.154513973932
0.15468525982
0.154865087914
0.155046375037
0.155242269256
0.15547883595
0.155769141926
0.156110851737
0.156485763106
0.156855046445
0.157207759461
0.157552553079
0.157920806443
0.158313694595
0.15872974084
0.159167078283
0.159634433126
0.160127532254
0.160634228034
0.161158926686
0.161704034521
0.162273045416
0.162868733318
0.163494415551
0.164164841523
0.164888905144
0.165634689053
0.16637472023
0.167114127747
0.167850253811
0.168498372369
0.16865661249
0.168666104954
0.168743152772
0.168895838322
0.169025054668
0.16909751226
0.169091853794
0.168983478558
0.168750533143
0.168379601566
0.167866944724
0.167218016464
0.166442970538
0.165547210119
0.164529425558
0.163388633797
0.162128501689
0.160754858628
0.159271153348
0.157674925215
0.155953973214
0.15408644102
0.151959230492
0.149427760571
0.146411322551
0.142730183279
0.138043943976
0.131686783706
0.12208239596
0.104261073363
0.0609444475153
0.152560611273
0.152565532386
0.15257912204
0.152614787078
0.152650709724
0.152688518378
0.152734313204
0.152800273001
0.152867613085
0.15297356372
0.153093271408
0.153214745634
0.153336709893
0.153471767211
0.153629475245
0.15379146702
0.153952932302
0.154118668884
0.154288028489
0.15446520065
0.154653843658
0.154840592535
0.15503495589
0.155268917329
0.15555364234
0.155886069209
0.156255741347
0.156622898255
0.156989181228
0.157348661307
0.1577186612
0.158111641515
0.158535771278
0.158985008009
0.159454945512
0.159959747065
0.16048826568
0.161035658833
0.161606005281
0.162200958306
0.162826010741
0.163496731623
0.164237755772
0.165035794571
0.165844141925
0.166670644102
0.167586706847
0.16866976797
0.169990621618
0.169137277453
0.168836454507
0.168736863986
0.168713316716
0.168663150215
0.168559285969
0.168379588169
0.168100837006
0.167704780601
0.167179714915
0.166520553502
0.165727975088
0.164805644395
0.163755690494
0.162576774044
0.161266152151
0.159821499445
0.158239592691
0.156512956118
0.154625962456
0.152550000371
0.150236170062
0.147607427343
0.14443722936
0.140476916711
0.135468263101
0.128850734779
0.11950426032
0.105192183903
0.081231467183
0.0417244174322
0.152274214375
0.152279127051
0.152294929936
0.152335554357
0.152371016682
0.152410193601
0.152455431339
0.152519103916
0.152583914377
0.15268914828
0.152811028703
0.152934430761
0.153058630049
0.15319521108
0.153354429834
0.153520348833
0.153691987806
0.153865308451
0.154039304602
0.154221638175
0.154418409567
0.154614766857
0.154808908242
0.155038966649
0.155320061099
0.155644539638
0.156007000294
0.156368583303
0.156735529222
0.157113636145
0.157500387139
0.157896785607
0.15831252634
0.158767677861
0.159254289193
0.159769832509
0.16031592323
0.160886232978
0.161482495449
0.162107132668
0.162770371132
0.163503933458
0.164321991287
0.165180388731
0.166056067946
0.167012654651
0.168205953349
0.16987725119
0.169741040779
0.169542329841
0.168993953079
0.168666253528
0.168440445575
0.16819987592
0.167907937364
0.167542371593
0.167082561249
0.16651238446
0.165820789751
0.1650013459
0.164051319602
0.162969807925
0.161755193754
0.160403548068
0.158908704071
0.15726245474
0.155453246006
0.153463310811
0.151264727874
0.148814223212
0.146045593737
0.142862001478
0.139068287225
0.134296632213
0.128150571516
0.120068940725
0.109003884599
0.0932064038657
0.0695592864747
0.0372498913588
0.151952719208
0.151959505606
0.151976128976
0.152016012844
0.152054347998
0.152100025285
0.152148457045
0.152212612259
0.1522817349
0.152382284879
0.152505657656
0.152630931509
0.152757343333
0.152895138417
0.153054638734
0.153220831545
0.153398686504
0.153582875348
0.153764258437
0.153952971985
0.154155824482
0.154364678818
0.154566697654
0.154788820348
0.155066236204
0.155384782933
0.155739942001
0.156096737817
0.156458668505
0.156845262946
0.157249654732
0.157661954009
0.158079426389
0.15852884589
0.159019137742
0.159549974091
0.160115337731
0.160709657385
0.161331345196
0.161988700702
0.162708149923
0.163520061675
0.164405821387
0.165321408703
0.166276746916
0.167364148472
0.168908642723
0.169386261964
0.169574283221
0.169245071328
0.168782809186
0.16838403275
0.168000626395
0.167583105459
0.167108460156
0.166558454273
0.165916312872
0.165168523382
0.164304935166
0.163318219763
0.162203110094
0.160955133496
0.159568981195
0.158037170043
0.156349326858
0.154491480549
0.152444502542
0.150181358754
0.147663175172
0.144833840806
0.141612422764
0.137882150107
0.133478479156
0.128071155296
0.121136122545
0.11206872696
0.100064334935
0.0838468933635
0.0611381288312
0.0326370888742
0.151600702017
0.151610857949
0.151627407311
0.151660781956
0.151705039436
0.151757523543
0.151811848586
0.15188064614
0.151959444364
0.152054378886
0.152176429561
0.152302842093
0.152431517104
0.15257069691
0.152730684806
0.152897566554
0.153075984411
0.153269410658
0.153461030809
0.153658544242
0.153867409689
0.1540882189
0.154307740259
0.154532515747
0.154796862935
0.155108220307
0.155456097935
0.155808624391
0.156163869726
0.156549878415
0.156962628164
0.157396157128
0.157827085775
0.158273485641
0.158760354056
0.15929594763
0.159877267366
0.160497566655
0.161149336862
0.16185317259
0.162647707547
0.163541127765
0.164493499415
0.1654741443
0.166496510512
0.167520815138
0.168435094737
0.168782264389
0.168923880223
0.168730091767
0.168341635493
0.167879022715
0.167363662312
0.166787703215
0.166141826078
0.165414979988
0.164595459437
0.163672730809
0.162637770117
0.161482739341
0.160200453061
0.158783524432
0.157223228679
0.155508361184
0.153624223273
0.151551466609
0.14926431878
0.146727868911
0.143894218012
0.140697198912
0.137045073237
0.132810356261
0.127814942076
0.121815585607
0.114378846393
0.104848148317
0.0924240507571
0.076166129346
0.0545247071832
0.0286149646171
0.1512317022
0.151242315768
0.151257736787
0.151283591571
0.151331052048
0.151386173688
0.151444506808
0.151515667336
0.151601261341
0.151698362554
0.151820747305
0.151948458659
0.152079650658
0.15222040316
0.152381238812
0.152550253678
0.152730463392
0.152930186299
0.153131912744
0.153341606224
0.153559860607
0.153789541452
0.154022270295
0.154263606337
0.154529435301
0.154829924672
0.155162899539
0.155509008107
0.155855646586
0.156235157065
0.156647914152
0.157089609375
0.157541842944
0.157997740305
0.158485529378
0.159017391449
0.159602656895
0.160243642928
0.16093600618
0.161704460686
0.162585178535
0.163562051372
0.164593785952
0.165674078033
0.166769342667
0.167943340239
0.167962612124
0.168203835059
0.168295762582
0.168105115706
0.167695997932
0.167157135441
0.166524293924
0.165805359649
0.165001213441
0.164108414198
0.163120507149
0.162029932613
0.16082884702
0.159509141794
0.158062148399
0.156478074628
0.154745179992
0.152848791518
0.150770212762
0.148485379807
0.145962995646
0.143161878569
0.140027310203
0.136486100151
0.132439943155
0.127756465672
0.122257197847
0.115701353267
0.107770753077
0.0979889946524
0.0856505422925
0.0699248764407
0.0496206823147
0.0257102984814
0.150850756879
0.150859781831
0.150873129946
0.15089670096
0.15093968742
0.150992792239
0.151052062315
0.151122407514
0.151210549263
0.151311947714
0.151436987052
0.15156640616
0.151700272324
0.151842539113
0.152004092231
0.152175201727
0.152357456832
0.152562297094
0.152772524418
0.152993445598
0.15322647801
0.153465853263
0.153710828962
0.153958446772
0.154233185351
0.154541381663
0.154870397538
0.155202532233
0.155537373081
0.155907053937
0.156316457354
0.156754273046
0.157215488508
0.15768384467
0.158178722079
0.158715095702
0.15929960233
0.159952817766
0.160690716774
0.161536899929
0.162506227999
0.163564737955
0.164668350674
0.165788097891
0.166843697159
0.16748597898
0.167575500573
0.167626822057
0.167592242123
0.167336391298
0.166868289077
0.166243128128
0.16549590332
0.164642711012
0.163691392217
0.162644146303
0.161498702534
0.160249971653
0.158891085657
0.157413711471
0.155807970288
0.154062083161
0.152161751777
0.15008931022
0.147822652987
0.145333858706
0.142587338636
0.139537325951
0.136124512887
0.132271620233
0.127877604981
0.122810144323
0.116895989348
0.109908877327
0.101554722132
0.0914563036526
0.0791407348219
0.0639646636977
0.044970021957
0.0229707730164
0.150452016568
0.150462780222
0.15047271465
0.150499356107
0.150534789246
0.150583014527
0.150640481456
0.150708782599
0.150796861746
0.150898058781
0.151025636787
0.151156444044
0.151292049378
0.151435737882
0.151598221793
0.151770124244
0.151952669081
0.152161920852
0.152379432101
0.152607366739
0.152852043519
0.153100286642
0.153362061073
0.153624251139
0.153899005097
0.154212420799
0.154555249324
0.154885377175
0.155208511307
0.155564399164
0.15597138972
0.156408467985
0.156867768432
0.157340317804
0.157836910088
0.158375535276
0.15896170904
0.159626329366
0.16040984502
0.161338001311
0.162393239306
0.163518460429
0.164640927557
0.165801954566
0.16655336804
0.166732123003
0.166919484156
0.16694502937
0.166792795436
0.16643803797
0.165882193114
0.165157139386
0.164293789149
0.163311945619
0.162223191014
0.161032985164
0.159741730152
0.158346007199
0.156839561562
0.155213774175
0.153457742335
0.151558069788
0.149498390436
0.147258630873
0.144814007193
0.142133697716
0.139179091065
0.135901476225
0.132239040157
0.128113017827
0.12342282453
0.1180399904
0.111800756106
0.104497323839
0.0958679769671
0.0855865595433
0.073250978153
0.0583981874648
0.0403895428129
0.0202273972823
0.15002639518
0.150037974221
0.15004969577
0.150077437392
0.150110957376
0.1501560868
0.150210863501
0.150276603969
0.150362228998
0.150459588023
0.150587975104
0.150719954031
0.150855018463
0.151000125327
0.151164737152
0.151337277494
0.151518166487
0.151727862111
0.151951646369
0.152183426144
0.152436281425
0.152694934286
0.152965100185
0.153250581492
0.15354050478
0.153858579804
0.15421408651
0.154557347073
0.154870393273
0.155209609365
0.155604197829
0.156041548558
0.156505541631
0.156982977857
0.157475112201
0.158009052767
0.158591292335
0.15926199776
0.160087600007
0.161093748903
0.162220195697
0.163338668474
0.164434355974
0.165351034959
0.165965839253
0.166131319068
0.166212437219
0.166147392653
0.165881984658
0.165412868737
0.164749071527
0.163913881109
0.162933605008
0.161828409323
0.160611342369
0.159289356498
0.157864170494
0.156333199906
0.154690397232
0.152926765013
0.151030529098
0.14898702539
0.14677831982
0.144382565717
0.141773084679
0.138917137779
0.135774318428
0.132294486667
0.128415151207
0.124058212471
0.119125986162
0.113496468461
0.107017900997
0.0995029015319
0.0907227503228
0.0804035109876
0.0682235716367
0.0538438536255
0.0367380185431
0.0181619060955
0.149573230076
0.149582232983
0.149600165783
0.149628255488
0.149663664993
0.149708721817
0.149761511109
0.149824991126
0.149907349734
0.149998707928
0.15012546845
0.150259269783
0.15039224595
0.150536051608
0.150704278714
0.150879083219
0.151059289773
0.151263830067
0.151488630972
0.151723804286
0.15198026258
0.152252162653
0.152537738042
0.152835311984
0.153144729285
0.153472552641
0.153840552825
0.154210906768
0.154528550224
0.154850818412
0.155222539041
0.15565061598
0.156116136756
0.156604942036
0.157099805904
0.157623518342
0.158194959225
0.158860101113
0.159718999124
0.160800824394
0.161979015817
0.163102470456
0.164328739218
0.165039826307
0.165146460105
0.165357324786
0.165404650791
0.165232965753
0.164848691525
0.164259237073
0.163478313913
0.162527940365
0.161431728905
0.160208849978
0.158872321472
0.157429310446
0.155881791922
0.154227300889
0.152459638062
0.150569356443
0.148543969376
0.146367890672
0.144022121516
0.141483683737
0.138724793014
0.135711746146
0.132403485167
0.128749783778
0.124689005067
0.120145384713
0.115025826488
0.109216259249
0.102577728094
0.0949426395405
0.0861118734808
0.0758547562322
0.0639101588174
0.0500258290086
0.0337655978104
0.0165223068046
0.149098774505
0.149106864331
0.149126499808
0.149154918441
0.149192429899
0.149238771798
0.149290306061
0.149352256622
0.149432748612
0.149518195892
0.149640164096
0.149776043539
0.149908397573
0.15004688154
0.150216298974
0.150394207245
0.150575511797
0.150774337945
0.150994171392
0.151228759192
0.151487547251
0.151759986565
0.152061706784
0.152375395738
0.152704367268
0.153046225089
0.153425414725
0.15382736565
0.154174101216
0.154492209792
0.154843809272
0.155246126701
0.155701220141
0.156194987764
0.156709672479
0.157231082878
0.157784776729
0.158423839693
0.159297182651
0.160430651501
0.161573659518
0.162604972753
0.163254319126
0.164313524067
0.164490589183
0.164560393304
0.164498193176
0.164209459149
0.163698414159
0.162982276286
0.162079842433
0.161013191842
0.159804010472
0.158469845447
0.1570226791
0.155468978839
0.153810228555
0.15204357157
0.150162410993
0.148156842039
0.146013854212
0.143717294939
0.141247599243
0.138581288943
0.135690234806
0.13254066955
0.129091924407
0.125294858595
0.121089946806
0.11640500749
0.111152588238
0.105227099871
0.0985019250637
0.0908269765816
0.0820274411543
0.0719058481019
0.0602444756042
0.0468500163738
0.0313418768081
0.0151567965724
0.148605064654
0.148612522314
0.148631029035
0.148660624202
0.148698740747
0.148745485037
0.148795763224
0.148855352483
0.148937470335
0.149023180016
0.149134227235
0.14927027294
0.149404300265
0.149540360693
0.149702710184
0.149880781596
0.150063383164
0.150258571655
0.150474032229
0.150702117687
0.15096292994
0.151234430487
0.151531433245
0.151853286689
0.152196637871
0.152561684998
0.152957336211
0.153391025417
0.15379399592
0.154128258461
0.154472268864
0.154854930843
0.155288866171
0.155764997528
0.156284672352
0.156827475644
0.157380317973
0.157976735842
0.158820296176
0.160023435943
0.161205628343
0.162328468728
0.163532044322
0.163497708165
0.163689213423
0.16370694184
0.163502765968
0.163076039341
0.162431795251
0.161586848947
0.160562982432
0.159382483903
0.158065317242
0.15662706914
0.155078089918
0.153423579062
0.151664075644
0.149796037772
0.14781236244
0.145702757354
0.143453916704
0.141049487795
0.138469831274
0.13569157714
0.13268697652
0.129423038634
0.125860435649
0.12195214611
0.117641809004
0.112861769226
0.107530832385
0.10155182037
0.09480914852
0.087166908628
0.0784681444232
0.0685376246045
0.0571840495542
0.0442483286899
0.0293799933754
0.0140020278645
0.148092736836
0.148099891935
0.14811760432
0.148148748417
0.148185070508
0.148229595173
0.148278865678
0.148334560726
0.148415517467
0.148505503796
0.14860514605
0.148738966696
0.148874109685
0.149011829998
0.149163683315
0.149337255163
0.149519050292
0.149711177846
0.149926061937
0.150149447179
0.150402455327
0.15067717838
0.150966433074
0.151284616844
0.151632035901
0.152005318101
0.152415564804
0.152869734261
0.153343372887
0.153740473811
0.154088377422
0.154464348632
0.154880487936
0.155348164718
0.155851519566
0.156399337173
0.156975446242
0.157558660128
0.158286404511
0.159461777395
0.160716958341
0.161973918253
0.162783848913
0.162761711115
0.162806536212
0.162724942949
0.162393632626
0.161828883654
0.161050309682
0.160078567019
0.158937082717
0.157647911963
0.156229323036
0.154694784897
0.153052717792
0.151306766869
0.149456318713
0.147497043705
0.145421353484
0.14321871471
0.140875790917
0.138376404387
0.13570132081
0.132827862365
0.129729349545
0.126374364677
0.122725814324
0.118739755945
0.114363942366
0.109536043994
0.104181532825
0.0982112799819
0.0915190391562
0.0839792575388
0.0754458562565
0.0657544916513
0.0547236216646
0.0422054607106
0.0278574350179
0.0130466245519
0.147562735057
0.147569737931
0.14759132523
0.147622183455
0.147653519082
0.147694096223
0.147742343168
0.147795277403
0.147867222009
0.147956713164
0.148049449966
0.148179106157
0.148313475398
0.148449964905
0.148593998599
0.148761879856
0.148938171555
0.149126220815
0.149340632506
0.149564503918
0.149805409438
0.150075110059
0.150359889612
0.150674387401
0.151016095188
0.151385315052
0.151795126776
0.152251282119
0.152756809709
0.153263196211
0.153671778696
0.15405113198
0.1544613205
0.154913252649
0.155415510546
0.155962705243
0.156555759193
0.157191215388
0.1578508132
0.158743844634
0.159895971237
0.160509016471
0.161673490628
0.161862311451
0.161831235026
0.161625205057
0.161167066605
0.160468358551
0.159558524857
0.158464698852
0.157211722143
0.155820810422
0.154308342241
0.152685575456
0.150958897548
0.149130325347
0.14719807313
0.145157071029
0.142999368882
0.140714398523
0.138289083464
0.135707796812
0.132952174103
0.130000789084
0.126828695503
0.123406822888
0.119701193823
0.115671903655
0.111271784321
0.106444662804
0.101123136587
0.0952258354913
0.0886542327743
0.0812893563724
0.0729889053173
0.0635875798416
0.0528958466087
0.0407522491785
0.0267972156616
0.0123066597101
0.147015293855
0.147023103727
0.147048250457
0.147074751868
0.147101567471
0.14713915125
0.147186022083
0.147237253865
0.147299803989
0.147384108648
0.147469853898
0.147591420138
0.147724303648
0.147855072421
0.147992089118
0.148156588957
0.148325100485
0.148503590164
0.148714420234
0.148935357135
0.149168302354
0.149430839477
0.149705693508
0.150017380934
0.150352035562
0.150715395676
0.15111027329
0.151551682913
0.152044173354
0.15259495329
0.153137515816
0.153585048363
0.15401654215
0.154468628077
0.154965998156
0.155516951634
0.15612689685
0.156798859901
0.157521068812
0.158361271149
0.1594919268
0.160577014118
0.160678112256
0.160877296272
0.160794028053
0.160437356554
0.159834183735
0.158999839536
0.157962873911
0.156753283199
0.155396268005
0.153911501777
0.152313150858
0.150610192311
0.148807011505
0.146904074038
0.144898537004
0.1427847416
0.140554569619
0.138197661565
0.135701502611
0.133051384934
0.130230259484
0.12721848991
0.123993512273
0.120529381206
0.116796147941
0.112758976505
0.108376867635
0.103600834615
0.0983713618136
0.0926149904777
0.0862399213792
0.0791307721898
0.0711426896259
0.0620976527271
0.0517784616869
0.0399770733987
0.0262799551007
0.0118285768926
0.146448297467
0.146456198349
0.146473172326
0.146498346708
0.146526098428
0.146562627578
0.146607717692
0.14665611117
0.146713149532
0.146791484901
0.146873310966
0.146979833787
0.147111464812
0.147237070435
0.147365257173
0.147524566108
0.147690048255
0.147858692836
0.148055565078
0.148268896254
0.14849109153
0.148749107837
0.149015390722
0.149308948608
0.14963309084
0.14999031708
0.15037107396
0.150791337339
0.151258737596
0.151781521745
0.152364961596
0.152952468228
0.153475406916
0.153977756174
0.154494418636
0.155051665072
0.155664397303
0.156344019338
0.157095742968
0.158008563313
0.1593325661
0.159926602092
0.159795718106
0.159824969813
0.159633967106
0.159137640507
0.158391456504
0.157425159862
0.156268379094
0.154951530631
0.15349914284
0.151928977095
0.150252855722
0.148477525924
0.146605520188
0.144635941523
0.142565093114
0.140386942256
0.138093433691
0.135674674773
0.133119009504
0.13041299974
0.127541333642
0.124486681961
0.121229505721
0.1177477827
0.114016567056
0.110007240584
0.105686263382
0.10101318748
0.0959376519753
0.0903950404939
0.084300413192
0.0775405558537
0.0699636387509
0.061369470777
0.0514945425937
0.0400441230888
0.0264960364093
0.0117387234984
0.145863136283
0.145869915239
0.14587938384
0.145903826861
0.145932973345
0.145967095557
0.14600793078
0.146052011685
0.146102973513
0.14617566236
0.146257695686
0.14634789798
0.14647552696
0.146601037632
0.146724269075
0.146867988121
0.147030237954
0.147193705012
0.147371446376
0.147576217841
0.147786492088
0.148026698169
0.148288146637
0.148560546741
0.148867951265
0.149203442372
0.149571737014
0.149972413014
0.15041234305
0.150903538972
0.151444975522
0.152049330684
0.152669808916
0.153273043993
0.153851715076
0.154443402435
0.155065017521
0.155729747052
0.156432026962
0.157219165477
0.158018687234
0.158866609801
0.158730139232
0.158635903945
0.158333099491
0.157714225499
0.156837428992
0.155748179439
0.154481063006
0.153066586232
0.151527988458
0.149880944462
0.148134964553
0.146294720259
0.144361117586
0.142332145568
0.140203500824
0.137969016782
0.135620941228
0.133150099756
0.13054597354
0.12779671647
0.124889144627
0.121808727505
0.118539585016
0.11506443566
0.111364370519
0.107418256974
0.103201518548
0.0986839808837
0.0938263828352
0.0885750186639
0.082853697915
0.0765522078876
0.0695094905808
0.0614948835961
0.0521784415787
0.0411414328406
0.027719862958
0.0122631863466
0.145263671923
0.145270477764
0.145283892019
0.145303283592
0.145327551632
0.145355909125
0.14539024609
0.145429737447
0.145474069345
0.145538318237
0.145618292059
0.145696249663
0.145812067603
0.145939886956
0.146060171878
0.146185498321
0.146340686048
0.14649630255
0.146656459542
0.146850454749
0.147052577598
0.147268917388
0.147516029965
0.14776932505
0.148058976297
0.14836929769
0.148718700978
0.149095355811
0.14950712462
0.149966088565
0.150470218542
0.151020223986
0.151621963007
0.152256343693
0.15289417499
0.153531379838
0.154182356788
0.154847870002
0.155497526162
0.156042896493
0.15613067435
0.157368948973
0.15747640477
0.157326595986
0.156912346714
0.156177249588
0.155179521494
0.153976378696
0.152608224443
0.151105489117
0.149489555871
0.147773794829
0.145965457435
0.144067328642
0.142078937496
0.139997422866
0.137818126882
0.135534985394
0.133140774985
0.130627268305
0.127985329938
0.125204989775
0.122275540823
0.119185706522
0.115923874272
0.112478311791
0.108837188779
0.104988160076
0.100917219043
0.0966064845682
0.0920304636636
0.0871500637363
0.0819029947666
0.0761885128726
0.0698413934216
0.0625955240386
0.0540135023322
0.043464816767
0.0300438677223
0.0132267694709
0.144649469278
0.144655592755
0.144670808585
0.144686660607
0.14470424948
0.144728141964
0.144757654102
0.144793347744
0.144832711989
0.144886114158
0.144960433125
0.145034943673
0.145127004699
0.145252812117
0.145368673759
0.145481287143
0.145623019126
0.145771958813
0.145919165116
0.146092112742
0.146281791786
0.14647726914
0.146707883369
0.146945956523
0.147207829749
0.147497987679
0.147816665493
0.148167040055
0.148549850333
0.148971194653
0.149441823431
0.149951556112
0.150510670177
0.15111427699
0.151762162614
0.152434271659
0.153129392678
0.153842090712
0.154550345167
0.155171019577
0.155358513917
0.15597822905
0.156199521871
0.155974803271
0.155417125114
0.154549559102
0.153430191586
0.152118561197
0.150657016834
0.149074404268
0.147389337758
0.145612494425
0.14374885524
0.141799488012
0.139762782407
0.137635274965
0.135412186816
0.133087768662
0.130655523835
0.1281083661
0.125438748743
0.12263881242
0.119700623686
0.11661656129
0.113379835117
0.109985002556
0.106428249953
0.10270715638
0.0988196681416
0.0947620203946
0.0905252568446
0.0860897339645
0.0814161611465
0.0764304006514
0.0709933573619
0.0648478789203
0.0574740192245
0.0479338246252
0.0343838859057
0.014229468472
0.144019990522
0.144023499708
0.144032285885
0.144042789189
0.144060611214
0.144084014968
0.144111352175
0.144143717933
0.144177592378
0.144219738991
0.144283976331
0.144359044401
0.144429899856
0.144539894713
0.144656869222
0.144762051047
0.14488013209
0.145022534525
0.145161144554
0.145307250964
0.145482861086
0.145660185223
0.145863558281
0.146088931984
0.146318332854
0.146587484277
0.146875158592
0.147197872332
0.147549124115
0.14793483119
0.148369694919
0.148847975858
0.149376247587
0.149956598873
0.150594506462
0.151292329107
0.152045399055
0.152863404128
0.153761160753
0.154764240515
0.154935868872
0.154906426683
0.154982676303
0.154595429866
0.153860531503
0.152840957296
0.151595685144
0.150179682399
0.148631930015
0.146977444657
0.145231089386
0.143400476982
0.141488312587
0.139494116434
0.137415364407
0.135248217955
0.132987983216
0.130629408054
0.128166885313
0.125594624596
0.122906825027
0.120097917466
0.117162975371
0.114098366546
0.110902590983
0.107577099857
0.104126786177
0.100559856744
0.0968868799299
0.0931189351763
0.0892648009161
0.0853271309218
0.0812969425108
0.0771455805286
0.0728077384583
0.0681534365056
0.0628678056347
0.0562994145322
0.0458570052658
0.0238218243261
0.143378544189
0.143379897618
0.143382355116
0.143384132412
0.143404959783
0.143428707609
0.14345392978
0.143482176616
0.14350995193
0.143541981398
0.14359306114
0.143662083554
0.143728756624
0.143809507848
0.143922050018
0.144024914402
0.144121836554
0.144247198854
0.144377614767
0.144502412869
0.144655364068
0.144819377562
0.144989061923
0.145192325122
0.145401654496
0.145635312341
0.145898053572
0.146188712007
0.146508745579
0.146861906926
0.147258887078
0.147705002032
0.148204086016
0.14876237304
0.149388681134
0.150092860901
0.1508902371
0.151790549094
0.152829716724
0.153931060519
0.154287612377
0.153983596488
0.153767243764
0.153143005547
0.152216246223
0.15104033607
0.149671927948
0.148158960672
0.146533878422
0.144816294195
0.143016772357
0.141139766715
0.139185834641
0.137153169589
0.135038569376
0.13283803471
0.130547139482
0.128161280791
0.125675869383
0.123086523972
0.120389297728
0.117581031608
0.114659974981
0.111626742847
0.108485489003
0.105244972262
0.101919129074
0.0985268598615
0.0950909476388
0.0916362412889
0.0881873846113
0.0847665813293
0.0813918110373
0.0780772346933
0.0748352046308
0.0716973319211
0.0687112547457
0.0661562720007
0.064182367746
0.0669439958672
0.142727429883
0.142729237247
0.142733715289
0.14273578142
0.142748638203
0.142768374794
0.142789635964
0.142812374117
0.142835015973
0.142858459426
0.142893305234
0.142949065271
0.143015797277
0.143076025743
0.143163768587
0.143266222704
0.143352887962
0.143446864475
0.14356834923
0.14368025467
0.143799192215
0.143948183169
0.144095644532
0.144266749673
0.144457974422
0.144655986295
0.144885286041
0.145140243144
0.145426292752
0.145742861392
0.146100625846
0.146511232155
0.146975128632
0.147502435734
0.148110221132
0.148806060936
0.149610079348
0.150539348492
0.151654291715
0.152676878223
0.153206886231
0.152782491688
0.152385158314
0.151543726016
0.150441775792
0.149125628997
0.147648506876
0.146051778869
0.144361206198
0.142590818328
0.140747012457
0.138831372723
0.136842631719
0.134777961376
0.132633743263
0.130406029724
0.128090827475
0.125684310106
0.123183002296
0.120584007275
0.117885292071
0.115086173034
0.11218818514
0.109196385408
0.106120842384
0.102977840567
0.0997903134107
0.0965872677424
0.0934022304565
0.0902711017293
0.0872297896075
0.0843125248353
0.0815509813664
0.0789773055783
0.0766308010374
0.0745906343539
0.0729842258205
0.0722730117039
0.0729512367653
0.0773411946788
0.142067137376
0.142069748013
0.1420763472
0.142087845626
0.142090580721
0.142105085416
0.14212172509
0.142138841325
0.142156710734
0.142171101761
0.142189623881
0.142225611847
0.142279686199
0.142334954608
0.142392635785
0.142481512043
0.142567844223
0.142639835783
0.142735514235
0.142838471167
0.142932844654
0.14305271515
0.143184184757
0.143322215749
0.143481586941
0.143652744109
0.143841850907
0.144061262689
0.144303216352
0.144576720274
0.144893778079
0.145256611602
0.145672824267
0.14615430215
0.146722329656
0.14739042265
0.148179398646
0.149102112124
0.15024597458
0.151086695245
0.151737394623
0.151244991246
0.150752361878
0.149748526466
0.148506801814
0.147078437947
0.14551532704
0.14385295766
0.142111507008
0.140300178423
0.138421856106
0.136475849409
0.134459558513
0.132369518494
0.13020198531
0.127953276791
0.125619985166
0.123199166506
0.120688528012
0.11808669829
0.115393576152
0.112610971731
0.109743775842
0.106801641282
0.103800740923
0.100764930231
0.0977257678345
0.0947212406134
0.0917934212702
0.088985624968
0.0863395192706
0.0838930960716
0.0816786636029
0.0797242985427
0.0780515127102
0.0766872594816
0.075636506654
0.0752438242424
0.0755904186102
0.0776938031445
0.141402402365
0.141404351513
0.141407542686
0.141424779857
0.141429706153
0.141439871542
0.141451736035
0.141463025231
0.141474604109
0.141481073891
0.141487110911
0.141500542067
0.141533807283
0.141580323377
0.141623411243
0.141677389242
0.141757010134
0.14182623102
0.141888393764
0.141974483617
0.142058026076
0.142141573787
0.142246872271
0.142356910516
0.142480939492
0.142620373087
0.142772809818
0.142947944184
0.143146651642
0.143375251229
0.143634913426
0.14393553036
0.144288091948
0.144707252885
0.14521110338
0.145821068071
0.146563129181
0.147470212942
0.148631069239
0.149364372695
0.149995501259
0.149424562746
0.148861997726
0.147740331788
0.146395751568
0.144887233694
0.143265365739
0.141558784563
0.13978311582
0.137943924532
0.136041572198
0.134073893904
0.132037566867
0.129928930935
0.127744425965
0.125480848388
0.123135515918
0.120706454832
0.118192598444
0.115594113269
0.112912812002
0.110152985901
0.107322936102
0.104437062411
0.101517795612
0.0985964882679
0.0957127024136
0.0929119300706
0.0902421983123
0.087750366165
0.085478550764
0.0834618279464
0.0817256497051
0.0802886727759
0.07915053436
0.0782847727372
0.077574003871
0.0770295870793
0.0755127015285
0.0762176328238
0.140737786713
0.140739168585
0.140741421559
0.14075655297
0.140770968999
0.140774522754
0.140779539605
0.140783472247
0.140786777056
0.140787483647
0.140783608811
0.140780864854
0.140789263203
0.140815584536
0.14085158509
0.140880417366
0.140929509383
0.140990786364
0.141036144765
0.141089307296
0.141156870782
0.141217312922
0.141287185233
0.141369045095
0.141458219506
0.141558023306
0.141672831272
0.141801947063
0.141957292533
0.142132389607
0.142327419388
0.142559027022
0.142830352268
0.143159328846
0.143559408083
0.144062920226
0.144710116821
0.14555484585
0.1467597865
0.147676706293
0.148115413467
0.147331938562
0.1466856227
0.145497341099
0.144096297017
0.142545248874
0.140895536278
0.139168452475
0.137376421131
0.1355230252
0.133607414504
0.131626901772
0.129578114124
0.127457657968
0.125262464572
0.122990009676
0.120638459016
0.118206877069
0.115695444135
0.113105853278
0.11044178643
0.107709988326
0.104922241117
0.102097875711
0.0992657379065
0.0964645229536
0.0937410119879
0.0911465505847
0.0887324733776
0.0865455388452
0.0846235191286
0.0829927206338
0.0816651197176
0.0806460369931
0.0799191316369
0.0795090599107
0.0795112974419
0.0798857383282
0.0769747392611
0.0778821449727
0.140067424553
0.140067999733
0.140071342228
0.140076875015
0.140093322994
0.140098666063
0.140100737981
0.140097964052
0.140092916488
0.140087462398
0.140075044995
0.140061652448
0.140047712235
0.14004839449
0.140066399629
0.140088445861
0.140106512764
0.140142872138
0.140178222352
0.140204160005
0.140236300709
0.140277618652
0.140317085709
0.140362699529
0.14041645533
0.14047924964
0.140549001194
0.140633618436
0.140730079551
0.140840629144
0.140962672025
0.141109174648
0.141283792465
0.141494874066
0.141753589851
0.142091128427
0.142547567526
0.143144679772
0.144032340035
0.145463602067
0.145896168476
0.144863466149
0.144152249406
0.142987557024
0.141602085961
0.14005499773
0.138410228388
0.136686354458
0.134895315802
0.133040805271
0.131122242846
0.129137390418
0.127083461849
0.124957748396
0.122757940505
0.120482361571
0.118130119564
0.115701362133
0.113197514331
0.110621765995
0.107979604184
0.105280204317
0.102538946653
0.0997803435135
0.0970398343697
0.094363235936
0.0918036363267
0.0894165119141
0.0872540706529
0.0853600863387
0.0837648880554
0.0824826456916
0.0815059819805
0.080808279439
0.0803156133188
0.0800794572545
0.0801341719898
0.0803165703832
0.0834550944003
0.0806856217205
0.13938344271
0.13938120099
0.139380843674
0.13937630071
0.139386072729
0.139401479679
0.139408471988
0.139402461447
0.139391069365
0.139377956464
0.139360258013
0.139335396259
0.139310132974
0.139285379956
0.139276254427
0.139283178574
0.139287210157
0.139291199203
0.139306151908
0.13931759485
0.139318846734
0.139322884976
0.139336058044
0.139346101495
0.139360859596
0.139381934133
0.139405144269
0.139431638514
0.13946078224
0.139494419693
0.139532687766
0.139583864165
0.139654322912
0.139735494352
0.139835353281
0.139976495284
0.140129730804
0.140276126788
0.1403482044
0.139784556591
0.14247440404
0.141962823372
0.141300553844
0.14023937721
0.138939392833
0.137438717661
0.13582566717
0.134123884048
0.13234795934
0.130503318494
0.128590743894
0.12660915066
0.124556790929
0.122431934592
0.120233215972
0.117959919316
0.11561214938
0.113191154759
0.110699579813
0.108142067818
0.105525834933
0.10286248894
0.100171202735
0.097482009297
0.0948371431813
0.092289235916
0.0898966130156
0.0877170337832
0.0858012019434
0.0841876217032
0.082897964683
0.0819370393163
0.0812846375845
0.0808908734479
0.0806353384776
0.0804916534287
0.079872965615
0.0800621113304
0.0811568890349
0.0806286177158
0.138689737508
0.138683085371
0.138675300098
0.138667083796
0.138667273677
0.138681207039
0.13869336809
0.138690618396
0.138678198144
0.138659975555
0.138638384663
0.13860732953
0.138573661552
0.138534426459
0.138499623633
0.138475911706
0.13846484096
0.138447449501
0.138430732732
0.138419329476
0.138402348163
0.138373392948
0.138345347485
0.138322258886
0.138296898748
0.138267306579
0.138235556638
0.138197812632
0.138160447533
0.138116876041
0.138079547866
0.138035536686
0.137988607378
0.137936995979
0.137890109586
0.137828477027
0.137724492351
0.137571522472
0.13719798186
0.137051767002
0.138002391438
0.138647560878
0.138329914683
0.137384828725
0.136177416684
0.134736563808
0.133167082812
0.131497548321
0.129745659989
0.127918715113
0.126019087301
0.124047065932
0.122002110832
0.119883593075
0.117691167581
0.115425125436
0.113086576779
0.110677861044
0.108202794064
0.105667421698
0.103080607247
0.100456437465
0.0978181767996
0.0952018186567
0.0926566031321
0.0902415694228
0.0880190570893
0.0860471238087
0.0843724054598
0.083025179668
0.0820158189293
0.0813392596409
0.0809675046085
0.0808792082232
0.0810839424094
0.0815859790878
0.0803531824068
0.0806052085255
0.0806195947026
0.0803943032862
0.137997742351
0.137987114537
0.137974173553
0.137963325008
0.137953938045
0.137952884059
0.137959946162
0.137965543914
0.137956613081
0.13793741673
0.137911186686
0.137878143181
0.137833539364
0.137787875541
0.137735247905
0.137686192407
0.137643341255
0.137607299135
0.137565123813
0.137520760848
0.13747682182
0.137425524323
0.137362303222
0.137295832312
0.137226889794
0.137147215786
0.137056216829
0.136961494935
0.136855201442
0.136743475289
0.136613594361
0.13646633201
0.136304286955
0.136136167824
0.135957423347
0.135747934866
0.135540961316
0.13539656962
0.135616672081
0.135387198552
0.135357181145
0.135730851709
0.135463483366
0.134539406256
0.133380545161
0.131986273125
0.130458966407
0.128824231342
0.127100511117
0.125295995555
0.12341423598
0.121456717153
0.119424028129
0.1173166078
0.115135107539
0.112880808494
0.110555791455
0.108163453218
0.105708713742
0.103198970903
0.100644651468
0.0980624337668
0.0954800963438
0.0929401223405
0.0904989326439
0.0882214296642
0.0861726472635
0.0844090962524
0.0829712602242
0.0818789146674
0.0811272235278
0.0806899283272
0.0805050200136
0.0805648285363
0.0808749363602
0.0813010115558
0.0829721671399
0.0809351013956
0.0803176732391
0.080038640748
0.1373125978
0.137300826284
0.137286385838
0.137270960421
0.137255154856
0.137240345853
0.137234600785
0.137240813874
0.137234462215
0.137214767322
0.137184489234
0.137146306698
0.137096239649
0.137038046417
0.136975982674
0.136904870588
0.136833173191
0.136765881757
0.136702643556
0.136630954887
0.136555469416
0.136470187303
0.136380497771
0.136272937288
0.136155030176
0.136025393086
0.135882957233
0.135725483782
0.135550688104
0.135350086797
0.135122581929
0.134887018355
0.134631035554
0.134353268066
0.134039891216
0.133689327891
0.13332842568
0.133048868315
0.13304721576
0.134454401787
0.133463442129
0.133032349141
0.132644940846
0.131704021147
0.13057147304
0.129210596795
0.127719688612
0.126118234744
0.124423632112
0.122643933662
0.120783270739
0.11884395267
0.116827469088
0.114735189469
0.112568665067
0.110330105605
0.108022494746
0.105650239212
0.103219281447
0.100738330409
0.0982192946743
0.0956816459999
0.0931582368071
0.0906986245231
0.0883664624717
0.0862317066359
0.0843605069528
0.0828059954535
0.081601335469
0.0807567084079
0.0802558254918
0.0800546139371
0.0800573297997
0.0802110533267
0.0802330092511
0.0806404409654
0.0807550458687
0.0800659854821
0.079673222566
0.079481632809
0.136632078101
0.136624092997
0.136609689772
0.136591354225
0.136569926817
0.136546834034
0.136527205727
0.136522287311
0.136516924293
0.136496311909
0.13646257723
0.136417630581
0.136363271384
0.1362951171
0.136219712171
0.136130766173
0.136035339925
0.135941145816
0.135844791255
0.135746125703
0.135642793654
0.13552541486
0.135394495334
0.135249532788
0.135083824837
0.134901659822
0.134703912414
0.134478757029
0.13422294891
0.133935527542
0.133641513424
0.1333183557
0.132960943882
0.132563177365
0.132110633301
0.131592434203
0.130993590795
0.130241850124
0.129091335094
0.128791741515
0.130303658734
0.130226362734
0.129845921677
0.128884438406
0.127764715487
0.126424904337
0.124962535854
0.123390660195
0.121724324446
0.11997038375
0.118132887048
0.116214534204
0.114217431534
0.112143699697
0.109995659463
0.10777636859
0.105489627558
0.103140804901
0.100736775073
0.0982875385962
0.0958064070562
0.0933159666045
0.0908548512629
0.0884802999249
0.0862630602639
0.0842769755979
0.0825872266919
0.0812409751126
0.0802616211695
0.0796488960253
0.0793791021564
0.0794178242802
0.0797295407457
0.0802639202297
0.079923006594
0.0799130095487
0.0796724636292
0.0792673588259
0.0790015804883
0.0788730516166
0.13596020071
0.135957353013
0.135943837021
0.13592399754
0.135898525259
0.135869067723
0.135840008079
0.135816150886
0.135804262669
0.135783775742
0.135747639533
0.135697195249
0.1356341474
0.135559183096
0.135466972399
0.135367922387
0.135254481175
0.135136260452
0.135008517858
0.134878017345
0.134739912359
0.134591901843
0.134418219026
0.134227358703
0.134014018528
0.133780333424
0.133518029111
0.133221703895
0.132888902501
0.132543426904
0.132166008568
0.131741847447
0.131277848232
0.130767778496
0.130206341806
0.129591658355
0.128946687871
0.128173982874
0.127880566368
0.127731837532
0.127838171576
0.127624392998
0.127156956959
0.126108096077
0.124968492615
0.123635386872
0.122194326802
0.120648630335
0.119009569917
0.117281917528
0.115469118393
0.113573921154
0.111598813745
0.10954651342
0.107419987028
0.105223068374
0.102960285965
0.100637935638
0.0982637295935
0.0958489734609
0.0934083031597
0.0909678895944
0.0885730015517
0.0862891437073
0.084193819844
0.0823633772176
0.0808598496683
0.079721680673
0.078958623588
0.0785526837684
0.0784599655269
0.0786425977682
0.0790630907453
0.079635208372
0.0807613301792
0.0793945033892
0.0788897857878
0.0785457612395
0.0783439523057
0.078253329674
0.13530514228
0.135301895161
0.135288635605
0.135266799356
0.1352384726
0.135204408014
0.135168284664
0.135131701635
0.135101792459
0.135078293552
0.135041599028
0.134986872643
0.13491591223
0.13483009369
0.134727534363
0.134612353371
0.1344876233
0.134343222996
0.134191566267
0.134029021698
0.133854719499
0.133666664829
0.133453780151
0.133214616332
0.13295225679
0.132662718342
0.132338306006
0.131972638208
0.131582460135
0.131156543667
0.130678676014
0.130155011592
0.129586133215
0.128973921547
0.128326433236
0.127682495708
0.127112095301
0.126713877516
0.126871190532
0.126799970989
0.12598580747
0.125105146112
0.124465646423
0.123326533653
0.122163734788
0.120836120308
0.119415683246
0.117895891177
0.116284434294
0.11458400735
0.112797378758
0.110927238203
0.108976347054
0.106947937098
0.104845534257
0.102673706817
0.100437631033
0.0981445229084
0.0958028360508
0.0934252410628
0.091027610569
0.0886403528361
0.0863163320381
0.0841297691841
0.0821642560375
0.080497039102
0.0791852008234
0.0782574174275
0.0777096694267
0.0775055382588
0.0775765067168
0.0778512944997
0.0782073906815
0.0787932460091
0.0788055981863
0.0783304825608
0.078026357474
0.0778143903278
0.0776836396506
0.0776238705708
0.134666434029
0.134658193349
0.134643448241
0.134619255915
0.134588189024
0.134550823175
0.134507931207
0.134464285994
0.134421492027
0.134383247193
0.134344920684
0.134287921373
0.13421111542
0.134116062144
0.134004259134
0.133874083192
0.133728432927
0.133566498024
0.13338846623
0.133198383096
0.132989257036
0.132757855237
0.132501484159
0.132216836328
0.131904521471
0.131557011519
0.131169092429
0.13074286096
0.130275400699
0.129753395486
0.129179628912
0.128553609777
0.127879696161
0.127164580606
0.126426206532
0.125712012741
0.125042841258
0.124442907757
0.124042447329
0.12298256564
0.123289379681
0.122322134824
0.121649645112
0.120488374907
0.11933047781
0.118020630724
0.116626386922
0.115135342601
0.113553295801
0.111881620338
0.110122732144
0.108279375577
0.106354606584
0.104352171292
0.102276113271
0.100131735346
0.0979247943657
0.0956634577873
0.0933568203864
0.0910190378166
0.088667111493
0.086336567216
0.0840888870712
0.0820072004708
0.0801799778699
0.078683049819
0.0775659634822
0.0768462991521
0.0765090914866
0.0765134163473
0.0767977066228
0.0772608212455
0.0775033070829
0.0777134206394
0.0775657815118
0.0773363126205
0.0771718865884
0.0770636910351
0.0769955035428
0.0769500739325
0.13403883275
0.134026511709
0.13400885476
0.133983446634
0.133950733082
0.133911637692
0.133866006825
0.133814727511
0.133764634353
0.133710197121
0.133658063338
0.133598704261
0.133518688521
0.133417150827
0.13329486679
0.133152816665
0.132988811392
0.132806533714
0.132605929922
0.132385664018
0.132140060649
0.131867856207
0.131567907851
0.131238190986
0.130872095565
0.130464112596
0.130010903295
0.12951142397
0.128954999815
0.128342650506
0.127671701772
0.12694267666
0.126159709962
0.125335333917
0.124487410441
0.123632574509
0.122766531801
0.121855016397
0.121200086867
0.119726440431
0.120217718548
0.119341987296
0.118724887199
0.117593289275
0.116467114204
0.115189558465
0.11382906552
0.11237096926
0.110820888399
0.109179782341
0.107450184718
0.105635122663
0.103738050921
0.101763293205
0.0997154076539
0.097600475617
0.0954247779158
0.0931975124091
0.0909283031653
0.0886329856044
0.0863295417821
0.0840597784435
0.0818948310909
0.0799266655414
0.0782470344104
0.076927522654
0.0760061401741
0.0754842575745
0.0753313850156
0.0754999648315
0.0759191750954
0.0764758202804
0.0772820127043
0.0767187671631
0.0765138846287
0.0763828940073
0.0763145262404
0.0762818234741
0.0762612519333
0.076239795127
0.13341895435
0.133406441473
0.133387806084
0.13336396809
0.133332409319
0.133293402581
0.133246679697
0.133191557169
0.133130689186
0.133067414312
0.132995371031
0.132922349536
0.132835982785
0.132730081463
0.132599663169
0.132445433815
0.132267698571
0.132064491233
0.131838917183
0.131587893115
0.131308912243
0.130997738708
0.130655007054
0.130274908942
0.129851662448
0.129381548023
0.128857614694
0.128276743705
0.127634787859
0.126929926426
0.126157826221
0.125318681149
0.124420972572
0.123472847281
0.122472962812
0.121418168424
0.120341213644
0.11919874392
0.118314924651
0.116494873377
0.117078934438
0.116277182214
0.11573381895
0.114660172427
0.113583494342
0.11234973754
0.111029639644
0.109608464105
0.108092798781
0.106483910775
0.104784882545
0.102999266498
0.101131051039
0.0991852364641
0.0971669165968
0.095083036138
0.0929403466031
0.090749211013
0.0885196461796
0.0862694515297
0.0840173668905
0.0818129653717
0.0797379460362
0.0778926748011
0.0763704062963
0.0752362479822
0.0745149788819
0.0741902303467
0.0742064288571
0.074473848694
0.0749044528242
0.075636362215
0.0757018757725
0.0755293953038
0.0754497046963
0.075418928977
0.0754329501772
0.0754621807615
0.0754785673726
0.0754911148
0.132818795777
0.132806990991
0.132792368979
0.132771939104
0.132742934825
0.132704393666
0.132656003397
0.132597308438
0.132527480032
0.132453948812
0.132369282032
0.132273967639
0.132168214616
0.132056247464
0.131918067214
0.131753804237
0.131560563161
0.131339053335
0.131087862445
0.130807407549
0.130493847099
0.130144626511
0.12975659177
0.129323309045
0.128842133677
0.128307010558
0.127711148
0.127050201514
0.126320259002
0.1255195797
0.124643871293
0.123692835997
0.122670801171
0.12157227624
0.120377736455
0.119121345672
0.11781794365
0.116387734612
0.115115313517
0.113251849719
0.113911965935
0.113186591397
0.1127169986
0.111713441146
0.110695134615
0.109512089346
0.108236664944
0.106855115406
0.105375529311
0.10379990718
0.102132180856
0.100376623811
0.0985378851044
0.0966217527742
0.0946338876198
0.0925822197916
0.0904739116249
0.088320691823
0.0861327911739
0.0839303670213
0.0817325796603
0.0795986242178
0.0776213409617
0.0759083891403
0.0745517081039
0.0736069513611
0.0730872678212
0.0729697875286
0.0731823908784
0.073576119111
0.0739958078283
0.0743612120846
0.0743920667974
0.0743685249392
0.0743804210776
0.0744212527665
0.0744891332333
0.074567198398
0.0746049213604
0.0746354351369
0.132262652637
0.132254119182
0.132241355283
0.132221160591
0.132191952712
0.132151590167
0.132099354859
0.132034853852
0.131957465702
0.131868556132
0.131773717179
0.131665596723
0.131544179629
0.131408301996
0.131254608756
0.131078205141
0.130870190967
0.130628732421
0.130355352216
0.1300441169
0.129696416536
0.129307886855
0.128873798439
0.128386611244
0.127846207329
0.127246622384
0.126577792071
0.125835464586
0.125017255714
0.124120032292
0.123137696199
0.12206449919
0.120901707885
0.119615680856
0.118220288531
0.11673922279
0.115130706426
0.113346273707
0.111781963944
0.110070261691
0.110765972841
0.110114593641
0.109710273078
0.108777823902
0.107819401383
0.106689480696
0.105460272991
0.104119322387
0.102676294742
0.101134077505
0.0994976090218
0.0977720117278
0.095962698207
0.0940763525465
0.0921192357748
0.0901004205817
0.088027404012
0.0859135601633
0.0837690911408
0.0816170440075
0.0794765004381
0.0774185896003
0.075547452024
0.0739763029758
0.0727917831044
0.0720350019768
0.071703322652
0.0717592855667
0.0721127072174
0.0726376334211
0.0734121044389
0.0731939973687
0.0731903461666
0.073217647324
0.0732773851189
0.0733528534276
0.0734317120376
0.073522483808
0.0735760846317
0.0735957375603
0.131751138189
0.131747861506
0.131734117315
0.131712328926
0.131680244647
0.131635386989
0.131576972029
0.131504740678
0.131418399338
0.131316824534
0.131206458069
0.131088072424
0.130958853903
0.130801041496
0.130625660315
0.130426140965
0.130198564028
0.129937882964
0.129640443666
0.129300206961
0.128918538718
0.128490580181
0.12800767974
0.127466914392
0.126867848319
0.126201899852
0.125461299016
0.124638998125
0.123732412823
0.122738737781
0.121645942982
0.120439418206
0.119102128682
0.117618713207
0.116014627442
0.114263838749
0.112382103282
0.110307216831
0.10864425906
0.107005551844
0.107688460671
0.107093782273
0.106741762098
0.105875086272
0.104972969517
0.103895031907
0.102711160677
0.101410028041
0.100002712255
0.0984929630328
0.0968867703144
0.0951901750673
0.0934094337567
0.0915522269139
0.0896254492947
0.0876395085946
0.0856021360273
0.0835287296945
0.0814291328387
0.0793299891662
0.0772495768838
0.0752738135438
0.0735176055018
0.0720973139977
0.0710907446927
0.0705252980547
0.0703799726955
0.0705497933281
0.0709027630757
0.0717098528135
0.0719006505525
0.07191892185
0.0719688817564
0.072037825188
0.072120794318
0.072203255385
0.072272400742
0.0723346741478
0.0723925555899
0.0723909347909
0.131263113701
0.131265327996
0.131254645524
0.131234016596
0.131199254614
0.131149204637
0.131083884606
0.131003516362
0.130908120953
0.130797384409
0.130671324569
0.130534413377
0.130388704568
0.130224162476
0.130030202738
0.129805434499
0.129552167084
0.129266699888
0.128940933849
0.128573473624
0.12815994908
0.12768838405
0.127159083402
0.126566750089
0.125910218185
0.125181788133
0.124369688249
0.12346924049
0.122478353523
0.121389761119
0.120172485093
0.118803871817
0.117286688405
0.115617789225
0.113787612925
0.111808376873
0.109695101603
0.107359267679
0.105656073232
0.104051272685
0.104704551035
0.104144509098
0.103830894662
0.1030224552
0.102170362478
0.101140970724
0.0999998150468
0.0987362393503
0.0973625130125
0.0958831650983
0.0943052284809
0.0926357003864
0.0908817546925
0.0890521615287
0.0871544884981
0.0852007066524
0.083198650868
0.0811662464188
0.0791125344659
0.077068696862
0.0750512222734
0.0731643553307
0.0715321243118
0.070269855457
0.0694417554079
0.0690647177231
0.06911000142
0.0694554954522
0.0699492854698
0.0704848551595
0.0705863130922
0.0706545272396
0.0707341216828
0.0708245900338
0.0709170747137
0.0710003172641
0.0710663310979
0.0711117148546
0.0711566456822
0.0711709927055
0.130795691634
0.130800380632
0.130794965514
0.130775948224
0.130738552312
0.130684183512
0.130613297283
0.130526141296
0.130422755003
0.130303017612
0.130166027715
0.130011565163
0.129842795734
0.129659616237
0.129451921489
0.129210791616
0.128934351192
0.128619528394
0.128264551792
0.127866856725
0.127415872994
0.12690615015
0.126333166773
0.125692183978
0.124981108644
0.124189796762
0.123309862881
0.122334141517
0.121261242076
0.12006161269
0.11868822504
0.117163642159
0.115480601943
0.113618628735
0.111582386325
0.109395290779
0.107034997143
0.104478218569
0.102831161821
0.101237150353
0.101830364258
0.101274958875
0.100986701015
0.100231122789
0.0994230180521
0.0984380055112
0.0973361029228
0.0961067775713
0.0947633827688
0.0933112348016
0.0917584229366
0.090112941775
0.0883829686596
0.0865784510595
0.0847076834375
0.082784462251
0.0808165623438
0.0788250925047
0.0768176973667
0.074831351892
0.0728795015837
0.07108921311
0.0695905547284
0.0684935924793
0.0678476072357
0.0676464689769
0.0677703059342
0.0681044884005
0.069126042396
0.0691606084263
0.0692731095954
0.0693712510495
0.0694715877673
0.0695748859543
0.0696730423405
0.069758628225
0.0698265475046
0.0698716872969
0.0699095099615
0.0699372395283
0.130362496465
0.130361361888
0.130355097081
0.130332052278
0.130291207077
0.130234222687
0.130160632055
0.130069238616
0.129959873923
0.129832336043
0.129685980697
0.129519637146
0.129332291214
0.129125183768
0.128896518694
0.12864112817
0.128343553965
0.128003309961
0.127619697662
0.127186862293
0.126699056053
0.126150854629
0.125535164325
0.124847377655
0.124082800705
0.123232739955
0.122283571554
0.121235053349
0.120064937604
0.11871863564
0.117209953847
0.11554832898
0.113699767891
0.111651794142
0.109424238907
0.106999648462
0.104438387104
0.101728463288
0.100121598767
0.0984607860036
0.099038253899
0.0984741068904
0.0982049713052
0.0975052221176
0.0967395569481
0.0957958242574
0.0947296034159
0.0935304510213
0.0922130249432
0.0907836711211
0.0892516352441
0.0876259717513
0.0859159675983
0.0841328228543
0.0822856375179
0.0803903197229
0.0784543904345
0.0765029784088
0.074541523423
0.0726144467697
0.0707306211641
0.0690453936198
0.0676896266858
0.06676501975
0.0663121770322
0.0663071350722
0.0665617756659
0.0668647448859
0.0675668997321
0.0677986755997
0.0679403976123
0.0680636737054
0.068177578476
0.0682886642804
0.0683906196129
0.0684788257048
0.0685494330425
0.0685943711538
0.0686338478263
0.0686672302929
0.12995804419
0.129949213493
0.129934317008
0.12990568238
0.129861859913
0.129802578042
0.129726607685
0.129632537255
0.129519228379
0.129385692646
0.129231476338
0.129055585606
0.128856449531
0.128632010051
0.128383750854
0.128105193522
0.127781358209
0.127418634839
0.127006364659
0.126539987632
0.126014985181
0.125427596345
0.124771362214
0.124036553171
0.123220663321
0.122306666548
0.121289229497
0.120155865015
0.118861199339
0.117399064024
0.115781828424
0.113985992627
0.111977570809
0.109750891021
0.107296725523
0.104643469182
0.101904045985
0.0989897298177
0.0974037834446
0.0955845754538
0.0962408429327
0.0957107323243
0.095475235869
0.0948477196077
0.0941300506639
0.0932257517893
0.0921909517206
0.0910166386002
0.0897193741022
0.0883069700684
0.0867899736484
0.0851785439846
0.0834831804761
0.0817163758484
0.0798881462039
0.0780168002294
0.0761093932149
0.074196112523
0.0722790973877
0.0704123965745
0.0685982990436
0.0670266515929
0.0658226390715
0.0650816037162
0.0648199301738
0.0648973669623
0.0651668775114
0.0663621748574
0.0662572606288
0.0664235457956
0.0665832184282
0.0667286908702
0.0668560821021
0.0669741635079
0.0670793107545
0.0671695690864
0.0672442932928
0.0672937376451
0.0673349073724
0.0673674095236
0.129571816489
0.129559266771
0.129536458772
0.129505931689
0.129459427876
0.129396659594
0.129316698313
0.129218913623
0.129101679114
0.128963559966
0.128802846119
0.128618770582
0.128409516229
0.128172515163
0.127905358984
0.127598356312
0.127255395302
0.126866642668
0.126421824931
0.12592510786
0.125366747122
0.124741714406
0.12404151978
0.123261523053
0.122388800914
0.121408268976
0.120318701802
0.119089746327
0.11769806162
0.116142323647
0.114422277544
0.112492437798
0.110318073594
0.107886953442
0.105197897237
0.102340474561
0.0993291509145
0.0961392142731
0.0942518281981
0.0922853210966
0.0932958925948
0.0929752310543
0.0928167740335
0.0922793720983
0.0916143511741
0.0907442216602
0.0897330684352
0.0885755839259
0.0872905816751
0.0858875419219
0.0843782975215
0.0827740407977
0.0810865366919
0.0793295461187
0.0775141533709
0.0756613247033
0.0737774380704
0.0718989679527
0.0700232972833
0.0682170743365
0.0664731658919
0.0650219076631
0.0639748045415
0.0634305675651
0.0633835832346
0.0636307684455
0.064054478153
0.0645252340919
0.0647900169447
0.0650184127887
0.0652189038486
0.0653881781287
0.0655320027406
0.0656589752763
0.06576916082
0.0658616390097
0.0659366097463
0.0659962478136
0.0660430680135
0.0660759038123
0.129206691669
0.129193455922
0.12916811175
0.12913575726
0.129085973305
0.129019205394
0.128934718056
0.128831822716
0.128709564711
0.128566290681
0.128400038856
0.128208669249
0.127989574182
0.127739596661
0.127453681628
0.127129994267
0.126765223323
0.126345888118
0.125875239623
0.125348763063
0.124751097342
0.124087876182
0.123349397804
0.122519947085
0.121582543182
0.120542871615
0.119381948486
0.118067454915
0.116591028158
0.114955194609
0.113128043047
0.111047519246
0.108707835088
0.106081076792
0.103213405279
0.10009411832
0.0966433233295
0.0928030849539
0.0901955019256
0.0888428277474
0.0902902209373
0.0903809320834
0.0903224037469
0.0898534547718
0.0892239878367
0.0883715421528
0.0873697864059
0.0862174046959
0.0849344110893
0.0835313828976
0.0820210591729
0.0804154120929
0.0787274534105
0.0769721130299
0.075161766185
0.0733202282712
0.0714530321888
0.0696042760641
0.0677646104512
0.0660171917898
0.0643414055698
0.0630159789572
0.0621317932123
0.0617753114122
0.0618239708483
0.0621101698106
0.0631898398723
0.0632599770469
0.0634501963377
0.0636715775843
0.0638841856213
0.0640742575322
0.0642359721487
0.0643776961927
0.0645005176132
0.0646036617601
0.0646858293239
0.0647536609362
0.0648003647992
0.0648253219249
0.128868126555
0.128855357995
0.128829714583
0.128794046274
0.128740601854
0.128669700095
0.128580632889
0.128472758803
0.128345120323
0.128196250816
0.128024324503
0.127826091259
0.12759837081
0.127336953592
0.127037903146
0.126697261527
0.126307402993
0.125864616632
0.125366838627
0.124800908003
0.124171525084
0.123476593492
0.122689495337
0.121797609525
0.120813968148
0.119719257743
0.118477055285
0.117089724613
0.115549767507
0.113824569549
0.11187060936
0.109666412294
0.107192873689
0.104434353191
0.101391953373
0.0979569540605
0.0940418403029
0.0892179023506
0.0869627687344
0.0864007579051
0.0877922268103
0.0881704080427
0.088116182774
0.0876266853202
0.0869852243416
0.0861228614666
0.0851114842542
0.0839500650555
0.0826573216071
0.0812436934242
0.0797221793114
0.0781051728232
0.0764068808063
0.0746432539359
0.0728283054999
0.0709888169148
0.0691294883361
0.0673034773372
0.065492159404
0.0637995722513
0.0621837379416
0.0609829855495
0.0602717089638
0.0601196278706
0.0602796758458
0.0607220821689
0.0614258945889
0.0617504374401
0.0620523786873
0.0623280295118
0.0625729955439
0.0627921336034
0.0629814393148
0.0631460160284
0.0632887941875
0.0634094009047
0.0635076700126
0.0635814391597
0.0636239854389
0.0636341321644
0.128557261426
0.12854546361
0.128518642043
0.128478661158
0.128422299543
0.128347333737
0.128253830873
0.128141459283
0.128009281706
0.127855640689
0.127678105091
0.127473583029
0.127237772408
0.126966317873
0.126654912841
0.126297036437
0.125886115364
0.125419234727
0.12488942367
0.124292024663
0.12363164715
0.122888998491
0.122046453426
0.121116990134
0.120091005193
0.118921243432
0.117613075282
0.116171543869
0.114554590591
0.112737850078
0.110692695345
0.108389624941
0.105811142334
0.102948846872
0.0997580556152
0.0961522289654
0.0920740803676
0.0867855288056
0.0866642591633
0.0865275497783
0.0864543069879
0.0864272986744
0.0861981496589
0.0855975920427
0.0848971701373
0.0840000191928
0.0829620315791
0.0817782908354
0.0804641392728
0.0790288524965
0.0774851492376
0.0758455557427
0.0741254560433
0.072341664248
0.0705103564221
0.0686613047092
0.0667987899874
0.0649867615251
0.0631949908925
0.0615540257258
0.0599874116015
0.0589030494296
0.0583383277477
0.0582971914495
0.058539968919
0.0595013625606
0.0599907305993
0.0603328547295
0.0606814300872
0.0610013714465
0.0612865154632
0.0615399777772
0.0617669689613
0.0619616858991
0.062128413959
0.0622673878337
0.062379317945
0.0624590498925
0.0625081724236
0.0625233810831
0.128273278054
0.128262479006
0.128233560172
0.128190652297
0.128131443798
0.128051596585
0.127953420592
0.127837117111
0.127701673758
0.127544820232
0.127363324725
0.127153278457
0.126910214096
0.126629644187
0.126305207172
0.125929214426
0.125496730448
0.125004426281
0.124446408309
0.123817646903
0.1231158168
0.12232784606
0.121450286179
0.120487120229
0.119397452669
0.11816115927
0.116802358558
0.115305032005
0.113623081459
0.111726502566
0.109589722866
0.107205495995
0.10455495736
0.101616798316
0.0983683348264
0.0948214728503
0.0910166124712
0.0865774950932
0.0866116672135
0.0864596714489
0.0855334289029
0.0848554561039
0.0844207308714
0.083707277767
0.082937175688
0.0819954784128
0.0809209461178
0.0797047691501
0.0783587891054
0.0768909282796
0.0753134393337
0.0736388682335
0.0718838099436
0.0700657960083
0.0682038786567
0.0663306708087
0.0644509930351
0.0626415680416
0.0608591401508
0.0592697024699
0.0577525874424
0.0568130437309
0.056393907507
0.0563197562144
0.0566094487528
0.0578478648165
0.0584133653717
0.0588671336282
0.0592892811864
0.0596696891787
0.0600142936235
0.0603162368263
0.0605862794836
0.0608166054898
0.0610110859048
0.061171571148
0.0612988954074
0.0613846430742
0.0614441779401
0.0614749718947
0.128017548351
0.128006359586
0.127976684557
0.127933705602
0.127868280709
0.127782062742
0.12767928791
0.127560717544
0.127424517479
0.127267041234
0.127083799364
0.126869910276
0.126620272866
0.126329377142
0.125990087905
0.125594463437
0.12513787876
0.124617806223
0.124030008639
0.123373593148
0.122639179343
0.121814230884
0.120903112916
0.119891343698
0.118741858959
0.117456351199
0.116049019614
0.114493521325
0.112739147875
0.110773328741
0.108580065869
0.106120695887
0.103385487914
0.100399710076
0.0971677883163
0.0937785887756
0.0903596308985
0.087016748971
0.0865399758073
0.08399962005
0.0840117402718
0.083203895225
0.0826840207231
0.0819113729102
0.0810873720412
0.0801033073315
0.0789882771413
0.0777325145558
0.0763455925255
0.074834507992
0.0732111250676
0.0714880288911
0.0696830464297
0.0678142799284
0.0659045101518
0.0639887404098
0.0620739828081
0.0602515060701
0.0584633327603
0.0569197064476
0.0554500938613
0.0547206548038
0.0545543930086
0.0545900479399
0.0547817547792
0.0560251946312
0.0567062692107
0.0573247492477
0.0578557776843
0.0583235816848
0.0587411536623
0.0591106237506
0.0594296537017
0.0596998453655
0.0599246633082
0.0601078191949
0.060249810416
0.0603494578247
0.0604209854572
0.0604641854079
0.12779614006
0.127781337357
0.127753253245
0.127709553434
0.127637117849
0.127548515543
0.127446613425
0.127331495927
0.127198724961
0.12704255705
0.126857328109
0.126637450499
0.126377351932
0.126071021292
0.125710338558
0.125287916974
0.12480401936
0.124259478988
0.12364932641
0.122964778796
0.122195406849
0.121340871912
0.120395938592
0.119333266783
0.118130180602
0.116792733088
0.115336045822
0.11373394629
0.111934301748
0.109913376358
0.10762890565
0.105072029862
0.102291848441
0.0992740448601
0.096047527008
0.0927459768398
0.089445238187
0.0860896251213
0.0846934537988
0.0819622932516
0.0822435549197
0.0815254953117
0.0809994631593
0.0802077454743
0.0793463387542
0.0783247603636
0.0771676153088
0.0758666182375
0.0744303890098
0.0728655184459
0.0711835792648
0.0693972146859
0.0675253723773
0.0655865476807
0.0636081069625
0.061626549384
0.0596537629496
0.0577970853797
0.0559820486461
0.0544700137043
0.053024527855
0.0524878615071
0.0524189790734
0.052651949381
0.0543818307723
0.0545726320062
0.0551454092888
0.0557846169428
0.0563977385854
0.0569682832148
0.0574690927749
0.0579135165835
0.0582918211014
0.0586077044776
0.0588658592763
0.0590726370175
0.0592286461256
0.0593475000396
0.0594296081536
0.0594818284442
0.127614925998
0.127595165758
0.127568551915
0.127524782504
0.127451934352
0.127364730805
0.127268085182
0.127158721813
0.127028374128
0.126869836202
0.126677175852
0.126444735363
0.126166994297
0.125838326501
0.125452223464
0.125005538157
0.124500486517
0.123934861695
0.123300645807
0.122585431999
0.121784434921
0.120896902181
0.11990970941
0.118800043115
0.117554570691
0.116184862848
0.114699533465
0.113050645794
0.111189410479
0.109081321573
0.10669814685
0.104088601617
0.101271285417
0.0981977652922
0.0949817945468
0.0917196678611
0.0884350503573
0.0849978562157
0.0831225862792
0.0802042147885
0.0805579826398
0.0799182946682
0.079405069472
0.0786132925248
0.0777240126447
0.0766676989259
0.0754665960929
0.0741149287526
0.0726211976949
0.0709918733948
0.0692381465709
0.0673725812221
0.0654148584893
0.0633836270834
0.0613114798113
0.0592349273894
0.057174623552
0.055254481754
0.0533837280421
0.0518920120042
0.0504753188383
0.0501390267708
0.0500182909372
0.050383482785
0.0515716593005
0.0524065204378
0.0532988639938
0.0541347394163
0.0548978345656
0.055589929055
0.0562043119911
0.0567330279273
0.0571814837521
0.0575522959822
0.0578494862957
0.0580827879704
0.0582583961776
0.0583918278533
0.0584811487437
0.058533809592
0.127468494114
0.127446653777
0.127418895446
0.127374008014
0.12730248725
0.127219020297
0.127130806258
0.127025182238
0.126892216292
0.126725224952
0.126519362945
0.126269407141
0.125970769188
0.125620047289
0.125212088069
0.124745765874
0.124221417444
0.12363285375
0.122970455837
0.122226524201
0.121398933399
0.120480209674
0.119455968698
0.118308159118
0.11703185736
0.115636524892
0.114110458857
0.112403132047
0.110468100548
0.10827344698
0.105825780609
0.10317141276
0.100280428099
0.0971647038063
0.0939678557799
0.0907275322534
0.0874439278735
0.0839598744121
0.0817681966731
0.078637993952
0.0790196076872
0.0784366281785
0.0779352984998
0.0771503709561
0.0762364087253
0.0751446634399
0.0738962932067
0.0724880234568
0.0709284879279
0.0692239586273
0.0673848371819
0.0654231540836
0.0633584932199
0.0612092615248
0.0590133537034
0.056805361041
0.0546201182041
0.0525950751942
0.0506221670406
0.0491249854419
0.0477507759892
0.0477057385939
0.0477005986708
0.04824393484
0.0495479048924
0.0504003130085
0.0514113601398
0.0524284398301
0.053381290061
0.0542227316678
0.0549606777797
0.0555897072531
0.0561179986954
0.0565518783141
0.0568934378641
0.0571583319285
0.0573593563169
0.0575070089584
0.057605735608
0.0576565860774
0.12734131334
0.12732145911
0.127291325572
0.127240052114
0.127174107635
0.127106287357
0.12702569089
0.126917796756
0.126775640164
0.126593694601
0.126369301422
0.126098286849
0.125779331517
0.125410556893
0.12498681864
0.124505608067
0.123962887692
0.123351706119
0.122664466336
0.121895865729
0.121041637441
0.120093632243
0.1190385277
0.117862000924
0.116557300427
0.115127430673
0.113550653878
0.111776361965
0.109771094569
0.107511604595
0.105003817589
0.102276774719
0.0993085859561
0.0961736310969
0.0930004789144
0.0897920308599
0.0865350958934
0.0831075049408
0.0805650086835
0.0771296353112
0.0776271109434
0.0771192284841
0.0766231746914
0.0758432415416
0.0749024574239
0.0737709809321
0.0724702243115
0.0709988175738
0.069365216898
0.0675750339393
0.0656371135546
0.0635620614442
0.0613679394396
0.0590720867214
0.056716421505
0.0543313774953
0.0519737259667
0.0497883097263
0.0476521626645
0.0461008592752
0.044665404783
0.0447092839422
0.0449594102709
0.047071694297
0.0472841779844
0.0482042451326
0.0493909596265
0.0506294002566
0.0518168177482
0.0528677044532
0.0537600644883
0.0545052400953
0.0551212512656
0.0556255764575
0.05602386416
0.0563281189689
0.0565542682198
0.056714052554
0.0568240968237
0.0568732564501
0.127226383395
0.127213286672
0.127184601922
0.127139136217
0.127089228551
0.12702873786
0.12694235623
0.126821438716
0.126660980572
0.126459376343
0.126218209516
0.125933750385
0.125603163137
0.125221908056
0.124785095948
0.12428845177
0.123726826497
0.123093855562
0.12238360194
0.12159213425
0.120714120168
0.119740068155
0.118656012893
0.117450760321
0.116119549669
0.114655154489
0.11302712744
0.111192527707
0.109114172356
0.106771992283
0.104192714996
0.101394910125
0.0983577888224
0.0952113932026
0.0920705721344
0.0889124258415
0.0857035844288
0.0822817856031
0.0795267530071
0.0759224710111
0.0764436551998
0.0760053354781
0.0755000838219
0.0747155659675
0.0737416284472
0.0725631656045
0.0712033685768
0.0696620474556
0.0679467041988
0.0660614783983
0.0640125598742
0.0618077821327
0.0594617116573
0.056989135245
0.054432350398
0.0518143174174
0.0492205630883
0.0467920803884
0.0444200038672
0.0428079500235
0.0412595787606
0.0412544820692
0.0417055679704
0.0431991161023
0.0441573733222
0.0454921333406
0.0470855534847
0.0487047005052
0.0502006992771
0.0515122208293
0.0526072346198
0.053496773466
0.0542124924804
0.054788702699
0.0552457842411
0.0555954298098
0.0558521031205
0.0560228801765
0.0561427231394
0.0561958608972
0.12713546857
0.127128477041
0.12710565951
0.127072295042
0.127030057069
0.12696132841
0.126857708735
0.126718757349
0.126544993321
0.126334691892
0.126084540347
0.12579049276
0.125448780277
0.125054924331
0.124603894525
0.124090482884
0.123509806353
0.122856739447
0.12212721687
0.121316886539
0.120417709134
0.119420083445
0.118313174655
0.11708669514
0.115729989346
0.114227565549
0.112548613305
0.110649378983
0.108491534122
0.106072343195
0.103416764658
0.100505188401
0.0973821700659
0.0942435663075
0.0911553410451
0.088096152021
0.0850104650359
0.0817278423685
0.078781945199
0.074866311005
0.0754699196348
0.075124165953
0.074596274612
0.0737904720301
0.0727731596765
0.0715379823787
0.0701111934063
0.0684933653331
0.0666899254513
0.0647023512028
0.0625327167814
0.0601842497071
0.0576656686777
0.0549872082061
0.0521861366945
0.0492748968426
0.0463659525286
0.0435608472178
0.0408051164477
0.0390679922208
0.0374575094467
0.0378264785046
0.0386089634934
0.0396761551117
0.0408358059358
0.0425253053419
0.044540377807
0.0466511292268
0.0485611034439
0.0501839021223
0.051517010695
0.0525796333391
0.0534115733634
0.0540660827131
0.0545758363651
0.0549629624398
0.0552508161941
0.0554416214118
0.0555675574273
0.0556350623471
0.127071234065
0.127065950637
0.127046830605
0.12701935531
0.126975207908
0.126890937516
0.126775050087
0.126628968958
0.126448446198
0.126230224645
0.125970796615
0.125666289091
0.125312671006
0.124905343397
0.124438574059
0.123908048976
0.123312925921
0.122648616802
0.121906949189
0.121080730821
0.120162771804
0.1191453712
0.11801979348
0.116773835801
0.115390667316
0.113849974593
0.112121762186
0.110159909173
0.107925609401
0.105418861012
0.102651830013
0.0996001685318
0.09637500315
0.0932159289187
0.0901969951941
0.087309798832
0.0844636646107
0.0814835716191
0.0783528048452
0.0740430412323
0.0747413597971
0.0745201389329
0.0739536139346
0.07309652621
0.0720170841295
0.0707111267475
0.0692074904638
0.0675070410037
0.0656114454732
0.0635177080655
0.0612217841429
0.0587197409578
0.0560113107876
0.0530988966244
0.0500088902894
0.0467460301383
0.0434436269602
0.0401124981692
0.0367707437884
0.03454162346
0.0322105663808
0.0332434314718
0.0366552731397
0.0356673296675
0.037047883648
0.0392359067357
0.0417907957279
0.0444547367877
0.0469041088016
0.0489111576156
0.0505113399612
0.0517653626595
0.0527260625585
0.0534637275108
0.0540320115754
0.0544553996086
0.0547641814633
0.0549747634119
0.0551100096013
0.0551891161342
0.127023141576
0.127016498044
0.127002281454
0.126977707307
0.126927391038
0.126832622129
0.126711322034
0.126558455177
0.126370369556
0.126143660938
0.125874654833
0.125559274209
0.125193339029
0.124772058484
0.124291750413
0.1237525628
0.123152330775
0.122480917786
0.121728127619
0.120887071092
0.119952054504
0.118917608491
0.117777275245
0.116515971367
0.115108694661
0.113531928113
0.111758809752
0.10974151818
0.107432203559
0.104820977083
0.101916832807
0.0986868451432
0.0953066025644
0.0920718480441
0.0890874820903
0.0864565862032
0.0840343918562
0.0814462208117
0.0784759958754
0.0739538885418
0.0744485793833
0.0742783807302
0.0736356107388
0.0726707322428
0.0714909125573
0.0700920505659
0.068500028069
0.066712885462
0.0647254558756
0.0625276890278
0.0601070435077
0.0574492776184
0.0545405548422
0.0513681945604
0.0479369295671
0.0442436007863
0.040430710849
0.0364371359473
0.0325407305301
0.0297672716103
0.025811596223
0.0264969342799
0.0293889312368
0.0297415525581
0.0323190165872
0.0355441013134
0.0389289953129
0.0422293571037
0.0452680958167
0.0477296759932
0.0496192901181
0.0510673597472
0.0521606042547
0.0529794054238
0.0536031281546
0.0540697803533
0.0544032637565
0.0546268012688
0.0547640866631
0.0548298302912
0.126994255387
0.126987959895
0.126974427993
0.126945465022
0.126888348515
0.126790229059
0.126664346201
0.126504822144
0.126309277417
0.126074281568
0.125796232215
0.125470786453
0.125093428648
0.124661391109
0.124174213749
0.123632029229
0.123029785387
0.122353459798
0.121591047325
0.120737331006
0.119787553606
0.118738317479
0.117588572091
0.116320106902
0.114894136336
0.113283052391
0.11147130529
0.109414563701
0.107033039071
0.104303276637
0.101237661615
0.0977916133257
0.0941889613274
0.0907782067076
0.0877092761117
0.0854361482448
0.0836756673925
0.0818728222386
0.0795178683849
0.074952538673
0.0749119903759
0.0745439483736
0.0737025476544
0.0725287951319
0.0711898738414
0.069674477899
0.0679884566167
0.0661184392652
0.0640483325373
0.0617588236026
0.0592274931553
0.056427796988
0.0533283194625
0.0498914671108
0.0460806394615
0.0418514626978
0.0372752745921
0.0322621975239
0.027736429408
0.0247653933126
0.0197755711551
0.0190931941191
0.0189097409277
0.0220440177022
0.026829531936
0.0316509448532
0.0361332291469
0.0401746947945
0.0437942281156
0.046717197361
0.0488834258546
0.0505063246656
0.051718511025
0.0526162450724
0.0532837202316
0.0537802437019
0.0541366235882
0.054373406631
0.0545114058517
0.0545623343308
0.126980518762
0.126974686287
0.126954992523
0.126919583822
0.126862634873
0.126763951654
0.126634797438
0.126468122199
0.126265553307
0.126024240776
0.125740501826
0.125408222685
0.125022949359
0.124582838149
0.124088818209
0.12354521472
0.122945151178
0.122266435811
0.121496906665
0.120634440409
0.119671290274
0.118609357401
0.117463438836
0.116203606344
0.114763450594
0.113117479163
0.111268137816
0.109176223173
0.106751929578
0.103921869846
0.10067973395
0.0970024699162
0.0931060324093
0.0893977838116
0.0862176519992
0.0838840443854
0.0834737479353
0.0828647878902
0.0825793371763
0.0776730486304
0.0766530782264
0.0753954951529
0.0740624396198
0.0725840066912
0.0710608189078
0.069435147237
0.0676720009163
0.0657395327831
0.0636099427466
0.0612554948555
0.0586455269513
0.0557431063421
0.0525009896711
0.0488555054044
0.0447198963898
0.0399656015634
0.0344536168306
0.0278780895592
0.0211088368447
0.0137899020305
0.00456834395012
0.00908254218053
0.00321522114973
0.0126387483129
0.0211255870207
0.0280427847307
0.0337566674944
0.0385402719412
0.0426536892251
0.0459681755352
0.0483600067059
0.0501010182487
0.051400833742
0.052364527924
0.0530707264869
0.0535879902082
0.0539588781468
0.0542065070429
0.0543540283857
0.0544123385839
0.126975487999
0.126968179868
0.126939961429
0.126900876578
0.126843425289
0.126758391808
0.126630479994
0.126455400961
0.126249691958
0.126007037624
0.125720250036
0.125381845401
0.124986934498
0.124535366621
0.12403338278
0.123493749142
0.122906139863
0.122233780029
0.121459475719
0.120590209685
0.119623214678
0.118560157881
0.11741016949
0.116145517797
0.114699981982
0.113037113714
0.111165327431
0.10905254038
0.106595742224
0.10369482043
0.100343053555
0.0964881528325
0.0922450201026
0.0884957618412
0.084007054265
0.0837673980545
0.0833304552369
0.0828489370527
0.0827781088636
0.0827457703829
0.0794207666075
0.0762963160791
0.0743324398452
0.072645524374
0.0710229350206
0.0693448440489
0.06754761338
0.0655886035708
0.0634342352459
0.0610529388276
0.0584104378708
0.0554652399473
0.0521629686306
0.0484275155255
0.0441462056901
0.0391378311599
0.033099156841
0.0253857602454
0.0149379765073
-0.00403307944949
-0.0220173008669
-0.00372319623708
0.000821775691817
0.0021471721981
0.0167932119524
0.0256123210897
0.0323085549121
0.0376082979914
0.0420310971428
0.0455804376172
0.0481054232868
0.0498973530975
0.0512351786309
0.0522357696746
0.052967478817
0.053496352063
0.0538723000059
0.0541262994807
0.0542861835002
0.0543528053178
)
;

boundaryField
{
    frontAndBack
    {
        type            empty;
    }
    upperWall
    {
        type            zeroGradient;
    }
    lowerWall
    {
        type            zeroGradient;
    }
    inlet
    {
        type            zeroGradient;
    }
    outlet
    {
        type            fixedValue;
        value           uniform 0;
    }
}


// ************************************************************************* //
